5  29          0.010000
10  14          0.037528
16  22          0.104243
15  17          0.136002
24  26          0.169545
20  30          0.170560
34  28          0.177646
23  31          0.178868
7  19          0.181184
12  21          0.187531
6  32          0.193394
13  27          0.199187
41  38          0.202353
11  25          0.204415
2  44          0.218100
9  42          0.218925
3  4          0.225456
47  46          0.935514
1  40          0.937315
33  45          0.939389
43  36          0.964506
49  50          0.967952
37  51          0.968473
52  53          0.971787
18  54          0.983759
39  55          0.985466
35  56          0.989180
48  57          0.989967
8  58          0.990000
