1.000000
0.986551
0.993238
0.992956
0.991198
0.990500
0.989449
0.976890
0.987782
0.965025
0.986109
0.970359
0.965142
0.972405
0.958386
0.941589
0.954097
0.953002
0.941798
0.938701
0.944591
0.933757
0.943703
0.939615
0.926939
0.933539
0.925728
0.915436
0.910933
0.932036
0.904140
0.929126
0.928580
0.912233
0.908702
0.901432
0.895172
0.870023
0.916301
0.919786
0.910876
0.899683
0.888532
0.896072
0.856820
0.890758
0.873378
0.876392
0.879838
0.869525
0.872179
0.877842
0.867326
0.846736
0.855258
0.833930
0.857722
0.848870
0.863643
0.845023
0.868116
0.854663
0.852800
0.832126
0.845981
0.859057
0.851527
0.860935
0.865951
0.832476
0.836694
0.854452
0.833443
0.836444
0.834126
0.829886
0.825308
0.820108
0.822511
0.828939
0.821659
0.832750
0.822562
0.814472
0.826736
0.810753
0.811174
0.807338
0.807711
0.813902
0.802595
0.808426
0.813118
0.813271
0.794222
0.791623
0.801260
0.806126
0.797891
0.810346
0.786614
0.808789
0.803384
0.777728
0.787435
0.768532
0.777904
0.770526
0.761803
0.776813
0.755914
0.761206
0.755596
0.761301
0.748040
0.768843
0.763743
0.766596
0.763332
0.755677
0.748990
0.749189
0.729404
0.756912
0.735248
0.754340
0.719370
0.731859
0.726735
0.732360
0.718027
0.721244
0.699316
0.694009
0.691298
0.673929
0.692370
0.712329
0.687323
0.688579
0.703385
0.689441
0.693729
0.696153
0.691303
0.685777
0.689635
0.664163
0.664603
0.674847
0.664963
0.661908
0.653180
0.649965
0.639371
0.636212
0.647334
0.638357
0.658872
0.654926
0.640965
0.629253
0.642178
0.632360
0.643953
0.624309
0.603948
0.597416
0.599245
0.599993
0.587437
0.599885
0.593255
0.585113
0.578738
0.556859
0.560671
0.569846
0.553819
0.563743
0.558395
0.541610
0.538767
0.526387
0.521229
0.519102
0.521568
0.500685
0.505210
0.503601
0.498708
0.499507
0.483055
0.478954
0.484275
0.485697
0.486289
0.462333
0.450997
0.456833
0.436352
0.427625
0.422882
0.431670
0.412906
0.411231
0.398959
0.399018
0.394603
0.392010
0.393182
0.379047
0.387105
0.373504
0.364581
0.363213
0.353540
0.354277
0.357342
0.344561
0.338401
0.331984
0.335655
0.324498
0.328364
0.328322
0.322909
0.314457
0.306311
0.311770
0.309502
0.303470
0.311490
0.306974
0.311554
0.301737
0.312183
0.297491
0.304496
0.299710
0.301741
0.292324
0.285664
0.289038
0.283424
0.276311
0.272647
0.280024
0.283127
0.277670
0.277713
0.270916
0.266894
0.268178
0.266965
0.265518
0.262457
0.265989
0.264450
0.261611
0.258436
0.260409
0.259451
0.250610
0.252278
0.259859
0.254546
0.252732
0.255275
0.245133
0.249763
0.247438
0.239337
0.242494
0.238358
0.229963
0.233689
0.232687
0.234179
0.237856
0.227306
0.232087
0.224878
0.225983
0.223882
0.214979
0.213826
0.221926
0.221054
0.217921
0.212943
0.215710
0.211445
0.223938
0.213459
0.215048
0.213071
0.212801
0.210602
0.204158
0.216522
0.209356
0.206372
0.220279
0.210811
0.201360
0.209919
0.198999
0.199094
0.198529
0.198136
0.202486
0.192842
0.201026
0.196971
0.191843
0.198439
0.201635
0.191133
0.193842
0.187890
0.189862
0.184194
0.186028
0.189239
0.190815
0.186312
0.185360
0.189502
0.189657
0.187323
0.185791
0.182450
0.186019
0.182973
0.176761
0.183992
0.187832
0.181906
0.181156
0.182991
0.186076
0.180597
0.183079
0.183262
0.180567
0.178679
0.185530
0.180852
0.176514
0.178638
0.172403
0.175463
0.172350
0.175954
0.179234
0.178180
0.174892
0.186269
0.176484
0.179646
0.174189
0.181104
0.178280
0.174794
0.173724
0.175006
0.174695
0.175591
0.180224
0.169793
0.173682
0.172138
0.165192
0.164789
0.167637
0.170597
0.169402
0.167499
0.166018
0.172306
0.171188
0.164269
0.165305
0.161629
0.158403
0.161940
0.161029
0.163418
0.167647
0.168842
0.164102
0.166344
0.167259
0.164658
0.169359
0.166656
0.165385
0.163202
0.162010
0.164158
0.162251
0.161856
0.163664
0.162940
0.171360
0.166092
0.166376
0.161512
0.161924
0.161995
0.155901
0.156112
0.157094
0.151069
0.162045
0.147033
0.151804
0.154496
0.150768
0.152463
0.153477
0.156155
0.154792
0.160379
0.150587
0.145525
0.151554
0.151854
0.144897
0.148564
0.148478
0.146364
0.147498
0.149229
0.146937
0.151014
0.149440
0.148705
0.152270
0.149318
0.150448
0.152056
0.148851
0.153730
0.150660
0.148207
0.144828
0.144636
0.147076
0.148163
0.144940
0.149834
0.153190
0.146058
0.154701
0.154211
0.155159
0.149680
0.151965
0.152357
0.149618
0.153741
0.156548
0.151389
0.146738
0.146805
0.144391
0.151676
0.152074
0.152105
0.147963
0.159066
0.154589
0.155355
0.152159
0.153199
0.149822
0.148776
0.146975
0.143704
0.149768
0.149198
0.140853
0.144410
0.139927
0.146598
0.139333
0.141442
0.145096
0.140408
0.145003
0.141458
0.142228
0.142808
0.143106
0.146974
0.147699
0.138399
0.136540
0.137826
0.136941
0.142619
0.136677
0.140620
0.144851
0.147765
0.147707
0.145473
0.143805
0.146423
0.143536
0.145366
0.146202
0.143136
0.144252
0.146810
0.140643
0.144672
0.145981
0.141803
0.141048
0.135235
0.135982
0.139263
0.140637
0.136529
0.137799
0.135566
0.134788
0.140705
0.138024
0.139473
0.140987
0.135388
0.135133
0.137571
0.135723
0.135486
0.140775
0.140794
0.137590
0.141131
0.146105
0.143049
0.135722
0.132509
0.133293
0.135613
0.136624
0.144284
0.134245
0.135667
0.132088
0.135814
0.134733
0.136049
0.130191
0.135131
0.139805
0.141056
0.136255
0.136424
0.135379
0.138914
0.138327
0.140461
0.138483
0.139436
0.137019
0.143896
0.141159
0.139660
0.134584
0.139119
0.141017
0.136565
0.140911
0.140813
0.145072
0.139420
0.137857
0.134777
0.133009
0.137342
0.135603
0.131609
0.133111
0.138318
0.136630
0.137042
0.136646
0.134385
0.133857
0.137082
0.139045
0.137073
0.139974
0.139527
0.141434
0.140572
0.138472
0.137329
0.135757
0.142527
0.138981
0.135912
0.142852
0.137630
0.144477
0.135051
0.139645
0.140621
0.142834
0.141807
0.138903
0.134994
0.142667
0.141623
0.139794
0.134199
0.135035
0.130987
0.133258
0.128928
0.133275
0.136548
0.138874
0.133500
0.139589
0.137770
0.137943
0.135193
0.137851
0.133311
0.137276
0.137070
0.134978
0.142769
0.138211
0.136549
0.140399
0.138770
0.144886
0.140785
0.139635
0.140080
0.140588
0.131052
0.127604
0.132980
0.130945
0.127186
0.135396
0.129058
0.131423
0.132293
0.135436
0.134354
0.134625
0.130708
0.136099
0.133362
0.135138
0.137438
0.134726
0.131150
0.134221
0.137186
0.130122
0.133511
0.135002
0.133469
0.131695
0.133105
0.131119
0.137479
0.135930
0.136601
0.136993
0.134103
0.140199
0.140189
0.142630
0.136402
0.138425
0.139205
0.143504
0.136246
0.141859
0.132248
0.146705
0.140521
0.138207
0.136181
0.139217
0.140497
0.142355
0.143568
0.141403
0.139705
0.139429
0.140922
0.144704
0.136499
0.142114
0.143410
0.139304
0.139954
0.129606
0.129763
0.133070
0.132240
0.132003
0.134385
0.131603
0.131645
0.132849
0.130001
0.129576
0.138178
0.132283
0.134274
0.133680
0.133860
0.135601
0.132459
0.135545
0.132466
0.129107
0.130326
0.136514
0.129996
0.138323
0.139058
0.133731
0.129472
0.125959
0.131924
0.129572
0.122748
0.125594
0.123490
0.120017
0.124272
0.127179
0.119629
0.121229
0.125931
0.122601
0.130134
0.132166
0.129314
0.125477
0.126667
0.132391
0.132780
0.130758
0.140546
0.137849
0.132727
0.133056
0.130657
0.133753
0.135136
0.131623
0.135186
0.128949
0.139582
0.134004
0.133492
0.130539
0.127872
0.130002
0.127880
0.132265
0.130528
0.130346
0.126905
0.129490
0.131653
0.129002
0.126426
0.124032
0.129584
0.124006
0.129990
0.126203
0.123305
0.122351
0.122590
0.122797
0.129956
0.127958
0.126238
0.123453
0.117036
0.118020
0.121092
0.117515
0.122456
0.120767
0.119649
0.114669
0.118116
0.114100
0.119153
0.120649
0.127084
0.118404
0.120419
0.120429
0.120817
0.119250
0.117051
0.122441
0.115700
0.122385
0.112574
0.112502
0.108704
0.110757
0.113761
0.113697
0.120080
0.117561
0.116621
0.113321
0.117157
0.120863
0.118058
0.119979
0.119288
0.120226
0.122126
0.118095
0.118526
0.123156
0.120993
0.119660
0.121540
0.124268
0.126024
0.123188
0.127926
0.123297
0.132457
0.127017
0.125866
0.121865
0.129973
0.126693
0.124087
0.128758
0.125043
0.129502
0.126318
0.129464
0.126757
0.127870
0.127951
0.128596
0.132834
0.132364
0.134133
0.132704
0.139423
0.132681
0.131923
0.125604
0.126301
0.128774
0.131380
0.136032
0.139035
0.128930
0.137057
0.138691
0.130663
0.129875
0.130662
0.131482
0.135771
0.133020
0.133626
0.129928
0.125998
0.128059
0.134022
0.132980
0.126950
0.126024
0.125182
0.123966
0.125591
0.120836
0.121535
0.118037
0.119994
0.121484
0.118515
0.124280
0.119077
0.117998
0.118195
0.126391
0.122540
0.118685
0.126291
0.124582
0.123868
0.118499
0.118406
0.118220
0.115603
0.115296
0.119929
0.112701
0.121052
0.122975
0.120667
0.119132
0.120054
0.118625
0.119671
0.114851
0.123687
0.118275
0.116810
0.121079
0.120488
0.115432
0.114321
0.113071
0.115739
0.112727
0.115102
0.119737
0.122211
0.116649
0.122499
0.115882
0.114889
0.118507
0.117935
0.120956
0.117184
0.122519
0.114283
0.117137
0.117531
0.115547
0.120481
0.119592
0.114496
0.111780
0.115107
0.113466
0.109359
0.112578
0.113059
0.111304
0.116021
0.116639
0.115453
0.115623
0.117955
0.115987
0.115798
0.112576
0.115229
0.116236
0.112251
0.119961
0.118339
0.121554
0.121135
0.116156
0.119264
0.114599
0.115598
0.113525
0.118367
0.117351
0.115048
0.113278
0.119750
0.116592
0.114394
0.116963
0.116608
0.115992
0.115587
0.116878
0.115255
0.112447
0.119744
0.117071
0.112653
0.116761
