1.000000
-nan
-nan
-nan
-nan
-nan
-nan
-nan
-nan
-nan
-nan
-nan
-nan
-nan
-nan
-nan
-nan
-nan
-nan
-nan
0.547097
0.560616
0.488060
0.679059
0.611646
0.540849
0.592040
0.453417
0.550676
0.419681
0.531312
0.547983
0.460301
0.566750
0.508390
0.622737
0.501550
0.652736
0.628551
0.576150
0.570301
0.492491
0.500960
0.405052
0.540595
0.554391
0.515186
0.609135
0.550489
0.564638
0.495516
0.581195
0.564028
0.483844
0.552924
0.471698
0.548198
0.462030
0.526554
0.461681
0.446842
0.488444
0.427171
0.476571
0.422296
-nan
-nan
-nan
-nan
-nan
-nan
-nan
-nan
0.443663
0.359824
0.420125
0.389253
0.436572
0.354456
0.484419
0.476133
0.378691
0.441433
0.369677
0.409170
0.353756
0.443464
0.487608
0.410218
0.436788
0.386556
0.448194
0.393899
0.514146
0.475816
0.377173
0.451990
0.403145
0.478483
0.332819
-nan
-nan
-nan
-nan
-nan
-nan
-nan
-nan
-nan
-nan
-nan
-nan
-nan
-nan
-nan
-nan
-nan
-nan
-nan
-nan
-nan
0.402298
0.378145
0.329071
0.363401
0.337623
0.362069
0.297868
0.399225
0.367040
0.309949
0.349482
0.295534
0.324838
0.287830
0.344538
0.328192
0.326280
0.358747
0.311817
0.381297
0.374773
-nan
-nan
-nan
-nan
-nan
-nan
-nan
0.287638
0.314889
0.283513
0.304518
0.226997
0.246804
0.223477
0.284125
0.278850
0.247225
0.304401
0.245669
0.315888
0.263733
0.285586
0.293986
0.244615
0.243658
0.214431
0.243857
0.186623
0.282195
0.298142
0.253542
0.242874
0.228894
0.266628
0.228671
0.260769
0.266830
0.221496
0.228295
0.216610
0.235632
0.171343
0.258056
0.249925
0.217619
0.250658
0.194486
0.200134
0.166035
0.222444
0.249703
0.229582
0.216823
0.214929
0.261447
0.239467
0.260524
0.251885
