20.678694
20.549876
20.418808
20.379829
20.379829
20.312209
20.274594
20.274594
20.182204
20.167823
20.152190
19.993983
19.955910
19.955910
19.910257
19.891771
19.891771
19.891771
19.835727
19.822440
19.771430
19.722614
19.666555
19.628496
19.611540
19.585695
19.585600
19.551419
19.551419
19.551419
19.493341
19.437955
19.319964
19.240909
19.224684
19.183153
19.165059
19.107881
18.981891
18.966243
18.921096
18.907285
18.878485
18.862664
18.839187
18.815958
18.764910
18.692705
18.601107
18.594670
18.594670
18.589945
18.557382
18.557382
18.452689
18.410961
18.390743
18.372014
18.360274
18.349267
18.348030
18.306030
18.252909
18.252909
18.248018
18.197334
18.179038
18.022565
18.017763
17.995351
17.905577
17.905577
17.879585
17.865048
17.844996
17.844996
17.786265
17.784033
17.784033
17.784033
17.760891
17.753313
17.729830
17.724134
17.697131
17.697131
17.613786
17.575384
17.542512
17.542512
17.499871
17.449945
17.449945
17.436161
17.405186
17.263982
17.263982
17.133980
17.133595
17.054246
17.054202
17.043674
17.043674
17.036422
17.014327
16.992524
16.953147
16.953147
16.898870
16.883724
16.850874
16.809445
16.795454
16.790281
16.773911
16.738003
16.738003
16.738003
16.738003
16.737301
16.657781
16.657781
16.575677
16.565591
16.558022
16.556651
16.555938
16.555938
16.547025
16.525582
16.519256
16.518281
16.509065
16.509065
16.507395
16.506034
16.492665
16.492665
16.481804
16.471516
16.471516
16.467953
16.467953
16.454081
16.392235
16.387771
16.309675
16.293994
16.290113
16.283508
16.260383
16.260383
16.244381
16.244156
16.221591
16.171993
16.171993
16.171993
16.169418
16.159541
16.113885
16.113885
16.111674
16.111674
16.102215
16.097947
16.096155
16.065055
16.051573
16.033846
16.033846
16.033846
16.033846
16.032886
16.003083
16.002097
16.002097
16.000334
15.994434
15.993069
15.988394
15.984450
15.984200
15.961514
15.961514
15.961514
15.953195
15.944714
15.927415
15.927415
15.897736
15.860282
15.841107
15.833675
15.832682
15.832682
15.817134
15.776566
15.756046
15.748945
15.736914
15.727619
15.689151
15.667130
15.656264
15.652963
15.640308
15.582635
15.581228
15.570394
15.566514
15.561329
15.557203
15.543872
15.543498
15.537924
15.537924
15.502941
15.502941
15.502941
15.496535
15.471684
15.463395
15.460765
15.446106
15.446106
15.439336
15.428231
15.428231
15.414900
15.414900
15.412961
15.412961
15.412961
15.404954
15.366472
15.366125
15.354408
15.346725
15.346725
15.346725
15.342674
15.332714
15.328367
15.328367
15.315911
15.315911
15.310608
15.304769
15.283918
15.283918
15.283918
15.266382
15.246024
15.236007
15.222231
15.222231
15.220788
15.220543
15.220233
15.194276
15.191096
15.183286
15.183286
15.183286
15.183286
15.183286
15.177314
15.172443
15.151256
15.149723
15.149723
15.149723
15.149657
15.148332
15.143826
15.135364
15.133036
15.133036
15.122849
15.122849
15.121279
15.121279
15.121279
15.121279
15.120153
15.113846
15.113846
15.113846
15.102254
15.099189
15.091049
15.089603
15.089309
15.082846
15.082846
15.082846
15.077085
15.077085
15.076015
15.073065
15.066427
15.066427
15.066427
15.061592
15.061373
15.061373
15.061373
15.061373
15.061373
15.060927
15.060927
15.051979
15.051979
15.048518
15.048518
15.044067
15.043151
15.043151
15.014941
15.014669
15.013271
14.999252
14.997964
14.997732
14.997732
14.991851
14.991728
14.987635
14.987635
14.982036
14.982036
14.982036
14.975165
14.973602
14.972792
14.956533
14.934133
14.929648
14.929648
14.928051
14.928051
14.928051
14.926193
14.917912
14.916360
14.914675
14.914675
14.912478
14.908301
14.906465
14.902697
14.897773
14.895443
14.895443
14.891198
14.891198
14.891198
14.875441
14.874852
14.874852
14.871518
14.869615
14.866642
14.863991
14.856382
14.836207
14.836207
14.836207
14.834180
14.831667
14.831667
14.831667
14.831667
14.827242
14.827242
14.825224
14.825224
14.812837
14.811560
14.811560
14.810995
14.808774
14.808774
14.808774
14.805295
14.804081
14.800668
14.794994
14.782446
14.768860
14.767784
14.767784
14.767784
14.756222
14.753960
14.746003
14.742046
14.742046
14.738244
14.738244
14.735762
14.735762
14.729859
14.723045
14.716706
14.706692
14.706692
14.706692
14.699376
14.699376
14.699376
14.699376
14.697185
14.697185
14.697185
14.695360
14.692848
14.688258
14.688258
14.688258
14.688258
14.688258
14.688258
14.681733
14.678899
14.678899
14.676077
14.673882
14.665866
14.665866
14.665676
14.647791
14.643737
14.643737
14.643734
14.640452
14.635114
14.635114
14.635114
14.635114
14.633697
14.629019
14.629019
14.622499
14.615667
14.615667
14.615667
14.615667
14.615667
14.613359
14.609455
14.607031
14.607031
14.605926
14.601519
14.600406
14.600406
14.598785
14.598785
14.597697
14.590048
14.586111
14.584109
14.584109
14.584109
14.584109
14.576587
14.573703
14.573703
14.562489
14.562489
14.562489
14.562489
14.555687
14.552251
14.547705
14.547705
14.547705
14.546383
14.546383
14.519712
14.516942
14.515155
14.515155
14.514486
14.514486
14.507434
14.506178
14.490425
14.490425
14.490425
14.485097
14.485083
14.480118
14.480118
14.477423
14.470444
14.454436
14.454436
14.454320
14.449635
14.449635
14.442486
14.442486
14.431687
14.431570
14.431570
14.431570
14.424358
14.423462
14.423462
14.423462
14.420859
14.419886
14.416221
14.411167
14.397399
14.397347
14.395422
14.395422
14.383675
14.378836
14.377530
14.375392
14.375317
14.375205
14.375205
14.373159
14.373159
14.368178
14.368070
14.367061
14.358871
14.358871
14.352543
14.350739
14.350739
14.344620
14.341504
14.341504
14.341504
14.339472
14.339472
14.321124
14.317736
14.317736
14.315621
14.313294
14.312825
14.312825
14.311932
14.311173
14.309326
14.306858
14.306858
14.306858
14.306858
14.306748
14.305035
14.305035
14.294169
14.281965
14.281965
14.281965
14.278474
14.278474
14.278325
14.278325
14.278123
14.270175
14.269622
14.269622
14.269432
14.266461
14.239073
14.239073
14.238063
14.237684
14.228186
14.222112
14.220290
14.220290
14.213404
14.202176
14.197350
14.196296
14.178162
14.168666
14.166452
14.165651
14.165651
14.165313
14.165313
14.163995
14.163995
14.162601
14.162601
14.155098
14.155098
14.155098
14.155098
14.155098
14.153065
14.153065
14.153065
14.153065
14.145963
14.145963
14.145928
14.141405
14.141405
14.140834
14.140812
14.140812
14.140589
14.137567
14.137509
14.137260
14.133120
14.123809
14.123628
14.119459
14.112827
14.112827
14.112827
14.112827
14.111399
14.105231
14.102341
14.102341
14.101587
14.093327
14.087670
14.087670
14.087670
14.084412
14.084412
14.084412
14.084412
14.082473
14.082473
14.082473
14.082473
14.076133
14.076133
14.076133
14.076133
14.073223
14.073223
14.070267
14.069846
14.068291
14.065257
14.065257
14.065257
14.062778
14.060715
14.060715
14.053557
14.045321
14.044038
14.041084
14.040785
14.031425
14.031425
14.031425
14.031425
14.011253
14.011101
14.006291
14.005870
14.005870
14.003002
14.003002
14.000430
14.000430
14.000430
13.995015
13.995015
13.995015
13.995015
13.995015
13.994555
13.994555
13.972305
13.971781
13.971781
13.966528
13.965404
13.965404
13.961816
13.961730
13.957239
13.950824
13.950824
13.947111
13.947111
13.922303
13.922303
13.919716
13.917414
13.915573
13.910283
13.910283
13.889166
13.889014
13.880192
13.878969
13.878969
13.878443
13.878443
13.875709
13.872184
13.868990
13.868990
13.868134
13.866307
13.866307
13.864197
13.861901
13.858458
13.858458
13.858458
13.834854
13.834854
13.834854
13.834854
13.834035
13.830000
13.828651
13.828651
13.826443
13.826443
13.826443
13.825154
13.822942
13.822942
13.822355
13.821754
13.788270
13.788270
13.788270
13.784733
13.773935
13.772520
13.763272
13.763272
13.757469
13.757469
13.744988
13.743658
13.737410
13.723841
13.723841
13.722741
13.720046
13.717380
13.717380
13.717380
13.715961
13.715044
13.712016
13.709859
13.705968
13.685217
13.683452
13.682113
13.682113
13.675835
13.674116
13.672068
13.672068
13.663801
13.659445
13.659445
13.659445
13.652248
13.652248
13.652248
13.648459
13.647445
13.647445
13.647445
13.647445
13.644832
13.642159
13.642159
13.642159
13.642159
13.638608
13.637244
13.635915
13.635915
13.626131
13.624676
13.624676
13.616338
13.610318
13.609931
13.609931
13.609931
13.609931
13.608471
13.607143
13.606069
13.606069
13.605032
13.603984
13.588716
13.588716
13.588716
13.585609
13.585609
13.580808
13.580808
13.579744
13.579744
13.573190
13.573190
13.573190
13.563588
13.562499
13.544500
13.544500
13.544500
13.542116
13.542116
13.542116
13.529600
13.529600
13.527640
13.524298
13.521344
13.518983
13.516858
13.513006
13.512090
13.512090
13.509628
13.509628
13.502882
13.500221
13.497840
13.496119
13.496119
13.495117
13.493031
13.490319
13.490319
13.490117
13.486374
13.485518
13.485518
13.485314
13.484530
13.475557
13.475557
13.473824
13.473824
13.473824
13.472403
13.472403
13.469508
13.468645
13.468645
13.468645
13.468325
13.457230
13.456761
13.454782
13.454782
13.454782
13.454782
13.453604
13.451361
13.451361
13.449105
13.443770
13.443382
13.439548
13.436258
13.427583
13.424294
13.423107
13.422719
13.422719
13.422465
13.406735
13.406038
13.400147
13.400147
13.397446
13.395878
13.395878
13.386622
13.386622
13.369535
13.369535
13.367188
13.366756
13.366756
13.366729
13.357221
13.350622
13.347244
13.345901
13.344325
13.341879
13.340357
13.332535
13.332483
13.332483
13.324304
13.322169
13.322169
13.308555
13.303740
13.301089
13.298841
13.298794
13.298435
13.279560
13.275870
13.275870
13.275189
13.272067
13.272067
13.269101
13.266667
13.264205
13.264205
13.264205
13.252145
13.252145
13.252145
13.252145
13.252145
13.252145
13.243413
13.243413
13.241004
13.241004
13.241004
13.237154
13.234025
13.234025
13.232276
13.223308
13.220594
13.218615
13.207266
13.187423
13.175051
13.175051
13.173100
13.173100
13.173100
13.172072
13.172072
13.169832
13.166563
13.166563
13.165191
13.165191
13.163801
13.163801
13.163106
13.163106
13.163106
13.163106
13.162607
13.162607
13.162607
13.160379
13.160379
13.159127
13.157195
13.157195
13.155166
13.148760
13.127225
13.122034
13.122034
13.122034
13.113606
13.108799
13.105679
13.105679
13.105679
13.105679
13.105679
13.104178
13.104178
13.095700
13.095700
13.095700
13.095700
13.095700
13.094568
