1.000000
0.997550
0.992949
0.991218
0.992587
0.991468
0.994112
0.990203
0.987493
0.983930
0.979719
0.985304
0.981994
0.987355
0.984540
0.984941
0.978569
0.973894
0.975038
0.975792
0.978644
0.978063
0.975001
0.972882
0.972017
0.970673
0.970209
0.973419
0.970991
0.965618
0.965504
0.963143
0.963518
0.965879
0.969638
0.967673
0.966410
0.962167
0.959454
0.959732
0.961438
0.963126
0.960282
0.961317
0.957462
0.952208
0.955754
0.952587
0.955352
0.954391
0.952204
0.946037
0.945271
0.945217
0.942879
0.944936
0.946523
0.943919
0.942056
0.940073
0.940879
0.938571
0.943023
0.938431
0.936266
0.932093
0.932443
0.936076
0.934213
0.935019
0.932988
0.929598
0.927598
0.925828
0.925953
0.923149
0.925957
0.921978
0.924595
0.917343
0.917904
0.917264
0.918150
0.916680
0.917314
0.915851
0.907726
0.906074
0.912397
0.906098
0.912452
0.910113
0.907474
0.903326
0.902810
0.902928
0.902667
0.904446
0.901929
0.903939
0.896315
0.895115
0.899394
0.897215
0.899894
0.896838
0.895663
0.890498
0.888830
0.890387
0.887779
0.889491
0.887704
0.883056
0.883439
0.875502
0.876387
0.874512
0.878861
0.875117
0.873453
0.873119
0.867184
0.867937
0.862625
0.865172
0.867078
0.864258
0.861853
0.861188
0.860157
0.859663
0.862744
0.861023
0.859281
0.855841
0.851693
0.855178
0.854378
0.855906
0.850379
0.849646
0.843659
0.839835
0.843144
0.841709
0.841385
0.839897
0.835216
0.830469
0.831742
0.831507
0.830345
0.832024
0.828416
0.826774
0.820911
0.816947
0.818434
0.815739
0.816683
0.814026
0.815723
0.809058
0.805376
0.806479
0.803193
0.806670
0.800064
0.802091
0.794379
0.789123
0.789537
0.788620
0.788650
0.783889
0.787186
0.782536
0.771190
0.776331
0.773232
0.773770
0.770553
0.766732
0.762542
0.756976
0.759159
0.753235
0.753300
0.750015
0.750659
0.744950
0.737997
0.741151
0.734477
0.735447
0.732223
0.729566
0.725116
0.718103
0.717045
0.715066
0.718752
0.711627
0.711835
0.702621
0.698736
0.700427
0.696330
0.699574
0.696261
0.691657
0.685245
0.682632
0.680529
0.680211
0.681955
0.675925
0.671896
0.669575
0.663641
0.666122
0.662455
0.661988
0.660816
0.657499
0.649744
0.648978
0.647904
0.644767
0.645413
0.641393
0.640708
0.635420
0.633830
0.632061
0.629589
0.629179
0.624458
0.625798
0.616244
0.612670
0.609999
0.606821
0.609903
0.604615
0.602908
0.598702
0.591945
0.592784
0.590654
0.591367
0.585680
0.584149
0.575116
0.571611
0.572178
0.571376
0.575280
0.569846
0.567205
0.564466
0.558714
0.562516
0.560672
0.560991
0.557298
0.555840
0.551242
0.547083
0.546311
0.544000
0.546567
0.544534
0.539860
0.534832
0.532322
0.532230
0.528877
0.528857
0.528622
0.528086
0.520366
0.518304
0.518176
0.514668
0.518977
0.515749
0.512401
0.508360
0.505218
0.502369
0.498567
0.500683
0.497692
0.496680
0.491083
0.483192
0.485340
0.487022
0.488189
0.485842
0.483766
0.477555
0.473618
0.471571
0.469895
0.468550
0.469896
0.467314
0.465376
0.462522
0.463179
0.460546
0.461206
0.460402
0.457134
0.452521
0.450721
0.452587
0.451844
0.453518
0.448635
0.447743
0.441248
0.437925
0.437738
0.435780
0.439038
0.435835
0.435168
0.430486
0.424828
0.423952
0.422577
0.422502
0.422839
0.421497
0.419232
0.413679
0.415499
0.414594
0.414923
0.413115
0.413695
0.407545
0.404098
0.405754
0.401911
0.405496
0.402438
0.403090
0.399603
0.396077
0.393424
0.392175
0.392727
0.390782
0.388892
0.385151
0.380227
0.383045
0.381870
0.384112
0.381884
0.380946
0.379624
0.377105
0.373952
0.371979
0.374736
0.374026
0.374097
0.370688
0.367906
0.367957
0.363215
0.364113
0.364711
0.361001
0.356487
0.356425
0.354626
0.356726
0.357611
0.356031
0.355481
0.351323
0.351692
0.348664
0.346096
0.346773
0.347049
0.344096
0.340274
0.341203
0.342197
0.341734
0.341327
0.339581
0.338085
0.335862
0.332144
0.331684
0.334406
0.334299
0.329850
0.330399
0.327840
0.326717
0.324207
0.324365
0.327707
0.325240
0.324431
0.321370
0.319990
0.319877
0.318971
0.319049
0.315699
0.315473
0.314675
0.312709
0.311623
0.313248
0.313023
0.314289
0.312362
0.310480
0.307544
0.304898
0.309009
0.310371
0.310199
0.306498
0.306042
0.300605
0.302142
0.301496
0.305230
0.302148
0.301990
0.297525
0.297494
0.297241
0.298375
0.298307
0.298992
0.295578
0.293708
0.293599
0.293589
0.293496
0.293925
0.294122
0.292438
0.289965
0.288336
0.288062
0.289193
0.289292
0.288623
0.289262
0.286584
0.284345
0.286679
0.283717
0.285181
0.285580
0.283646
0.280674
0.280390
0.279875
0.280776
0.280415
0.282845
0.277694
0.276728
0.277755
0.274015
0.275307
0.276358
0.275942
0.273595
0.272799
0.270478
0.271012
0.268475
0.270866
0.270937
0.269186
0.268723
0.266776
0.267426
0.267255
0.269380
0.269295
0.269017
0.265102
0.263907
0.261631
0.265081
0.263414
0.264194
0.263862
0.262288
0.263175
0.261732
0.258917
0.261547
0.261263
0.262522
0.256077
0.256605
0.256426
0.256188
0.256636
0.255686
0.256520
0.252420
0.250862
0.251469
0.252814
0.252892
0.252960
0.253753
0.251641
0.250835
0.249048
0.248621
0.250920
0.245313
0.247613
0.246181
0.244511
0.244063
0.244185
0.242577
0.242853
0.242785
0.241426
0.240390
0.239310
0.239340
0.239661
0.238408
0.238510
0.236649
0.237846
0.236931
0.236020
0.237433
0.237735
0.235708
0.237067
0.236276
0.233952
0.235910
0.237963
0.238925
0.235809
0.234370
0.233075
0.234170
0.234391
0.237078
0.236309
0.232851
0.232745
0.230839
0.228153
0.231662
0.231827
0.232192
0.227434
0.225541
0.226554
0.226854
0.228241
0.229849
0.228666
0.225451
0.226461
0.224131
0.223317
0.228399
0.227785
0.226544
0.227353
0.226200
0.224110
0.222676
0.222951
0.224252
0.225603
0.224452
0.223937
0.225137
0.224033
0.223109
0.223578
0.223030
0.223507
0.221677
0.221118
0.222189
0.222909
0.225872
0.223812
0.223910
0.222678
0.220258
0.221737
0.222465
0.224148
0.223674
0.223973
0.222498
0.220262
0.220837
0.219813
0.221888
0.221352
0.222983
0.220141
0.220113
0.221477
0.218112
0.218237
0.218801
0.218211
0.218045
0.216837
0.218076
0.218723
0.221962
0.216393
0.215799
0.216069
0.216485
0.215024
0.213617
0.216088
0.215401
0.215033
0.214619
0.215028
0.210647
0.211065
0.212830
0.212238
0.213918
0.211090
0.209394
0.212082
0.211400
0.212636
0.213113
0.207803
0.207966
0.209228
0.208453
0.207664
0.210438
0.210817
0.209678
0.211389
0.209230
0.207484
0.206251
0.208856
0.208831
0.207022
0.205863
0.203209
0.205697
0.204358
0.207149
0.205995
0.205641
0.203979
0.203592
0.203457
0.204048
0.204434
0.204432
0.203368
0.201862
0.201457
0.201544
0.202312
0.203702
0.202425
0.205026
0.201042
0.202282
0.203379
0.203615
0.203366
0.203657
0.201783
0.201349
0.199813
0.202446
0.201340
0.205155
0.205926
0.205381
0.202621
0.200952
0.199083
0.201065
0.202161
0.203676
0.202042
0.200948
0.202245
0.201639
0.201970
0.204133
0.202455
0.199584
0.199005
0.198286
0.198327
0.194968
0.197371
0.197305
0.196118
0.195540
0.195473
0.194930
0.197483
0.199766
0.200515
0.199225
0.196738
0.196745
0.197617
0.195894
0.199259
0.197175
0.197251
0.196512
0.196821
0.196193
0.195123
0.197578
0.195319
0.196301
0.193377
0.194158
0.193871
0.196632
0.195772
0.196289
0.194692
0.195700
0.197312
0.196567
0.196110
0.199114
0.199736
0.200227
0.197931
0.194984
0.195403
0.195820
0.197145
0.196057
0.194705
0.195872
0.195255
0.193737
0.194129
0.194481
0.194255
0.194923
0.192566
0.192047
0.193074
0.192282
0.194579
0.194410
0.190731
0.191307
0.189885
0.190148
0.190221
0.191888
0.190178
0.192051
0.191129
0.190574
0.189185
0.190743
0.189292
0.193195
0.193211
0.192892
0.191961
0.190900
0.191947
0.194537
0.194116
0.194247
0.193409
0.193017
0.192000
0.189387
0.195053
0.192893
0.195412
0.192233
0.192449
0.191658
0.192162
0.193834
0.193823
0.193851
0.193668
0.193142
0.193042
0.193924
0.193042
0.194293
0.194736
0.191137
0.192299
0.190650
0.193080
0.192233
0.191515
0.192752
0.191013
0.189951
0.192869
0.190664
0.190279
0.193090
0.190756
0.189047
0.189170
0.190130
0.192145
0.191763
0.193010
0.191534
0.189660
0.188521
0.187495
0.186555
0.189074
0.189872
0.189783
0.186200
0.188937
0.187754
0.187113
0.187213
0.187346
0.185163
0.186280
0.186646
0.186094
0.185276
0.187668
0.186051
0.186083
0.184472
0.182549
0.184811
0.184887
0.184977
0.188047
0.183967
0.183611
0.180442
0.184368
0.183678
0.185323
0.184591
0.184070
0.184333
0.183435
0.183798
0.184732
0.183437
0.183936
0.184336
0.184180
0.182192
0.180566
0.181501
0.183789
0.185236
0.182477
0.182496
0.182173
0.182097
0.181763
0.179927
0.179887
0.179629
0.181480
0.178590
0.181617
0.180513
0.182630
0.182022
0.180165
0.178542
0.178344
0.178803
0.177757
0.178732
0.178270
0.178452
0.177485
0.175534
0.176669
0.175244
0.177448
0.177395
0.177745
0.175659
0.174058
0.174767
0.176704
0.177135
0.176575
0.176943
0.175435
0.176701
0.174555
0.173680
0.174501
0.173929
0.176184
0.176429
0.174571
0.175475
0.176957
0.178840
0.176988
0.177694
0.175171
0.173064
0.174808
0.178896
0.178379
0.177514
0.177600
0.173946
0.176219
0.175922
0.175995
0.177602
0.176475
0.177822
0.174138
0.173793
0.174072
0.174905
0.176793
0.175460
0.172930
0.172954
0.172908
0.174528
0.174793
0.175039
0.175070
0.175162
0.172160
0.171871
0.171563
0.174146
0.174461
0.175636
0.175604
0.174442
0.172613
0.172479
0.175343
0.173710
0.174732
0.175418
0.174320
0.174541
0.173381
0.173717
0.173422
0.173825
0.173799
0.172654
0.173510
0.173478
0.176809
0.175729
0.176239
0.175529
0.176309
0.174313
0.175312
0.175045
0.176832
0.176166
0.175868
0.174091
0.172621
0.174825
0.174549
0.173943
0.175164
0.174953
0.174510
0.172458
0.174192
0.174836
0.174211
0.174659
0.173924
0.174329
0.174428
0.175756
0.176244
0.176249
0.178254
0.176343
0.172762
0.173254
0.175478
0.174919
0.177423
0.176997
0.177145
0.174484
0.175821
0.175595
0.176318
0.175882
0.175336
0.176921
0.173482
0.174586
0.175705
0.174720
0.177470
0.175138
0.176355
0.175960
0.170996
0.173330
0.172840
0.173679
0.174790
0.172016
0.169779
0.171360
0.169858
0.173331
0.174647
0.171667
0.172106
0.170226
0.169509
0.169573
0.171881
0.171167
0.169319
0.170728
0.169571
0.170892
0.169436
0.169932
0.172310
0.172593
0.171502
0.170669
0.171488
0.171547
0.171440
0.171878
0.173247
0.173175
0.170807
0.171017
0.171473
0.170567
0.173059
0.173164
0.174053
0.172675
0.172164
0.171983
0.173914
0.176118
0.176625
0.174028
0.173753
0.172846
0.172326
0.172142
0.172595
0.173160
0.172379
0.172039
0.171713
0.171074
0.173275
0.173256
0.173413
0.173668
0.173810
0.172120
0.172914
0.171235
0.175256
0.175019
0.174971
0.173546
0.172878
0.173154
0.173530
0.173884
0.174149
0.173712
0.172094
0.171810
0.174140
0.173029
0.171600
0.172918
0.172706
0.172055
0.171332
0.172353
0.175223
0.174229
0.175369
0.174426
0.172849
0.173006
0.171367
0.170572
0.174483
0.174448
0.174612
0.172513
0.171326
0.171591
0.172939
0.173653
0.174547
0.174901
0.173694
0.172712
0.171278
0.169743
0.172594
0.172648
0.172800
0.172003
0.171109
0.172422
0.171576
0.173095
0.171033
0.172225
0.171094
0.170221
0.171133
0.171080
0.173507
0.173325
0.172671
0.173283
0.172915
0.173117
0.170605
0.174616
0.174637
0.173110
0.171834
0.172116
0.169782
0.171268
0.171846
0.172940
0.173161
0.172814
0.171943
0.173850
0.170415
0.171866
0.172042
0.173605
0.170676
0.170133
0.170984
0.170043
0.170273
0.171684
0.172133
0.170576
0.169088
0.171644
0.173087
0.171906
0.172944
0.174096
0.171574
0.172794
0.172295
0.170955
0.172218
0.175813
0.171954
0.172268
0.174600
0.172539
0.172714
0.171929
0.172384
0.174097
0.170998
0.172211
0.169886
0.169614
0.171649
0.171389
0.172678
0.168281
0.167950
0.169560
0.169701
0.170999
0.171337
0.171258
0.171912
0.171318
0.169466
0.172589
0.172815
0.172466
0.172641
0.173171
0.171365
0.171662
0.172186
0.173573
0.174573
0.173820
0.174638
0.174809
0.173206
0.175177
0.174344
0.176319
0.174467
0.172606
0.171566
0.171271
0.171409
0.174094
0.173320
0.173042
0.171974
0.173994
0.173808
0.173948
0.175043
0.177338
0.176211
0.174355
0.174397
0.174992
0.175614
0.176139
0.176260
0.176627
0.173589
0.176350
0.174972
0.174408
0.178360
0.175916
0.175981
0.176466
0.175048
0.174344
0.176047
0.175737
0.176974
0.176983
0.176025
0.177472
0.176921
0.177753
0.177474
0.176967
0.177896
0.177174
0.176888
0.175280
0.176576
0.179490
0.177762
0.178671
0.178379
0.177268
0.177382
0.177544
0.179001
0.180276
0.179538
0.177246
0.177225
0.176482
0.176468
0.174922
0.177626
0.176962
0.174637
0.176765
0.177162
0.177097
0.177349
0.177407
0.177803
0.177729
0.174318
0.175255
0.176523
0.177682
0.177913
0.177249
0.174543
0.174984
0.176085
0.176705
0.180289
0.179207
0.179644
0.177156
0.178526
0.177977
0.179202
0.179428
0.180879
0.179976
0.177611
0.177494
0.176874
0.178078
0.179406
0.179795
0.178461
0.177268
0.175839
0.176711
0.176819
0.178003
0.177654
0.179254
0.177066
0.177249
0.176289
0.176315
0.177112
0.177276
0.176774
0.175069
0.176377
0.177252
0.174691
0.176173
0.177212
0.178139
0.177684
0.176829
0.175622
0.174352
0.177714
0.176395
0.177669
0.176148
0.177376
0.178765
0.179467
0.179861
0.180748
0.179506
0.180167
0.177495
0.178369
0.177880
0.180083
0.178433
0.178037
0.177668
0.176824
0.178760
0.178821
0.179987
0.179527
0.178307
0.176170
0.177467
0.176341
0.178885
0.179179
0.178522
0.177028
0.176438
0.178058
0.176166
0.178253
0.178160
0.179984
0.179435
0.179040
0.179225
0.178042
0.180292
0.180034
0.182420
0.179971
0.180380
0.178094
0.179914
0.178352
0.179007
0.179171
0.178633
0.176308
0.175663
0.175079
0.176522
0.178352
0.177609
0.178826
0.176263
0.176434
0.176600
0.176552
0.179179
0.176367
0.176697
0.173701
0.173667
0.174169
0.174352
0.176573
0.174853
0.176452
0.175523
0.174359
0.174834
0.174418
0.175839
0.175491
0.174510
0.172478
0.171813
0.174307
0.174426
0.175305
0.175014
0.174278
0.174673
0.174341
0.174789
0.173882
0.175476
0.175454
0.175306
0.174161
0.173648
0.173798
0.174600
0.177821
0.178034
0.178601
0.177217
0.176561
0.177344
0.178614
0.179533
0.178865
0.179508
0.178579
0.176894
0.175570
0.176579
0.177010
0.179055
0.177848
0.175617
0.174552
0.174849
0.175265
0.178029
0.179235
0.179176
0.176496
0.175827
0.177062
0.178416
0.179248
0.177085
0.176800
0.174406
0.173632
0.174424
0.174635
0.175919
0.176476
0.174498
0.176066
0.174456
0.174408
0.173328
0.176377
0.176457
0.175656
0.176530
0.176954
0.176630
0.176458
0.177472
0.176483
0.176422
0.177164
0.174283
0.175801
0.173773
0.177643
0.175780
0.176002
0.176178
0.174951
0.173737
0.175162
0.175726
0.176509
0.175433
0.175031
0.173580
0.173929
0.173154
0.174408
0.174615
0.175348
0.174496
0.174270
0.174905
0.176044
0.176913
0.176181
0.176516
0.175216
0.173334
0.175215
0.174302
0.176131
0.175857
0.174555
0.172444
0.170871
0.170705
0.172256
0.174104
0.174043
0.173402
0.174540
0.176353
0.175822
0.175686
0.177429
0.177884
0.175233
0.174041
0.173623
0.175659
0.174811
0.176715
0.179207
0.178381
0.176680
0.175709
0.178783
0.179396
0.178535
0.179263
0.178044
0.176574
0.176604
0.175981
0.176273
0.175539
0.175840
0.175071
0.175359
0.174131
0.172223
0.172922
0.173855
0.173509
0.173104
0.172545
0.172718
0.170014
0.171929
0.172428
0.172971
0.173379
0.171891
0.171658
0.171425
0.172423
0.176237
0.175538
0.174494
0.174200
0.174269
0.174064
0.174131
0.177038
0.176808
0.175586
0.175834
0.174632
0.173549
0.174185
0.175229
0.173992
0.175310
0.174194
0.173012
0.172605
0.173894
0.174417
0.174792
0.173665
0.173184
0.174098
0.172977
0.174092
0.173781
0.174221
0.174979
0.173609
0.172666
0.172699
0.174044
0.174167
0.175776
0.173714
0.175623
0.172448
0.173702
0.174706
0.176450
0.176075
0.174259
0.172998
0.173288
0.175097
0.173081
0.177904
0.177661
0.177118
0.175205
0.175817
0.176972
0.176699
0.178938
0.176137
0.175149
0.174057
0.175538
0.175111
0.176848
0.177500
0.177246
0.176711
0.174939
0.174451
0.173399
0.175499
0.175617
0.173312
0.173611
0.174004
0.173097
0.173482
0.173860
0.175418
0.175347
0.174875
0.175304
0.174367
0.175411
0.175866
0.176462
0.176703
0.179247
0.177705
0.176441
0.174232
0.175396
0.174832
0.173914
0.173741
0.173719
0.171894
0.172827
0.173599
0.175498
0.174115
0.175383
0.175565
0.174694
0.175437
0.176073
0.177126
0.177956
0.176242
0.176726
0.173694
0.176758
0.175944
0.176114
0.174458
0.176293
0.174730
0.174629
0.175127
0.177026
0.176675
0.179226
0.178181
0.175175
0.175690
0.175821
0.176236
0.177077
0.177202
0.177650
0.178665
0.175967
0.176212
0.177262
0.178510
0.177756
0.178887
0.176945
0.175515
0.174263
0.174217
0.176430
0.178908
0.176722
0.173923
0.175860
0.175611
0.172839
0.177047
0.177925
0.177071
0.174673
0.177323
0.174980
0.177037
0.179301
0.180822
0.178350
0.179718
0.179661
0.177279
0.178032
0.180314
0.179624
0.178662
0.178478
0.176138
0.175802
0.177313
0.179847
0.178395
0.179420
0.175998
0.177974
0.178972
0.179066
0.180982
0.180709
0.181219
0.180273
0.180112
0.179709
0.182145
0.182244
0.182756
0.180410
0.182369
0.181857
0.183475
0.181762
0.182093
0.181047
0.180819
0.181049
0.180557
0.180587
0.182163
0.181902
0.181939
0.179957
0.178278
0.179570
0.179354
0.179379
0.181864
0.183223
0.179478
0.180754
0.179434
0.180140
0.180463
0.183691
0.182805
0.182839
0.183415
0.180464
0.180316
0.179940
0.181249
0.180094
0.177748
0.177129
0.179400
0.177558
0.175176
0.177990
0.178229
0.177898
0.176059
0.176443
0.175158
0.177329
0.176596
0.176384
0.177442
0.175355
0.174845
0.177300
0.177140
0.177817
0.177191
0.176910
0.175449
0.175071
0.174519
0.173719
0.175829
0.176217
0.174067
0.175700
0.175365
0.176585
0.175654
0.180007
0.179591
0.175405
0.175109
0.175614
0.177344
0.177009
0.178177
0.177469
0.178299
0.177143
0.174321
0.174767
0.176902
0.177414
0.176744
0.176574
0.175322
0.173570
0.173858
0.175522
0.176352
0.175550
0.177131
0.176073
0.173943
0.174103
0.175738
0.176605
0.175207
0.174597
0.175804
0.172834
0.174031
0.172756
0.173345
0.175802
0.174185
0.174142
0.174294
0.174425
0.174851
0.174077
0.173165
0.173193
0.171542
0.173094
0.173947
0.174535
0.174610
0.175171
0.177080
0.174295
0.175357
0.174560
0.174272
0.175861
0.176932
0.177234
0.176496
0.175195
0.174549
0.176747
0.178154
0.176888
0.174271
0.176206
0.174208
0.176483
0.175361
0.177111
0.176468
0.176948
0.178397
0.176506
0.176433
0.174990
0.178580
0.177089
0.175980
0.175661
0.174894
0.174084
0.177290
0.176769
0.175090
0.176003
0.175909
0.172708
0.173723
0.174550
0.174869
0.175169
0.175148
0.174308
0.175203
0.175725
0.175861
0.175992
0.174423
0.177344
0.175513
0.174640
0.174411
0.176760
0.177526
0.178037
0.177552
0.176007
0.175145
0.173726
0.175216
0.176262
0.176586
0.176834
0.175724
0.177140
0.176689
0.178442
0.177621
0.178320
0.177206
0.176942
0.177184
0.176799
0.176898
0.177908
0.178355
0.177019
0.175356
0.177543
0.177542
0.179767
0.179086
0.177188
0.178872
0.178254
0.177322
0.176155
0.177711
0.178903
0.178410
0.177108
0.179640
0.177121
0.179271
0.178912
0.179928
0.181941
0.180131
0.178426
0.178839
0.179433
0.178362
0.181562
0.180032
0.180891
0.179001
0.176904
0.178906
0.178572
0.179870
0.179159
0.180110
0.180049
0.178256
0.179791
0.181723
0.182486
0.182121
0.180273
0.180001
0.178784
0.179486
0.179868
0.179737
0.180734
0.180194
0.178096
0.179356
0.180042
0.179946
0.180827
0.179395
0.180005
0.179264
0.181137
0.178609
0.178306
0.178814
0.178369
0.177292
0.177378
0.178906
0.180133
0.179147
0.179739
0.179166
0.179785
0.176793
0.178933
0.177770
0.177929
0.179309
0.179391
0.178171
0.179198
0.176222
0.177959
0.177731
0.179225
0.180565
0.180316
0.178992
0.178987
0.179542
0.177958
0.181883
0.178424
0.180774
0.179886
0.178047
0.180510
0.178685
0.182083
0.180789
0.179204
0.177669
0.177840
0.177957
0.180786
0.181545
0.179427
0.179550
0.181600
0.182086
0.180495
0.182484
0.182253
0.184341
0.184266
0.180426
0.178819
0.178791
0.178779
0.181791
0.180955
0.177627
0.179834
0.177074
0.177790
0.176967
0.179933
0.179226
0.179954
0.176881
0.178288
0.178081
0.178170
0.178458
0.177883
0.178947
0.175181
0.176732
0.174495
0.176161
0.177925
0.176762
0.177410
0.176043
0.174819
0.175482
0.176743
0.175030
0.175835
0.176095
0.174735
0.173394
0.172740
0.172570
0.174002
0.174403
0.173444
0.175257
0.173341
0.174676
0.172570
0.174509
0.174261
0.174184
0.175607
0.174593
0.174968
0.175009
0.176696
0.178858
0.178953
0.178316
0.178079
0.176923
0.178212
0.178780
0.178286
0.178493
0.177257
0.177385
0.178023
0.180792
0.180596
0.178995
0.178709
0.178839
0.178719
0.176873
0.178539
0.178656
0.179327
0.179381
0.177806
0.176126
0.177068
0.178404
0.180152
0.178435
0.178623
0.177371
0.177922
0.176544
0.178035
0.178059
0.178504
0.177463
0.174519
0.174370
0.177310
0.178223
0.177916
0.177301
0.177882
0.174793
0.175001
0.177462
0.177121
0.177332
0.178356
0.176701
0.178303
0.177498
0.177003
0.178840
0.178491
0.176981
0.176524
0.175272
0.177248
0.177313
0.175640
0.177076
0.177835
0.175491
0.174690
0.175462
0.176225
0.175971
0.176881
0.177962
0.177778
0.175541
0.175258
0.174705
0.176215
0.176282
0.177172
0.178261
0.175832
0.175696
0.175957
0.178105
0.178443
0.177609
0.177328
0.177093
0.174364
0.177167
0.176548
0.177729
0.178135
0.177080
0.175675
0.175887
0.176107
0.177200
0.178974
0.178351
0.176526
0.175429
0.174991
0.175773
0.177611
0.177392
0.177291
0.176540
0.174628
0.176001
0.177077
0.175994
0.177544
0.179842
0.178045
0.176040
0.176771
0.176905
0.174569
0.177112
0.179030
0.175652
0.174943
0.175243
0.176015
0.177003
0.176021
0.175749
0.175401
0.174882
0.175120
0.175300
0.174006
0.176352
0.176632
0.175682
0.177113
0.175577
0.176942
0.175955
0.175838
0.175335
0.176629
0.175028
0.174509
0.175730
0.176300
0.177300
0.177995
0.177595
0.178428
0.176090
0.176293
0.176083
0.175097
0.177442
0.174380
0.172894
0.175178
0.172185
0.172400
0.174547
0.175332
0.177552
0.175423
0.175301
0.174894
0.174338
0.176980
0.177051
0.175285
0.178750
0.176421
0.174245
0.175877
0.177061
0.176888
0.176133
0.175884
0.174549
0.173386
0.175387
0.175489
0.177500
0.176924
0.175627
0.176020
0.176888
0.176545
0.177342
0.176101
0.178601
0.176209
0.178697
0.178797
0.177891
0.179965
0.181544
0.179331
0.176763
0.176081
0.178226
0.177106
0.177621
0.176357
0.177424
0.177881
0.174911
0.177798
0.177844
0.177547
0.178425
0.177992
0.175889
0.177020
0.177888
0.175429
0.177431
0.178587
0.179734
0.175598
0.177220
0.176900
0.177767
0.180635
0.181576
0.178474
0.180019
0.177301
0.177179
0.176816
0.182056
0.179195
0.180478
0.178079
0.177908
0.178654
0.179725
0.179152
0.181064
0.179809
0.179294
0.174670
0.178576
0.178717
0.178708
0.178711
0.178369
0.180235
0.179500
0.180036
0.179735
0.181450
0.180771
0.181928
0.180587
0.178968
0.179727
0.179339
0.180562
0.179916
0.178342
0.178129
0.176650
0.176300
0.176256
0.177879
0.176696
0.178029
0.176160
0.177128
0.176293
0.175311
0.177103
0.179365
0.176514
0.178013
0.175220
0.176232
0.175186
0.177269
0.177101
0.175537
0.176423
0.173741
0.175361
0.176551
0.177212
0.175361
0.176773
0.173823
0.170402
0.173708
0.174187
0.172957
0.174660
0.173501
0.173554
0.173529
0.173958
0.174095
0.173449
0.174268
0.175173
0.174784
0.174382
0.174471
0.174614
0.176321
0.175470
0.175271
0.173114
0.172702
0.175257
0.174586
0.178434
0.177687
0.176388
0.175611
0.175131
0.176256
0.176306
0.178605
0.175958
0.175833
0.174500
0.175266
0.172576
0.173767
0.176259
0.175854
0.176338
0.173427
0.174426
0.173773
0.175518
0.177168
0.176140
0.176919
0.173565
0.174721
0.175360
0.173324
0.174022
0.175362
0.175313
0.173871
0.173122
0.173807
0.173601
0.175554
0.175353
0.176203
0.175357
0.174601
0.172091
0.176338
0.177103
0.176815
0.176286
0.174640
0.173886
0.174001
0.175867
0.177674
0.175983
0.174980
0.174264
0.175187
0.174687
0.175237
0.177917
0.173780
0.173256
0.175408
0.176116
0.176448
0.176136
0.178607
0.175940
0.174931
0.176003
0.173818
0.175315
0.175199
0.175099
0.174900
0.175328
0.173844
0.173529
0.174361
0.176443
0.179633
0.175683
0.176830
0.175705
0.175438
0.176602
0.176035
0.179099
0.176778
0.177866
0.175617
0.177491
0.176326
0.176224
0.179098
0.181053
0.178932
0.177459
0.175797
0.177864
0.178515
0.179607
0.179463
0.179728
0.178151
0.178466
0.178256
0.181402
0.180000
0.179659
0.179058
0.178771
0.178134
0.180293
0.179077
0.178865
0.179978
0.179690
0.179308
0.178218
0.178549
0.178027
0.180976
0.179051
0.180564
0.178992
0.178085
0.177705
0.177333
0.178815
0.179669
0.179769
0.176141
0.178019
0.178259
0.178368
0.179809
0.178423
0.178614
0.177129
0.177680
0.177839
0.176957
0.178454
0.177221
0.177293
0.177350
0.178665
0.176379
0.176953
0.179517
0.177123
0.175157
0.175400
0.174916
0.177520
0.176967
0.178032
0.179279
0.179100
0.179075
0.178093
0.176794
0.176753
0.178309
0.177229
0.176985
0.175439
0.176279
0.176785
0.175885
0.176892
0.177095
0.176261
0.177034
0.174620
0.177163
0.177491
0.179290
0.177591
0.176134
0.176410
0.176393
0.175302
0.177663
0.178551
0.180022
0.178713
0.178177
0.176542
0.178014
0.179900
0.180500
0.181728
0.179584
0.177495
0.175777
0.177196
0.180195
0.180038
0.177568
0.178040
0.177796
0.178372
0.177818
0.179343
0.180325
0.179248
0.180226
0.179596
0.176893
0.179145
0.179512
0.180080
0.180468
0.179337
0.177410
0.177421
0.177925
0.178666
0.177335
0.176758
0.176525
0.176535
0.177873
0.179738
0.178777
0.178898
0.178333
0.178812
0.176405
0.177365
0.177593
0.178697
0.180030
0.180751
0.180053
0.180022
0.177508
0.177847
0.178064
0.179607
0.178882
0.177335
0.179337
0.177763
0.175141
0.177742
0.176272
0.178068
0.177780
0.177439
0.179435
0.179676
0.179315
0.182090
0.181272
0.180272
0.179635
0.178963
0.179769
0.178326
0.180703
0.182226
0.179991
0.179521
0.177881
0.178113
0.180612
0.180592
0.180528
0.180690
0.179921
0.178996
0.180805
0.179472
0.179969
0.183590
0.182806
0.180978
0.178801
0.178924
0.180053
0.181207
0.182717
0.181929
0.181432
0.179257
0.179040
0.180572
0.180088
0.181613
0.181757
0.180962
0.180400
0.180989
0.179783
0.181586
0.182297
0.182255
0.181923
0.182018
0.181934
0.183470
0.183853
0.183052
0.183387
0.181684
0.180868
0.183032
0.183554
0.186208
0.184577
0.184962
0.182711
0.184394
0.181415
0.182258
0.181741
0.183580
0.182328
0.179390
0.178011
0.179659
0.180255
0.180464
0.179311
0.180115
0.179061
0.177431
0.176979
0.178860
0.178340
0.178529
0.179225
0.179372
0.180795
0.180298
0.179224
0.179592
0.181715
0.181770
0.180144
0.181211
0.180422
0.179950
0.179616
0.179465
0.178232
0.178013
0.178987
0.178183
0.179816
0.179774
0.180206
0.180977
0.178405
0.177220
0.176604
0.177600
0.178870
0.180226
0.180450
0.179311
0.178729
0.179915
0.181337
0.180483
0.181137
0.180496
0.180462
0.176883
0.180298
0.181164
0.180831
0.178285
0.179052
0.179804
0.176620
0.175967
0.177279
0.179473
0.180045
0.179854
0.177515
0.180083
0.178275
0.179509
0.179913
0.178635
0.177516
0.177928
0.176292
0.177211
0.178506
0.179911
0.181128
0.179636
0.178312
0.177414
0.177724
0.178618
0.178953
0.179471
0.179881
0.177366
0.177132
0.175579
0.177036
0.178783
0.178051
0.176897
0.177203
0.177512
0.178157
0.179877
0.180167
0.179730
0.178921
0.178350
0.176518
0.177795
0.178045
0.179796
0.181021
0.178857
0.178739
0.177194
0.175831
0.176279
0.178572
0.177036
0.177963
0.176044
0.177366
0.177937
0.177605
0.179493
0.179477
0.179412
0.178126
0.177409
0.177257
0.178948
0.180949
0.181073
0.180334
0.178374
0.176883
0.175843
0.176819
0.177316
0.181058
0.177759
0.176518
0.176127
0.178784
0.177628
0.180610
0.178881
0.178155
0.178898
0.177383
0.177414
0.178842
0.178309
0.179419
0.176366
0.174049
0.175557
0.176251
0.175202
0.174246
0.175490
0.173395
0.172540
0.174297
0.173258
0.173659
0.174674
0.175998
0.174777
0.175963
0.174614
0.174702
0.175582
0.177259
0.177044
0.177377
0.175970
0.177359
0.174540
0.174975
0.175796
0.175659
0.174379
0.174103
0.174539
0.176124
0.175592
0.176835
0.176878
0.177142
0.176891
0.176682
0.173765
0.176797
0.177743
0.177247
0.176352
0.174985
0.175572
0.176905
0.176844
0.177455
0.177352
0.177172
0.176234
0.174379
