1.000000
0.998687
0.993808
0.998274
0.996271
0.956090
0.970905
0.966996
0.956856
0.969553
0.965448
0.972900
0.982927
0.947435
0.979028
0.980852
0.986743
0.974039
0.965234
0.969312
0.963773
0.954460
0.957525
0.954282
0.949199
0.963637
0.973354
0.988695
0.977595
0.956318
0.961844
0.937854
0.933000
0.977956
0.952303
0.968711
0.951168
0.949379
0.946773
0.967533
0.968602
0.954744
0.963192
0.972834
0.965286
0.965879
0.952160
0.957065
0.964131
0.952529
0.946472
0.947957
0.946466
0.938942
0.945197
0.932282
0.931434
0.911872
0.915459
0.935218
0.926814
0.936021
0.947132
0.931187
0.926589
0.916155
0.919892
0.908582
0.930841
0.929276
0.928085
0.943515
0.927716
0.928069
0.937089
0.947330
0.943336
0.940287
0.934492
0.946456
0.926793
0.940966
0.919917
0.928303
0.931698
0.928340
0.918106
0.899173
0.910780
0.906229
0.902411
0.880110
0.905843
0.897054
0.896425
0.884700
0.902289
0.901486
0.925985
0.898240
0.885337
0.900138
0.892325
0.903001
0.905490
0.877944
0.885950
0.894550
0.892598
0.852574
0.885858
0.878785
0.884072
0.887274
0.880264
0.881098
0.870077
0.847532
0.852885
0.869438
0.859077
0.861623
0.850056
0.843123
0.866458
0.860896
0.867487
0.836079
0.846351
0.853564
0.842995
0.837235
0.823563
0.852808
0.854869
0.836483
0.835318
0.835837
0.832066
0.820545
0.814465
0.807415
0.809993
0.814491
0.815399
0.806465
0.808806
0.803236
0.821954
0.813852
0.803879
0.820522
0.811039
0.797335
0.804090
0.814915
0.806907
0.785230
0.790724
0.794830
0.801436
0.818553
0.790332
0.776449
0.769049
0.770805
0.779864
0.779059
0.760751
0.748699
0.736382
0.754806
0.729291
0.731655
0.730923
0.740882
0.728924
0.723365
0.711948
0.716171
0.680588
0.713337
0.682308
0.692833
0.674187
0.664089
0.682012
0.671997
0.657935
0.659052
0.667447
0.645732
0.620419
0.622785
0.644989
0.616550
0.603400
0.600571
0.605594
0.608626
0.582623
0.570983
0.575764
0.576312
0.588043
0.560835
0.552036
0.524394
0.547618
0.543514
0.527625
0.534112
0.516761
0.522206
0.503894
0.512931
0.508295
0.515953
0.493341
0.505328
0.504876
0.485340
0.478021
0.480625
0.467505
0.481785
0.447722
0.446755
0.456010
0.436981
0.447736
0.434565
0.429263
0.432296
0.422035
0.422633
0.410764
0.410234
0.414960
0.411701
0.406284
0.393388
0.403025
0.386043
0.388298
0.381727
0.388067
0.381792
0.361239
0.375782
0.360154
0.384201
0.353658
0.360936
0.348324
0.355445
0.328868
0.333909
0.345025
0.358283
0.351936
0.337008
0.342543
0.335900
0.336922
0.336329
0.349351
0.348634
0.328086
0.327178
0.342963
0.326674
0.326243
0.329458
0.320335
0.309022
0.321621
0.301941
0.300845
0.299724
0.300860
0.302956
0.290554
0.296261
0.311955
0.289647
0.284622
0.287625
0.292041
0.298852
0.282280
0.273862
0.282028
0.287000
0.279965
0.268117
0.276640
0.277563
0.260042
0.271853
0.270162
0.272069
0.260801
0.264699
0.257677
0.279510
0.265231
0.261547
0.261053
0.265986
0.252549
0.267654
0.248901
0.268607
0.246521
0.261544
0.250741
0.253102
0.263040
0.268539
0.248702
0.245142
0.254165
0.257533
0.258022
0.246216
0.265328
0.248842
0.256453
0.255956
0.252362
0.249151
0.265274
0.241565
0.245547
0.243287
0.250911
0.247307
0.243895
0.248768
0.250587
0.226173
0.247943
0.253463
0.249852
0.235830
0.250020
0.243944
0.239655
0.245955
0.243139
0.244593
0.243720
0.234249
0.260693
0.240670
0.221999
0.242853
0.240923
0.245849
0.232825
0.237926
0.236423
0.237113
0.225212
0.236698
0.244734
0.242503
0.237265
0.230110
0.238396
0.228053
0.230986
0.220057
0.226946
0.235614
0.232541
0.234432
0.233469
0.230172
0.224870
0.225644
0.227417
0.215008
0.219996
0.224191
0.224412
0.224769
0.227058
0.236243
0.213361
0.224122
0.215694
0.221466
0.221802
0.221528
0.222018
0.211232
0.220484
0.209690
0.211582
0.202992
0.208246
0.207806
0.205296
0.218669
0.198607
0.213302
0.214186
0.213508
0.212927
0.213432
0.207694
0.230307
0.218332
0.220003
0.199062
0.217320
0.220985
0.216273
0.207999
0.218973
0.198145
0.215531
0.211775
0.207087
0.211151
0.205970
0.202730
0.209729
0.201871
0.211819
0.192883
0.220983
0.201298
0.201017
0.205962
0.203272
0.208040
0.201366
0.197904
0.204835
0.197158
0.203538
0.190959
0.194325
0.202170
0.198358
0.204937
0.201857
0.197798
0.198309
0.197037
0.206302
0.197420
0.200724
0.196503
0.191813
0.201394
0.198969
0.198880
0.204492
0.202473
0.200821
0.201350
0.196260
0.192312
0.203572
0.197444
0.206990
0.201794
0.211154
0.202070
0.202366
0.195438
0.199877
0.212513
0.198339
0.191204
0.197246
0.193794
0.198297
0.198927
0.196274
0.189953
0.198359
0.190843
0.195602
0.194617
0.193257
0.186374
0.200089
0.204485
0.199916
0.194761
0.193509
0.192524
0.199047
0.202427
0.190336
0.174074
0.203639
0.199465
0.186719
0.182896
0.174914
0.191026
0.177791
0.180529
0.188041
0.186149
0.202235
0.185074
0.188563
0.191003
0.188772
0.193202
0.194030
0.177979
0.190886
0.178446
0.188886
0.186720
0.187820
0.190231
0.191441
0.176061
0.178270
0.183085
0.186219
0.185480
0.186366
0.186073
0.187875
0.196437
0.185379
0.190012
0.190932
0.185102
0.190811
0.185982
0.190629
0.182670
0.182288
0.181440
0.182159
0.180317
0.180042
0.183737
0.180089
0.186774
0.182324
0.179381
0.194618
0.193706
0.190377
0.187189
0.183267
0.176508
0.207212
0.179889
0.193892
0.199608
0.199643
0.204346
0.187450
0.193801
0.199295
0.193999
0.196087
0.189666
0.202176
0.196560
0.198466
0.180104
0.195034
0.191605
0.187446
0.194074
0.197159
0.203907
0.198342
0.195663
0.199289
0.185768
0.185796
0.195263
0.194464
0.193564
0.194252
0.186426
0.187672
0.193190
0.184605
0.190509
0.192311
0.192971
0.196434
0.187902
0.189479
0.192190
0.197714
0.187780
0.193387
0.188035
0.200275
0.181188
0.188778
0.189946
0.195771
0.187295
0.175377
0.193848
0.196303
0.174758
0.179197
0.194761
0.195496
0.183302
0.181213
0.177342
0.191988
0.193858
0.195679
0.182293
0.183855
0.179062
0.179687
0.176518
0.185461
0.180758
0.189426
0.184901
0.175060
0.178641
0.171423
0.192110
0.187619
0.181566
0.173835
0.184378
0.186251
0.180589
0.180717
0.190303
0.189700
0.180484
0.172937
0.189289
0.184675
0.182046
0.186748
0.177574
0.179598
0.189218
0.175837
0.187827
0.191033
0.184107
0.181863
0.187990
0.183955
0.181586
0.182497
0.185943
0.178239
0.187319
0.196392
0.194664
0.192608
0.181993
0.187622
0.190984
0.191901
0.185997
0.181088
0.186254
0.191751
0.203350
0.184532
0.195825
0.192379
0.198125
0.190383
0.188595
0.192544
0.188957
0.190291
0.189959
0.196169
0.190140
0.200000
0.193438
0.183276
0.198441
0.175315
0.186765
0.187924
0.181163
0.189252
0.192072
0.182169
0.187343
0.186042
0.184902
0.185896
0.185144
0.193695
0.186328
0.193275
0.183487
0.189304
0.189960
0.182075
0.183044
0.188064
0.192575
0.186447
0.189343
0.186449
0.186514
0.190182
0.184289
0.184436
0.178317
0.181989
0.177749
0.172898
0.188169
0.181407
0.186542
0.187364
0.182167
0.191354
0.195682
0.183370
0.194255
0.181836
0.183093
0.177667
0.194732
0.178959
0.195148
0.188665
0.182096
0.179923
0.183235
0.188646
0.177363
0.186709
0.184375
0.180015
0.183213
0.192249
0.168574
0.174833
0.177215
0.165687
0.174101
0.183602
0.172654
0.183880
0.188462
0.177252
0.174636
0.183176
0.184141
0.182500
0.183835
0.187016
0.193962
0.184172
0.182341
0.197367
0.184207
0.185888
0.172371
0.174096
0.177882
0.180501
0.181140
0.167032
0.181776
0.168738
0.178661
0.178951
0.174566
0.174917
0.175456
0.177363
0.170345
0.182970
0.174398
0.166859
0.168560
0.169726
0.179344
0.163806
0.177557
0.178933
0.179620
0.166638
0.179016
0.175621
0.181307
0.173078
0.183775
0.175275
0.169944
0.171450
0.175531
0.167927
0.175552
0.170333
0.180643
0.173887
0.170242
0.175606
0.176087
0.177552
0.184516
0.174108
0.177063
0.167510
0.173650
0.166951
0.169297
0.175228
0.182046
0.188698
0.183573
0.181993
0.179475
0.184562
0.176972
0.184504
0.176489
0.190676
0.167547
0.184596
0.168456
0.178087
0.180035
0.185361
0.191193
0.171127
0.178765
0.185640
0.185958
0.182674
0.180758
0.179348
0.179788
0.170463
0.177492
0.178279
0.177539
0.175159
0.178730
0.175394
0.183545
0.184252
0.184947
0.181589
0.181917
0.195380
0.181177
0.180258
0.172602
0.187078
0.176336
0.186399
0.176520
0.170892
0.186685
0.183091
0.180474
0.176466
0.178967
0.170634
0.179590
0.176442
0.181184
0.181110
0.165156
0.173128
0.179772
0.188640
0.186902
0.180461
0.182607
0.170548
0.175880
0.166895
0.167511
0.168836
0.170335
0.175884
0.177267
0.176725
0.180552
0.185523
0.178513
0.170840
0.164545
0.181801
0.174114
0.181083
0.176017
0.176398
0.194655
0.185231
0.180475
0.169559
0.173188
0.180862
0.171020
0.178767
0.178769
0.174094
0.181269
0.174181
0.180466
0.180364
0.181067
0.180306
0.183348
0.173117
0.159432
0.179594
0.178026
0.177023
0.180270
0.172754
0.172432
0.169566
0.177094
0.158285
0.173091
0.171909
0.177106
0.173071
0.169921
0.167013
0.166138
0.168516
0.164940
0.178084
0.173081
0.163150
0.160026
0.168021
0.171133
0.176918
0.151830
0.165544
0.176993
0.175435
0.164458
0.164441
0.175164
0.170863
0.172252
0.164941
0.159494
0.168115
0.172605
0.164713
0.168507
0.164477
0.167308
0.161914
0.172687
0.171575
0.175682
0.157926
0.161475
0.160922
0.163296
0.165631
0.161039
0.169601
0.161393
0.171256
0.154325
0.159290
0.152116
0.167045
0.159250
0.165606
0.151285
0.161275
0.164862
0.169299
0.157250
0.161601
0.165387
0.160666
0.150329
0.151759
0.159951
0.162842
0.162200
0.155724
0.152834
0.164574
0.159622
0.157750
0.164142
0.156748
0.166936
0.157719
0.168008
0.156490
0.164451
0.157512
0.154238
0.166636
0.160741
0.161979
0.156753
0.164755
0.173483
0.164312
0.158421
0.163337
0.165499
0.155420
0.160786
0.162098
0.151378
0.163256
0.169342
0.169211
0.157914
0.157206
0.156116
0.160884
0.167193
0.158192
0.165665
0.172781
0.168985
0.172759
0.160968
0.165551
0.168663
0.175493
0.164182
0.163695
0.167571
0.163971
0.161622
0.162992
0.163700
0.172338
0.162542
0.157393
0.160852
0.165364
0.166722
0.165621
0.157788
0.169594
0.159563
0.164177
0.163900
0.171385
0.168038
0.171989
0.164720
0.171241
0.165939
0.165610
0.172784
0.164971
0.160091
0.156139
0.162359
0.169022
0.163271
0.169730
0.163391
0.168834
0.160094
0.165041
0.161579
0.165540
0.159445
0.158327
0.160839
0.164646
0.163465
0.169057
0.165842
0.158348
0.162613
0.176594
0.156487
0.173277
0.166488
0.167717
0.155325
0.174404
0.166846
0.167746
0.159477
0.162764
0.160650
0.158160
0.170016
0.161774
0.173476
0.177515
0.165260
0.158007
0.167073
0.162528
0.163717
0.166315
0.159119
0.162607
0.166705
0.158038
0.154413
0.165788
0.164493
0.156794
0.162007
0.170651
0.162890
0.162143
0.174127
0.162648
0.158262
0.161543
0.162103
0.161316
0.166834
0.165938
0.162619
0.174945
0.153955
0.180214
0.162845
0.160590
0.160940
0.148403
0.171568
0.165964
0.167141
0.153300
0.176049
0.166187
0.167599
0.172415
0.159421
0.164198
0.162201
0.166688
0.157608
0.154808
0.160158
0.171714
0.158197
0.155228
0.163255
0.168918
0.160994
0.157318
0.164557
0.159028
0.150332
0.160764
0.164487
0.161261
0.161074
0.154235
0.161197
0.167845
0.158741
0.163063
0.165391
0.166328
0.169564
0.152457
0.159729
0.170773
0.161520
0.158611
0.160563
0.161614
0.159088
0.163454
0.166188
0.154733
0.158084
0.164470
0.174142
0.163626
0.161650
0.171846
0.161837
0.162171
0.160834
0.157329
0.156395
0.164971
0.161948
0.160952
0.155805
0.154270
0.174410
0.154223
0.168910
0.158152
0.162094
0.159831
0.149762
0.165258
0.161741
0.169676
0.159934
0.160908
0.156485
0.163599
0.150751
0.151978
0.161445
0.162668
0.162549
0.171323
0.149638
0.165170
0.165331
0.159726
0.153976
0.154029
0.161714
0.156469
0.160858
0.160161
0.163350
0.164153
0.160753
0.163315
0.159388
0.156557
0.162031
0.152533
0.160489
0.163483
0.165459
0.158141
0.149215
0.164128
0.165961
0.158816
0.163214
0.153670
0.165225
0.159347
0.151775
0.165658
0.160247
0.152481
0.160616
0.160573
0.153614
0.161324
0.153364
0.157838
0.144442
0.152863
0.160951
0.176434
0.163912
0.159452
0.154587
0.158968
0.166081
0.152134
0.152678
0.158960
0.147033
0.155956
0.163447
0.147632
0.154047
0.154957
0.161427
0.154387
0.148882
0.159922
0.152023
0.160512
0.155176
0.167474
0.152849
0.156750
0.148379
0.170565
0.159225
0.169568
0.157716
0.149460
0.154540
0.166915
0.156162
0.158755
0.167838
0.165036
0.162566
0.160998
0.153966
0.173901
0.172362
0.169020
0.162541
0.153498
0.159205
0.155712
0.153964
0.167599
0.157829
0.163903
0.170102
0.149549
0.159117
0.166551
0.147593
0.158915
0.159432
0.164343
0.156948
0.166422
0.160260
0.167506
0.162711
0.163187
0.169509
0.169697
0.177655
0.161927
0.172272
0.164322
0.159270
0.161384
0.166043
0.162070
0.156240
0.163285
0.170981
0.166983
0.161584
0.162244
0.160480
0.164605
0.162352
0.156226
0.151177
0.159111
0.168273
0.164257
0.157817
0.166827
0.152277
0.161865
0.161008
0.171733
0.167389
0.174642
0.168065
0.157117
0.160403
0.154759
0.167723
0.162412
0.166778
0.155029
0.164089
0.172932
0.170737
0.163082
0.164772
0.169921
0.165776
0.170862
0.169958
0.169309
0.178600
0.164403
0.173191
0.156527
0.159714
0.171221
0.162873
0.173049
0.158282
0.166074
0.164479
0.162235
0.160075
0.164357
0.167991
0.156450
0.165722
0.177316
0.159973
0.170169
0.162255
0.167069
0.158222
0.158078
0.156526
0.150456
0.149695
0.152415
0.159565
0.158183
0.160488
0.160916
0.159860
0.150350
0.154412
0.160047
0.158023
0.165006
0.161872
0.161200
0.163339
0.156872
0.156110
0.156244
0.160624
0.151379
0.153432
0.162939
0.162358
0.154700
0.160366
0.154820
0.157889
0.156983
0.161865
0.155778
0.163872
0.151551
0.158217
0.159936
0.157639
0.157462
0.158394
0.159443
0.168680
0.157605
0.155781
0.166838
0.161528
0.169435
0.159822
0.158097
0.154666
0.159967
0.160924
0.172399
0.167384
0.164654
0.159752
0.155581
0.172329
0.163684
0.157031
0.158294
0.163816
0.167228
0.150326
0.162250
0.165481
0.159477
0.160651
0.173460
0.163964
0.163473
0.171637
0.166297
0.165063
0.170214
0.164635
0.160130
0.163900
0.166031
0.157310
0.170627
0.165427
0.154483
0.165060
0.178666
0.163343
0.163730
0.168737
0.159604
0.161452
0.163634
0.166651
0.154723
0.154710
0.154001
0.160579
0.152079
0.153722
0.158752
0.162945
0.153827
0.167580
0.163086
0.166011
0.163509
0.160237
0.168633
0.166582
0.166137
0.150442
0.165369
0.165583
0.158824
0.162026
0.161983
0.171724
0.164677
0.158777
0.168605
0.157617
0.168262
0.150889
0.163130
0.176933
0.167839
0.153628
0.159064
0.175073
0.185307
0.164466
0.170072
0.169409
0.166397
0.162211
0.166092
0.167503
0.159634
0.167159
0.155601
0.171547
0.152869
0.161150
0.156525
0.168459
0.161451
0.164955
0.161233
0.146107
0.160455
0.161517
0.166320
0.152025
0.156033
0.170593
0.161092
0.162779
0.167022
0.159554
0.162148
0.165087
0.152108
0.168515
0.161040
0.159830
0.164392
0.154880
0.158436
0.152318
0.158508
0.163948
0.166089
0.161863
0.159680
0.153382
0.162934
0.159802
0.169741
0.154395
0.167663
0.160350
0.166465
0.157435
0.155510
0.152885
0.154763
0.169573
0.163952
0.161746
0.159233
0.158445
0.166958
0.153391
0.161380
0.167551
0.149341
0.157833
0.150109
0.162890
0.159440
0.159751
0.156430
0.168294
0.163419
0.163056
0.169625
0.166948
0.166854
0.170035
0.166347
0.156762
0.165955
0.163435
0.164443
0.164256
0.159775
0.155019
0.160334
0.161706
0.156183
0.150023
0.161229
0.167253
0.158797
0.158722
0.167770
0.167928
0.161661
0.169552
0.169478
0.163623
0.165823
0.156674
0.162881
0.159303
0.170287
0.166916
0.159144
0.169566
0.161545
0.168221
0.171448
0.164773
0.164713
0.155020
0.159866
0.161279
0.158841
0.159175
0.163108
0.161368
0.162682
0.161112
0.151820
0.158785
0.170996
0.162858
0.156611
0.159170
0.158245
0.165110
0.160572
0.158736
0.161132
0.164468
0.160780
0.156323
0.153590
0.162550
0.154324
0.170064
0.155551
0.164614
0.167322
0.159674
0.175408
0.158717
0.174095
0.164873
0.168295
0.165924
0.161921
0.172110
0.168755
0.153611
0.150899
0.162010
0.158942
0.168695
0.162092
0.162566
0.161958
0.157971
0.166312
0.158152
0.150211
0.162678
0.165942
0.157615
0.156962
0.152900
0.165408
0.154921
0.158934
0.156893
0.167125
0.159330
0.155765
0.165112
0.162838
0.164425
0.162634
0.164255
0.173162
0.162842
0.156266
0.161348
0.156588
0.162062
0.148506
0.149720
0.153415
0.149301
0.150787
0.151991
0.161969
0.152522
0.156641
0.149677
0.156034
0.150879
0.154848
0.157670
0.154600
0.149185
0.150942
0.155810
0.158551
0.163111
0.162651
0.152165
0.154520
0.159786
0.166588
0.155381
0.165631
0.170934
0.171309
0.170414
0.148371
0.158046
0.153801
0.162117
0.163840
0.146325
0.156747
0.157659
0.162860
0.155987
0.160251
0.170196
0.158138
0.149196
0.166351
0.158296
0.149566
0.154506
0.145791
0.166020
0.161192
0.165601
0.158230
0.163926
0.148367
0.163016
0.166869
0.148461
0.160554
0.156053
0.161236
0.156290
0.154499
0.168214
0.154886
0.158904
0.162892
0.168288
0.158859
0.172195
0.147878
0.163512
0.154166
0.159761
0.161943
0.155131
0.157328
0.158020
0.158465
0.159507
0.171238
0.158236
0.173773
0.155221
0.155306
0.168657
0.158039
0.159170
0.164838
0.151949
0.165780
0.157395
0.158334
0.149129
0.151565
0.146969
0.157390
0.165421
0.154227
0.161854
0.161010
0.166353
0.158008
0.160303
0.162230
0.160004
0.158948
0.162858
0.160475
0.141174
0.162713
0.157720
0.167630
0.164043
0.153277
0.138661
0.149121
0.149561
0.159796
0.150771
0.145112
0.152072
0.149287
0.157442
0.155795
0.146491
0.166333
0.155361
0.142450
0.152827
0.160788
0.158620
0.151445
0.156194
0.143848
0.160674
0.156213
0.155460
0.159134
0.177011
0.152700
0.153914
0.170712
0.169332
0.149662
0.165838
0.163033
0.166758
0.160854
0.165281
0.159188
0.168100
0.159055
0.162078
0.153942
0.165083
0.158400
0.163359
0.150437
0.169197
0.163135
0.161654
0.154751
0.163781
0.166371
0.157497
0.158727
0.154653
0.158882
0.152523
0.157174
0.170244
0.174443
0.161560
0.155428
0.164512
0.163559
0.165383
0.158902
0.166993
0.175452
0.176566
0.160970
0.165745
0.168181
0.159146
0.176586
0.158547
0.166054
0.161106
0.159363
0.175180
0.155563
0.167172
0.168248
0.160086
0.165430
0.163283
0.167617
0.158551
0.158797
0.153594
0.166672
0.171262
0.172631
0.158900
0.155640
0.159475
0.160472
0.161701
0.163638
0.161510
0.157298
0.167366
0.157754
0.155403
0.159743
0.146886
0.157284
0.159630
0.151507
0.157558
0.156908
0.148303
0.156657
0.162576
0.158169
0.172217
0.158698
0.153144
0.164820
0.169847
0.156860
0.154898
0.162359
0.165341
0.162081
0.155333
0.165518
0.155910
0.165701
0.148052
0.153287
0.158595
0.162316
0.156524
0.157997
0.159273
0.154999
0.160277
0.163658
0.152189
0.159892
0.157937
0.172459
0.167581
0.157146
0.156732
0.154190
0.149306
0.140985
0.154808
0.157445
0.143949
0.150602
0.148549
0.155738
0.156517
0.155718
