1.000000
0.991123
0.984726
0.978294
0.974034
0.966358
0.957311
0.953579
0.945082
0.939841
0.926738
0.921116
0.921971
0.911383
0.905698
0.896202
0.892127
0.876071
0.872369
0.871863
0.873125
0.848815
0.857113
0.837376
0.834104
0.831920
0.822410
0.818397
0.821026
0.806866
0.799400
0.791323
0.778532
0.769555
0.762013
0.773401
0.759361
0.755716
0.748357
0.751857
0.712968
0.715722
0.732100
0.697871
0.697134
0.702407
0.692820
0.680719
0.670890
0.660649
0.655400
0.662366
0.651263
0.666135
0.667446
0.651488
0.648042
0.625867
0.625834
0.640422
0.619946
0.614512
0.620390
0.606245
0.590050
0.581606
0.583775
0.576169
0.566829
0.569682
0.571460
0.563053
0.547709
0.539437
0.530279
0.536239
0.533981
0.542076
0.533668
0.527323
0.504032
0.509977
0.493584
0.508855
0.483026
0.484242
0.490180
0.483210
0.472686
0.468929
0.460071
0.443306
0.439993
0.431732
0.427708
0.424524
0.428182
0.420958
0.410746
0.408065
0.407312
0.406175
0.406420
0.399997
0.394221
0.381443
0.383348
0.380035
0.383613
0.378317
0.363789
0.348655
0.356501
0.343672
0.345851
0.344430
0.333538
0.331376
0.338207
0.338603
0.329024
0.321033
0.327205
0.320994
0.315417
0.310026
0.310650
0.310532
0.307340
0.308719
0.297888
0.299424
0.292550
0.283227
0.273666
0.278999
0.283043
0.278290
0.271594
0.277783
0.262276
0.266051
0.267176
0.260123
0.256727
0.249952
0.247871
0.231481
0.225807
0.235760
0.228814
0.236298
0.222968
0.217430
0.212963
0.213609
0.213433
0.216526
0.208910
0.209052
0.203390
0.198971
0.209965
0.204823
0.195717
0.188463
0.190484
0.187413
0.183280
0.185610
0.182901
0.188203
0.176138
0.173323
0.168579
0.169196
0.166887
0.162604
0.162648
0.153269
0.153947
0.152330
0.149422
0.149976
0.151598
0.147449
0.144940
0.140667
0.140392
0.137924
0.139382
0.132006
0.128903
0.127697
0.124318
0.119357
0.118802
0.114551
0.109468
0.109644
0.109558
0.104857
0.105425
0.102724
0.097188
0.099296
0.098291
0.096462
0.096976
0.097101
0.095754
0.092232
0.092149
0.086915
0.086830
0.088118
0.084953
0.085307
0.086595
0.079137
0.081849
0.077528
0.077689
0.079291
0.080277
0.079371
0.077250
0.080136
0.077109
0.074813
0.074051
0.073831
0.074071
0.072381
0.073186
0.069486
0.069297
0.070112
0.068677
0.068928
0.067084
0.068272
0.070481
0.067743
0.068188
0.061463
0.059152
0.058312
0.060196
0.059528
0.060436
0.057218
0.056469
0.055685
0.055989
0.057164
0.054674
0.055931
0.054084
0.055980
0.056663
0.055510
0.055607
0.053532
0.055544
0.052099
0.052207
0.051526
0.052918
0.048281
0.047820
0.046244
0.046611
0.045582
0.047378
0.046960
0.043072
0.045931
0.041807
0.043178
0.044045
0.042139
0.042463
0.040910
0.041543
0.040817
0.039907
0.041785
0.039602
0.039131
0.039334
0.039422
0.039840
0.038448
0.040527
0.038009
0.037011
0.040118
0.034197
0.034058
0.035363
0.030740
0.031252
0.030653
0.029339
0.029960
0.030782
0.029486
0.029437
0.028290
0.029088
0.028998
0.029154
0.028864
0.029520
0.029760
0.029586
0.028470
0.028928
0.027161
0.028019
0.027686
0.027622
0.026851
0.027187
0.027103
0.027388
0.028682
0.027539
0.028179
0.027306
0.027293
0.026835
0.027008
0.026747
0.025921
0.026705
0.026609
0.025569
0.024698
0.024594
0.025790
0.023932
0.024304
0.024643
0.023687
0.023986
0.023190
0.023510
0.023127
0.022991
0.023016
0.022741
0.022927
0.023548
0.023324
0.023181
0.023003
0.022621
0.022105
0.022768
0.021908
0.022116
0.022709
0.022283
0.023047
0.022692
0.022597
0.022600
0.022214
0.021873
0.022980
0.021906
0.023134
0.021927
0.021104
0.021707
0.022038
0.021526
0.021292
0.021246
0.020156
0.020876
0.020598
0.020995
0.021266
0.020441
0.020939
0.021362
0.020191
0.020911
0.020362
0.020042
0.019999
0.020093
0.020025
0.019704
0.020543
0.019443
0.020444
0.020134
0.020293
0.020882
0.019398
0.019389
0.020638
0.019365
0.020878
0.020475
0.020163
0.020704
0.020347
0.021011
0.020580
0.019876
0.020873
0.020260
0.020526
0.019183
0.021137
0.020219
0.020615
0.020897
0.020759
0.019662
0.020462
0.019613
0.020843
0.020010
0.020406
0.020732
0.019925
0.020675
0.019849
0.020132
0.020202
0.019889
0.019587
0.020431
0.019722
0.019066
0.018957
0.019714
0.019013
0.019323
0.019278
0.018997
0.019122
0.019887
0.019775
0.020073
0.019583
0.018994
0.019314
0.019278
0.018929
0.019072
0.019505
0.020082
0.020370
0.020597
0.020428
0.020504
0.020355
0.019036
0.018789
0.018686
0.018135
0.018613
0.018639
0.018508
0.017877
0.018589
0.018204
0.017852
0.018145
0.018278
0.018572
0.018853
0.018606
0.019766
0.019243
0.018462
0.019138
0.017959
0.018907
0.019182
0.019276
0.019003
0.018911
0.019012
0.019486
0.018306
0.019337
0.019836
0.018530
0.018307
0.018524
0.017197
0.018373
0.018848
0.018502
0.018642
0.020636
0.019050
0.019677
0.018619
0.018913
0.019611
0.019508
0.019972
0.020310
0.021226
0.021103
0.021086
0.020920
0.020995
0.021057
0.021079
0.020510
0.021467
0.020960
0.021096
0.020008
0.020829
0.020087
0.020863
0.020303
0.020676
0.020717
0.020496
0.020684
0.020869
0.020682
0.021268
0.020555
0.020732
0.021520
0.021270
0.020903
0.020053
0.021478
0.020489
0.021321
0.020319
0.020863
0.020343
0.021425
0.021199
0.021184
0.021418
0.022453
0.021065
0.022284
0.021633
0.022097
0.021599
0.021861
0.021699
0.022239
0.022181
0.022462
0.022436
0.022629
0.022109
0.021418
0.021173
0.021336
0.020485
0.019444
0.021038
0.020327
0.020362
0.020053
0.020071
0.020774
0.019683
0.020196
0.020119
0.019356
0.019952
0.020740
0.020051
0.021008
0.019747
0.020860
0.020787
0.019810
0.020805
0.019724
0.020077
0.020862
0.019839
0.020667
0.021245
0.019939
0.019528
0.020306
0.020707
0.021016
0.020408
0.019968
0.020674
0.020437
0.020363
0.020307
0.021042
0.020045
0.020633
0.020857
0.021350
0.021645
0.021363
0.020328
0.020844
0.020657
0.020062
0.020702
0.020150
0.019773
0.018637
0.019526
0.018423
0.019000
0.019051
0.019225
0.019460
0.019405
0.019275
0.019392
0.018702
0.018825
0.019046
0.018244
0.019237
0.019492
0.019820
0.020111
0.019462
0.020238
0.019540
0.019558
0.020281
0.020508
0.019754
0.020049
0.019763
0.019151
0.020495
0.019494
0.018771
0.019999
0.019185
0.019253
0.018172
0.018533
0.017983
0.019614
0.019150
0.019394
0.019751
0.018884
0.017704
0.017716
0.018191
0.019223
0.019716
0.018190
0.019225
0.019094
0.019401
0.018711
0.018717
0.017479
0.018655
0.019052
0.018673
0.019050
0.019055
0.019119
0.018278
0.018661
0.018476
0.018888
0.018271
0.018617
0.018525
0.019921
0.019390
0.020009
0.019751
0.019541
0.020538
0.019982
0.021092
0.021082
0.020173
0.020094
0.019951
0.020773
0.021002
0.020693
0.020294
0.021853
0.021728
0.021341
0.020826
0.021436
0.021911
0.021804
0.020339
0.021094
0.021836
0.021367
0.020791
0.020695
0.022194
0.021742
0.021385
0.021447
0.021363
0.021387
0.021098
0.021842
0.020778
0.020427
0.020841
0.019940
0.020562
0.021889
0.021067
0.020692
0.021025
0.021423
0.019750
0.019802
0.019175
0.019565
0.019837
0.018975
0.019459
0.019965
0.020521
0.019565
0.020679
0.019536
0.020149
0.019555
0.020039
0.019780
0.019820
0.020890
0.020601
0.020341
0.020207
0.019467
0.019818
0.020119
0.019927
0.019884
0.020249
0.020279
0.020868
0.020419
0.020998
0.020179
0.021073
0.020925
0.020980
0.021445
0.021331
0.021070
0.020442
0.020823
0.021861
0.020382
0.020462
0.020225
0.020927
0.021485
0.021453
0.020504
0.019833
0.020715
0.021197
0.021843
0.021572
0.020800
0.021500
0.021390
0.020523
0.022024
0.021676
0.022346
0.021101
0.020620
0.020612
0.020245
0.021396
0.020531
0.020945
0.020093
0.020865
0.020773
0.020181
0.020323
0.019421
0.020006
0.020249
0.020519
0.020231
0.019207
0.020585
0.019930
0.020559
0.020287
0.020291
0.020148
0.020171
0.020226
0.020771
0.020067
0.019188
0.019972
0.018884
0.018595
0.019498
0.019782
0.019320
0.018265
0.019523
0.019438
0.019894
0.019595
0.020078
0.019044
0.018969
0.019008
0.019066
0.018686
0.018952
0.019117
0.019789
0.019601
0.019810
0.019847
0.020110
0.020179
0.020118
0.020084
0.019898
0.020447
0.020631
0.020206
0.020108
0.019675
0.019554
0.019543
0.020594
0.019938
0.020412
0.020409
0.021029
0.020394
0.019941
0.020004
0.020157
0.020283
0.020551
0.019777
0.020652
0.019752
0.021074
0.020298
0.020362
0.019680
0.020403
0.019119
0.019211
0.019267
0.018870
0.019993
0.019655
0.019600
0.019627
0.020013
0.020960
0.020088
0.020340
0.021245
0.020816
0.021921
0.020707
0.020343
0.020856
0.021550
0.021631
0.021194
0.019915
0.021124
0.020818
0.020126
0.021137
0.020457
0.020473
0.020957
0.020506
0.020782
0.020871
0.021693
0.020485
0.020258
0.021312
0.020145
0.020811
0.021093
0.020621
0.020301
0.020627
0.020218
0.020662
0.020505
0.020490
0.020158
0.020364
0.020314
0.020248
0.019985
0.019855
0.021026
0.020150
0.020035
0.019957
0.020041
0.020801
0.021405
0.020374
0.020061
0.020302
0.019709
0.019861
0.019608
0.018932
0.019829
0.019329
0.019083
0.020082
0.019468
0.019282
0.019434
0.019423
0.018414
0.018259
0.019182
0.019478
0.019522
0.019045
0.018283
0.019051
0.017721
0.019002
0.018033
0.019456
0.018738
0.019120
0.019845
0.019494
0.019112
0.019377
0.018193
0.018290
0.018907
0.018390
0.018986
0.018696
0.018907
0.018640
0.019127
0.019035
0.018230
0.018283
0.017952
0.018672
0.018660
0.019324
0.018145
0.018189
0.018605
0.019229
0.019045
0.019384
0.019708
0.020046
0.019884
0.019691
0.019328
0.019383
0.019485
0.019432
0.019789
