20.567132
20.507967
20.469887
20.395070
20.354004
20.310189
20.299317
20.282911
20.282911
20.245616
20.242864
20.202238
20.185456
20.185456
20.180081
20.180081
20.173484
20.173484
20.151825
20.126901
20.126901
20.100528
20.100198
20.088855
20.041767
20.031459
20.028556
20.028556
20.007724
20.007225
20.007225
20.007225
20.007225
19.960715
19.959488
19.956177
19.950486
19.950486
19.950486
19.941193
19.914327
19.892762
19.892762
19.856033
19.828827
19.828827
19.810805
19.782476
19.782476
19.722810
19.721895
19.694905
19.682269
19.674999
19.674999
19.652710
19.652710
19.652710
19.652710
19.652710
19.652710
19.642246
19.635653
19.635653
19.630785
19.609622
19.590457
19.586369
19.586369
19.505021
19.498634
19.485172
19.456163
19.426478
19.426478
19.397230
19.365542
19.365542
19.332335
19.306549
19.306549
19.306549
19.216255
19.212504
19.184571
19.148781
19.147697
19.120646
19.120646
19.111338
19.109038
19.078019
19.077531
19.077531
19.033331
18.994748
18.978775
18.978775
18.959452
18.953309
