20.726815
20.720919
20.679271
20.673420
20.608371
20.590921
20.526643
20.497530
20.445995
20.420199
20.413498
20.374629
20.359135
20.329657
20.189312
20.165512
20.152660
20.118636
20.084418
20.084418
20.075217
20.017188
19.974287
19.954242
19.953343
19.953343
19.831542
19.687106
19.683750
19.665985
19.605453
19.588545
19.576783
19.565999
19.534769
19.534769
19.464923
19.464397
19.453249
19.393089
19.354879
19.341750
19.338042
19.324148
19.324148
19.322142
19.322142
19.322142
19.266289
19.227409
19.221117
19.194181
19.137157
19.047327
19.047327
19.046569
18.983226
18.954396
18.874873
18.832177
18.792025
18.776203
18.776203
18.761661
18.746208
18.746208
18.659274
18.658425
18.658425
18.515667
18.497380
18.497161
18.441496
18.383688
18.381466
18.381466
18.378826
18.293316
18.242710
18.235559
18.153146
18.058621
18.001201
17.982226
17.948194
17.895469
17.888891
17.885438
17.858327
17.816293
17.816293
17.769823
17.722757
17.720845
17.720845
17.720845
17.690293
17.690293
17.675158
17.675158
17.648488
17.648488
17.631797
17.631797
17.592980
17.494910
17.494910
17.449930
17.426073
17.411204
17.400373
17.400373
17.400373
17.396482
17.377518
17.377518
17.367708
17.350931
17.338614
17.337793
17.322770
17.294112
17.270723
17.270723
17.270723
17.260813
17.254046
17.245651
17.191525
17.166199
17.146621
17.125374
17.116608
17.075544
17.067855
17.067855
17.036122
17.036122
17.036122
17.036122
17.006461
17.003325
17.003325
16.977582
16.977582
16.975063
16.975063
16.975063
16.949580
16.949580
16.925121
16.925121
16.925121
16.925121
16.925121
16.925121
16.921839
16.901925
16.884578
16.871142
16.850732
16.850732
16.835573
16.831907
16.828571
16.828571
16.818688
16.818688
16.815606
16.809345
16.801122
16.740852
16.734727
16.699409
16.696017
16.687752
16.687752
16.687752
16.668626
16.636304
16.636304
16.633264
16.633264
16.621173
16.609886
16.591324
16.590724
16.574450
16.574450
16.554191
16.540474
16.537786
16.536003
16.484393
16.484393
16.447603
16.447603
16.447603
16.447603
16.447603
16.433119
16.431684
16.424211
16.405302
16.403768
16.393138
16.391651
16.390328
16.345029
16.334280
16.332082
16.327242
16.323733
16.323733
16.321434
16.309734
16.299360
16.270828
16.251358
16.231944
16.231944
16.217714
16.197125
16.197125
16.197125
16.197125
16.186638
16.184434
16.184434
16.184434
16.171412
16.171412
16.168571
16.168571
16.168320
16.167649
16.166959
16.158552
16.153479
16.153479
16.153479
16.142159
16.111168
16.111168
16.102836
16.102836
16.067727
16.057496
16.035344
16.030265
16.028861
16.021653
16.021653
16.016570
16.016570
16.013409
16.008595
16.008595
16.008133
15.999895
15.998473
15.986428
15.979815
15.975385
15.967822
15.952610
15.952610
15.943034
15.927158
15.927158
15.911805
15.911805
15.911805
15.910031
15.904017
15.904017
15.885157
15.884607
15.878007
15.877076
15.864462
15.864462
15.861499
15.860090
15.860090
15.857241
15.849523
15.849174
15.847739
15.846226
15.836232
15.834655
15.832873
15.831263
15.819570
15.819570
15.819570
15.814190
15.807487
15.806212
15.804777
15.799204
15.799204
15.799204
15.798882
15.798882
15.783104
15.783104
15.781500
15.781342
15.781342
15.778301
15.773424
15.773424
15.773424
15.773424
15.765872
15.765551
15.765551
15.757456
15.757456
15.750129
15.747132
15.746872
15.746872
15.745418
15.740642
15.740642
15.730840
15.730840
15.730840
15.729873
15.729873
15.729129
15.725415
15.725415
15.725415
15.725415
15.722046
15.721084
15.721084
15.708082
15.704819
15.704240
15.702676
15.701719
15.701719
15.697197
15.697197
15.697197
15.697197
15.697197
15.697197
15.697197
15.697197
15.697197
15.692571
15.692571
15.692478
15.690668
15.690668
15.686959
15.680637
15.679036
15.679036
15.679036
15.679036
15.677054
15.677054
15.677054
15.677054
15.665250
15.665215
15.659436
15.659436
15.659436
15.659436
15.659436
15.659142
15.659142
15.652110
15.650085
15.650085
15.650085
15.650085
15.650085
15.645343
15.644565
15.644565
15.644565
15.639633
15.639633
15.639633
15.639633
15.632523
15.614288
15.614288
15.614288
15.614288
15.612456
15.612388
15.612388
15.605095
15.605095
15.605095
15.604555
15.591961
15.591698
15.591698
15.574105
15.574105
15.572045
15.554175
15.554175
15.554175
15.552719
15.546831
15.546388
15.537543
15.536687
15.536687
15.530273
15.530273
15.529828
15.529828
15.529542
15.529542
15.528078
15.528078
15.528078
15.522146
15.522146
15.522146
15.522146
15.522146
15.521337
15.521337
15.520132
15.520132
15.520132
15.514801
15.514001
15.509894
15.509894
15.501108
15.496881
15.496881
15.496881
15.495764
15.495764
15.495764
15.490256
15.483195
15.481081
15.481081
15.481081
15.481081
15.480866
15.474191
15.462539
15.460631
15.458643
15.449018
15.449018
15.448870
15.448870
15.445682
15.439297
15.439297
15.436632
15.436632
15.436632
15.434065
15.434065
15.431205
15.421313
15.421313
15.418900
15.418845
15.418845
15.418845
15.418845
15.412199
15.411160
15.411160
15.410231
15.410231
15.410231
15.410231
15.409215
15.409215
15.403406
15.403003
15.400639
15.400639
15.395251
15.392469
15.391113
15.390208
15.389983
15.388615
15.388615
15.385792
15.385792
15.382152
15.382152
15.379391
15.379019
15.379019
15.378426
15.373802
15.373802
15.369146
15.369146
15.369146
15.365411
15.365411
15.356129
15.356129
15.356129
15.356129
15.356129
15.353206
15.351146
15.351146
15.351146
15.348362
15.348362
15.348362
15.348362
15.348005
15.348005
15.348005
15.344779
15.339819
15.332081
15.332081
15.332081
15.332081
15.330470
15.330470
15.330470
15.330470
15.323251
15.323251
15.323251
15.323251
15.323251
15.319048
15.314874
15.314874
15.314874
15.314874
15.314874
15.314874
15.313143
15.308097
15.304484
15.304328
15.298202
15.298202
15.297745
15.295340
15.295340
15.293032
15.293032
15.293032
15.293032
15.293032
15.293032
15.293032
15.291857
15.291857
15.291857
15.291857
15.289762
15.289300
15.289300
15.286807
15.286807
15.286807
15.286624
15.275921
15.267021
15.263505
15.263505
15.263505
15.263505
15.263085
15.258965
15.258965
15.258965
15.258965
15.257033
15.253242
15.253242
15.251765
15.251765
15.248544
15.245016
15.239519
15.239519
15.239519
15.236899
15.236899
15.236899
15.236899
15.236899
15.236899
15.234348
15.234348
15.234348
15.234348
15.234348
15.228698
15.228698
15.228465
15.228105
15.228105
15.228105
15.228105
15.227141
15.227134
15.226750
15.221752
15.220813
15.215601
15.212649
15.200589
15.200589
15.198778
15.198778
15.198351
15.198351
15.197476
15.197476
15.195691
15.194745
15.194745
15.194745
15.194540
15.194540
15.194540
15.193270
15.190436
15.190436
15.190019
15.190019
15.178207
15.178207
15.178207
15.178207
15.174982
15.174982
15.171750
15.169380
15.169380
15.169380
15.167525
15.167525
15.167525
15.166391
15.163957
15.163957
15.163957
15.163546
15.163517
15.163366
15.163366
15.163366
15.163366
15.163366
15.160933
15.160933
15.160933
15.157465
15.157465
15.157465
15.151625
15.151625
15.148726
15.148726
15.148570
15.148539
15.148539
15.148539
15.147289
15.146050
15.145795
15.145795
15.141919
15.137965
15.137965
15.134452
15.134452
15.134452
15.134452
15.133610
15.133610
15.133212
15.132960
15.132960
15.132960
15.132960
15.132960
15.129603
15.125344
15.123220
15.123220
15.123220
15.114356
15.114356
15.114356
15.114322
15.114322
15.114322
15.114322
15.114086
15.114086
15.114086
15.114086
15.114086
15.113922
15.113922
15.113922
15.096531
15.096531
15.096531
15.096531
15.081874
15.081874
15.081627
15.072801
15.071778
15.071778
15.071778
15.066468
15.064972
15.064972
15.062857
15.062857
15.061892
15.061560
15.059577
15.059577
15.056056
15.040219
15.040219
15.039247
15.039247
15.039247
15.036401
15.035426
15.035426
15.035426
15.031927
15.028722
15.026918
15.026918
15.025649
15.025649
15.024494
15.024494
15.023199
15.023199
15.022139
15.021184
15.021184
15.021184
15.019801
15.019801
15.019553
15.019553
15.016829
15.015714
15.012705
15.012705
15.012705
15.012648
15.012648
15.012648
15.011121
14.999620
14.999620
14.993212
14.993212
14.982006
14.982006
14.979489
14.973750
14.973750
14.973750
14.973130
14.973130
14.973130
14.970946
14.970946
14.963655
14.962539
14.960655
14.957442
14.953726
14.952062
14.949389
14.948917
14.948917
14.945329
14.945329
14.945329
14.945329
14.940367
14.940367
14.938480
14.934209
14.934209
14.934209
14.930412
14.930412
14.930356
14.929879
14.929879
14.929879
14.927009
14.927009
14.927009
14.927009
14.927009
14.926994
14.926994
14.915856
14.912278
14.909963
14.909963
14.905569
14.902469
14.898125
14.896296
14.896296
14.896296
14.894068
14.894068
14.894068
14.894068
14.888859
14.888859
14.888859
14.881723
14.881030
14.878751
14.878751
14.877916
14.877916
14.877916
14.866813
14.866044
14.861918
14.861918
14.861903
14.850230
14.850230
14.841408
14.841408
14.835516
14.835516
14.835516
14.830761
14.830757
14.830757
14.830757
14.828536
14.828536
14.823232
14.823232
14.823232
14.823232
14.823232
14.823229
14.823229
14.823229
14.818045
14.816813
14.810445
14.805098
14.805098
14.805095
14.803818
14.803818
14.803818
14.803818
14.803818
14.803818
14.803818
14.803818
14.803818
14.802617
14.802617
14.802514
14.793444
14.793444
14.792729
14.792729
14.792729
14.775591
14.766128
14.766128
14.755997
14.755997
14.755997
14.755997
14.755596
14.755596
14.754235
14.753874
14.752751
14.751868
14.751865
14.749814
14.747008
14.744663
14.744663
14.741857
14.741692
14.737130
14.737130
14.734067
14.730099
14.730099
14.713841
14.713294
14.713294
14.713038
14.713038
14.709207
14.708547
14.708547
14.706599
14.704840
14.698533
14.698533
14.696329
14.696329
14.696143
14.693196
14.685640
14.673728
14.673728
14.671835
14.670821
14.668712
14.668712
14.668526
14.668526
14.665673
14.664369
14.664369
14.664369
14.664369
14.664369
14.664104
14.664104
14.663496
14.663496
14.660872
14.660323
14.647960
14.647960
14.644059
14.641181
14.637273
14.637273
14.637273
14.637273
14.635547
14.635547
14.633178
14.630819
14.623870
14.623870
14.619528
14.619528
14.617869
14.617208
14.617208
14.617208
14.616111
14.616111
14.616111
14.614274
14.614274
14.609157
14.608471
14.608344
14.608344
14.608344
14.576388
14.576388
14.576388
14.574134
14.574134
14.574134
14.568109
14.559048
14.559048
14.559048
14.559048
14.559048
14.559048
14.559048
14.559048
14.559048
14.559048
14.557363
14.557363
14.541470
14.541146
14.541146
14.541146
14.539590
14.535790
14.535790
14.531604
14.531604
14.531604
14.531604
14.522618
14.522618
14.521229
14.521229
14.521069
14.521069
14.519695
14.519441
14.519441
14.519292
14.519292
14.519292
14.510588
14.510588
14.510588
14.510588
14.510588
14.510588
14.510588
14.510588
14.510588
14.510047
14.510047
14.510047
14.507046
14.505414
14.505414
14.505080
14.504488
14.500945
14.500945
14.497408
14.497408
14.497408
14.497408
14.497408
14.493534
14.493534
14.491993
14.489574
14.489574
14.489574
14.489574
14.489574
14.485586
14.480701
14.480701
14.480701
14.480701
14.480701
14.475106
14.475106
14.475106
14.475106
14.471028
14.470857
14.470857
14.470435
14.470435
14.470184
14.470184
14.470184
14.470184
14.467854
14.464714
14.464714
14.464714
14.464714
14.464714
14.461616
14.461567
14.450757
14.450757
14.450757
14.450155
14.444975
14.441832
14.439705
14.439705
14.439705
14.436047
14.436047
14.436047
14.436047
14.433887
14.433170
14.429992
14.426224
14.426224
14.425574
14.420377
14.416035
14.416035
14.410730
14.410730
14.397889
14.397889
14.397889
14.394731
14.394731
14.394731
14.394731
14.394448
14.394027
14.394027
14.394027
14.391537
14.391537
14.391537
14.391537
14.391074
14.388651
14.359273
14.359269
14.359269
14.359269
14.359269
14.355153
14.351441
14.345830
14.345620
14.345620
14.345620
14.343299
14.343299
14.343299
14.342838
14.340499
14.340499
14.340499
14.337698
14.337698
14.337698
14.337503
14.337503
14.337503
14.337503
14.337503
14.337499
14.333821
14.333615
14.333615
14.325166
14.323495
14.323495
14.323495
14.312264
14.308101
14.308101
14.305737
14.300061
14.300061
14.300061
14.297008
14.288005
14.281742
14.281742
14.281742
14.281698
14.264539
14.264534
14.257652
14.257652
14.250814
14.244035
14.244035
14.243563
14.243563
14.240499
14.240499
14.240499
14.240329
14.223081
14.223081
14.218523
14.218523
14.218523
14.218523
14.216043
14.215165
14.215165
14.208128
14.208128
14.208128
14.202286
14.202286
14.200775
14.200775
14.196058
14.190556
14.190556
14.190556
14.170935
14.170935
14.163839
14.163839
14.159985
14.159985
14.159985
14.159985
14.159985
14.151437
14.151437
14.150391
14.146415
14.146415
14.144661
14.136581
14.134518
14.127419
14.127419
14.120709
14.120709
14.120709
14.119957
14.119957
14.116047
14.116047
14.116047
14.107714
14.107714
14.107714
14.107714
14.107714
14.105215
14.102149
14.102149
14.102149
14.101608
14.101608
14.101608
14.101608
14.101608
14.101608
14.101608
14.101525
14.101525
14.101525
14.101525
14.100333
14.100333
14.094829
14.088550
14.088550
14.088550
14.087538
14.077213
14.077213
14.077213
14.077213
14.074163
14.074163
14.074163
14.066862
14.066160
14.066160
14.065419
14.061740
14.060728
14.057705
14.053738
14.053712
14.053712
14.053712
14.052965
14.052965
14.038116
14.035153
14.033297
14.024781
14.024781
14.019121
14.019121
14.017221
14.017221
14.017221
14.017221
14.011257
14.011257
14.009883
14.009883
14.009883
14.009883
14.007337
14.007337
14.007337
14.007337
14.007337
14.007337
14.007337
14.007337
14.007337
14.007337
14.001813
14.000486
13.988863
13.984660
13.984660
13.984660
13.984660
13.979146
13.979146
13.979146
13.979146
13.977801
13.977801
13.976057
13.976057
13.976057
13.976057
13.976057
13.974025
13.966560
13.960374
13.958778
13.955143
13.955143
13.953498
13.953498
13.951651
13.951651
13.950867
13.950867
13.950184
13.950184
13.950184
13.950184
13.940760
13.940760
13.940760
13.938976
13.938976
13.938976
13.936181
13.936181
13.929499
13.929499
13.929499
13.929499
13.929499
13.927975
13.927975
13.927975
13.921950
13.921950
13.921950
13.909798
13.909518
13.905624
13.902736
13.901803
13.901803
13.897619
13.897619
13.891617
13.891617
13.890055
13.888338
13.887421
13.880429
13.880429
13.880429
13.880429
13.880429
13.880429
13.880429
13.880429
13.875959
13.875959
13.875959
13.858125
13.858125
13.856737
13.856149
13.855334
13.855334
13.855334
13.854355
13.852533
13.847582
13.845254
13.844849
13.840842
13.840842
13.838501
13.837366
13.836979
13.832865
13.828103
13.824581
13.824581
13.824581
13.824581
13.822263
13.822263
13.822263
13.822263
13.821469
13.821469
13.821469
13.820033
13.820033
13.820033
13.818477
13.803446
13.803446
13.790922
13.781771
13.763319
13.762337
13.756343
13.756343
13.755294
13.750674
13.749515
13.749515
13.743123
13.738446
13.738446
13.738446
13.738446
13.727880
13.727880
13.725611
13.725611
13.723294
13.723294
13.720778
13.719635
13.715683
13.715683
13.708452
13.707331
13.707331
13.702087
13.696153
13.696153
13.696153
13.695089
13.695089
13.694808
13.694808
13.685092
13.685092
13.683057
13.683057
13.683057
13.683057
13.683057
13.683057
13.682854
13.680616
13.672512
13.672512
13.672487
13.667532
13.666776
13.666776
13.644320
13.639580
13.639580
13.639534
13.631709
13.631709
13.622870
13.621751
13.621751
13.621751
13.621751
13.620526
13.618368
13.605471
13.605471
13.605471
13.605188
13.605188
13.604456
13.600066
13.600066
13.600066
13.600066
13.595770
13.593595
13.588847
13.588847
13.588847
13.588847
13.588847
13.587463
13.587463
13.584410
13.584410
13.584410
13.584410
13.584364
13.583245
13.583245
13.583245
13.579669
13.579669
13.579669
13.579669
13.579669
13.574713
13.574713
13.574713
13.574713
13.566203
13.565684
13.557571
13.557571
13.557571
13.557571
13.557571
13.550457
13.550457
13.550457
13.541552
13.541552
13.541552
13.540591
13.536504
13.536504
13.535744
13.513687
13.513687
13.513687
13.513514
13.513514
13.513514
13.513514
13.513514
13.513514
13.513514
13.513514
13.513514
13.513514
13.513200
13.513036
13.509851
13.509851
13.509851
13.509851
13.509851
13.509851
13.509851
13.509690
13.508985
13.504355
13.504355
13.501926
13.501926
13.494995
13.494176
13.494176
13.494176
13.493077
13.493077
13.493077
13.493077
13.493077
13.493077
13.493077
13.493077
13.493077
13.491850
13.481534
13.478874
13.478834
13.478115
13.473384
13.470853
13.470853
13.470853
13.470853
13.469123
13.469123
13.462693
13.461230
13.456866
13.454110
13.454110
13.453793
13.453583
13.453583
13.453583
13.453018
13.453018
13.453018
13.451120
13.451120
13.451120
13.451120
13.438015
13.438015
13.426738
13.424797
13.423411
13.419418
13.416480
13.416480
13.416183
13.416183
13.379494
13.370879
13.370879
13.358876
13.345184
13.341351
13.341351
13.340101
13.339264
13.339046
13.337650
13.337650
13.336842
13.325637
13.325637
13.322455
13.322455
13.322455
13.318729
13.318107
13.312971
13.312619
13.312619
13.312619
13.312619
13.298618
13.297447
13.297447
13.288516
13.271772
13.254293
13.254293
13.253608
13.249581
13.249581
13.249581
13.249581
13.246884
13.246337
13.242870
13.239989
13.239511
13.239511
13.239219
13.231303
13.231303
13.229540
13.229540
13.221496
13.220415
13.220415
13.220382
13.219862
13.217566
13.216560
13.216560
13.213376
13.213376
13.213376
13.212596
13.212596
13.211395
13.211113
13.204078
13.190615
13.188718
13.187878
13.186563
13.178426
13.164759
13.164759
13.164759
13.157856
13.155964
13.154711
13.154692
13.154692
13.154692
13.152365
13.150620
13.150620
13.148931
13.148931
13.141660
13.141660
13.141660
13.141183
13.139632
13.139222
13.139222
13.138048
13.138048
13.138048
13.134869
13.130939
13.130939
13.129802
13.129566
13.129566
13.129566
13.128638
13.119895
13.119895
13.118006
13.113183
13.104586
13.104586
13.104586
13.089195
13.089195
13.079173
13.079173
13.078895
13.078377
13.073936
13.069527
13.069527
13.069527
13.069504
13.069504
13.069504
13.069504
13.069485
13.068623
13.060975
13.060157
13.060157
13.056742
13.056742
13.040007
13.040007
13.039001
13.035055
13.035055
13.035055
13.035055
13.035055
13.035055
13.035055
13.035055
13.035006
13.035006
13.024659
13.024409
13.024409
13.024409
13.024409
13.024132
13.023775
13.023775
13.023775
13.022650
13.013499
13.004367
13.002531
13.002531
13.002256
12.991076
12.991076
12.989215
12.981507
12.970963
12.970963
12.966091
12.962346
12.962346
12.961608
12.961608
12.961608
12.961608
12.956874
12.955282
12.953020
12.953020
12.953020
12.953020
12.953020
12.953020
12.953020
12.951091
12.938415
12.928548
12.928487
12.928487
12.928487
12.920983
12.916577
12.905537
12.905537
12.905360
12.905360
12.903302
12.898575
12.898575
12.898575
12.892210
12.889807
12.889807
12.889807
12.885365
12.875639
12.875639
12.875639
12.875639
12.872402
12.872402
12.872402
12.872402
12.870378
12.870378
12.863403
12.863403
12.855514
12.855514
12.855514
12.855514
12.855153
12.838849
12.838849
12.838849
12.833796
12.833796
12.833796
12.829622
12.829622
12.829622
12.819899
12.788946
12.788946
12.780586
12.769802
12.766037
12.758067
12.758067
12.757744
12.757715
12.757715
12.755652
12.754360
12.741748
12.730795
12.718438
12.712605
12.712605
12.712605
12.712576
12.712576
12.712576
12.698750
12.678625
12.678625
12.678625
12.676957
12.675346
12.661776
12.658435
12.657980
12.657980
12.655625
12.655143
12.654639
12.634917
12.634917
12.633667
12.630675
12.630675
12.625318
12.622921
12.622921
12.622921
12.622921
12.622921
12.619580
12.611544
12.607427
12.607427
12.606650
12.606650
12.599322
12.598037
12.596106
12.596106
12.596106
12.596106
12.592015
12.592015
12.562887
12.557749
12.554337
12.549994
12.542661
12.542661
12.542661
12.533374
12.525072
12.525072
12.521881
12.521881
12.521881
12.521881
12.519817
12.497895
12.497895
12.494093
12.494093
12.494093
12.492821
12.478341
12.471750
12.471750
12.471750
12.469204
12.459529
12.459529
12.451775
12.451775
12.444430
12.444430
12.444430
12.444430
12.444430
12.444430
12.444430
12.444430
12.444430
12.444430
12.444430
12.441806
12.441806
12.441141
12.441141
12.441141
12.433454
12.433454
12.433454
12.433454
12.433454
12.427208
12.427208
12.427208
12.426068
12.414666
12.414666
12.413320
12.413320
12.410806
12.409020
12.406531
12.406531
12.406531
12.399469
12.397229
12.397229
12.397229
12.395705
12.392120
12.392120
12.385131
12.384765
12.384765
12.384765
12.383690
12.376798
12.376798
12.372489
12.371214
12.371214
12.371214
12.370448
12.363141
12.362463
12.362463
12.359435
12.359435
12.358855
12.355691
12.355691
12.355691
12.355691
12.353811
12.353171
12.351538
12.351538
12.351441
12.349819
12.347498
12.344694
12.333762
12.332133
12.322589
12.322589
12.322589
12.322523
12.322523
12.315198
12.304635
12.300506
12.298880
12.297386
12.289573
12.289573
12.289573
12.285148
12.283672
12.282248
12.282248
12.281559
12.281559
12.280763
12.275639
12.275639
12.275639
12.275639
12.275300
12.274502
12.272710
12.265165
12.261953
12.256403
12.256403
12.256317
12.252244
12.252244
12.252244
12.251460
12.251460
12.233679
12.233679
12.233679
12.229846
12.229846
12.229846
12.229846
12.229846
12.228710
12.228406
12.228406
12.228406
12.228255
12.225171
12.210829
12.210829
12.209731
12.209731
12.206924
12.206924
12.206690
12.206690
12.187944
12.187944
12.183846
12.183846
12.181908
12.172057
12.172057
12.162887
12.162887
12.162887
12.162887
12.154378
12.154378
12.154378
12.148217
12.148217
12.135866
12.135866
12.135228
12.135228
12.130298
12.130298
12.130298
12.130298
12.130298
12.130298
12.130298
12.130298
12.128186
12.121577
12.119235
12.112801
12.112801
12.112801
12.112801
12.110792
12.109159
12.105222
12.098255
12.098255
12.083164
12.070987
12.070987
12.068282
12.068282
12.066711
12.057062
12.056287
12.056287
12.056287
12.055601
12.051706
12.051706
12.047907
12.046928
12.046928
12.040731
12.013402
12.013051
12.012780
12.011002
12.011002
12.011002
12.007089
11.998997
11.997702
11.997702
11.997702
11.997702
11.993038
11.992593
11.992593
11.992593
11.976531
11.955082
11.954846
11.954846
11.954846
11.954846
11.954565
11.944082
11.944082
11.938256
11.938256
11.938256
11.938256
11.938256
11.937799
11.937276
11.937276
11.937276
11.929857
11.929530
11.923577
11.923577
11.921686
11.910361
11.910361
11.885468
11.885468
11.885193
11.885193
11.885193
11.884861
11.884140
11.882972
11.882972
11.880177
11.878734
11.878734
11.878734
11.877615
11.877615
11.877615
11.877324
11.875328
11.869553
11.869553
11.864728
11.864728
11.864728
11.864691
11.864691
11.852319
11.852319
11.851794
11.848160
11.834693
11.826105
11.826105
11.826105
11.825778
11.825778
11.821662
11.821662
11.815274
11.814518
11.812940
11.812940
11.812940
11.812368
11.807914
11.806315
11.803993
11.795688
11.795688
11.795688
11.786645
11.786645
11.786645
11.784212
11.783642
11.778889
11.778889
11.776795
11.776795
11.775324
11.771459
11.765086
11.751950
11.751950
11.751950
11.747241
11.747241
11.747241
11.747241
11.744960
11.744313
11.744313
11.742225
11.742225
11.734068
11.734068
11.734068
11.734068
11.730573
11.730573
11.730573
11.730573
11.730573
11.730037
11.726968
11.713258
11.693811
11.684701
11.683179
11.683179
11.674222
11.667819
11.667819
11.667819
11.667819
11.667819
11.667819
11.666879
11.666879
11.666083
11.659888
11.648873
11.647484
11.647484
11.647484
11.621972
11.613448
11.613448
11.613448
11.613448
11.613448
11.612364
11.612364
11.612364
11.598846
11.598846
11.598846
11.594370
11.594370
11.594370
11.591255
11.591255
11.576800
11.554068
11.548543
11.548543
11.548543
11.508500
11.492665
11.481918
11.481608
11.481608
11.481608
11.481608
11.473437
11.473437
11.473042
11.473042
11.470481
11.470481
11.449603
11.443422
11.436976
11.436361
11.434083
11.432191
11.432191
11.427156
11.427156
11.427156
11.425021
11.424103
11.423399
11.423399
11.423399
11.423399
11.423399
11.423399
11.421552
11.421552
11.421552
11.421552
11.421234
11.416798
11.416798
11.416798
11.416798
11.410730
11.409037
11.409037
11.409037
11.409037
11.409037
11.399672
11.399672
11.399081
11.390938
11.390610
11.387675
11.387675
11.386727
11.386437
11.386437
11.385805
11.383826
11.383246
11.382927
11.379130
11.367333
11.360388
11.357843
11.356842
11.329414
11.317834
11.317834
11.312955
11.294206
11.294206
11.277744
11.276296
11.276296
11.273041
11.273041
11.270948
11.270948
11.270948
11.270948
11.265652
11.265652
11.265652
11.246708
11.245827
11.245827
11.245827
11.242775
11.242775
11.242775
11.236502
11.236502
11.234902
11.222712
11.222351
11.222351
11.219420
11.215180
11.204984
11.200828
11.197347
11.197347
11.197347
11.193703
11.190527
11.190527
11.190527
11.178552
11.178552
11.161152
11.158499
11.158218
11.158218
11.154487
11.154487
11.152239
11.152239
11.143721
11.141970
11.141970
11.122110
11.121706
11.121706
11.120826
11.083773
11.083473
11.069135
11.069135
11.068653
11.068653
11.063570
11.063013
11.051877
11.051373
11.047027
11.037414
11.036824
11.033072
11.027599
11.027599
11.023157
11.000861
11.000861
10.998956
10.994884
10.994884
10.994884
10.992144
10.977864
10.977406
10.965773
10.965773
10.965773
10.965773
10.934471
10.934471
10.934471
10.934471
10.934471
10.926694
10.926694
10.926694
10.926694
10.925485
10.925485
10.925108
10.925108
10.917406
10.917406
10.917406
10.909712
10.897632
10.897632
10.881049
10.873055
10.873055
10.850055
10.850055
10.849686
10.849686
10.849686
10.849686
10.825242
10.825242
10.823650
10.823648
10.815833
10.815833
10.813618
10.812983
10.805879
10.805879
10.805879
10.802511
10.802511
10.802511
10.802511
10.802511
10.802122
10.802122
10.800907
10.800907
10.800777
10.800777
10.797397
10.790116
10.790116
10.782062
10.781011
10.781011
10.775656
10.772856
10.772856
10.765759
10.765759
10.754574
10.754237
10.753607
10.753607
10.753606
10.737092
10.731688
10.731688
10.731688
10.720534
10.720028
10.719638
10.719638
10.719596
10.719596
10.719596
10.718975
10.708946
10.708407
10.707455
10.703475
10.702817
10.681771
10.669967
10.667498
10.667498
10.656666
10.656666
10.656666
10.656144
10.656144
10.656144
10.656144
10.653066
10.651863
10.647295
10.631851
10.631851
10.631851
10.630805
10.628191
10.626345
10.614195
10.614195
10.612023
10.612023
10.611493
10.611493
10.611135
10.611135
10.606697
10.606697
10.603092
10.603092
10.603092
10.602687
10.602687
10.602687
10.596234
10.577317
10.567760
10.567282
10.567282
10.552489
10.552489
10.552291
10.552291
10.549332
10.542024
10.542024
10.542024
10.542024
10.542024
10.527036
10.520917
10.520917
10.508033
10.495574
10.495574
10.495034
10.488613
10.488613
10.474052
10.469934
10.469934
10.469934
10.461934
10.454457
10.443641
10.443439
10.442618
10.432252
10.423911
10.419491
10.415583
10.415583
10.415583
10.393845
10.393525
10.386178
10.386178
10.385293
10.380572
10.379177
10.378100
10.370698
10.369893
10.369893
10.369893
10.369893
10.369893
10.369893
10.369893
10.369331
10.369331
10.354037
10.353912
10.353912
10.353224
10.353224
10.340702
10.340702
10.327433
10.325755
10.318092
10.318092
10.309628
10.288070
10.288070
10.287429
10.287429
10.281662
10.276791
10.273343
10.273343
10.273343
10.272601
10.271715
10.271715
10.271715
10.271458
10.255594
10.255594
10.255594
10.233985
10.233281
10.233281
10.226331
10.212690
10.212690
10.212690
10.206800
10.199792
10.199792
10.199792
10.199792
10.175532
10.175532
10.175532
10.168498
10.166124
10.165204
10.158347
10.146382
10.146382
10.125426
10.125426
10.120776
10.120776
10.120240
10.117444
10.110834
10.094128
10.094128
10.086387
10.086387
10.086387
10.086387
10.086387
10.086387
10.068146
10.061077
10.061077
10.058873
10.056285
10.054663
10.054663
10.046128
10.042755
10.036772
10.034526
10.033968
10.033968
10.033968
10.032258
10.032258
10.032258
10.032258
10.032258
10.026009
10.024485
10.024485
10.024485
10.024485
10.024485
10.022917
10.022917
10.022917
10.022917
10.018603
10.018603
10.018332
10.018332
9.997073
9.997073
9.996477
9.988530
9.988530
9.988530
9.988530
9.983682
9.977141
9.965615
9.955298
9.949022
9.901340
9.900144
9.898883
9.898883
9.898883
9.898883
9.898883
9.892157
9.892157
9.892157
9.892157
9.892157
9.892157
9.877715
9.875789
9.873604
9.869085
9.842982
9.842982
9.842982
9.836125
9.836125
9.832294
9.828969
9.828969
9.819520
9.818409
9.815157
9.814882
9.814882
9.814882
9.814882
9.781738
9.781721
9.781721
9.781721
9.780084
9.778076
9.778076
9.778076
9.778076
9.778076
9.777037
9.777037
9.764443
9.764443
9.757582
9.757582
9.757211
9.757211
9.757211
9.757211
9.755859
9.750955
9.750955
9.750955
9.750955
9.750955
9.750955
9.739031
9.739031
9.739031
9.739031
9.718395
9.711707
9.705314
9.705314
9.700833
9.699936
9.681473
9.678196
9.678196
9.678183
9.673694
9.661826
9.661826
9.661826
9.661826
9.659839
9.658256
9.651732
9.651732
9.635430
9.635430
9.630231
9.622181
9.617328
9.617328
9.607635
9.606071
9.569814
9.569814
9.547305
9.547305
9.533457
9.522272
9.522272
9.522272
9.509786
9.509242
9.509242
9.509242
9.509242
9.509242
9.509242
9.509242
9.509242
9.509242
9.506563
9.501852
9.495055
9.492733
9.492733
9.492733
9.492733
9.487204
9.474929
9.471057
9.469612
9.465840
9.465840
9.465840
9.462773
9.462773
9.450584
9.434159
9.434159
9.433130
9.432294
9.420205
9.420205
9.411801
9.411801
9.411801
9.396003
9.396003
9.395781
9.395256
9.391639
9.391639
9.391639
9.391639
9.379998
9.365594
9.361829
9.361829
9.358741
9.332685
9.332685
9.332685
9.305660
9.305660
9.305660
9.305660
9.305660
9.305660
9.305660
9.302655
9.289921
9.287910
9.284671
9.284671
9.282747
9.282747
9.282747
9.266846
9.255190
9.234774
9.234774
9.234774
9.233744
9.224513
9.219589
9.219589
9.205991
9.205991
9.205991
9.205991
9.205991
9.205991
9.205991
9.197245
9.188250
9.188250
9.187315
9.185325
9.166453
9.164325
9.164325
9.152379
9.143054
9.143054
9.143054
9.143054
9.142129
9.138254
9.138254
9.138254
9.138254
9.137215
9.133471
9.110347
9.110206
9.110206
9.110206
9.110206
9.107886
9.102107
9.101395
9.097025
9.097025
9.097025
9.096881
9.088785
9.088785
9.088785
9.080767
9.080767
9.080767
9.080767
9.061721
9.061721
9.061721
9.061721
9.060202
9.043718
9.043718
9.043718
9.022296
9.022296
9.020718
9.000310
9.000310
8.992827
8.986345
8.986345
8.974357
8.973755
8.966062
8.965126
8.959778
8.959778
8.939532
8.930122
8.930122
8.924448
8.924448
8.924448
8.924448
8.915758
8.909926
8.897095
8.870713
8.864873
8.862991
8.862335
8.862335
8.861351
8.861351
8.858051
8.855136
8.848220
8.848220
8.847262
8.844604
8.844604
8.844604
8.844604
8.839731
8.839486
8.839486
8.826138
8.825422
8.825422
8.825422
8.824489
8.824489
8.816467
8.808722
8.808274
8.806500
8.806500
8.805271
8.797902
8.790631
8.790631
8.790631
8.788831
8.788831
8.771185
8.771185
8.767832
8.760449
8.760198
8.760198
8.760198
8.760198
8.760198
8.751720
8.750721
8.747712
8.745516
8.745516
8.731278
8.730953
8.730953
8.730953
8.730374
8.726385
8.726385
8.713807
8.713807
8.713061
8.713061
8.710367
8.710367
8.704427
8.693818
8.693818
8.692603
8.692603
8.690383
8.688129
8.685078
8.683955
8.683955
8.683955
8.683955
8.619709
8.619709
8.619709
8.614765
8.614765
8.614765
8.614765
8.610060
8.610060
8.602218
8.599965
8.599965
8.595376
8.579675
8.579675
8.579675
8.571599
8.561669
8.561669
8.561558
8.557815
8.557815
8.557392
8.554635
8.554635
8.554083
8.554083
8.554041
8.546490
8.546448
8.545681
8.541774
8.541398
8.538479
8.538479
8.523469
8.502788
8.502788
8.502788
8.502788
8.499690
8.499268
8.499268
8.497334
8.497334
8.497334
8.497334
8.491064
8.491064
8.490977
8.490977
8.488369
8.488369
8.481277
8.481277
8.479622
8.479622
8.476690
8.476690
8.476690
8.476690
8.476125
8.471711
8.471711
8.465750
8.465633
8.456910
8.451671
8.451671
8.449024
8.445008
8.444753
8.444753
8.444753
8.444753
8.444753
8.443854
8.443550
8.443550
8.443550
8.439563
8.426605
8.415623
8.411462
8.411462
8.405955
8.405701
8.387653
8.387653
8.387653
8.387653
8.385618
8.385618
8.385618
8.375596
8.375596
8.375596
8.370359
8.367895
8.366182
8.365057
8.359220
8.337332
8.337332
8.323484
8.323484
8.321978
8.321978
8.321978
8.321978
8.321978
8.316824
8.316824
8.316824
8.316824
8.316299
8.310530
8.297483
8.276945
8.276945
8.276945
8.265488
8.265488
8.255809
8.242032
8.242032
8.225661
8.225300
8.224659
8.224659
8.222255
8.221477
8.221477
8.220746
8.220746
8.199640
8.182053
8.182053
8.182053
8.171720
8.171720
8.169230
8.169230
8.169230
8.169230
8.134662
8.134291
8.134291
8.134291
8.132488
8.124430
8.124430
8.124430
8.083017
8.035819
8.035819
8.034465
8.030069
8.030069
8.029853
8.029853
8.026213
8.026213
8.026213
8.023043
8.023043
8.022416
8.016270
8.014431
8.014327
7.999121
7.991428
7.981012
7.974649
7.973146
7.973146
7.968862
7.968862
7.968862
7.968862
7.968862
7.963113
7.955889
7.954033
7.952942
7.952942
7.952942
7.952942
7.952942
7.952942
7.952942
7.952942
7.952942
7.952942
7.952304
7.948218
7.946778
7.944794
7.942319
7.942319
7.932709
7.932709
7.932709
7.932709
7.928440
7.928440
7.928440
7.920510
7.901447
7.901447
7.894874
7.894874
7.894702
7.879837
7.879409
7.879409
7.847838
7.847003
7.846951
7.843752
7.839898
7.837117
7.835600
7.835600
7.835600
7.830883
7.830883
7.830883
7.830883
7.830883
7.830883
7.827682
7.824928
7.824928
7.824928
7.824928
7.819760
7.819760
7.782757
7.771893
7.771893
7.771155
7.771155
7.762261
7.751651
7.751651
7.751611
7.751611
7.751611
7.750872
7.748394
7.746562
7.746562
7.746562
7.746562
7.745575
7.745575
7.745575
7.745575
7.745566
7.737189
7.737038
7.735704
7.733675
7.711239
7.711200
7.711200
7.711200
7.702369
7.696695
7.696695
7.696695
7.696695
7.696372
7.696372
7.684716
7.683176
7.683176
7.682181
7.682181
7.682181
7.677713
7.662883
7.662883
7.655194
7.654352
7.654352
7.654352
7.654352
7.646604
7.646604
7.646604
7.645587
7.629889
7.629062
7.629062
7.624299
7.624299
7.624285
7.622890
7.613499
7.612473
7.612473
7.612473
7.612473
7.608613
7.608613
7.600869
7.584344
7.580280
7.580280
7.580280
7.579457
7.579457
7.574169
7.562695
7.562686
7.555560
7.555560
7.555560
7.555560
7.555560
7.555560
7.534652
7.527753
7.524633
7.514500
7.510540
7.510540
7.509231
7.509231
7.506693
7.506693
7.506693
7.504452
7.503802
7.501841
7.498132
7.498132
7.479271
7.468953
7.468135
7.464584
7.446958
7.445786
7.436209
7.432176
7.432176
7.431971
7.423347
7.423347
7.418085
7.404539
7.404539
7.404513
7.396086
7.390277
7.390277
7.390277
7.389054
7.389054
7.364696
7.359436
7.347785
7.347785
7.346500
7.346500
7.346500
7.344785
7.343665
7.343164
7.322907
7.318691
7.318691
7.313417
7.306630
7.289029
7.286736
7.286736
7.283925
7.283925
7.281875
7.272414
7.271625
7.271625
7.270481
7.270481
7.264988
7.264988
7.264389
7.263318
7.263318
7.262116
7.261925
7.201743
7.196287
7.187467
7.169758
7.157711
7.136918
7.122012
7.120225
7.106827
7.106827
7.106827
7.105694
7.096191
7.096191
7.096191
7.096191
7.069676
7.063560
7.029646
7.027897
7.021319
7.021319
7.013434
7.003500
6.998891
6.997718
6.995358
6.995358
6.995358
6.995358
6.977825
6.977825
6.972451
6.968184
6.968184
6.968184
6.968184
6.968184
6.945661
6.944496
6.944496
6.944496
6.944496
6.930944
6.930944
6.925937
6.921538
6.921202
6.921202
6.919263
6.919263
6.917914
6.902209
6.900092
6.881618
6.881618
6.844373
6.844373
6.844373
6.830244
6.830244
6.825688
6.793494
6.793494
6.772826
6.772826
6.772826
6.772826
6.771979
6.771979
6.767236
6.767236
6.767046
6.766426
6.766236
6.759434
6.747592
6.741074
6.741074
6.741074
6.740027
6.738731
6.738731
6.736049
6.724528
6.722783
6.722783
6.722783
6.722783
6.722275
6.695502
6.693415
6.693415
6.674301
6.668954
6.664407
6.664407
6.661312
6.656165
6.656165
6.656165
6.656165
6.654703
6.654703
6.654703
6.654703
6.654703
6.633410
6.633410
6.630932
6.630932
6.629513
6.613842
6.611749
6.611749
6.611749
6.611005
6.609532
6.588876
6.587230
6.587230
6.585110
6.585110
6.579770
6.571644
6.570385
6.569855
6.569855
6.569171
6.563930
6.543942
6.543942
6.542902
6.541768
6.536944
6.536944
6.528335
6.525587
6.524212
6.524212
6.524212
6.517423
6.497152
6.491156
6.484389
6.483906
6.483906
6.476885
6.476885
6.476885
6.476885
6.474901
6.472961
6.472961
6.472961
6.465578
6.463128
6.460763
6.460557
6.460031
6.460031
6.458922
6.458922
6.454007
6.453125
6.437872
6.437872
6.415864
6.412646
6.410566
6.410383
6.406774
6.406774
6.406683
6.405501
6.405501
6.388476
6.388476
6.372597
6.365842
6.355925
6.335702
6.330248
6.321172
6.317158
6.317158
6.303020
6.303020
6.292863
6.292330
6.292330
6.283993
6.283993
6.265479
6.265479
6.265479
6.265479
6.265479
6.265479
6.265385
6.264892
6.264892
6.262662
6.250987
6.249944
6.236136
6.235692
6.235134
6.233959
6.206763
6.205214
6.205214
6.205214
6.196745
6.196745
6.196745
6.196409
6.196409
6.179710
6.179710
6.172739
6.172209
6.172209
6.172209
6.161887
6.161887
6.161887
6.161644
6.149939
6.149939
6.118198
6.118198
6.118198
6.118198
6.118198
6.118198
6.118198
6.100611
6.100611
6.100611
6.100611
6.100611
6.094200
6.092779
6.044671
6.038233
6.034689
6.034689
6.034689
6.028586
6.028586
6.004871
6.004871
6.002282
5.977270
5.977270
5.977270
5.977270
5.977270
5.972641
5.972641
5.969085
5.969085
5.925559
5.925559
5.925559
5.925559
5.925559
5.925559
5.925559
5.925559
5.925559
5.925559
5.891559
5.891559
5.891559
5.885990
5.885990
5.885990
5.884069
5.884069
5.884069
5.884069
5.874176
5.868687
5.868687
5.864896
5.863836
5.858735
5.858584
5.852385
5.849857
5.849857
5.849698
5.845776
5.843790
5.843790
5.843790
5.843790
5.834946
5.834946
5.798809
5.798809
5.798053
5.789569
5.780546
5.775271
5.775271
5.775271
5.775271
5.775271
5.775271
5.775271
5.775271
5.775271
5.775271
5.775271
5.772350
5.769118
5.767892
5.716776
5.711158
5.706935
5.685706
5.678510
5.669628
5.669628
5.665319
5.659981
5.659316
5.659316
5.659316
5.639483
5.639483
5.628828
5.628828
5.628828
5.628828
5.628828
5.623889
5.623889
5.620752
5.609275
5.609094
5.609094
5.609094
5.603677
5.580470
5.580470
5.580470
5.580470
5.580470
5.580470
5.580470
5.580470
5.567974
5.567974
5.566611
5.566611
5.563076
5.559744
5.559744
5.559400
5.559400
5.559400
5.556762
5.549038
5.549038
5.544149
5.544149
5.530601
5.530449
5.530449
5.530449
5.529452
5.526229
5.519889
5.519889
5.519889
5.519889
5.517930
5.517930
5.517930
5.506489
5.506489
5.506489
5.492094
5.478575
5.478575
5.477839
5.471624
5.470989
5.470989
5.467824
5.464479
5.464479
5.464323
5.464323
5.464323
5.464323
5.455581
5.455581
5.455581
5.455331
5.455331
5.455331
5.453795
5.453795
5.453795
5.453795
5.440770
5.440619
5.440619
5.440619
5.435857
5.414776
5.414445
5.403707
5.403707
5.403707
5.403707
5.397361
5.396776
5.384473
5.368949
5.362128
5.361730
5.361730
5.361684
5.334009
5.325962
5.320348
5.320348
5.302229
5.302229
5.301369
5.301369
5.301369
5.291995
5.291995
5.291958
5.284273
5.284273
5.280330
5.280330
5.280330
5.280330
5.280330
5.280330
5.280330
5.280330
5.280330
5.277760
5.277760
5.274655
5.274655
5.240567
5.239839
5.239839
5.238937
5.238937
5.238937
5.235153
5.229822
5.229822
5.229822
5.227257
5.227257
5.220810
5.220660
5.220660
5.220660
5.220660
5.220660
5.220660
5.196773
5.196645
5.189519
5.187980
5.155234
5.153635
5.153635
5.153635
5.153635
5.153635
5.143760
5.138324
5.138324
5.125699
5.112853
5.112853
5.110077
5.106610
5.099423
5.089485
5.052720
5.052689
5.048532
5.041916
5.032493
5.018145
5.016582
5.003357
5.003357
5.001569
4.998337
4.984793
4.984793
4.984793
4.984793
4.984285
4.984285
4.984285
4.984285
4.984285
4.981499
4.967154
4.967154
4.967154
4.967154
4.964719
4.964719
4.964719
4.964719
4.964719
4.964719
4.955665
4.952000
4.946970
4.934422
4.928894
4.928894
4.919188
4.909660
4.909660
4.909660
4.906874
4.893164
4.893164
4.893164
4.893164
4.878086
4.878086
4.875491
4.866362
4.858640
4.858640
4.858402
4.858402
4.858402
4.858402
4.858402
4.849885
4.849885
4.848305
4.848305
4.848305
4.848305
4.842713
4.841255
4.836181
4.826005
4.826005
4.817423
4.817423
4.817423
4.797112
4.797112
4.780378
4.780378
4.780378
4.780378
4.774783
4.774783
4.774546
4.774546
4.771751
4.771751
4.771751
4.765851
4.765851
4.765851
4.754695
4.745640
4.745640
4.734895
4.729759
4.680005
4.680005
4.680005
4.679455
4.671306
4.671306
4.671306
4.658806
4.658806
4.658711
4.658711
4.658711
4.654869
4.654558
4.654558
4.654412
4.631454
4.631454
4.631454
4.631454
4.631082
4.628372
4.627936
4.627746
4.618193
4.601163
4.601084
4.601084
4.601084
4.601084
4.600935
4.600935
4.600935
4.592714
4.592491
4.576021
4.573471
4.571890
4.571890
4.569846
4.569846
4.564066
4.551901
4.551901
4.551771
4.543635
4.542837
4.542837
4.542717
4.542717
4.536616
4.536422
4.536373
4.536373
4.536373
4.533323
4.533323
4.517065
4.514466
4.514466
4.514466
4.504903
4.504903
4.504783
4.503596
4.503544
4.500360
4.500360
4.498085
4.497931
4.497931
4.497389
4.494539
4.494419
4.493450
4.493450
4.489112
4.469664
4.469664
4.469664
4.469664
4.466371
4.454639
4.454639
4.453651
4.453651
4.453651
4.451506
4.451506
4.445705
4.443881
4.443881
4.443881
4.440879
4.437501
4.437501
4.437501
4.437501
4.437501
4.437501
4.437501
4.437404
4.437404
4.437404
4.397556
4.397556
4.397556
4.397556
4.396035
4.342472
4.342472
4.338432
4.338313
4.338313
4.334758
4.334492
4.333253
4.333253
4.330530
4.330530
4.330530
4.330530
4.330530
4.308633
4.301282
4.292535
4.292535
4.292535
4.289721
4.277294
4.277294
4.277294
4.277294
4.262093
4.262093
4.262093
4.262093
4.258167
4.258167
4.258167
4.258167
4.258167
4.257776
4.252151
4.252151
4.252151
4.252151
4.252151
4.252151
4.241481
4.241481
4.241481
4.241467
4.210657
4.210657
4.210657
4.203126
4.203126
4.193254
4.193254
4.193254
4.193254
4.193254
4.193254
4.193254
4.193254
4.193254
4.177487
4.177431
4.177431
4.156765
4.156765
4.156765
4.142012
4.137908
4.137286
4.131952
4.131952
4.131007
4.131007
4.131007
4.131007
4.131007
4.131007
4.131007
4.119051
4.119051
4.119051
4.102970
4.102970
4.102970
4.102970
4.102970
4.102970
4.102970
4.102970
4.102970
4.089967
4.089967
4.074361
4.074361
4.072853
4.072853
4.072853
4.071196
4.071196
4.049844
4.049844
4.039113
4.039113
4.039113
4.037533
4.037533
4.036789
4.036789
4.035804
4.035804
4.035804
4.035804
4.034816
4.034816
4.034816
4.034022
4.033346
4.033346
4.033346
4.024938
4.023715
4.023715
4.023715
4.023715
4.019751
4.012928
4.011142
4.011142
3.981604
3.981604
3.981604
3.981604
3.967540
3.967540
3.967540
3.967540
3.958040
3.958040
3.953711
3.953711
3.946860
3.946860
3.946860
3.944649
3.944649
3.944649
3.944649
3.938641
3.931348
3.930964
3.927826
3.927826
3.927826
3.927826
3.927826
3.927826
3.927826
3.927826
3.927826
3.927826
3.927826
3.927450
3.925253
3.925253
3.925253
3.924321
3.924321
3.924321
3.924321
3.922261
3.922261
3.921879
3.921879
3.895827
3.895827
3.895446
3.895446
3.893009
3.851936
3.851936
3.845586
3.832922
3.832656
3.831967
3.831967
3.831967
3.801498
3.801498
3.801498
3.801498
3.801498
3.801498
3.801498
3.801498
3.801498
3.794506
3.779419
3.779419
3.779419
3.779419
3.779419
3.779419
3.779419
3.772566
3.772566
3.765031
3.765031
3.764653
3.764653
3.748861
3.748861
3.741351
3.741351
3.738890
3.738890
3.738890
3.738890
3.733794
3.732404
3.732404
3.730416
3.722886
3.722886
3.722886
3.722886
3.719436
3.719436
3.719436
3.719375
3.712651
3.712651
3.712651
3.706331
3.687880
3.687818
3.687818
3.687818
3.670303
3.670303
3.670303
3.670303
3.668569
3.668569
3.662368
3.662045
3.662045
3.656817
3.656817
3.656817
3.656817
3.656817
3.646590
3.646590
3.646144
3.646144
3.641740
3.641740
3.641740
3.641740
3.641740
3.640253
3.640253
3.636352
3.636352
3.636162
3.636162
3.636162
3.630373
3.624690
3.621176
3.596624
3.596624
3.584179
3.584179
3.584179
3.577124
3.577124
3.577124
3.577124
3.577124
3.577124
3.567405
3.563170
3.563170
3.563170
3.563170
3.563170
3.557683
3.557683
3.557683
3.557683
3.544869
3.544869
3.544331
3.544331
3.542761
3.542761
3.540482
3.540482
3.537530
3.535840
3.533756
3.533652
3.528128
3.526920
3.526480
3.526480
3.526480
3.526480
3.526480
3.526480
3.514737
3.514737
3.514633
3.514633
3.512480
3.485199
3.482410
3.482410
3.482410
3.434538
3.434538
3.434538
3.431626
3.431626
3.431626
3.431626
3.431626
3.431626
3.431626
3.431520
3.431520
3.429672
3.429672
3.424339
3.417175
3.417175
3.417175
3.400786
3.400786
3.400786
3.400680
3.400680
3.400680
3.400680
3.400680
3.398912
3.398912
3.394012
3.394012
3.394012
3.394012
3.394012
3.391315
3.391315
3.391315
3.391315
3.391315
3.391315
3.391315
3.381193
3.357790
3.356030
3.356030
3.356030
3.356030
3.356030
3.356030
3.356030
3.356030
3.356030
3.356030
3.356030
3.341105
3.330928
3.330928
3.328813
3.328813
3.328813
3.328813
3.328813
3.328813
3.294994
3.294994
3.294994
3.294994
3.294994
3.293468
3.292174
3.292174
3.281735
3.281735
3.278052
3.275838
3.275397
3.275397
3.262095
3.244157
3.244157
3.243453
3.241870
3.241870
3.241654
3.236235
3.236235
3.236235
3.180010
3.178426
3.178426
3.178426
3.177526
3.173059
3.173059
3.136514
3.136514
3.136514
3.134936
3.134208
3.134208
3.134208
3.134208
3.134208
3.134208
3.130246
3.130243
3.130243
3.130243
3.130243
3.130243
3.130243
3.130243
3.128120
3.128120
3.128120
3.123595
3.120987
3.109336
3.109121
3.109121
3.108929
3.108929
3.108926
3.108926
3.108926
3.099116
3.099116
3.099116
3.097091
3.078002
3.078002
3.072030
3.072030
3.072030
3.068629
3.055393
3.055393
3.055393
3.055391
3.055391
3.053033
3.053033
3.050700
3.050700
3.042376
3.042376
3.042376
3.042376
2.997301
2.997263
2.994401
2.982098
2.982098
2.982098
2.965875
2.965875
2.965875
2.965875
2.965875
2.964231
2.964231
2.964231
2.964231
2.964231
2.961558
2.954690
2.954690
2.954690
2.954690
2.954690
2.954690
2.954690
2.953465
2.953465
2.953465
2.953465
2.953465
2.953465
2.948804
2.948804
2.948643
2.948643
2.948643
2.934149
2.934149
2.934149
2.934149
2.931780
2.931741
2.931741
2.931741
2.931741
2.931741
2.931741
2.931741
2.931741
2.931741
2.931741
2.921782
2.921412
2.912093
2.893802
2.851056
2.851056
2.851056
2.851056
2.851056
2.851056
2.851056
2.851056
2.851056
2.851056
2.831977
2.830316
2.824027
2.818908
2.818908
2.818908
2.818533
2.818533
2.818533
2.803401
2.794257
2.790060
2.789681
2.789681
2.789681
2.789681
2.787833
2.787833
2.786858
2.781075
2.781075
2.781075
2.780697
2.780697
2.780697
2.778259
2.775284
2.775070
2.775070
2.768558
2.750509
2.750509
2.750509
2.734639
2.734639
2.731337
2.731337
2.731337
2.731337
2.731337
2.731337
2.706857
2.706857
2.691355
2.691355
2.691355
2.686799
2.686799
2.686799
2.682391
2.682167
2.681275
2.681275
2.681275
2.680233
2.680001
2.662721
2.662721
2.648846
2.648846
2.648846
2.648846
2.648702
2.648459
2.638199
2.630285
2.630285
2.625264
2.625264
2.607976
2.607976
2.607976
2.607976
2.607976
2.607976
2.600468
2.600468
2.600376
2.600376
2.600376
2.599828
2.599828
2.581754
2.581754
2.581754
2.581754
2.576751
2.575817
2.575817
2.575817
2.569075
2.569075
2.527485
2.527485
2.527485
2.527485
2.527485
2.527371
2.527371
2.527371
2.523644
2.509564
2.509564
2.509564
2.509564
2.509311
2.508531
2.508531
2.508531
2.503764
2.503764
2.498312
2.498312
2.498312
2.498312
2.498312
2.498312
2.498312
2.494958
2.494958
2.494958
2.490379
2.490379
2.481703
2.477077
2.476759
2.476759
2.476759
2.476759
2.476759
2.476759
2.476759
2.476759
2.476620
2.476620
2.475651
2.475651
2.475651
2.475651
2.475651
2.475651
2.475651
2.475651
2.475651
2.467581
2.467420
2.466244
2.466244
2.465983
2.465983
2.465983
2.465971
2.465971
2.465971
2.465971
2.465886
2.460872
2.456199
2.453698
2.453698
2.453698
2.453698
2.453698
2.453698
2.453698
2.453698
2.453698
2.453698
2.453687
2.453687
2.453687
2.453687
2.453687
2.453687
2.450805
2.450805
2.449347
2.446947
2.446947
2.436784
2.436784
2.436772
2.436772
2.436772
2.434287
2.434154
2.434154
2.430129
2.392864
2.377508
2.377508
2.367993
2.367993
2.367993
2.367993
2.367993
2.364388
2.364388
2.364388
2.364388
2.364388
2.364388
2.364388
2.359666
2.359587
2.359587
2.359587
2.339382
2.339243
2.339243
2.338946
2.338946
2.338946
2.338826
2.338756
2.338756
2.323921
2.323921
2.323921
2.323807
2.323807
2.323807
2.316461
2.306683
2.306683
2.306683
2.296137
2.296137
2.296137
2.296137
2.296137
2.291392
2.278027
2.267763
2.267427
2.267427
2.267427
2.264797
2.252866
2.252866
2.252866
2.252754
2.249341
2.249341
2.249302
2.248019
2.248019
2.247878
2.247878
2.243761
2.243761
2.243761
2.243488
2.243488
2.243488
2.241344
2.241344
2.240425
2.240425
2.240425
2.240425
2.238240
2.238240
2.238240
2.237662
2.228927
2.228537
2.220928
2.220928
2.220928
2.220928
2.220928
2.220928
2.220928
2.218438
2.214686
2.214686
2.214686
2.214686
2.214686
2.214686
2.214686
2.214686
2.214686
2.214179
2.214179
2.209097
2.209097
2.206780
2.206780
2.202291
2.200878
2.200878
2.200878
2.200878
2.200878
2.200878
2.200878
2.199028
2.199028
2.199028
2.185444
2.185444
2.185442
2.185205
2.180694
2.173665
2.173665
2.173665
2.173665
2.168970
2.168730
2.168730
2.168730
2.168554
2.168554
2.168554
2.168554
2.168554
2.164185
2.160361
2.160245
2.160245
2.160245
2.157131
2.157131
2.155966
2.155786
2.155786
2.155786
2.150353
2.148908
2.118271
2.118271
2.118271
2.113321
2.113321
2.113321
2.112913
2.096232
2.096232
2.096232
2.091305
2.090903
2.090903
2.090903
2.090903
2.090903
2.090903
2.090903
2.088875
2.088875
2.088875
2.088875
2.088875
2.088875
2.088875
2.088875
2.088322
2.088322
2.088322
2.088322
2.083640
2.083640
2.083640
2.083640
2.083640
2.083640
2.080514
2.080514
2.080514
2.072096
2.071633
2.071014
2.071014
2.070034
2.070034
2.066790
2.066790
2.066790
2.063451
2.063451
2.062143
2.060675
2.026315
1.999897
1.999897
1.999897
1.994734
1.994734
1.991487
1.991487
1.991487
1.991487
1.980462
1.940784
1.934640
1.934640
1.931152
1.931152
1.928936
1.926691
1.926691
1.926691
1.926691
1.926691
1.923440
1.923440
1.923440
1.919589
1.892590
1.876376
1.876376
1.875353
1.875353
1.844520
1.844520
1.844344
1.844344
1.844344
1.844344
1.844344
1.844344
1.839654
1.839654
1.839654
1.839654
1.839654
1.839654
1.839654
1.839654
1.839654
1.839408
1.822995
1.814248
1.814200
1.805035
1.805035
1.805035
1.805035
1.805035
1.805035
1.805035
1.805035
1.804454
1.804454
1.803609
1.800667
1.800667
1.800667
1.800667
1.800667
1.797496
1.797496
1.797496
1.797496
1.784700
1.784700
1.784501
1.784501
1.783711
1.783711
1.783711
1.783711
1.783711
1.783711
1.781698
1.781698
1.781155
1.781155
1.781155
1.781155
1.779717
1.776738
1.776512
1.776512
1.776512
1.776512
1.776512
1.776512
1.776187
1.776187
1.776187
1.776187
1.776187
1.776169
1.760372
1.760372
1.760064
1.760064
1.751364
1.751364
1.751364
1.748215
1.748215
1.744483
1.744483
1.744100
1.744100
1.738537
1.738116
1.738116
1.738116
1.738116
1.738116
1.738116
1.738116
1.738116
1.738116
1.734172
1.734172
1.734172
1.734172
1.732076
1.732076
1.725719
1.724332
1.723678
1.723678
1.723678
1.723678
1.723575
1.723575
1.723159
1.723159
1.723159
1.723159
1.723159
1.723159
1.723159
1.723159
1.723159
1.713196
1.713196
1.713196
1.713180
1.713180
1.711818
1.705019
1.705019
1.705019
1.693584
1.693584
1.676873
1.676873
1.676873
1.664110
1.659540
1.659540
1.645544
1.645492
1.639377
1.639377
1.639377
1.637649
1.637649
1.637649
1.637649
1.637649
1.637649
1.635402
1.634541
1.634160
1.634160
1.634160
1.632877
1.632877
1.632547
1.619922
1.606324
1.606324
1.606324
1.606324
1.606324
1.600964
1.600964
1.600964
1.600964
1.600964
1.600964
1.600964
1.600964
1.600964
1.600964
1.600964
1.600964
1.588300
1.588300
1.588300
1.588300
1.587851
1.552536
1.552536
1.552536
1.552536
1.552536
1.552536
1.552536
1.552536
1.552536
1.552536
1.540254
1.540254
1.540254
1.540254
1.540254
1.527906
1.527906
1.527906
1.527906
1.527906
1.527724
1.527724
1.527724
1.527724
1.527246
1.527246
1.527246
1.526387
1.526387
1.526387
1.526387
1.513628
1.510200
1.510200
1.494435
1.494435
1.494271
1.494271
1.494271
1.494271
1.494271
1.494271
1.494271
1.494271
1.490006
1.490006
1.458132
1.458132
1.458132
1.458132
1.458132
1.457194
1.457194
1.413900
1.413900
1.413900
1.411715
1.411715
1.397942
1.397942
1.378052
1.378052
1.378052
1.378052
1.375982
1.372707
1.372707
1.372707
1.327782
1.320675
1.319506
1.319506
1.319506
1.319506
1.319506
1.319506
1.319506
1.303271
1.303271
1.303271
1.302043
1.302043
1.302043
1.302043
1.302043
1.302043
1.302043
1.302043
1.302043
1.302043
1.302043
1.302043
1.295056
1.294135
1.272378
1.272378
1.272378
1.266453
1.266453
1.265376
1.265376
1.265376
1.265376
1.258360
1.258360
1.258360
1.258360
1.258360
1.258360
1.258360
1.258360
1.258360
1.258360
1.258066
1.258066
1.258066
1.258066
1.258066
1.258066
1.258066
1.256060
1.256060
1.256060
1.256060
1.256060
1.256060
1.256060
1.256060
1.249040
1.248697
1.248697
1.223302
1.223302
1.223302
1.217943
1.208897
1.208897
1.208897
1.208897
1.208897
1.208897
1.208897
1.208897
1.208682
1.208682
1.208682
1.199309
1.199309
1.199309
1.170056
1.170056
1.169683
1.169683
1.166016
1.166016
1.161735
1.161735
1.161238
1.161238
1.161238
1.153420
1.150607
1.150607
1.143698
1.143698
1.143698
1.142848
1.142848
1.142848
1.142848
1.136128
1.136128
1.136128
1.136128
1.134079
1.134079
1.134079
1.134064
1.134064
1.133428
1.133428
1.133428
1.133428
1.128805
1.108793
1.108793
1.108793
1.099445
1.061926
1.061926
1.061926
1.051770
1.051770
1.051770
1.051770
1.051770
1.051770
1.051770
1.051770
1.051770
1.051770
1.028593
1.028593
1.028593
1.028593
1.027701
1.027701
1.021214
1.021214
1.021214
1.021214
1.001117
1.001117
1.001117
1.000780
1.000780
1.000780
1.000780
0.992605
0.935266
0.935266
0.934890
0.934890
0.930019
0.930019
0.930019
0.930019
0.930019
0.930019
0.930019
0.930019
0.930019
0.920539
0.920539
0.920539
0.920539
0.920539
0.920539
0.920539
0.920539
0.913697
0.913697
0.913697
0.908219
0.908219
0.908219
0.908219
0.908219
0.908219
0.908219
0.908050
0.908050
0.907997
0.907997
0.907997
0.907997
0.907997
0.907997
0.907997
0.907997
0.907973
0.907973
0.907973
0.907973
0.907973
0.907973
0.907973
0.907973
0.907973
0.905565
0.901709
0.901709
0.901532
0.901532
0.866249
0.865301
0.863617
0.863617
0.863564
0.863129
0.863129
0.863129
0.846109
0.846109
0.846109
0.846109
0.846109
0.846109
0.846109
0.846109
0.846109
0.846109
0.845219
0.845219
0.840539
0.839474
0.839474
0.839421
0.839421
0.839421
0.839421
0.839421
0.830952
0.830952
0.830952
0.830952
0.830952
0.830952
0.830952
0.830952
0.830952
0.830952
0.830952
0.830952
0.830952
0.830952
0.830952
0.830952
0.830952
0.830952
0.826103
0.826103
0.826103
0.825252
0.825252
0.825252
0.825252
0.825252
0.825252
0.825252
0.825252
0.825252
0.825252
0.825252
0.825252
0.825252
0.823089
0.823089
0.819083
0.819083
0.812945
0.812945
0.812945
0.812945
0.812945
0.812945
0.812453
0.809570
0.809570
0.809570
0.809570
0.809570
0.809570
0.809570
0.809570
0.809570
0.809570
0.809549
0.809549
0.809549
0.809549
0.809549
0.809549
0.809549
0.790799
0.790799
0.790799
0.790799
0.788412
0.788412
0.775537
0.775537
0.775537
0.772571
0.772571
0.772541
0.772541
0.772541
0.731059
0.731059
0.731059
0.731059
0.731059
0.731059
0.731059
0.731059
0.731059
0.731059
0.731059
0.731059
0.728677
0.728664
0.728664
0.728664
0.728664
0.728664
0.727748
0.727748
0.727748
0.727748
0.727748
0.727748
0.727748
0.727748
0.704024
0.704024
0.704024
0.704024
0.704024
0.704024
0.704024
0.704024
0.704024
0.704024
0.704024
0.704024
0.704024
0.703554
0.703554
0.703554
0.703554
0.703554
0.687290
0.687290
0.687290
0.686143
0.686143
0.686143
0.685553
0.685553
0.685553
0.685553
0.685027
0.683245
0.683245
0.683245
0.670011
0.670011
0.670011
0.669933
0.669933
0.669933
0.669933
0.669933
0.669461
0.669461
0.668413
0.653092
0.653092
0.646965
0.646965
0.646965
0.646403
0.646403
0.628087
0.628087
0.628087
0.628087
0.628087
0.577257
0.577257
0.577257
0.576652
0.576652
0.576633
0.576633
0.576633
0.576633
0.576633
0.576633
0.574702
0.574702
0.574702
0.574702
0.571746
0.547185
0.547185
0.547185
0.547185
0.546803
0.546803
0.546237
0.546237
0.546237
0.546237
0.546237
0.546237
0.546237
0.546237
0.546237
0.546237
0.546237
0.546237
0.546237
0.546237
0.546237
0.546237
0.546237
0.546237
0.546237
0.546237
0.540472
0.540472
0.540472
0.536218
0.536218
0.536218
0.536218
0.536218
0.536218
0.536218
0.536218
0.536218
0.536218
0.536218
0.520109
0.520109
0.520109
0.520109
0.520109
0.520109
0.520109
0.520109
0.520109
0.520109
0.520109
0.520109
0.520109
0.520109
0.520109
0.520109
0.520109
0.520109
0.520109
0.520109
0.520109
0.515797
0.515797
0.515797
0.515797
0.515797
0.515797
0.515797
0.515797
0.515797
0.515797
0.515797
0.515797
0.515797
0.512978
0.512978
0.512978
0.512978
0.512978
0.512978
0.512978
0.512978
0.512978
0.512978
0.512978
0.512978
0.512978
0.511836
0.510918
0.510918
0.510918
0.510918
0.510918
0.510918
0.510918
0.509116
0.505071
0.505071
0.505071
0.505071
0.505071
0.505071
0.505071
0.505071
0.505071
0.505071
0.483069
0.483069
0.483069
0.480979
0.480979
0.480979
0.480979
0.473591
0.473591
0.473591
0.473591
0.473591
0.473591
0.473591
0.473591
0.473591
0.473428
0.472287
0.472287
0.471718
0.471718
0.470882
0.470882
0.470882
0.469414
0.469414
0.469414
0.457565
0.457565
0.444479
0.444479
0.444479
0.444479
0.444479
0.444479
0.440191
0.440191
0.440191
0.440191
0.440191
0.438292
0.438292
0.438292
0.438292
0.438292
0.438292
0.438292
0.438292
0.438163
0.438163
0.438163
0.436436
0.436436
0.436436
0.436436
0.426469
0.426469
0.426469
0.426469
0.426469
0.422196
0.421783
0.421783
0.421632
0.421632
0.421632
0.421632
0.421632
0.421632
0.421632
0.421632
0.421632
0.421632
0.419596
0.419596
0.419596
0.419596
0.419596
0.419596
0.417661
0.404042
0.403527
0.403527
0.403527
0.399512
0.399512
0.399470
0.399470
0.399470
0.399470
0.399470
0.399470
0.399470
0.399470
0.399470
0.399470
0.386400
0.386400
0.386400
0.386400
0.385253
0.385253
0.385253
0.385253
0.385253
0.385253
0.385253
0.385253
0.385253
0.385253
0.385253
0.385253
0.385253
0.382960
0.382960
0.382960
0.382960
0.365793
0.365793
0.365793
0.365249
0.365249
0.365249
0.364199
0.364199
0.363681
0.363681
0.363681
0.363681
0.362002
0.362002
0.362002
0.362002
0.362002
0.362002
0.362002
0.362002
0.362002
0.359226
0.359226
0.350123
0.350123
0.296613
0.296613
0.296613
0.296613
0.296613
0.296613
0.296613
0.296613
0.296613
0.296613
0.296613
0.296613
0.296613
0.296613
0.293947
0.293947
0.293947
0.293947
0.293947
0.293947
0.293947
0.293947
0.293947
0.293947
0.293947
0.293947
0.293947
0.293947
0.293947
0.293947
0.292112
0.292112
0.292112
0.292112
0.292112
0.292112
0.292112
0.292112
0.283038
0.283038
0.283038
0.283038
0.283038
0.283038
0.281391
0.281391
0.281391
0.281391
0.272436
0.272153
0.269316
0.241561
0.241561
0.241561
0.241561
0.241561
0.241561
0.241561
0.241123
0.235155
0.235155
0.235155
0.235155
0.233548
0.233548
0.233548
0.233548
0.233548
0.233548
0.233548
0.233548
0.231013
0.231013
0.231013
0.231013
0.225714
0.225714
0.225714
0.225714
0.225714
0.221545
0.221545
0.221545
0.213587
0.213587
0.213370
0.213370
0.213370
0.213370
0.213370
0.211180
0.211180
0.211180
0.211180
0.210080
0.210080
0.210080
0.210080
0.210080
0.210080
0.210080
0.210064
0.210064
0.210064
0.200058
0.193721
0.192529
0.192529
0.192529
0.192529
0.192529
0.192529
0.190801
0.190801
0.190801
0.190801
0.190801
0.190801
0.190801
0.190801
0.190801
0.190801
0.190801
0.190785
0.190785
0.190785
0.190785
0.190785
0.189638
0.189638
0.189638
0.189545
0.189342
0.189276
0.189276
0.189276
0.184518
0.184518
0.184518
0.184518
0.184518
0.184518
0.184518
0.184518
0.183691
0.183674
0.183674
0.183674
0.183674
0.183674
0.183674
0.183674
0.183152
0.183152
0.183152
0.183152
0.183152
0.183152
0.182880
0.180832
0.180832
0.180832
0.180558
0.180558
0.180310
0.180310
0.180310
0.180310
0.180310
0.180310
0.180310
0.180310
0.180310
0.180044
0.180044
0.177307
0.177307
0.177080
0.177063
0.177063
0.177063
0.177063
0.177063
0.177061
0.177061
0.177061
0.177061
0.177061
0.177061
0.177061
0.177061
0.177061
0.177061
0.177061
0.177061
0.177061
0.174487
0.174487
0.174487
0.174487
0.174487
0.174196
0.174196
0.168426
0.168426
0.168426
0.168426
0.168426
0.168426
0.167535
0.167129
0.167129
0.167129
0.167129
0.167129
0.167129
0.167129
0.167129
0.164046
0.164046
0.164046
0.164046
0.163496
0.163055
0.163055
0.163055
0.163055
0.163055
0.163055
0.163055
0.163037
0.160974
0.160974
0.160974
0.160974
0.160974
0.160974
0.160974
0.160974
0.160974
0.160974
0.160974
0.160974
0.160974
0.160974
0.160974
0.160974
0.153678
0.153678
0.153678
0.153678
0.153678
0.153678
0.153678
0.153678
0.153678
0.153678
0.153678
0.151650
0.151650
0.151650
0.151650
0.151650
0.151650
0.151650
0.151650
0.151650
0.151650
0.151650
0.151650
0.146728
0.146728
0.146728
0.146176
0.146176
0.146176
0.145606
0.134334
0.134334
0.134334
0.134334
0.134334
0.134334
0.134334
0.134334
0.134334
0.134334
0.134334
0.134334
0.134334
0.134334
0.134334
0.132678
0.132678
0.132672
0.132672
0.132672
0.132672
0.132672
0.132672
0.132672
0.132672
0.132672
0.132672
0.132672
0.132672
0.132672
0.132672
0.132672
0.132672
0.132672
0.132672
0.130095
0.130095
0.130095
0.130095
0.130095
0.130095
0.130095
0.130095
0.130095
0.130095
0.130095
0.130095
0.130095
0.130095
0.130095
0.130095
0.130095
0.130095
0.129638
0.129638
0.129638
0.129638
0.129638
0.129638
0.129638
0.129638
0.129638
0.129638
0.129638
0.129638
0.129365
0.129365
0.129365
0.129365
0.129365
0.129362
0.129362
0.129362
0.129362
0.129362
0.128643
0.128643
0.128643
0.128004
0.128004
0.128004
0.128004
0.128004
0.128004
0.127532
0.127532
0.127532
0.127532
0.127532
0.127532
0.127532
0.127532
0.127532
0.127532
0.127532
0.127532
0.127532
0.127532
0.127532
0.127532
0.127532
0.127532
0.127532
0.127532
0.127532
0.127532
0.127532
0.127532
0.127532
0.127532
0.127532
0.127532
0.127532
0.127532
0.127532
0.127532
0.127118
0.127118
0.127118
0.127118
0.127118
0.127118
0.127118
0.127118
0.127118
0.127118
0.127118
0.125372
0.125372
0.124330
0.124330
0.124330
0.124330
0.124330
0.124330
0.123806
0.123806
0.123806
0.123806
0.123806
0.123806
0.123806
0.123806
0.123806
0.123806
0.123806
0.123806
0.123806
0.123806
0.123806
0.123806
0.123806
0.123806
0.123806
0.123806
0.123806
0.123806
0.123806
0.123806
0.123806
0.123806
0.123806
0.123806
0.123411
0.122950
0.122950
0.122950
0.122950
0.122950
0.122950
0.122950
0.122950
0.122950
0.122950
0.122950
0.122950
0.122950
0.122950
0.122950
0.122950
0.122950
0.122950
0.122950
0.122950
0.122950
0.122950
0.122950
0.122950
0.122950
0.122950
0.122950
0.122950
0.121253
0.121253
0.121253
0.121253
0.121253
0.121253
0.119795
0.119795
0.117576
0.116427
0.116427
0.116427
0.116427
0.116427
0.116427
0.116427
0.116427
0.116427
0.116427
0.116427
0.116427
0.116427
0.116427
0.116427
0.116427
0.116427
0.116427
0.116427
0.116427
0.116427
0.116427
0.116427
0.116427
0.116427
0.116427
0.116427
0.116427
0.116427
0.116427
0.116427
0.116427
0.116252
0.116252
0.116252
0.116252
0.113823
0.113823
0.113823
0.113823
0.113823
0.113823
0.113823
0.113823
0.113823
0.113823
0.113823
0.113823
0.113823
0.113823
0.113823
0.113823
0.113823
0.113823
0.113823
0.113823
0.112535
0.112535
0.112535
0.112535
0.112535
0.112535
0.112535
0.112535
0.112535
0.112535
0.112535
0.112535
0.112535
0.112535
0.112535
0.112535
0.112535
0.112535
0.112535
0.112032
0.112032
0.112032
0.112032
0.112032
0.112032
0.112032
0.112032
0.112032
0.109453
0.109453
0.109453
0.109453
0.109453
0.109283
0.109283
0.109283
0.109283
0.109283
0.109283
0.109283
0.109283
0.109283
0.109283
0.109283
0.109283
0.109283
0.109283
0.109283
0.109232
0.109232
0.108942
0.108942
0.108934
0.108934
0.108934
0.108934
0.108934
0.108934
0.108934
0.108420
0.108420
0.108420
0.108420
0.108420
0.108420
0.108382
0.108382
0.108382
0.108382
0.108382
0.108382
0.108382
0.108382
0.108382
0.108382
0.108382
0.108382
0.108382
0.108382
0.108382
0.108382
0.108382
0.108382
0.108382
0.108382
0.108382
0.108382
0.108258
0.108258
0.108258
0.108258
0.108258
0.108258
0.108258
0.108258
0.108258
0.108258
0.108258
0.108258
0.108258
0.108258
0.108258
0.108258
0.108258
0.108258
0.108258
0.108258
0.108258
0.108258
0.108258
0.108258
0.108258
0.108258
0.108258
0.108258
0.108258
0.108258
0.108258
0.108258
0.108258
0.108258
0.108258
0.108258
0.108258
0.108258
0.108258
0.106664
0.106664
0.106664
0.106664
0.106664
0.106664
0.106664
0.106664
0.106664
0.106664
0.106664
0.106664
0.106664
0.106664
0.106664
0.106664
0.106664
0.106664
0.106664
0.106664
0.105445
0.105445
0.105445
0.105445
0.105445
0.105445
0.105445
0.105445
0.105445
0.105445
0.105445
0.105445
0.105445
0.105445
0.105445
0.105445
0.105445
0.105445
0.105445
0.105445
0.105445
0.105445
0.105445
0.105445
0.105445
0.105445
0.105445
0.105445
0.105445
0.105445
0.105445
0.105445
0.105445
0.105058
0.104974
0.104974
0.104974
0.104974
0.104616
0.104616
0.104616
0.104616
0.104616
0.104616
0.104616
0.104616
0.104616
0.104616
0.104616
0.104616
0.104616
0.104616
0.104616
0.104616
0.104616
0.104322
0.104322
0.102736
0.102736
0.102736
0.102736
0.102736
0.102736
0.102736
0.102736
0.102341
0.102341
0.102341
0.102341
0.102341
0.099457
0.099457
0.099457
0.099457
0.099457
0.099457
0.099457
0.099053
0.099053
0.099053
0.099053
0.099053
0.099053
0.099053
0.099053
0.099053
0.099053
0.099053
0.098965
0.098965
0.098965
0.091235
0.091235
0.088223
0.088223
0.088223
0.088223
0.088223
0.088223
0.088223
0.088223
0.088223
0.088223
0.088223
0.088223
0.088223
0.088223
0.088223
0.088223
0.088223
0.088223
0.088223
0.088223
0.088223
0.088223
0.088223
0.088223
0.088223
0.088223
0.088223
0.088223
0.088223
0.087964
0.087964
0.087964
0.087964
0.087964
0.087964
0.087964
0.087964
0.087964
0.087964
0.087964
0.087964
0.087964
0.087964
0.087964
0.087964
0.087964
0.087964
0.087964
0.087964
0.087964
0.087964
0.087964
0.087964
0.087964
0.087964
0.087964
0.087964
0.087964
0.087964
0.087964
0.087964
0.087964
0.087964
0.087964
0.087964
0.087964
0.087964
0.087650
0.087650
0.087650
0.087650
0.087650
0.087650
0.087650
0.087650
0.087640
0.087483
0.087483
0.087483
0.087483
0.087483
0.087483
0.087483
0.087343
0.087343
0.087343
0.087343
0.087343
0.087343
0.087343
0.087343
0.087343
0.087343
0.087343
0.087343
0.087343
0.087343
0.087343
0.087343
0.087343
0.087343
0.087343
0.087343
0.087343
0.087343
0.087343
0.087343
0.087343
0.087343
0.087343
0.087343
0.087343
0.087343
0.087343
0.087343
0.087343
0.087343
0.087343
0.087343
0.087343
0.087343
0.087343
0.087343
0.087343
0.087343
0.087343
0.087343
0.087343
0.087343
0.087343
0.087343
0.087343
0.087343
0.087343
0.087343
0.087343
0.087343
0.087343
0.087343
0.087343
0.087343
0.087097
0.087097
0.087097
0.087016
0.087016
0.087016
0.087016
0.087016
0.087016
0.087016
0.087016
0.087016
0.087016
0.087016
0.087016
0.087016
0.087016
0.087016
0.087016
0.087016
0.087016
0.087016
0.087016
0.087016
0.087016
0.087016
0.087016
0.087016
0.087016
0.087016
0.087016
0.087016
0.087016
0.086354
0.086354
0.086354
0.086354
0.086354
0.086354
0.086269
0.086269
0.086269
0.086269
0.086269
0.086269
0.086269
0.085535
0.085535
0.085535
0.085535
0.085535
0.085535
0.085535
0.085535
0.085535
0.085535
0.085535
0.085535
0.085535
0.085535
0.085535
0.085535
0.085535
0.085535
0.085535
0.085535
0.084234
0.083997
0.083997
0.083997
0.083997
0.083997
0.083997
0.083997
0.083997
0.083997
0.083997
0.083405
0.083405
0.083405
0.083405
0.083405
0.083405
0.083405
0.083405
0.083253
0.083253
0.083253
0.083194
0.083194
0.083194
0.083194
0.083194
0.083194
0.083194
0.083194
0.083194
0.083194
0.083194
0.083194
0.083194
0.083194
0.083194
0.082919
0.082919
0.082919
0.082919
0.082919
0.082919
0.082919
0.082919
0.082919
0.082919
0.082919
0.082919
0.082919
0.082919
0.082919
0.082919
0.082919
0.082919
0.082919
0.082919
0.082919
0.080598
0.080598
0.080598
0.080598
0.080598
0.080598
0.080598
0.080598
0.080598
0.080598
0.080598
0.080598
0.080598
0.080598
0.080598
0.080598
0.080598
0.080598
0.080598
0.080598
0.080598
0.080598
0.079980
0.079980
0.079980
0.079980
0.079980
0.079980
0.079980
0.079980
0.079980
0.079980
0.079980
0.079980
0.079980
0.079980
0.079980
0.079980
0.079980
0.079980
0.079980
0.079980
0.079980
0.079980
0.079980
0.079980
0.079980
0.079980
0.079980
0.079980
0.079980
0.079980
0.079980
0.079980
0.079980
0.077415
0.077415
0.077415
0.077369
0.077369
0.077369
0.077369
0.077369
0.077369
0.077369
0.077369
0.077369
0.077369
0.077369
0.077369
0.077369
0.077369
0.077369
0.077369
0.077369
0.077369
0.077369
0.077369
0.077369
0.077369
0.077369
0.077369
0.077369
0.077369
0.077369
0.077367
0.077367
0.077367
0.077367
0.077367
0.077367
0.077367
0.077367
0.077367
0.077367
0.077367
0.077367
0.077367
0.077367
0.077367
0.077367
0.077367
0.077367
0.077367
0.077367
0.077367
0.077367
0.077249
0.075530
0.075530
0.075530
0.075530
0.075530
0.075530
0.075530
0.075530
0.075530
0.075530
0.075530
0.075530
0.075530
0.075530
0.075530
0.075530
0.075530
0.075530
0.074779
0.074779
0.074779
0.074779
0.074779
0.074779
0.074779
0.074779
0.074779
0.074779
0.074779
0.074779
0.074779
0.074779
0.074779
0.074779
0.074779
0.074779
0.074779
0.074779
0.074779
0.074715
0.074715
0.074715
0.074715
0.074715
0.074715
0.074715
0.074715
0.074715
0.074715
0.074715
0.074715
0.074715
0.074715
0.074715
0.074715
0.074715
0.074715
0.074715
0.074715
0.074715
0.074715
0.074715
0.072649
0.072649
0.072649
0.072649
0.072649
0.072649
0.072649
0.072649
0.072649
0.072649
0.072649
0.072649
0.072649
0.072649
0.072649
0.072649
0.072649
0.072649
0.072649
0.072649
0.072649
0.072649
0.072649
0.072649
0.072649
0.072649
0.072649
0.072649
0.072649
0.072649
0.072649
0.072649
0.072649
0.072649
0.072550
0.072550
0.072550
0.072550
0.072550
0.072550
0.072550
0.072550
0.072550
0.072550
0.072550
0.072550
0.072550
0.072550
0.072550
0.072550
0.072550
0.072550
0.072550
0.072550
0.072550
0.072550
0.072550
0.072550
0.072550
0.072550
0.072550
0.072550
0.072550
0.072550
0.071663
0.071663
0.071663
0.071663
0.071663
0.071663
0.071663
0.071663
0.071663
0.071663
0.071663
0.071663
0.071663
0.071663
0.071663
0.071663
0.071663
0.071663
0.071663
0.071663
0.071663
0.071663
0.071663
0.071663
0.071663
0.071663
0.071663
0.071663
0.071663
0.071663
0.071663
0.071663
0.071663
0.071663
0.071663
0.071663
0.071663
0.071663
0.071663
0.071663
0.071663
0.071663
0.071663
0.071663
0.071663
0.071663
0.071663
0.071663
0.071663
0.071663
0.071663
0.071663
0.071663
0.071663
0.071663
0.071663
0.071663
0.071663
0.071663
0.071663
0.071663
0.071663
0.071663
0.071663
0.071663
0.071663
0.071663
0.071663
0.071663
0.071663
0.071663
0.071663
0.071663
0.071663
0.071663
0.070938
0.068881
0.068881
0.068881
0.068881
0.068881
0.068881
0.068881
0.068881
0.068881
0.068881
0.068881
0.068881
0.068881
0.068881
0.068881
0.068881
0.068881
0.068881
0.068881
0.068881
0.068881
0.068881
0.068881
0.068881
0.068881
0.068881
0.068881
0.068881
0.068881
0.068881
0.068881
0.068881
0.068881
0.068526
0.068526
0.068526
0.068526
0.068526
0.068526
0.068526
0.068526
0.068526
0.068526
0.068526
0.068526
0.068526
0.068526
0.068526
0.068526
0.068526
0.068526
0.068526
0.068526
0.068526
0.068526
0.068526
0.068526
0.068526
0.068526
0.068526
0.068526
0.068526
0.068526
0.068526
0.068520
0.068520
0.068520
0.068520
0.068506
0.068506
0.068506
0.068506
0.068506
0.068506
0.068506
0.068506
0.068506
0.068506
0.068506
0.068506
0.068506
0.068506
0.068506
0.068506
0.068506
0.068506
0.068506
0.068506
0.068506
0.068506
0.068506
0.068506
0.068506
0.068506
0.068506
0.068506
0.068506
0.068506
0.068506
0.068506
0.068506
0.068506
0.068506
0.068506
0.068506
0.068506
0.068506
0.068506
0.068506
0.068506
0.068506
0.068506
0.068506
0.068506
0.066026
0.066026
0.066026
0.066026
0.066026
0.066026
0.066026
0.066026
0.066026
0.066026
0.066026
0.066026
0.066026
0.066020
0.066020
0.066020
0.066020
0.065574
0.065574
0.065574
0.065574
0.065574
0.065574
0.065574
0.065574
0.065574
0.065574
0.065574
0.065574
0.065515
0.065515
0.065515
0.065515
0.065515
0.065515
0.065515
0.065515
0.065515
0.065515
0.065515
0.065156
0.065156
0.065156
0.065156
0.065156
0.064929
0.064929
0.064929
0.064929
0.064929
0.064923
0.064923
0.064923
0.064811
0.064811
0.064781
0.064781
0.064781
0.064781
0.064781
0.064781
0.064781
0.064781
0.064781
0.064781
0.064781
0.064781
0.064781
0.064763
0.064763
0.064757
0.064757
0.064757
0.064757
0.064757
0.064757
0.064757
0.064757
0.064757
0.064757
0.064757
0.064757
0.064757
0.064757
0.064757
0.064757
0.064757
0.064757
0.064757
0.064757
0.064757
0.064757
0.064757
0.064757
0.064757
0.059568
0.059568
0.059568
0.059568
0.059568
0.059568
0.059568
0.059568
0.059568
0.059568
0.059568
0.059568
0.059568
0.059568
0.059568
0.059568
0.059568
0.059568
0.059568
0.059568
0.059568
0.059568
0.059568
0.059568
0.059568
0.059568
0.059568
0.059568
0.059568
0.059568
0.059568
0.059568
0.059568
0.058758
0.058758
0.058758
0.058758
0.058758
0.058751
0.058751
0.058751
0.058751
0.058751
0.058751
0.058751
0.058751
0.058751
0.058751
0.058751
0.058751
0.058751
0.058751
0.058751
0.058751
0.058751
0.058751
0.058751
0.058751
0.058751
0.058751
0.058751
0.058751
0.058751
0.058751
0.058751
0.058751
0.058751
0.058751
0.058751
0.058751
0.058751
0.058751
0.058751
0.058751
0.058751
0.058751
0.058751
0.058751
0.058751
0.058751
0.058751
0.058751
0.058751
0.058751
0.058751
0.058751
0.058751
0.058751
0.058751
0.058751
0.058751
0.058751
0.058751
0.058751
0.058751
0.058751
0.058751
0.058751
0.058751
0.058751
0.058751
0.058751
0.058751
0.058751
0.058751
0.058751
0.058751
0.058751
0.058751
0.058751
0.058751
0.058751
0.058751
0.058751
0.058751
0.058751
0.058751
0.058751
0.058751
0.058751
0.058751
0.058751
0.058751
0.058751
0.058751
0.058751
0.058751
0.058751
0.058751
0.058751
0.058751
0.058743
0.058743
0.058743
0.058743
0.058743
0.058743
0.058743
0.058743
0.058743
0.058743
0.058743
0.058743
0.058743
0.058743
0.058743
0.058743
0.058743
0.058743
0.058743
0.058743
0.058743
0.058743
0.058743
0.058743
0.058743
0.058743
0.058743
0.058743
0.058743
0.058743
0.058743
0.058743
0.058743
0.058743
0.058743
0.058743
0.058743
0.058743
0.058743
0.058743
0.058743
0.058743
0.058743
0.058743
0.058743
0.058743
0.058743
0.058743
0.058743
0.058743
0.058743
0.058743
0.058743
0.058743
0.058743
0.058743
0.058743
0.058743
0.058743
0.058743
0.058743
0.058743
0.058743
0.058743
0.058743
0.058743
0.058743
0.058743
0.058743
0.058743
0.058743
0.058743
0.058743
0.058743
0.058743
0.058743
0.058743
0.058743
0.058743
0.058743
0.058743
0.058743
0.058743
0.058743
0.058743
0.058743
0.058743
0.058743
0.058743
0.058743
0.058743
0.058743
0.058743
0.058743
0.058743
0.058743
0.058658
0.058658
0.058658
0.058658
0.058658
0.058658
0.058658
0.058658
0.058658
0.058658
0.058658
0.058658
0.058658
0.058658
0.058658
0.058658
0.058658
0.058658
0.058658
0.058658
0.058658
0.058658
0.058658
0.058658
0.058658
0.058658
0.058658
0.058658
0.058658
0.058658
0.058658
0.058658
0.058658
0.058658
0.058658
0.058658
0.058658
0.058658
0.058658
0.058658
0.058658
0.058658
0.058658
0.058577
0.058577
0.058577
0.058577
0.058577
0.058487
0.058487
0.058487
0.058487
0.058487
0.057163
0.057163
0.057129
0.057129
0.057129
0.057129
0.057129
0.057129
0.056804
0.056804
0.056804
0.056804
0.056804
0.056804
0.056804
0.056804
0.056804
0.056259
0.056259
0.056259
0.056259
0.056259
0.056259
0.055856
0.055856
0.055856
0.055856
0.055856
0.055856
0.055856
0.055856
0.055856
0.055856
0.055856
0.055856
0.055856
0.055856
0.055856
0.055856
0.055856
0.055856
0.055856
0.055856
0.055856
0.055856
0.055856
0.055856
0.055856
0.055616
0.055616
0.055616
0.055616
0.055616
0.055616
0.055616
0.055616
0.055616
0.055616
0.055616
0.055616
0.055616
0.055616
0.055616
0.055616
0.055616
0.055616
0.055616
0.055616
0.055616
0.055616
0.055616
0.055616
0.055616
0.055616
0.055616
0.055616
0.055616
0.055616
0.055616
0.055616
0.055616
0.055616
0.055616
0.055616
0.055616
0.055616
0.055616
0.055616
0.055616
0.055616
0.055616
0.055616
0.055616
0.055616
0.055616
0.055616
0.055616
0.055616
0.055616
0.055616
0.055616
0.055616
0.055616
0.055616
0.055616
0.055616
0.055616
0.055616
0.055616
0.055616
0.055616
0.055616
0.055616
0.055616
0.055616
0.055616
0.055616
0.055616
0.055616
0.055616
0.055501
0.055501
0.055501
0.055501
0.055501
0.055501
0.055501
0.055501
0.055501
0.055501
0.055501
0.055501
0.055501
0.055501
0.055214
0.055214
0.055214
0.055214
0.055214
0.055214
0.055214
0.055214
0.055214
0.055214
0.055214
0.055214
0.055214
0.055214
0.055214
0.055207
0.055207
0.055207
0.055207
0.055207
0.055207
0.055207
0.055207
0.055207
0.055207
0.054191
0.054191
0.054191
0.054191
0.054191
0.054191
0.054191
0.054191
0.054191
0.054191
0.054191
0.054191
0.054191
0.054191
0.054191
0.054191
0.054191
0.054191
0.054191
0.054191
0.054191
0.054191
0.054191
0.054191
0.054191
0.054191
0.054191
0.054191
0.054191
0.054191
0.054191
0.054191
0.054191
0.054191
0.054191
0.054191
0.054191
0.054191
0.054169
0.054169
0.054169
0.054169
0.054169
0.052955
0.052955
0.052955
0.052955
0.052955
0.052955
0.052955
0.052955
0.052955
0.052955
0.052955
0.052955
0.052955
0.052955
0.052955
0.052955
0.052896
0.052896
0.052896
0.052896
0.052896
0.052896
0.052896
0.052896
0.052896
0.052896
0.052896
0.052896
0.052896
0.052896
0.052896
0.052896
0.052896
0.052896
0.052896
0.052896
0.052896
0.052896
0.052896
0.052896
0.052896
0.052896
0.052896
0.052896
0.052896
0.052896
0.052896
0.052896
0.052896
0.052896
0.052896
0.052896
0.052896
0.052896
0.052896
0.052896
0.052896
0.052896
0.052896
0.052896
0.052896
0.052896
0.052896
0.052896
0.052896
0.052896
0.052896
0.052896
0.052896
0.052896
0.052896
0.052896
0.052896
0.052896
0.052896
0.052896
0.052896
0.052896
0.052896
0.052896
0.052896
0.052896
0.052896
0.052896
0.052896
0.052896
0.052896
0.052896
0.052896
0.052896
0.052896
0.052896
0.052896
0.052896
0.052896
0.052896
0.052896
0.052896
0.052896
0.052896
0.052896
0.052896
0.052896
0.052896
0.052896
0.052896
0.052896
0.052896
0.052896
0.052896
0.052896
0.052896
0.052896
0.052896
0.052896
0.052896
0.052896
0.052896
0.052896
0.052896
0.052896
0.052896
0.052896
0.052896
0.052896
0.052896
0.052896
0.052896
0.052896
0.052896
0.052896
0.052896
0.052896
0.052896
0.052293
0.052293
0.052293
0.052293
0.052293
0.052293
0.052293
0.052293
0.052010
0.052010
0.052010
0.052010
0.052010
0.052010
0.052010
0.052010
0.052010
0.052010
0.052010
0.052010
0.052010
0.052010
0.052010
0.052010
0.052010
0.051879
0.051879
0.051879
0.051879
0.051879
0.051879
0.051879
0.051879
0.051879
0.051879
0.051879
0.051879
0.051879
0.051879
0.051879
0.051879
0.051879
0.051879
0.051879
0.051879
0.051879
0.051879
0.051879
0.051879
0.051879
0.051879
0.051879
0.051879
0.051879
0.051605
0.051605
0.051605
0.051605
0.051605
0.051605
0.051605
0.051605
0.051605
0.051605
0.051605
0.051605
0.051605
0.051605
0.051605
0.051605
0.051605
0.051605
0.051605
0.050413
0.050276
0.050276
0.050276
0.050276
0.050276
0.050276
0.050276
0.050276
0.050276
0.050276
0.050276
0.050276
0.050276
0.050276
0.050276
0.050276
0.050276
0.050276
0.050276
0.050276
0.050276
0.050276
0.050276
0.050276
0.050276
0.050276
0.050276
0.050276
0.050276
0.050276
0.050276
0.050276
0.050276
0.050276
0.050276
0.050235
0.050235
0.050235
0.050235
0.050235
0.050235
0.050235
0.050235
0.050235
0.050235
0.050235
0.050235
0.050235
0.050235
0.050235
0.047160
0.047160
0.047160
0.047160
0.047160
0.047160
0.047160
0.047160
0.047160
0.047160
0.047160
0.047160
0.047160
0.047160
0.047160
0.047160
0.047160
0.047160
0.047160
0.047160
0.047160
0.047160
0.047160
0.047160
0.047160
0.047160
0.047160
0.047160
0.047160
0.047160
0.047160
0.047160
0.047160
0.047160
0.047160
0.047160
0.047100
0.047100
0.047100
0.047100
0.047100
0.047100
0.047100
0.047100
0.047100
0.047100
0.047100
0.047100
0.047100
0.047100
0.047100
0.047100
0.047100
0.047100
0.047100
0.047100
0.047100
0.047100
0.047100
0.047100
0.047100
0.047100
0.047100
0.047100
0.047100
0.047100
0.047100
0.047100
0.047100
0.047100
0.047100
0.047100
0.047100
0.047100
0.047100
0.047100
0.047100
0.047100
0.047100
0.047100
0.047100
0.047100
0.046891
0.046891
0.046891
0.046891
0.046891
0.046891
0.046891
0.046891
0.046891
0.046891
0.046891
0.046891
0.046891
0.046891
0.046891
0.046891
0.046891
0.045973
0.045973
0.045973
0.045973
0.045973
0.045973
0.045973
0.045973
0.045973
0.045973
0.045973
0.045973
0.045973
0.045973
0.045973
0.045973
0.045973
0.045973
0.045973
0.045973
0.045973
0.045967
0.045967
0.045967
0.045967
0.045967
0.045967
0.045967
0.045967
0.045967
0.045967
0.045967
0.045967
0.045967
0.045967
0.045967
0.045967
0.045967
0.045967
0.045967
0.045967
0.045967
0.045967
0.045967
0.045967
0.045967
0.045967
0.045967
0.045967
0.045967
0.045781
0.045781
0.045781
0.045781
0.045781
0.045781
0.045781
0.045781
0.045781
0.045781
0.045781
0.045781
0.045781
0.045781
0.045781
0.045781
0.045781
0.045781
0.045781
0.045781
0.045781
0.045781
0.045781
0.045781
0.045781
0.045781
0.045781
0.045781
0.045781
0.045781
0.045781
0.045781
0.045781
0.045781
0.045781
0.045781
0.045776
0.045776
0.045776
0.045776
0.045776
0.045776
0.045776
0.045776
0.045776
0.045776
0.045776
0.045776
0.045776
0.045776
0.045776
0.045776
0.045776
0.045776
0.045776
0.045776
0.045776
0.045776
0.045776
0.045776
0.045776
0.045776
0.045776
0.045776
0.045776
0.045776
0.045776
0.045776
0.045776
0.045776
0.045776
0.045776
0.045776
0.045776
0.045776
0.045776
0.045776
0.045776
0.045776
0.045776
0.045776
0.045776
0.045776
0.045776
0.045776
0.045776
0.045776
0.045776
0.045776
0.045776
0.045776
0.045776
0.045776
0.045776
0.045776
0.045776
0.045776
0.045776
0.045776
0.045776
0.045776
0.045776
0.045776
0.045776
0.045776
0.045776
0.045776
0.045776
0.045776
0.045776
0.045776
0.045776
0.045776
0.045776
0.045776
0.045776
0.045776
0.045776
0.045776
0.045776
0.045776
0.045776
0.045776
0.045776
0.045776
0.045776
0.045776
0.045776
0.045776
0.045776
0.045776
0.045776
0.045657
0.045657
0.045657
0.045657
0.045657
0.045657
0.045657
0.045657
0.045657
0.045657
0.045657
0.045657
0.045657
0.045657
0.045657
0.045657
0.045657
0.045657
0.045657
0.045657
0.045657
0.045657
0.045657
0.045657
0.045657
0.045657
0.045657
0.045657
0.045657
0.045657
0.045657
0.045657
0.045657
0.045573
0.045573
0.045573
0.045573
0.045573
0.045573
0.045573
0.045573
0.045573
0.045573
0.045573
0.045573
0.045573
0.045573
0.045573
0.045573
0.045573
0.045573
0.045565
0.045565
0.045565
0.045565
0.045565
0.045565
0.045565
0.045565
0.045565
0.045565
0.045565
0.045565
0.045565
0.045565
0.045565
0.045565
0.045565
0.045565
0.045565
0.045565
0.045565
0.045565
0.045565
0.045565
0.045565
0.045565
0.045565
0.045565
0.045565
0.045565
0.045565
0.045565
0.045565
0.045565
0.045565
0.045565
0.045565
0.045565
0.045565
0.045565
0.045565
0.045565
0.045565
0.045565
0.045565
0.045565
0.045565
0.045565
0.045565
0.045565
0.045565
0.045565
0.045307
0.045307
0.045307
0.045307
0.045307
0.045307
0.045307
0.045307
0.045307
0.045307
0.045307
0.045307
0.043801
0.043801
0.043801
0.043801
0.043801
0.043801
0.043801
0.043801
0.043801
0.043801
0.043801
0.043801
0.043801
0.043801
0.043801
0.043801
0.043801
0.043801
0.043801
0.043801
0.043801
0.043801
0.043801
0.043801
0.043801
0.043801
0.043801
0.043801
0.043801
0.043801
0.043801
0.043801
0.043801
0.043801
0.043801
0.043801
0.043801
0.043801
0.043801
0.043801
0.043801
0.043801
0.043801
0.043801
0.043801
0.043801
0.043801
0.043801
0.043801
0.043801
0.043801
0.043801
0.043801
0.043801
0.043801
0.043801
0.043801
0.043801
0.043801
0.043801
0.043801
0.043801
0.043801
0.043801
0.043801
0.043801
0.043801
0.043801
0.043801
0.043801
0.043801
0.043788
0.043788
0.043788
0.043788
0.043788
0.043788
0.043788
0.043788
0.043788
0.043788
0.043788
0.043788
0.043788
0.043788
0.043788
0.043788
0.043788
0.043788
0.043788
0.043788
0.043788
0.043788
0.043788
0.043788
0.043788
0.043788
0.043788
0.043788
0.043788
0.043788
0.043788
0.043788
0.043788
0.043788
0.043788
0.043788
0.043788
0.043788
0.043788
0.043788
0.043788
0.043788
0.043788
0.043788
0.043788
0.043788
0.043788
0.043788
0.043788
0.043788
0.043788
0.043788
0.043788
0.043788
0.043788
0.043788
0.043788
0.043788
0.043788
0.043788
0.043788
0.043788
0.043788
0.043788
0.043788
0.043788
0.043788
0.043788
0.043788
0.043788
0.043788
0.043788
0.043788
0.043788
0.043788
0.043788
0.043788
0.043788
0.043788
0.043788
0.043788
0.043788
0.043788
0.043788
0.043788
0.043788
0.043788
0.043788
0.043788
0.043788
0.043788
0.043788
0.043335
0.043335
0.043335
0.043335
0.043335
0.043335
0.043335
0.043335
0.043335
0.043335
0.043335
0.043335
0.043335
0.043335
0.043335
0.043335
0.043335
0.043335
0.043335
0.043335
0.043335
0.043335
0.043335
0.043335
0.043335
0.043335
0.043335
0.043335
0.043335
0.043335
0.043335
0.043335
0.043335
0.043335
0.043335
0.043335
0.043335
0.043335
0.043335
0.043335
0.043335
0.043335
0.043335
0.043335
0.043335
0.043335
0.043335
0.043335
0.043335
0.043173
0.043173
0.043173
0.043173
0.043173
0.043173
0.043173
0.043173
0.043173
0.043173
0.043173
0.043173
0.043173
0.043173
0.043173
0.043173
0.043173
0.043173
0.043173
0.043173
0.043173
0.043173
0.043173
0.043173
0.043173
0.043173
0.043173
0.043173
0.043173
0.043173
0.043173
0.043173
0.043173
0.043173
0.043173
0.043173
0.043173
0.043173
0.043098
0.043098
0.042107
0.042107
0.042107
0.042107
0.042107
0.042107
0.042107
0.042107
0.042107
0.042107
0.042107
0.042107
0.042107
0.042107
0.042107
0.042107
0.042107
0.042107
0.042107
0.042107
0.042107
0.042107
0.042107
0.042107
0.042107
0.042107
0.042107
0.042107
0.042107
0.042107
0.042107
0.042107
0.042107
0.042107
0.042107
0.042107
0.042107
0.042107
0.042107
0.042107
0.042107
0.042107
0.042107
0.042107
0.042107
0.042107
0.042107
0.042107
0.041507
0.041507
0.041507
0.041507
0.041507
0.041507
0.041507
0.041507
0.041507
0.041507
0.041507
0.041507
0.041507
0.041507
0.041507
0.041507
0.041507
0.041507
0.041507
0.041507
0.041462
0.041462
0.041462
0.041462
0.041269
0.041269
0.041269
0.041269
0.041269
0.041269
0.041269
0.041269
0.041269
0.041269
0.041269
0.041269
0.041269
0.041269
0.041269
0.041269
0.041269
0.041269
0.041269
0.041269
0.041269
0.041269
0.041269
0.041269
0.041269
0.041269
0.041269
0.041269
0.041269
0.041269
0.041269
0.041269
0.041269
0.041269
0.041269
0.041269
0.041269
0.041269
0.041269
0.041269
0.041269
0.041269
0.041269
0.041269
0.041269
0.041269
0.041269
0.041269
0.041269
0.041269
0.041269
0.041269
0.041269
0.041269
0.041269
0.041269
0.041269
0.041269
0.041269
0.041269
0.041269
0.041269
0.041269
0.041269
0.041269
0.041269
0.041269
0.041269
0.041269
0.041269
0.041269
0.041269
0.041269
0.041269
0.041269
0.041269
0.041269
0.041269
0.041269
0.041269
0.041269
0.041269
0.041269
0.041269
0.041269
0.041269
0.041269
0.041269
0.041269
0.041269
0.041269
0.041269
0.041269
0.041269
0.041269
0.041269
0.041269
0.041269
0.041269
0.041269
0.041269
0.041269
0.041269
0.041269
0.041269
0.041269
0.041269
0.041269
0.041269
0.041269
0.041269
0.041269
0.041269
0.041269
0.041269
0.040622
0.040622
0.040622
0.040622
0.040622
0.040622
0.040622
0.040622
0.040622
0.040622
0.040622
0.040622
0.040622
0.040622
0.040622
0.040622
0.040622
0.040622
0.040622
0.040622
0.040622
0.040613
0.040613
0.040613
0.040613
0.040540
0.040540
0.040540
0.040540
0.040540
0.040540
0.040540
0.040540
0.040527
0.040527
0.040527
0.040527
0.040527
0.040527
0.040510
0.040510
0.040510
0.040502
0.040502
0.040502
0.040502
0.040502
0.040502
0.040502
0.040502
0.040502
0.040502
0.040502
0.040502
0.040502
0.040502
0.040502
0.040502
0.040502
0.040502
0.040502
0.040502
0.040502
0.040502
0.040502
0.040502
0.040502
0.040502
0.040502
0.040502
0.040502
0.040502
0.040502
0.040502
0.040502
0.040502
0.040502
0.040502
0.040502
0.040502
0.040502
0.040502
0.040502
0.040502
0.040502
0.040502
0.040502
0.040502
0.040502
0.040502
0.040502
0.040502
0.040502
0.040502
0.040502
0.040502
0.040502
0.040502
0.040502
0.040502
0.040502
0.040502
0.040502
0.040502
0.040502
0.040502
0.040502
0.040502
0.040502
0.040078
0.040078
0.040078
0.040078
0.040078
0.040078
0.040078
0.040078
0.040078
0.040078
0.040078
0.040078
0.040078
0.040078
0.040078
0.040078
0.040078
0.040078
0.040078
0.040078
0.040078
0.040078
0.040078
0.040078
0.040078
0.040078
0.040078
0.040078
0.040078
0.040078
0.040078
0.040078
0.040078
0.040078
0.040078
0.040078
0.040078
0.040078
0.040078
0.040078
0.040078
0.040078
0.040078
0.040078
0.040078
0.040078
0.039903
0.039903
0.039903
0.039903
0.039903
0.039903
0.039903
0.039903
0.039903
0.039903
0.039903
0.039903
0.039903
0.039903
0.039903
0.039903
0.039903
0.038116
0.038116
0.038116
0.038116
0.038116
0.038116
0.038116
0.038116
0.038116
0.038116
0.038116
0.038116
0.038116
0.038116
0.038116
0.038116
0.038116
0.038116
0.038116
0.038116
0.038005
0.038005
0.038005
0.038005
0.038003
0.038003
0.038003
0.038003
0.038003
0.038003
0.038003
0.038003
0.038003
0.038003
0.038003
0.038003
0.038003
0.038003
0.038003
0.038003
0.038003
0.038003
0.038003
0.038003
0.038003
0.038003
0.038003
0.038003
0.037959
0.037959
0.037959
0.037959
0.037959
0.037959
0.037959
0.037959
0.037959
0.037959
0.037959
0.037959
0.037959
0.037959
0.037959
0.037959
0.037959
0.037959
0.037959
0.037959
0.037959
0.037959
0.036636
0.036636
0.036636
0.036636
0.036636
0.036636
0.036636
0.036636
0.036636
0.036636
0.036636
0.036636
0.036636
0.036636
0.036636
0.036636
0.036636
0.036636
0.036636
0.036636
0.036636
0.036636
0.036636
0.036636
0.036636
0.036636
0.036636
0.036636
0.036636
0.036378
0.036378
0.036378
0.036378
0.036378
0.036378
0.034901
0.034901
0.034901
0.034901
0.034901
0.034901
0.034901
0.034901
0.034901
0.034901
0.034901
0.034901
0.034901
0.034901
0.034901
0.034901
0.034901
0.034901
0.034901
0.034901
0.034901
0.034901
0.034901
0.034901
0.034901
0.034901
0.034901
0.034901
0.034901
0.034901
0.034901
0.034901
0.034901
0.034901
0.034901
0.034901
0.034901
0.034901
0.034901
0.034901
0.034683
0.034683
0.034683
0.034683
0.034683
0.034683
0.034683
0.034683
0.034683
0.034683
0.034683
0.034683
0.034683
0.034683
0.034683
0.034683
0.034683
0.034683
0.034683
0.034683
0.034683
0.034683
0.034683
0.034683
0.034683
0.034683
0.034683
0.034683
0.034683
0.034568
0.034568
0.034568
0.034568
0.034568
0.034568
0.034568
0.034370
0.034370
0.034370
0.034370
0.034370
0.034370
0.034370
0.034370
0.034370
0.034370
0.034370
0.034324
0.034324
0.034324
0.034324
0.034324
0.034324
0.034324
0.034324
0.034324
0.034324
0.034324
0.034324
0.034324
0.034324
0.034324
0.034324
0.034324
0.034324
0.034324
0.034324
0.034324
0.034324
0.034324
0.033935
0.033935
0.033935
0.033935
0.033935
0.033935
0.033935
0.033935
0.033935
0.033935
0.033935
0.033935
0.033935
0.033935
0.033935
0.033935
0.033935
0.033935
0.033935
0.033935
0.033935
0.033935
0.033935
0.033935
0.033935
0.033935
0.033935
0.033935
0.033935
0.033935
0.033935
0.033935
0.033935
0.033935
0.033935
0.033935
0.033935
0.033935
0.033935
0.033935
0.033935
0.033935
0.033935
0.033935
0.033935
0.033935
0.033935
0.033935
0.033935
0.033870
0.033870
0.033870
0.033870
0.033870
0.033870
0.033870
0.033870
0.033870
0.033870
0.033870
0.033870
0.033870
0.033870
0.033870
0.033714
0.033714
0.033714
0.033531
0.033531
0.033531
0.033531
0.033531
0.033531
0.033531
0.033531
0.033531
0.033531
0.033531
0.033531
0.033531
0.033531
0.033531
0.033531
0.033531
0.033531
0.033531
0.033531
0.033531
0.033531
0.033531
0.033531
0.033531
0.033531
0.033531
0.033531
0.033531
0.033531
0.033531
0.033531
0.033531
0.033531
0.033531
0.033531
0.033531
0.033531
0.033531
0.033531
0.033531
0.033531
0.033531
0.033531
0.033531
0.033531
0.033531
0.033531
0.033531
0.033531
0.033531
0.033531
0.033531
0.033531
0.033531
0.033531
0.033531
0.033531
0.033531
0.033531
0.033531
0.033531
0.033531
0.033531
0.033531
0.033531
0.033531
0.033531
0.033531
0.033531
0.033531
0.033531
0.033531
0.033531
0.033531
0.033531
0.033531
0.033531
0.033531
0.033531
0.033531
0.033531
0.033531
0.033531
0.033531
0.033531
0.033531
0.033531
0.033531
0.033531
0.033531
0.033531
0.033531
0.033531
0.033531
0.033531
0.033531
0.033410
0.033410
0.033384
0.033384
0.033384
0.033384
0.033384
0.033384
0.033384
0.033384
0.033384
0.033384
0.033384
0.033384
0.033384
0.033384
0.033384
0.033384
0.033384
0.033384
0.033384
0.033384
0.033384
0.033384
0.033384
0.033384
0.033384
0.033384
0.033384
0.033384
0.033384
0.033384
0.033384
0.033384
0.033384
0.033384
0.033384
0.033384
0.033384
0.033384
0.033384
0.033384
0.033384
0.033384
0.033358
0.033358
0.033358
0.033358
0.033358
0.033358
0.033358
0.033358
0.033358
0.033358
0.033358
0.033358
0.033358
0.033358
0.033358
0.033358
0.033358
0.033358
0.033358
0.033358
0.033358
0.033358
0.033358
0.033358
0.033358
0.033358
0.033358
0.032700
0.032700
0.032700
0.032700
0.032700
0.032700
0.032700
0.032700
0.032700
0.032700
0.032700
0.032700
0.032700
0.032700
0.032700
0.032700
0.032700
0.032700
0.032700
0.032700
0.032700
0.032700
0.032700
0.032700
0.032700
0.032700
0.032700
0.032700
0.032664
0.032664
0.032664
0.032664
0.032664
0.032664
0.032664
0.032664
0.032664
0.032664
0.032664
0.032664
0.032664
0.032664
0.032664
0.032664
0.032664
0.032664
0.032664
0.032664
0.032664
0.032664
0.032664
0.032664
0.032664
0.032664
0.032664
0.032664
0.032664
0.032664
0.032664
0.032664
0.032664
0.032664
0.032664
0.032664
0.032664
0.032664
0.032664
0.032664
0.032664
0.032664
0.032664
0.032664
0.032664
0.032664
0.032664
0.032664
0.032664
0.032664
0.032664
0.032664
0.032664
0.032523
0.032523
0.032523
0.032523
0.032523
0.032523
0.032523
0.032523
0.032523
0.032523
0.032523
0.032523
0.032523
0.032519
0.032519
0.032519
0.032519
0.032519
0.032519
0.032519
0.032519
0.032519
0.032519
0.032519
0.032519
0.032519
0.032519
0.032519
0.032474
0.032474
0.032474
0.032474
0.032474
0.032474
0.032474
0.032474
0.032474
0.032474
0.032474
0.032474
0.032474
0.032474
0.032474
0.032474
0.032474
0.032474
0.032474
0.032474
0.032474
0.032474
0.032474
0.032474
0.032474
0.032474
0.032474
0.032474
0.032474
0.032474
0.032474
0.032474
0.032474
0.032474
0.032474
0.032474
0.032474
0.032474
0.032474
0.032474
0.032474
0.032474
0.032474
0.032474
0.032474
0.032474
0.032474
0.032474
0.032474
0.032474
0.032474
0.032474
0.032474
0.032474
0.032474
0.032474
0.032474
0.032474
0.032474
0.032474
0.032474
0.032474
0.032474
0.032474
0.032474
0.032474
0.032474
0.032474
0.032474
0.032474
0.032474
0.032474
0.032474
0.032474
0.032474
0.032474
0.032474
0.032474
0.032474
0.032474
0.032474
0.032474
0.032474
0.032474
0.032474
0.032474
0.032474
0.032474
0.032474
0.032474
0.032474
0.032474
0.032390
0.032390
0.032390
0.032390
0.032390
0.032390
0.032334
0.032334
0.032334
0.032334
0.032167
0.032167
0.032167
0.032167
0.032167
0.032167
0.032167
0.032167
0.032167
0.032167
0.032167
0.032167
0.032167
0.032167
0.032167
0.032167
0.032167
0.032167
0.032167
0.032167
0.032167
0.032167
0.032167
0.032167
0.032167
0.032167
0.032167
0.032167
0.032167
0.032167
0.032167
0.032167
0.032155
0.032155
0.032155
