1.000000
0.999513
0.972714
0.954331
0.989536
0.958066
0.979041
0.940341
0.960454
0.938946
0.939701
0.956303
0.915399
0.936684
0.912785
0.930604
0.910278
0.895153
0.910085
0.896271
0.903816
0.883545
0.885638
0.869796
0.838469
0.867037
0.842204
0.864228
0.850286
0.853052
0.821896
0.813200
0.830059
0.802822
0.803709
0.783841
0.803009
0.777398
0.767371
0.783993
0.756028
0.780065
0.752161
0.761648
0.729450
0.724527
0.731427
0.716534
0.731557
0.700150
0.702220
0.679606
0.679500
0.694113
0.676016
0.685335
0.672017
0.678867
0.659990
0.651152
0.662850
0.644549
0.648964
0.634763
0.646676
0.618946
0.599112
0.612822
0.596996
0.600034
0.571331
0.571574
0.554911
0.549380
0.546608
0.545477
0.548330
0.529793
0.511326
0.509726
0.479613
0.492282
0.477907
0.482257
0.453283
0.448650
0.450815
0.431834
0.434634
0.407924
0.411528
0.389557
0.395313
0.371352
0.349111
0.356214
0.346178
0.338496
0.328873
0.327056
0.315244
0.307331
0.301557
0.274861
0.288798
0.276995
0.270238
0.261098
0.269794
0.273162
0.265258
0.254554
0.238154
0.235379
0.235404
0.235580
0.232234
0.221782
0.224224
0.227030
0.219041
0.210912
0.196098
0.184507
0.199436
0.198748
0.189388
0.171038
0.177520
0.186266
0.184050
0.177580
0.179782
0.175042
0.164216
0.169129
0.151805
0.161605
0.147976
0.156626
0.149088
0.156321
0.146220
0.151187
0.151516
0.148531
0.146307
0.152279
0.155335
0.149096
0.150754
0.150708
0.144045
0.142352
0.148610
0.138826
0.142267
0.144338
0.147962
0.139815
0.149543
0.138328
0.138275
0.128210
0.128514
0.136156
0.128014
0.134021
0.133261
0.137109
0.129557
0.134520
0.132921
0.135648
0.141914
0.125717
0.121182
0.131019
0.128725
0.123664
0.132705
0.130288
0.125346
0.127807
0.122433
0.120486
0.124486
0.126013
0.119073
0.122619
0.128332
0.116352
0.119686
0.112444
0.126030
0.121336
0.119070
0.114844
0.118476
0.122612
0.121537
0.117981
0.114653
0.116131
0.112587
0.119961
0.107659
0.117871
0.113229
0.115754
0.114961
0.114015
0.099709
0.111313
0.100522
0.106786
0.094453
0.096257
0.093027
0.090345
0.100556
0.102558
0.093300
0.097176
0.100875
0.101120
0.096414
0.091035
0.097109
0.097165
0.094210
0.096921
0.101766
0.096898
0.088191
0.101036
0.094095
0.086423
0.092303
0.103187
0.103692
0.101721
0.092713
0.097482
0.100400
0.092156
0.099492
0.084047
0.082585
0.090346
0.087190
0.092389
0.094732
0.098074
0.084200
0.084780
0.100238
0.092204
0.083662
0.094940
0.097540
0.096542
0.079922
0.081334
0.089652
0.088929
0.093231
0.092057
0.083633
0.086675
0.089231
0.094160
0.085652
0.086513
0.095655
0.095217
0.089413
0.080646
0.085962
0.077239
0.082105
0.081060
0.088875
0.080684
0.072429
0.088239
0.072921
0.075359
0.088301
0.086223
0.087464
0.084986
0.075989
0.078707
0.073954
0.083623
0.087733
0.079207
0.066491
0.070206
0.079807
0.083744
0.088954
0.080400
0.074728
0.083331
0.069360
0.074249
0.077868
0.079921
0.074127
0.079405
0.079272
0.069722
0.069956
0.082865
0.075052
0.079337
0.074469
0.086402
0.085823
0.092254
0.078822
0.087886
0.087746
0.090012
0.087152
0.087236
0.078797
0.084526
0.083701
0.083047
0.087393
0.090396
0.077654
0.089091
0.092229
0.083720
0.083285
0.079975
0.082756
0.074198
0.070026
0.070019
0.075022
0.079398
0.078218
0.081991
0.079428
0.083062
0.083914
0.078101
0.077674
0.068705
0.083527
0.079210
0.084603
0.079653
0.087005
0.087250
0.080114
0.074527
0.088159
0.079222
0.074538
0.080723
0.083751
0.083148
0.084448
0.070639
0.079316
0.080027
0.079708
0.082231
0.083085
0.081939
0.074603
0.077821
0.088669
0.085423
0.084238
0.083657
0.092388
0.079951
0.078717
0.083708
0.074671
0.082913
0.073959
0.073636
0.078707
0.078264
0.087611
0.075796
0.083444
0.070560
0.078922
0.071965
0.068373
0.074710
0.078573
0.071533
0.078487
0.089243
0.078314
0.082035
0.088331
0.086446
0.077147
0.078914
0.079066
0.083569
0.079654
0.076423
0.071582
0.074722
0.078985
0.071443
0.078604
0.091516
0.077927
0.084475
0.078641
0.078231
0.086886
0.083055
0.074153
0.090406
0.082714
0.081995
0.078871
0.083352
0.085348
0.082325
0.083370
0.086308
0.084167
0.083549
0.078388
0.080293
0.087145
0.075073
0.075570
0.079213
0.080177
0.073566
0.081411
0.079701
0.076245
0.083171
0.072015
0.078014
0.070179
0.061386
0.065230
0.072982
0.069745
0.069510
0.078047
0.078586
0.074286
0.074741
0.070051
0.080291
0.078475
0.079393
0.070268
0.065592
0.074587
0.066429
0.074822
0.079207
0.070755
0.074574
0.091904
0.073713
0.074391
0.083529
0.078722
0.079229
0.076430
0.088858
0.083186
0.086347
0.075765
0.084348
0.079178
0.069929
0.073294
0.080849
0.077376
0.069145
0.081714
0.077874
0.082591
0.078844
0.081416
0.082526
0.077962
0.083266
0.081878
0.077327
0.081635
0.077131
0.073478
0.084564
0.078319
0.078495
0.087037
0.070092
0.074458
0.075269
0.080595
0.076093
0.079492
0.079635
0.079509
0.092904
0.079714
0.077368
0.082465
0.073525
0.077800
0.075951
0.079133
0.078871
0.062704
0.080222
0.075191
0.077912
0.078676
0.079470
0.080089
0.083033
0.086869
0.084658
0.077369
0.076410
0.073220
0.081023
0.080847
0.072063
0.072024
0.082119
0.085101
0.077641
0.077316
0.076246
0.077488
0.075423
0.067353
0.080725
0.076658
0.069325
0.076411
0.075518
0.080418
0.081836
0.071694
0.076341
0.074944
0.063571
0.066442
0.072761
0.071782
0.067793
0.076853
0.066307
0.070667
0.063146
0.066923
0.066333
0.067107
0.080246
0.063353
0.062692
0.064151
0.063745
0.068417
0.071573
0.067546
0.072363
0.067336
0.080390
0.066860
0.069102
0.071316
0.080749
0.076871
0.063872
0.073162
0.072114
0.073363
0.080990
0.072119
0.075742
0.072133
0.081493
0.075117
0.072402
0.063734
0.076931
0.071353
0.081304
0.071824
0.075954
0.076034
0.072748
0.079061
0.071537
0.074077
0.079785
0.080094
0.076158
0.080918
0.067570
0.065051
0.059903
0.068006
0.064323
0.059304
0.069378
0.069650
0.069002
0.060401
0.063945
0.072297
0.080569
0.071314
0.068765
0.071700
0.072899
0.064107
0.072156
0.070762
0.062638
0.076964
0.068421
0.071340
0.081197
0.071609
0.062962
0.070060
0.072180
0.075322
0.067781
0.075443
0.076484
0.079592
0.079886
0.071891
0.080309
0.079108
0.068101
0.067697
0.076614
0.082036
0.076811
0.072104
0.067444
0.076889
0.073413
0.075838
0.077201
0.079925
0.079453
0.077282
0.068972
0.067670
0.071330
0.083414
0.072359
0.075749
0.085461
0.085034
0.075294
0.075971
0.077236
0.074667
0.080634
0.081897
0.067145
0.075666
0.075630
0.067921
0.059904
0.066820
0.076113
0.076254
0.074670
0.067792
0.080632
0.067631
0.075644
0.080923
0.068332
0.068166
0.078169
0.081575
0.079621
0.079965
0.080584
0.084311
0.071875
0.080390
0.071660
0.084902
0.072417
0.085948
0.084921
0.075622
0.075698
0.072837
0.063672
0.073730
0.076844
0.075699
0.055161
0.063689
0.073210
0.072920
0.073452
0.064954
0.068420
0.069219
0.064188
0.078016
0.086756
0.076601
0.073359
0.077438
0.085206
0.081486
0.072117
0.072352
0.072236
0.081178
0.075885
0.081104
0.080600
0.077579
0.076978
0.075836
0.083379
0.072506
0.082118
0.084089
0.075821
0.086282
0.075770
0.077011
0.081716
0.081150
0.081749
0.084804
0.076687
0.072094
0.066704
0.077198
0.069235
0.068432
0.080956
0.081279
0.075913
0.081537
0.068908
0.063255
0.067090
0.075692
0.063410
0.063335
0.066456
0.070285
0.066943
0.067963
0.067094
0.081197
0.076860
0.071497
0.067171
0.074334
0.080650
0.076336
0.079650
0.080958
0.077087
0.068127
0.067440
0.073476
0.073493
0.076232
0.067743
0.072755
0.067810
0.075831
0.063584
0.080450
0.071511
0.064571
0.073311
0.067887
0.072947
0.064483
0.064390
0.077979
0.068693
0.077008
0.069665
0.073145
0.077916
0.073829
0.074351
0.072779
0.076247
0.069662
0.072251
0.072372
0.077009
0.085708
0.076057
0.076446
0.076731
0.076548
0.075041
0.067919
0.075934
0.075819
0.076072
0.073681
0.076590
0.073857
0.079256
0.077199
0.071551
0.077905
0.072111
0.081742
0.072723
0.081766
0.076566
0.081047
0.077633
0.087701
0.073318
0.072946
0.069242
0.073227
0.081648
0.073477
0.076338
0.065094
0.070587
0.065751
0.065815
0.061546
0.072910
0.072934
0.074471
0.068725
0.065281
0.073267
0.065401
0.075091
0.069089
0.078986
0.071260
0.065528
0.078132
0.066538
0.069162
0.066340
0.073898
0.077990
0.074929
0.070322
0.079185
0.065639
0.072959
0.069963
0.065325
0.069378
0.070794
0.061542
0.074771
0.075342
0.060463
0.069236
0.073881
0.064771
0.060498
0.074056
0.065902
0.059983
0.057231
0.057307
0.061530
0.055710
0.061852
0.051954
0.055690
0.056269
0.061353
0.069938
0.060558
0.064221
0.063615
0.068407
0.064699
0.072268
0.069559
0.064019
0.077337
0.068829
0.068574
0.077816
0.060235
0.068343
0.057394
0.064143
0.064387
0.064938
0.056336
0.068298
0.060607
0.064655
0.068350
0.060169
0.068379
0.064104
0.064666
0.065046
0.059455
0.065010
0.064004
0.077386
0.064195
0.059700
0.068104
0.055925
0.051870
0.059633
0.064995
0.068505
0.063248
0.068217
0.064175
0.067872
0.067565
0.069114
0.071769
0.059755
0.055405
0.068780
0.069916
0.073333
0.064876
0.068249
0.068805
0.068994
0.072519
0.069140
0.069098
0.065016
0.072712
0.059506
0.064991
0.064836
0.073139
0.078084
0.071231
0.068586
0.073711
0.068795
0.066365
0.056378
0.073569
0.069471
0.069377
0.073630
0.065334
0.068668
0.069499
0.064924
0.077580
0.056662
0.064672
0.071812
0.074005
0.073570
0.072785
0.065289
0.073325
0.064356
0.069766
0.066496
0.068995
0.073321
0.070449
0.070765
0.073421
0.075637
0.069739
0.069626
0.064734
0.065127
0.061190
0.064923
0.062550
0.074119
0.069445
0.057349
0.070512
0.069843
0.064165
0.062014
0.052583
0.069952
0.062092
0.060827
0.068299
0.057566
0.056862
0.071355
0.066326
0.065574
0.061978
0.066399
0.065747
0.069504
0.065437
0.054174
0.056386
0.056243
0.057167
0.057566
0.056238
0.061194
0.044283
0.042549
0.042719
0.047622
0.051792
0.042859
0.047229
0.038812
0.042672
0.046784
0.038184
0.042871
0.046999
0.043630
0.055689
0.046740
0.043625
0.050843
0.051296
0.044326
0.044174
0.055384
0.047553
0.056884
0.051699
0.047847
0.051005
0.047814
0.047690
0.042435
0.046445
0.047923
0.051274
0.047017
0.051547
0.042957
0.047542
0.047289
0.046741
0.051176
0.051534
0.048409
0.047871
0.050148
0.051406
0.047136
0.042693
0.047879
0.043076
0.051021
0.060262
0.047115
0.052946
0.055128
0.052159
0.052367
0.051357
0.042662
0.046287
0.038928
0.042531
0.047382
0.042389
0.047419
0.046803
0.042520
0.046703
0.042204
0.042598
0.042821
0.056127
0.042343
0.038739
0.051472
0.051530
0.047863
0.051080
0.051484
0.050981
0.047122
0.047632
0.047202
0.047336
0.047219
0.047322
0.048625
0.047442
0.047827
0.047557
0.051437
0.047160
0.038660
0.043247
0.051021
0.050228
0.051588
0.044061
0.047386
0.043585
0.050597
0.051752
0.051259
0.051173
0.043278
0.046314
0.047375
0.055262
0.046196
0.055819
0.042396
0.042250
0.045914
0.050614
0.045824
0.038280
0.050789
0.051014
0.046203
0.050985
0.055665
0.050414
0.046498
0.042281
0.042062
0.042471
0.050304
0.041969
0.054470
0.051743
0.050790
0.043217
0.046676
0.042074
0.046284
0.052274
0.051782
0.047825
0.050407
0.042498
0.050227
0.042861
0.038204
0.046986
0.050681
0.042213
0.051492
0.050915
0.051171
0.042704
0.042475
0.043062
0.050368
0.047203
0.042165
0.046503
0.046434
0.050274
0.046298
0.037873
0.055611
0.045565
0.037956
0.045850
0.052256
0.046439
0.039064
0.043299
0.046876
0.054783
0.045823
0.045695
0.042264
0.051077
0.043109
0.058801
0.047975
0.042118
0.050634
0.051746
0.046584
0.046004
0.042901
0.046830
0.045962
0.037444
0.042630
0.038343
0.046382
0.046213
0.050155
0.041809
0.050278
0.051235
0.050441
0.046831
0.047233
0.041922
0.042158
0.054329
0.055206
0.042030
0.046443
0.047369
0.042454
0.043124
0.046144
0.047189
0.051582
0.042566
0.047138
0.042905
0.042085
0.042181
0.043036
0.050918
0.042413
0.042013
0.038479
0.051784
0.051930
0.042250
0.043212
0.047118
0.034367
0.034496
0.051353
0.038625
0.049979
0.042006
0.042262
0.041882
0.050853
0.046688
0.037397
0.041835
0.042192
0.050183
0.045564
0.041904
0.050689
0.045566
0.037529
0.045863
0.038500
0.045957
0.043165
0.046315
0.038600
0.045190
0.038489
0.046381
0.041821
0.047275
0.047065
0.037680
0.041277
0.041960
0.049876
0.050852
0.051058
0.042353
0.045858
0.041600
0.046758
0.046346
0.049439
0.042209
0.045820
0.045961
0.041768
0.042817
0.042627
0.042999
0.050814
0.046505
0.054230
0.050212
0.037537
0.050637
0.051220
0.051355
0.050899
0.042308
0.050532
0.049655
0.049560
0.050388
0.041372
0.045996
0.049636
0.046048
0.037203
0.049609
0.049248
0.041554
0.044950
0.037323
0.050480
0.050926
0.054800
0.050340
0.046273
0.047167
0.045213
0.058652
0.053729
0.055129
0.045869
0.046462
0.046081
0.049547
0.042002
0.054862
0.051016
0.046131
0.049503
0.037986
0.047314
0.041276
0.041468
0.049498
0.050660
0.045423
0.046604
0.041214
0.049308
0.050459
0.050802
0.046446
0.050724
0.053841
0.047235
0.042884
0.046470
0.046157
0.051537
0.052246
0.053838
0.046796
0.045916
0.051016
0.051363
0.045241
0.051332
0.046896
0.054474
0.041283
0.046299
0.051043
0.041815
0.041937
0.037725
0.041210
0.045983
0.050041
0.042418
0.046028
0.037227
0.049031
0.041305
0.037103
0.046163
0.050271
0.045775
0.038104
0.042205
0.050798
0.046948
0.050267
0.059157
0.046804
0.051383
0.050319
0.045973
0.054593
0.043583
0.042701
0.055237
0.054739
0.042212
0.037806
0.050217
0.046468
0.049789
0.045524
0.045914
0.046254
0.046476
0.051354
0.051015
0.051527
0.046743
0.046246
0.042928
0.042755
0.051386
0.050445
0.046011
0.043291
0.052012
0.038692
0.045805
0.046546
0.037972
0.042410
0.050411
0.041931
0.037534
0.041607
0.041751
0.045862
0.046369
0.047219
0.054908
0.041951
0.054255
0.046081
0.047021
0.054921
0.051269
0.046552
0.054280
0.051594
0.046745
0.046851
0.048474
0.043352
0.051345
0.056809
0.042995
0.061085
0.055122
0.051981
0.047929
0.048181
0.047107
0.056312
0.051441
0.043622
0.051740
0.047411
0.052132
0.047616
0.055743
0.042901
0.046590
0.052280
0.050572
0.042635
0.046848
0.046871
0.047159
0.050564
0.046564
0.051454
0.046272
0.047127
0.039311
0.038176
0.046491
0.046794
0.051027
0.042764
0.046316
0.042069
0.042490
0.045788
0.050302
0.045450
0.047017
0.041865
0.046254
0.047823
0.051138
0.046040
0.050594
0.047562
0.042623
0.045512
0.042104
0.046834
0.037861
0.049936
0.050868
0.045552
0.037208
0.041723
0.051052
0.045797
0.045723
0.042533
0.041668
0.041483
0.041344
0.041654
0.033718
0.045865
0.042827
0.041607
0.037012
0.046298
0.046240
0.046285
0.041150
0.046623
0.037592
0.037862
0.050777
0.042174
0.046509
0.038671
0.048253
0.042877
0.046383
0.050729
0.051440
0.047448
0.047630
0.055253
0.046369
0.045753
0.046876
0.050858
0.046796
0.055869
0.046281
0.054472
0.043401
0.052110
0.054432
0.059349
0.049820
0.050501
0.058813
0.046631
0.042611
0.050351
0.051401
0.047149
0.051827
0.052328
0.054395
0.047104
0.047221
0.050228
0.050185
0.042480
0.059178
0.047003
0.046615
0.050067
0.046451
0.042110
0.048405
0.046778
0.050513
0.047084
0.047081
0.043062
0.054670
0.051367
0.041877
0.047471
0.043452
0.051327
0.043103
0.042713
0.034568
0.042346
0.043020
0.037865
0.038316
0.039129
0.047112
0.038364
0.042236
0.046966
0.047287
0.046003
0.046572
0.042892
0.050893
0.055455
0.037928
0.046862
0.046453
0.055026
0.046775
0.047678
0.042043
0.037839
0.041691
0.042117
0.054228
0.050790
0.054289
0.042762
0.042348
0.043266
0.050299
0.045860
0.051218
0.042647
0.058806
0.051594
0.038416
0.047526
0.054951
0.050637
0.051443
0.055932
0.050539
0.046503
0.052330
0.047353
0.050232
0.051817
0.047635
0.043191
0.052151
0.043796
0.043029
0.055003
0.055610
0.043385
0.039108
0.042995
0.047563
0.047789
0.047281
0.047167
0.038492
0.038562
0.051755
0.051237
0.046938
0.050871
0.038929
0.050644
0.059510
0.047351
0.046645
0.047731
0.038675
0.038258
0.034462
0.050854
0.046316
0.038429
0.042818
0.039242
0.042662
0.050948
0.046340
0.038282
0.050628
0.046946
0.050336
0.054581
0.050574
0.049986
0.058309
0.037485
0.042440
0.041620
0.041514
0.042554
0.045931
0.042856
0.051076
0.046707
0.041586
0.045780
0.058469
0.045924
0.051616
0.055912
0.042634
0.042106
0.047325
0.056053
0.042025
0.048161
0.045610
0.051226
0.042276
0.050792
0.047683
0.042295
0.046020
0.046673
0.051075
0.043245
0.047039
0.050317
0.052174
0.047069
0.049997
0.038245
0.051513
0.050115
0.049891
0.041978
0.046587
0.042347
0.041988
0.050843
0.050874
0.050790
0.047337
0.052899
0.038357
0.059645
0.051518
0.043183
0.056012
0.051072
0.047172
0.051060
0.047696
0.052853
0.043529
0.042836
0.042990
0.051800
0.052306
0.043200
0.047423
0.038501
0.050426
0.034313
0.046873
0.038526
0.042380
0.038364
0.054992
0.047207
0.051055
0.041900
0.042270
0.046615
0.042566
0.042706
0.051021
0.051191
0.050803
0.051610
0.047050
0.046206
0.047150
0.059219
0.047901
0.043108
0.048493
0.048010
0.048161
0.046724
0.038462
0.046308
0.046251
0.042362
0.042947
0.051350
0.038228
0.047071
0.045944
0.042976
0.055335
0.056706
0.051489
0.047316
0.051349
0.052065
0.059492
0.050477
0.047434
0.047075
0.034910
0.051728
0.047021
0.050787
0.038020
0.051470
0.050574
0.042726
0.038384
0.050806
0.050844
0.047907
0.050679
0.046867
0.054791
0.051175
0.046737
0.038272
0.047020
0.049884
0.047087
0.046367
0.047123
0.047604
0.050863
0.041627
0.050305
0.055241
0.043052
0.046187
0.046345
0.046381
0.041983
0.051423
0.054190
0.050383
0.054262
0.038108
0.054741
0.047653
0.050366
0.046518
0.046470
0.046015
0.045957
0.050614
0.041890
0.037826
0.055244
0.037463
0.049370
0.042108
0.041897
0.041412
0.042033
0.037672
0.042322
0.045398
0.045653
0.042074
0.046369
0.050036
0.041002
0.049753
0.037316
0.050117
0.053252
0.037841
0.045668
0.041146
0.050917
0.054083
0.045145
0.049944
0.053972
0.047529
0.046197
0.053753
0.050170
0.037310
0.037279
0.047222
0.049161
0.050421
0.050379
0.046078
0.049321
0.041339
0.047324
0.041768
0.042005
0.047034
0.037562
0.037076
0.045347
0.038101
0.041088
0.042649
0.050887
0.042731
0.037753
0.042144
0.041296
0.039239
0.046798
0.046205
0.043106
0.045669
0.049943
0.054575
0.042566
0.042361
0.046679
0.041537
0.041246
0.045475
0.046434
0.042023
0.053916
0.046858
0.050621
0.050577
0.053535
0.042192
0.042196
0.049739
0.042531
0.046061
0.050421
0.053594
0.046430
0.046160
0.053646
0.037702
0.050018
0.058281
0.042257
0.045872
0.045587
0.041952
0.045954
0.042555
0.041489
0.051298
0.055060
0.051289
0.042300
0.045879
0.054904
0.054727
0.059030
0.051904
0.047997
0.047596
0.050333
0.041826
0.038003
0.045715
0.045684
0.042344
0.051361
0.042896
0.049455
0.050272
0.045728
0.047553
0.050599
0.050748
0.037941
0.037683
0.041180
0.054981
0.046554
0.037835
0.050413
0.037694
0.047089
0.050769
0.041325
0.049963
0.050044
0.041516
0.045196
0.041732
0.049440
0.045841
0.053769
0.051465
0.049437
0.044981
0.045364
0.045241
0.050476
0.045397
0.050823
0.045476
0.045019
0.046023
0.046125
0.048985
0.041163
0.050557
0.045262
0.041581
0.041745
0.041889
0.037701
0.041867
0.053958
0.045286
0.041541
0.042657
0.041201
0.041773
0.041929
0.037584
0.046154
0.037515
0.050337
0.041246
0.037616
0.050261
0.037244
0.041577
0.042346
0.045695
0.045754
0.049455
0.038184
0.042270
0.050615
0.046029
0.037650
0.050145
0.050752
0.046862
0.051374
0.041882
0.047553
0.046415
0.038390
0.045479
0.041644
0.041332
0.045585
0.045881
0.045616
0.053799
0.050984
0.049968
0.051869
0.041350
0.050761
0.050804
0.050109
0.049352
0.047118
0.053962
0.050724
0.050745
0.046623
0.045919
0.051311
0.049753
0.051402
0.050137
0.046072
0.046491
0.037951
0.058664
0.051206
0.045793
0.042242
0.043062
0.045743
0.033707
0.046531
0.034190
0.038302
0.046878
0.037508
0.052096
0.046603
0.046491
0.042170
0.046709
0.046695
0.050244
0.050959
0.041495
0.055175
0.045747
0.046107
0.049917
0.051061
0.038388
0.051431
0.051361
0.054568
0.041874
0.047145
0.050281
0.041958
0.046866
0.042726
0.050182
0.055345
0.046341
0.056232
0.049536
0.045275
0.051921
0.050167
0.046328
0.055240
0.046431
0.047090
0.045976
0.046450
0.046875
0.038054
0.033979
0.046326
0.042250
0.042523
0.038416
0.042266
0.051125
0.058592
0.055169
0.049435
0.042602
0.047042
0.043208
0.046613
0.059086
0.045800
0.050226
0.038200
0.046629
0.038076
0.047353
0.041744
0.041721
0.039047
0.033673
0.041555
0.037559
0.038277
0.033983
0.046759
0.054489
0.047068
0.038191
0.051333
0.046194
0.046041
0.045969
0.045341
0.042805
0.041395
0.041228
0.054990
0.054838
0.054655
0.041586
0.045151
0.042164
0.041454
0.041551
0.042591
0.050957
0.033650
0.041874
0.037443
0.050772
0.045856
0.051612
0.046214
0.042637
0.050657
0.037838
0.049739
0.051404
0.046620
0.038226
0.046259
0.042431
0.041778
0.046462
0.046883
0.051415
0.047162
0.046866
0.051626
0.046832
0.049521
0.048297
0.046410
0.056263
0.046448
0.042863
0.046399
0.050481
0.042922
0.047345
0.043702
0.055076
0.050921
0.051146
0.050450
0.042046
0.050633
0.052476
0.054709
0.046054
0.050696
0.056120
0.042221
0.050418
0.045973
0.054476
0.043213
0.042382
0.046264
0.041914
0.055067
0.050418
0.046720
0.043001
0.054385
0.046057
0.055186
0.050705
0.050640
0.046326
0.049555
0.049560
0.045317
0.046630
0.050220
0.050349
0.054420
0.049502
0.041798
0.054449
0.050053
0.045752
0.046071
0.050153
0.051394
0.045724
0.049473
0.050142
0.041254
0.042533
0.049481
0.042207
0.044987
0.046644
0.046251
0.045800
0.046920
0.045864
0.045806
0.033488
0.042406
0.041508
0.046414
0.050849
0.042019
0.042551
0.038645
0.041809
0.041698
0.050854
0.045673
0.046222
0.050667
0.042414
0.042217
0.046529
0.038683
0.038527
0.049542
0.045443
0.037978
0.050446
0.047005
0.041911
0.041467
0.037800
0.046628
0.050616
0.050746
0.045665
0.050317
0.051419
0.046934
0.050133
0.047492
0.034346
0.042075
0.046434
0.047112
0.053803
0.046624
0.050658
0.050998
0.042008
0.042196
0.050761
0.042673
0.050270
0.050763
0.054754
0.043262
0.050598
0.054615
0.042414
0.046781
0.047792
0.048041
0.047173
0.042615
0.038111
0.042068
0.034079
0.054878
0.046756
0.042955
0.042279
0.042720
0.042003
0.054478
0.046230
0.047530
0.042322
0.053881
0.050575
0.042295
0.042768
0.050592
0.042291
0.045749
0.055947
0.050939
0.053871
0.050553
0.047555
0.054780
0.043059
0.050346
0.046720
0.046604
0.041767
0.045824
0.046133
0.042040
0.050538
0.041874
0.045011
0.041400
0.046036
0.033662
0.038328
0.046247
0.041566
0.042290
0.047444
0.046323
0.037542
0.047278
0.043399
0.047358
0.048012
0.050694
0.042190
0.050972
0.042275
0.042967
0.052138
0.046959
0.050493
0.043725
0.049971
0.054831
0.050784
0.047327
0.050433
0.045680
0.050595
0.054540
0.054648
0.050434
0.038186
0.045746
0.049802
0.054117
0.058902
0.052163
0.056326
0.050329
0.053962
0.042184
0.041813
0.041840
0.055163
0.048099
0.051126
0.046427
0.042202
0.052389
0.049963
0.042461
0.043553
0.046874
0.042469
0.054232
0.055352
0.048020
0.054498
0.042712
0.046946
0.042153
0.043241
0.046231
0.033987
0.038689
0.041829
0.046538
0.058976
0.050512
0.046592
0.051183
0.047032
0.046497
0.042521
0.050622
0.038245
0.054069
0.046241
0.046898
0.042955
0.037457
0.046334
0.042480
0.043172
0.038547
0.052205
0.043470
0.033828
0.041705
0.042406
0.043737
0.042664
0.042263
0.051029
0.050248
0.041294
0.046183
0.041763
0.045346
0.047136
0.049941
0.058285
0.054395
0.041555
0.041853
0.050728
0.046819
0.046937
0.034176
0.047572
0.051612
0.051139
0.045987
0.051692
0.050444
0.046300
0.043138
0.046406
0.050269
0.045829
0.039024
0.047165
0.033661
0.038130
0.046298
0.042939
0.050658
0.038282
0.046521
0.050182
0.050645
0.046505
0.042324
0.045591
0.047008
0.050293
0.050262
0.055507
0.050222
0.046486
0.033888
0.045579
0.045869
0.042882
0.042021
0.054699
0.042367
0.046468
0.037892
0.046127
0.042138
0.042022
0.037887
0.050493
0.050284
0.045349
0.050390
0.041664
0.054274
0.042797
0.046039
0.050330
0.051135
0.046711
0.042382
0.050372
0.037693
0.042288
0.042043
0.042301
0.046086
0.046836
0.050050
0.046608
0.050731
0.047113
0.037802
0.046766
0.042225
0.042020
0.050928
0.054642
0.046071
0.047366
0.045816
0.042376
0.046478
0.046154
0.050999
0.053977
0.045963
0.049630
0.050072
0.047395
0.054933
0.049958
0.045887
0.042133
0.042025
0.054439
0.042245
0.059516
0.038058
0.049916
0.046153
0.042358
0.042840
0.050347
0.051462
0.051133
0.050055
0.039466
0.043226
0.042522
0.046135
0.042271
0.047359
0.043924
0.046356
0.055888
0.042736
0.037714
0.042466
0.046574
0.042320
0.042381
0.042835
0.038120
0.047010
0.042854
0.045361
0.046658
0.042927
0.041861
0.050707
0.045591
0.034082
0.038292
0.042605
0.038243
0.047266
0.047436
0.042609
0.048447
0.042808
0.034353
0.038777
0.051372
0.047706
0.043413
0.042198
0.052032
0.054719
0.038429
0.050817
0.055492
0.050614
0.045837
0.046713
0.047213
0.042508
0.042203
0.045623
0.050524
0.037712
0.046610
0.042233
0.050366
0.046262
0.048022
0.050356
0.042425
0.046874
0.050748
0.046222
0.043144
0.038387
0.043306
0.046398
0.046941
0.045723
0.046564
0.046529
0.046641
0.050718
0.049839
0.054559
0.043173
0.050792
0.041924
0.055041
0.054779
0.058293
0.051488
0.054278
0.053858
0.049606
0.046040
0.041486
0.046373
0.045085
0.045478
0.055511
0.049805
0.045431
0.054427
0.041225
0.058391
0.041477
0.046568
0.045849
0.055478
0.050263
0.045679
0.046033
0.045247
0.046117
0.047207
0.041443
0.049159
0.049696
0.046573
0.053313
0.041867
0.051025
0.049822
0.049808
0.045516
0.046276
0.046292
0.041793
0.042657
0.042078
0.044769
0.049454
0.040983
0.041196
0.045773
0.041413
0.050480
0.040931
0.040465
0.045612
0.054875
0.045801
0.054097
0.042064
0.040859
0.046063
0.041001
0.037792
0.037060
0.041674
0.046236
0.037200
0.041996
0.041700
0.045129
0.041896
0.037702
0.042576
0.045450
0.043034
0.049992
0.042462
0.046715
0.042776
0.043024
0.042051
0.050909
0.043101
0.050881
0.045982
0.046896
0.055249
0.050846
0.049876
0.042009
0.058402
0.051510
0.046756
0.046328
0.045296
0.046780
0.054669
0.051503
0.056032
0.050194
0.050232
0.046158
0.042351
0.058633
0.046547
0.050429
0.041252
0.038910
0.046192
0.042845
0.045880
0.042831
0.046520
0.052071
0.043255
0.038791
0.038289
0.043082
0.034227
0.034945
0.042794
0.033790
0.037921
0.041952
0.037745
0.042141
0.038207
0.038083
0.034224
0.033978
0.037172
0.037508
0.038449
0.034377
0.041960
0.037784
0.038555
0.037479
0.046960
0.029945
0.038856
0.037535
0.042383
0.041416
0.029624
0.033832
0.042692
0.037661
0.041747
0.038032
0.042052
0.037742
0.034025
0.029386
0.033568
0.041399
0.033910
0.034016
0.037800
0.030307
0.043168
0.046835
0.043390
0.034692
0.034161
0.039427
0.034436
0.043515
0.034926
0.051604
0.042523
0.034580
0.039614
0.034869
0.043345
0.031292
0.038845
0.035052
0.043399
0.043388
0.034595
0.034793
0.043605
0.030772
0.038650
0.046278
0.037873
0.042371
0.042755
0.038444
0.034377
0.034589
0.030155
0.034452
0.038507
0.039252
0.034114
0.038648
0.039003
0.038924
0.033896
0.034577
0.037679
0.038674
0.037873
0.039147
0.033667
0.038012
0.038080
0.038625
0.047343
0.042878
0.038592
0.042789
0.034290
0.038440
0.038920
0.039038
0.047036
0.038053
0.042690
0.046492
0.034135
0.033295
0.034400
0.038007
0.033035
0.041545
0.037482
0.033422
0.041232
0.042383
0.029633
0.046737
0.042347
0.033431
0.034466
0.042013
0.042995
0.041948
0.033946
0.038604
0.042850
0.033808
0.042710
0.033838
0.038621
0.038408
0.039170
0.043014
0.034150
0.038504
0.030379
0.033730
0.034127
0.030054
0.038654
0.038155
0.038706
0.038703
0.034463
0.038512
0.034505
0.050713
0.033894
0.046824
0.046571
0.038046
0.034355
0.033885
0.033914
0.033953
0.047046
0.039368
0.038183
0.037980
0.034462
0.033378
0.042251
0.038662
0.050974
0.034257
0.037737
0.046472
0.042403
0.033678
0.042909
0.034455
0.035196
0.038449
0.033768
0.039080
0.038037
0.046398
0.046962
0.038058
0.034397
0.041762
0.033670
0.042378
0.034551
0.038305
0.037806
0.033540
0.033769
0.033516
0.034127
0.034063
0.034057
0.038407
0.038503
0.038004
0.046428
0.033597
0.033441
0.042476
0.037583
0.038501
0.029447
0.050205
0.033873
0.042313
0.046318
0.037891
0.038240
0.042223
0.037074
0.038719
0.042001
0.029719
0.037695
0.036807
0.037520
0.033700
0.045876
0.041341
0.033110
0.042614
0.034049
0.033023
0.042376
0.041609
0.033404
0.038742
0.038596
0.037572
0.042142
0.033422
0.033808
0.041594
0.042716
0.034261
0.037429
0.033271
0.041888
0.041984
0.033114
0.041437
0.034022
0.033421
0.041347
0.034224
0.029583
0.029560
0.038265
0.037494
0.033600
0.042447
0.037593
0.041643
0.029458
0.046705
0.033774
0.034593
0.038360
0.038087
0.034295
0.033590
0.037919
0.041940
0.034248
0.038623
0.029701
0.038143
0.041234
0.029766
0.042651
0.029936
0.034325
0.038403
0.038436
0.042025
0.038323
0.041603
0.034461
0.037770
0.042642
0.047022
0.038954
0.030361
0.037709
0.035013
0.037911
0.038137
0.046387
0.042525
0.039738
0.042660
0.034004
0.038424
0.038359
0.042900
0.034697
0.034484
0.042139
0.035234
0.030659
0.038504
0.038859
0.034576
0.047688
0.043086
0.038884
0.038582
0.039196
0.035314
0.043273
0.039414
0.034757
0.038959
0.030175
0.038481
0.050955
0.043446
0.042271
0.030618
0.038821
0.038385
0.046835
0.038764
0.034656
0.034824
0.047129
0.034432
0.034382
0.034854
0.043508
0.037855
0.043153
0.034713
0.029925
0.038596
0.037593
0.042150
0.045990
0.034582
0.029723
0.034135
0.033737
0.041838
0.034271
0.034173
0.030015
0.033623
0.042344
0.043018
0.034080
0.038035
0.042416
0.035075
0.047328
0.034585
0.033951
0.038340
0.038715
0.034844
0.037983
0.043273
0.033979
0.047225
0.033967
0.042969
0.039425
0.035378
0.034596
0.044153
0.035481
0.046676
0.047110
0.042747
0.039369
0.034257
0.042666
0.038655
0.038557
0.042788
0.030268
0.038515
0.039009
0.034052
0.037659
0.037769
0.033668
0.033490
0.034043
0.033771
0.037604
0.029364
0.045847
0.033474
0.032925
0.033578
0.037699
0.033204
0.028983
0.041331
0.037754
0.037429
0.045415
0.033752
0.038024
0.038127
0.032655
0.029048
0.024407
0.028539
0.029202
0.036669
0.028494
0.032618
0.028676
0.032524
0.037066
0.033528
0.032782
0.032693
0.032986
0.032514
0.032303
0.029202
0.024961
0.028924
0.033566
0.025062
0.041102
0.037165
0.037095
0.033144
0.029347
0.032799
0.033043
0.033414
0.028790
0.025211
0.025200
0.025293
0.033487
0.029004
0.037512
0.032790
0.029857
0.029220
0.029408
0.033475
0.029654
0.033995
0.033475
0.033476
0.028883
0.033249
0.029454
0.028431
0.036710
0.037400
0.029453
0.032438
0.036867
0.032412
0.033165
0.024820
0.033125
0.033231
0.032973
0.032937
0.037159
0.033140
0.029156
0.037744
0.029983
0.037550
0.029696
0.029408
0.028998
0.033544
0.028834
0.037773
0.033369
0.037501
0.029375
0.037432
0.033372
0.033020
0.037896
0.037788
0.034117
0.029309
0.025044
0.033816
0.032979
0.029828
0.029041
0.032982
0.040865
0.028914
0.028679
0.029094
0.037463
0.029460
0.032842
0.029249
0.029146
0.036988
0.033180
0.029245
0.032989
0.037488
0.033156
0.028725
0.036171
0.028580
0.028754
0.029221
0.024834
0.037058
0.028539
0.032696
0.032332
0.036501
0.032762
0.028416
0.028569
0.028476
0.033193
0.028643
0.024999
0.033168
0.033194
0.036924
0.036262
0.036380
0.032420
0.033880
0.033203
0.029240
0.024917
0.032471
0.033156
0.032596
0.029364
0.033174
0.037282
0.025323
0.032599
0.028815
0.029587
0.029047
0.033517
0.032897
0.028543
0.029049
0.029064
0.029133
0.033859
0.036924
0.041170
0.033500
0.032947
0.029889
0.029752
0.037670
0.029462
0.033498
0.033070
0.029569
0.029854
0.025769
0.033806
0.025914
0.033815
0.034147
0.033469
0.026070
0.033653
0.034448
0.029887
0.038166
0.038228
0.025959
0.026152
0.034133
0.038383
0.029771
0.026116
0.029541
0.030263
0.029921
0.033445
0.034312
0.037702
0.030164
0.033858
0.037866
0.030563
0.029845
0.038442
0.029899
0.033562
0.033663
0.030020
0.034055
0.034203
0.030196
0.034083
0.034190
0.025443
0.037849
0.033419
0.033411
0.033597
0.029234
0.029637
0.028945
0.029061
0.032803
0.033088
0.025313
0.032888
0.029555
0.029384
0.029210
0.029395
0.029107
0.033916
0.037486
0.025306
0.032918
0.036971
0.029662
0.037654
0.030059
0.025458
0.029205
0.033082
0.033419
0.037015
0.033537
0.025711
0.025264
0.029911
0.037654
0.029158
0.036883
0.028614
0.025091
0.029251
0.037562
0.032520
0.033035
0.024985
0.037258
0.025266
0.029059
0.037218
0.032516
0.029092
0.029352
0.041176
0.029666
0.033839
0.029464
0.032928
0.032966
0.032598
0.036951
0.033530
0.029157
0.032776
0.032677
0.028397
0.027790
0.028218
0.028512
0.036012
0.036622
0.027574
0.031684
0.032727
0.036474
0.028846
0.028279
0.036208
0.028658
0.036832
0.032742
0.032114
0.028909
0.037056
0.032969
0.036511
0.037108
0.028760
0.036831
0.032969
0.036567
0.032546
0.032911
0.028687
0.029372
0.037209
0.029816
0.029305
0.033282
0.032924
0.025350
0.033469
0.032894
0.033535
0.025553
0.029376
0.029275
0.033255
0.029300
0.029054
0.037482
0.037188
0.033183
0.029334
0.033463
0.029857
0.037650
0.030032
0.033954
0.034012
0.033830
0.029698
0.025795
0.041765
0.033978
0.037766
0.025692
0.029749
0.025340
0.034008
0.033932
0.030320
0.033732
0.033576
0.041374
0.025387
0.032854
0.029342
0.028710
0.037079
0.029318
0.029244
0.032781
0.028666
0.025040
0.029183
0.025565
0.033724
0.028753
0.025192
0.032836
0.033480
0.033879
0.033238
0.033314
0.029428
0.032489
0.028796
0.032976
0.025331
0.029436
0.025034
0.028780
0.033118
0.032818
0.024956
0.029229
0.025346
0.029011
0.036177
0.028076
0.024739
0.036811
0.032922
0.028150
0.028477
0.032058
0.036177
0.024889
0.032163
0.040767
0.032162
0.032025
0.032032
0.033132
0.032332
0.032443
0.029145
0.028878
0.024743
0.032474
0.036875
0.032618
0.036388
0.032670
0.032399
0.032131
0.036892
0.028660
0.028679
0.024757
0.025026
0.033238
0.037489
0.032406
0.029119
0.025191
0.032810
0.025547
0.029117
0.036784
0.032386
0.032888
0.033876
0.036960
0.033359
0.033109
0.030019
0.029264
0.029094
0.037243
0.033935
0.034061
0.033772
0.025732
0.033555
0.033536
0.037285
0.037409
0.029580
0.033459
0.025380
0.033917
0.041331
0.041540
0.029662
0.030037
0.037431
0.030122
0.037283
0.033594
0.029209
0.025166
0.025128
0.032724
0.036607
0.032835
0.032617
0.029440
0.025309
0.037617
0.033190
0.025639
0.029576
0.028841
0.033172
0.029508
0.033642
0.029656
0.028708
0.033017
0.033074
0.029119
0.029608
0.041713
0.033666
0.033716
0.029813
0.028669
0.025476
0.033584
0.038080
0.037707
0.030131
0.034062
0.037382
0.033135
0.025222
0.029305
0.033748
0.029316
0.036501
0.032799
0.032504
0.032956
0.024808
0.028616
0.029326
0.028352
0.024487
0.028547
0.025009
0.028730
0.028481
0.024984
0.024511
0.032747
0.025323
0.025396
0.033567
0.033772
0.033697
0.037744
0.034123
0.033287
0.032897
0.029407
0.033365
0.025333
0.033719
0.033156
0.029144
0.033096
0.029502
0.029483
0.033022
0.029389
0.025328
0.033222
0.033239
0.037188
0.028733
0.033983
0.025382
0.037162
0.033392
0.037966
0.034133
0.037642
0.034117
0.037120
0.029882
0.028973
0.028793
0.037574
0.029224
0.029736
0.033376
0.036985
0.033937
0.033533
0.025772
0.029855
0.033816
0.025493
0.032890
0.033063
0.025206
0.037019
0.033367
0.033215
0.040981
0.028466
0.033697
0.033448
0.037085
0.037367
0.036895
0.028912
0.028516
0.033697
0.037852
0.025588
0.033729
0.037554
0.028942
0.037087
0.028991
0.036974
0.036894
0.029364
0.033425
0.029098
0.029264
0.037146
0.033359
0.030025
0.033723
0.030053
0.033618
0.041373
0.029159
0.029438
0.029244
0.028866
0.037453
0.028635
0.025178
0.032625
0.029317
0.037471
0.029142
0.029417
0.037501
0.032582
0.040856
0.037117
0.033079
0.033135
0.033079
0.040874
0.028692
0.029007
0.032587
0.025042
0.033412
0.032830
0.032455
0.029212
0.041056
0.029106
0.029706
0.037541
0.024822
0.033227
0.033178
0.028704
0.033194
0.029490
0.029513
0.037211
0.037410
0.029502
0.030040
0.025622
0.033731
0.041763
0.033758
0.029426
0.032811
0.025478
0.029297
0.025674
0.029696
0.025862
0.025433
0.033411
0.029319
0.037028
0.029565
0.029673
0.029365
0.029262
0.033493
0.037619
0.032811
0.037075
0.033064
0.032625
0.036982
0.036450
0.031874
0.028453
0.033111
0.032604
0.036325
0.032708
0.028342
0.024192
0.027919
0.028102
0.027565
0.024266
0.032733
0.032257
0.032902
0.027846
0.033014
0.024518
0.028255
0.032089
0.028634
0.028691
0.036605
0.036233
0.028455
0.032239
0.032500
0.028899
0.036516
0.028284
0.028285
0.032715
0.032835
0.028721
0.032438
0.028608
0.024253
0.036760
0.032406
0.024365
0.036159
0.028692
0.031840
0.032279
0.032383
0.032372
0.032327
0.028327
0.029061
0.029047
0.028599
0.032780
0.033042
0.037004
0.025156
0.029108
0.037524
0.037165
0.034007
0.029687
0.029257
0.032961
0.028758
0.032734
0.028855
0.029732
0.033761
0.033899
0.037549
0.033529
0.029511
0.029745
0.037955
0.033736
0.037162
0.036744
0.033194
0.033309
0.029298
0.029825
0.029736
0.032863
0.029310
0.024874
0.028651
0.025285
0.029912
0.029359
0.032966
0.025126
0.033226
0.029562
0.033520
0.029674
0.037352
0.025310
0.028988
0.032341
0.033290
0.040692
0.032275
0.032418
0.029241
0.032206
0.032478
0.028190
0.032178
0.036256
0.028971
0.032323
0.024913
0.032848
0.024866
0.028930
0.032861
0.036412
0.032768
0.032519
0.036581
0.024565
0.032321
0.029270
0.024759
0.036963
0.028451
0.028836
0.032787
0.028532
0.036693
0.028939
0.031907
0.028250
0.039991
0.032623
0.028447
0.031785
0.027688
0.028448
0.031882
0.036460
0.028065
0.036762
0.033351
0.024913
0.033340
0.036498
0.036589
0.028779
0.032580
0.029146
0.028708
0.028597
0.028325
0.032345
0.028565
0.032589
0.032709
0.032851
0.032867
0.033072
0.032892
0.036882
0.033115
0.028598
0.032749
0.037247
0.031967
0.028425
0.028837
0.033298
0.041344
0.032818
0.029238
0.024937
0.032788
0.033382
0.029498
0.025886
0.034129
0.030212
0.029921
0.033860
0.029514
0.033319
0.030278
0.029563
0.025730
0.029138
0.033170
0.033808
0.029311
0.034003
0.034026
0.038585
0.029322
0.033293
0.033466
0.037116
0.033766
0.029502
0.030174
0.025405
0.029203
0.032554
0.036416
0.029058
0.033140
0.029690
0.032466
0.032635
0.037024
0.028711
0.025069
0.033060
0.033238
0.029342
0.028371
0.036564
0.037101
0.025295
0.033311
0.036826
0.029049
0.032731
0.025263
0.033203
0.033821
0.025054
0.032695
0.029234
0.032445
0.036379
0.028134
0.029291
0.024713
0.033024
0.029009
0.029261
0.033246
0.028640
0.033494
0.037417
0.029587
0.033043
0.036677
0.024877
0.024933
0.033000
0.029184
0.032718
0.033110
0.032641
0.032896
0.029170
0.036840
0.037141
0.033532
0.028944
0.028307
0.037318
0.028886
0.033467
0.032827
0.036899
0.036769
0.041010
0.032986
0.029641
0.029248
0.026018
0.029933
0.025403
0.029673
0.033418
0.029092
0.041471
0.037155
0.025191
0.029283
0.032501
0.033092
0.037324
0.037989
0.033891
0.034249
0.029531
0.037694
0.025626
0.033451
0.025746
0.025737
0.037317
0.037335
0.032830
0.037848
0.033212
0.025748
0.029793
0.037741
0.032896
0.036473
0.037409
0.037003
0.029476
0.037010
0.028759
0.033063
0.032764
0.033031
0.033319
0.041590
0.037850
0.041711
0.028793
0.032290
0.033533
0.037160
0.025332
0.033521
0.029459
0.037452
0.032978
0.029325
0.032472
0.032912
0.029260
0.028570
0.032312
0.028703
0.033078
0.029032
0.028749
0.040704
0.033012
0.028421
0.028313
0.028677
0.036291
0.033263
0.033009
0.028640
0.024318
0.032002
0.028136
0.032278
0.029029
0.032459
0.033009
0.032434
0.031862
0.032218
0.024767
0.028920
0.029005
0.028865
0.036967
0.036920
0.032829
0.033260
0.033399
0.037144
0.033181
0.036679
0.028458
0.032634
0.028784
0.033808
0.028861
0.032922
0.029539
0.033840
0.025426
0.033075
0.029439
0.029824
0.029818
0.033506
0.029396
0.029402
0.041626
0.029822
0.034035
0.033872
0.033893
0.033750
0.025692
0.029535
0.038143
0.030201
0.030044
0.033678
0.029443
0.029628
0.033292
0.033436
0.029481
0.029322
0.033278
0.033469
0.025957
0.025741
0.025847
0.029727
0.029884
0.029541
0.025330
0.033995
0.033640
0.033449
0.033508
0.037067
0.033975
0.030078
0.037698
0.028834
0.029226
0.028914
0.029630
0.037669
0.029003
0.029124
0.037437
0.033950
0.025318
0.033828
0.028944
0.037238
0.029721
0.029369
0.038171
0.033057
0.033646
0.029194
0.033765
0.033978
0.033705
0.030159
0.033940
0.025941
0.030135
0.029434
0.034000
0.037426
0.030188
0.033915
0.025661
0.041602
0.033434
0.033314
0.029359
0.030113
0.029242
0.033598
0.032929
0.037035
0.029463
0.029076
0.032758
0.029312
0.029222
0.036921
0.036518
0.036883
0.032748
0.034271
0.029746
0.037309
0.033579
0.036971
0.029900
0.036834
0.033543
0.032619
0.037186
0.037444
0.036782
0.028944
0.032930
0.029056
0.029098
0.032459
0.029103
0.032870
0.024959
0.028784
0.028993
0.029151
0.041289
0.032963
0.024912
0.028925
0.025062
0.029415
0.036475
0.032885
0.032447
0.032376
0.032970
0.041015
0.033200
0.032635
0.029080
0.032551
0.037131
0.029315
0.029240
0.025414
0.033789
0.029528
0.033241
0.033057
0.033724
0.032913
0.037141
0.033103
0.029465
0.032719
0.031999
0.028194
0.033185
0.029128
0.036870
0.032525
0.033130
0.028400
0.033230
0.029023
0.032421
0.029179
0.029650
0.040795
0.028901
0.028518
0.040218
0.036126
0.036327
0.024678
0.024508
0.036032
0.032710
0.028488
0.036327
0.032159
0.036391
0.031821
0.031888
0.028471
0.032171
0.024963
0.037014
0.024776
0.032765
0.036163
0.036597
0.032361
0.033046
0.032176
0.024581
0.032304
0.028100
0.028262
0.028670
0.040552
0.032765
0.025050
0.033291
0.029510
0.036809
0.029025
0.033677
0.033116
0.024892
0.024558
0.035968
0.024680
0.032473
0.025236
0.033549
0.036561
0.036437
0.036863
0.033230
0.032898
0.036453
0.036533
0.040586
0.024601
0.024395
0.028443
0.029002
0.037245
0.036301
0.032292
0.024403
0.028894
0.033269
0.032552
0.029220
0.028227
0.028642
0.032166
0.028731
0.024552
0.032795
0.032481
0.029058
0.032726
0.036042
0.028416
0.036227
0.028948
0.041107
0.032217
0.024769
0.028443
0.032341
0.032836
0.032457
0.032728
0.029264
0.032670
0.029157
0.032935
0.040290
0.040612
0.036908
0.028515
0.032206
0.036427
0.036362
0.028967
0.028900
0.032992
0.028634
0.033038
0.024589
0.024485
0.028169
0.028805
0.028670
0.028017
0.031954
0.028140
0.024063
0.032567
0.024325
0.033027
0.024602
0.028417
0.032442
0.028375
0.032989
0.028718
0.028794
0.032672
0.028339
0.024646
0.028882
0.036530
0.033012
0.032796
0.036854
0.025231
0.029335
0.036855
0.033004
0.037240
0.028927
0.033955
0.029460
0.028944
0.029268
0.033111
0.029177
0.029835
0.033035
0.037144
0.032345
0.024664
0.025254
0.029137
0.037263
0.033037
0.028990
0.028486
0.029063
0.028906
0.032269
0.036665
0.033420
0.033235
0.032657
0.025006
0.025452
0.025206
0.033133
0.029252
0.029370
0.036783
0.032849
0.025426
0.033557
0.033720
0.033233
0.025720
0.025460
0.037102
0.037556
0.033497
0.030001
0.037057
0.025598
0.032796
0.025192
0.029019
0.029143
0.033265
0.033692
0.037428
0.025575
0.032990
0.029966
0.025109
0.032678
0.032752
0.033379
0.032709
0.028458
0.028702
0.028923
0.032896
0.032980
0.029090
0.032360
0.032827
0.033247
0.032798
0.028703
0.028642
0.032990
0.028759
0.036831
0.028320
0.036325
0.036526
0.032959
0.036747
0.037024
0.032776
0.029130
0.028580
0.025023
0.024968
0.029125
0.032596
0.036988
0.032307
0.032302
0.025160
0.033248
0.037313
0.033090
0.040718
0.028899
0.032210
0.024417
0.027928
0.024662
0.028331
0.040344
0.032983
0.036434
0.037476
0.036629
0.028753
0.028881
0.029165
0.025610
0.028995
0.029089
0.029080
0.033256
0.032838
0.036685
0.025018
0.028562
0.032910
0.032895
0.029405
0.036884
0.032683
0.033249
0.029649
0.029235
0.025279
0.037190
0.029019
0.033557
0.029523
0.036768
0.029824
0.029605
0.040977
0.029702
0.032798
0.025668
0.033668
0.029540
0.033564
0.032919
0.033128
0.037587
0.033860
0.033391
0.029937
0.033869
0.029686
0.033561
0.029974
0.033691
0.037733
0.034077
0.030128
0.037625
0.037667
0.030042
0.033862
0.029190
0.029756
0.025789
0.029839
0.033516
0.029893
0.033826
0.029126
0.030031
0.033155
0.033605
0.028747
0.033455
0.032893
0.036278
0.041209
0.037623
0.029431
0.029623
0.040519
0.028598
0.036239
0.032649
0.032366
0.024694
0.032128
0.028539
0.029067
0.036340
0.028909
0.028191
0.024690
0.028239
0.024714
0.024807
0.032157
0.029127
0.029064
0.028961
0.040064
0.032252
0.036769
0.029227
0.032748
0.032098
0.032988
0.028909
0.028990
0.029012
0.032887
0.029469
0.033627
0.025565
0.041476
0.033665
0.033469
0.033292
0.037332
0.033666
0.025379
0.029277
0.025429
0.029140
0.024976
0.025391
0.029227
0.028907
0.025115
0.028116
0.029374
0.028332
0.029377
0.036415
0.036407
0.032431
0.028103
0.024932
0.029551
0.029070
0.033491
0.029620
0.029490
0.032598
0.036339
0.033264
0.029557
0.033030
0.028537
0.033158
0.036155
0.037096
0.025175
0.028981
0.029061
0.025242
0.033180
0.032384
0.032902
0.033336
0.037748
0.029311
0.033554
0.028830
0.041178
0.025727
0.029427
0.033018
0.041097
0.029654
0.036937
0.029514
0.025480
0.029570
0.029543
0.029120
0.033169
0.029231
0.028405
0.032161
0.032240
0.028296
0.024931
0.028491
0.024818
0.025101
0.025412
0.025462
0.029389
0.028953
0.032797
0.025556
0.033636
0.029575
0.037268
0.025491
0.033512
0.032649
0.033727
0.032448
0.032834
0.029328
0.029381
0.037003
0.029874
0.040876
0.025317
0.029327
0.029148
0.025821
0.033763
0.025514
0.029398
0.025180
0.029988
0.037069
0.033362
0.025441
0.034200
0.029796
0.029307
0.032637
0.037151
0.036990
0.029330
0.028814
0.028400
0.032252
0.029343
0.029182
0.037042
0.032934
0.029305
0.032925
0.032503
0.032450
0.029363
0.033141
0.033156
0.029073
0.036225
0.024173
0.036517
0.040418
0.028582
0.032862
0.028630
0.036031
0.028207
0.033496
0.032396
0.032522
0.024600
0.032273
0.028245
0.031904
0.035912
0.027628
0.028480
0.032085
0.031867
0.032060
0.023927
0.024669
0.028176
0.032705
0.029146
0.028696
0.028844
0.029128
0.025144
0.032570
0.040973
0.032057
0.036682
0.028793
0.028645
0.024787
0.025062
0.029173
0.036561
0.032447
0.029358
0.024812
0.024950
0.036769
0.036734
0.032226
0.032249
0.032862
0.028342
0.032653
0.028205
0.032097
0.040129
0.032619
0.028683
0.024291
0.032275
0.036535
0.032449
0.028548
0.024749
0.028662
0.032016
0.032380
0.033058
0.029052
0.028996
0.028263
0.028618
0.028377
0.036172
0.032470
0.032257
0.032791
0.036548
0.028758
0.036572
0.032549
0.028328
0.032733
0.024958
0.036581
0.028882
0.028702
0.029177
0.028709
0.033282
0.032327
0.028667
0.028848
0.032829
0.033134
0.028165
0.028951
0.032450
0.036472
0.032182
0.032110
0.032469
0.032368
0.029054
0.028600
0.024467
0.024236
0.028600
0.032520
0.028427
0.025042
0.027775
0.032968
0.024081
0.028302
0.032819
0.028995
0.024647
0.040596
0.032705
0.032807
0.024524
0.028917
0.024363
0.024973
0.033116
0.024971
0.024972
0.032416
0.036708
0.029099
0.029267
0.032376
0.033148
0.028270
0.032145
0.032489
0.029010
0.032726
0.028227
0.032932
0.032943
0.024480
0.028564
0.024538
0.032441
0.032471
0.027941
0.027816
0.031948
0.027913
0.036357
0.035811
0.028770
0.028773
0.028106
0.027972
0.036545
0.028410
0.032342
0.033177
0.028925
0.032965
0.024765
0.029179
0.029341
0.029533
0.029091
0.029360
0.037659
0.025420
0.022014
0.034210
0.026288
0.030093
0.034034
0.021815
0.026034
0.025739
0.029668
0.030513
0.022246
0.022263
0.025481
0.021547
0.021734
0.030479
0.030443
0.025679
0.025839
0.030403
0.026058
0.030292
0.025661
0.026132
0.030263
0.025966
0.029853
0.029359
0.025737
0.025342
0.029802
0.021185
0.021459
0.025337
0.021218
0.025174
0.029311
0.025064
0.025136
0.025494
0.025002
0.029592
0.025415
0.021412
0.025627
0.025728
0.029319
0.025409
0.025191
0.029877
0.025205
0.025457
0.021139
0.029400
0.025491
0.025315
0.029412
0.029862
0.029404
0.021719
0.025733
0.021308
0.025245
0.029276
0.029295
0.025738
0.021546
0.030245
0.026004
0.021987
0.022117
0.025623
0.022658
0.022746
0.030859
0.026390
0.030423
0.030752
0.026219
0.026509
0.026826
0.030830
0.030915
0.026400
0.026505
0.022322
0.026745
0.026616
0.030686
0.021982
0.025944
0.029657
0.025855
0.026781
0.025808
0.022394
0.021955
0.021893
0.034173
0.030119
0.030595
0.026261
0.026569
0.026108
0.021973
0.030226
0.030028
0.026981
0.022432
0.034528
0.022582
0.034488
0.030799
0.026248
0.026597
0.023006
0.030522
0.030459
0.030705
0.030610
0.031027
0.023064
0.030964
0.030245
0.026244
0.026073
0.026147
0.025860
0.022724
0.030026
0.021996
0.030261
0.021968
0.030210
0.026337
0.030113
0.022189
0.025983
0.026580
0.025947
0.022127
0.026157
0.026491
0.026146
0.022112
0.033869
0.021435
0.030153
0.021972
0.026526
0.030376
0.030094
0.029990
0.034349
0.026432
0.029502
0.029826
0.021953
0.026225
0.022090
0.026124
0.030089
0.021775
0.022176
0.021936
0.030100
0.029531
0.025906
0.021808
0.021572
0.033933
0.029724
0.025726
0.025852
0.025814
0.025902
0.026509
0.031019
0.022191
0.030169
0.025616
0.029776
0.026510
0.025997
0.034350
0.029944
0.030629
0.022440
0.025463
0.022199
0.026411
0.034932
0.025934
0.025801
0.029676
0.025060
0.026078
0.029689
0.025695
0.021926
0.030244
0.025561
0.021439
0.029473
0.025493
0.025242
0.020983
0.029190
0.025198
0.033230
0.021011
0.025264
0.029927
0.029110
0.025863
0.021226
0.024940
0.029061
0.020820
0.029070
0.033324
0.028580
0.024731
0.020326
0.028761
0.020326
0.020639
0.024414
0.029070
0.024236
0.020484
0.020936
0.024672
0.028911
0.024941
0.021566
0.020724
0.025209
0.021260
0.025314
0.034083
0.029820
0.029754
0.026352
0.021582
0.025730
0.030129
0.030489
0.021621
0.021457
0.029356
0.025115
0.025308
0.025232
0.029672
0.024986
0.021303
0.029427
0.029067
0.025704
0.029391
0.029532
0.021758
0.025636
0.025446
0.025599
0.026108
0.026134
0.030177
0.030251
0.022252
0.026029
0.021882
0.030462
0.030173
0.026121
0.022082
0.026324
0.026881
0.026430
0.026670
0.022273
0.022768
0.022422
0.027070
0.030932
0.022541
0.031224
0.026859
0.027233
0.022988
0.027025
0.027164
0.030755
0.022871
0.026700
0.031048
0.026971
0.026240
0.026170
0.029967
0.030590
0.026177
0.031188
0.026829
0.026546
0.022170
0.022319
0.026668
0.026035
0.026801
0.021855
0.026366
0.029509
0.021227
0.025500
0.021096
0.029942
0.025377
0.021328
0.024782
0.021246
0.025154
0.029358
0.025349
0.025833
0.029386
0.021217
0.029357
0.021491
0.025222
0.025903
0.029782
0.029629
0.029632
0.029943
0.025877
0.026048
0.026215
0.025665
0.021751
0.033441
0.025624
0.025481
0.029949
0.021935
0.034273
0.026293
0.025931
0.021722
0.030226
0.029939
0.026496
0.033969
0.021863
0.030327
0.029991
0.022145
0.025760
0.030642
0.021944
0.030428
0.022105
0.021740
0.025841
0.021516
0.033958
0.033897
0.029591
0.025826
0.029287
0.030006
0.025142
0.025820
0.033522
0.025661
0.024825
0.021196
0.024795
0.028890
0.021079
0.021274
0.025174
0.020592
0.020495
0.028896
0.020778
0.021026
0.025161
0.024456
0.024332
0.020163
0.027965
0.028417
0.032896
0.028794
0.024961
0.024687
0.024381
0.028503
0.024319
0.020886
0.028596
0.033121
0.025053
0.020780
0.020969
0.025757
0.025949
0.029274
0.029422
0.029098
0.024857
0.025163
0.021135
0.025435
0.025376
0.025233
0.024774
0.029072
0.029176
0.021487
0.025177
0.025550
0.021753
0.021837
0.022008
0.029237
0.033661
0.026054
0.025430
0.029907
0.025860
0.026008
0.029520
0.026212
0.034475
0.030280
0.021967
0.025877
0.025216
0.025982
0.025864
0.021902
0.021422
0.021523
0.033785
0.025263
0.025206
0.029315
0.029645
0.025711
0.025405
0.033446
0.029545
0.029811
0.025377
0.025726
0.021745
0.033903
0.025277
0.025624
0.025776
0.021544
0.029685
0.021632
0.029892
0.025223
0.025727
0.025336
0.025477
0.026231
0.029540
0.021691
0.025457
0.029581
0.021977
0.026004
0.026810
0.030573
0.030152
0.030231
0.030061
0.029967
0.025865
0.026424
0.030798
0.026163
0.026686
0.022375
0.026738
0.022393
0.026351
0.026616
0.022508
0.022126
0.025989
0.021918
0.025787
0.026787
0.022180
0.026376
0.021924
0.026209
0.034289
0.026481
0.022593
0.022636
0.026438
0.026045
0.029984
0.022215
0.021855
0.030291
0.029651
0.021785
0.029337
0.025391
0.033824
0.029536
0.030206
0.030158
0.022130
0.025979
0.029981
0.026540
0.026018
0.025721
0.026343
0.029524
0.021524
0.029606
0.030258
0.029926
0.029694
0.025764
0.030006
0.025897
0.025711
0.021610
0.029663
0.026002
0.025851
0.025690
0.025343
0.021452
0.021359
0.029764
0.029572
0.029839
0.026425
0.026029
0.021541
0.022094
0.022163
0.030047
0.025212
0.021936
0.021865
0.029893
0.022079
0.029783
0.026037
0.022006
0.029740
0.021706
0.022030
0.030117
0.026100
0.026331
0.030375
0.026178
0.029748
0.021751
0.033924
0.026199
0.026062
0.030005
0.026098
0.025956
0.026139
0.030460
0.022285
0.030310
0.026738
0.026142
0.021751
0.021901
0.025785
0.029864
0.026243
0.025893
0.030300
0.025622
0.029375
0.033198
0.033287
0.021652
0.025514
0.025935
0.025753
0.025562
0.025265
0.025668
0.026162
0.021634
0.022137
0.025878
0.025682
0.025993
0.021828
0.029613
0.021459
0.026114
0.025708
0.025734
0.029618
0.025473
0.025521
0.025204
0.025687
0.025389
0.025224
0.021295
0.024858
0.029714
0.029701
0.021529
0.025617
0.029377
0.029747
0.025563
0.026469
0.021793
0.026535
0.021940
0.021376
0.029791
0.026157
0.022141
0.025732
0.022002
0.029598
0.025720
0.021765
0.021402
0.025749
0.021829
0.025947
0.021707
0.021483
0.025996
0.025402
0.030013
0.025843
0.030206
0.021773
0.021395
0.021597
0.025843
0.025990
0.021564
0.029850
0.030308
0.030470
0.030629
0.021754
0.022489
0.022240
0.022387
0.026216
0.025625
0.021727
0.025759
0.025825
0.025760
0.026014
0.025860
0.025491
0.025439
0.029539
0.021810
0.029529
0.025640
0.033565
0.025863
0.025113
0.025594
0.021711
0.029329
0.029431
0.029599
0.025246
0.029929
0.021425
0.030059
0.025403
0.025727
0.021245
0.033312
0.025311
0.029126
0.025569
0.029287
0.029663
0.025158
0.021355
0.025790
0.021780
0.022294
0.021876
0.030525
0.021718
0.025877
0.022003
0.021989
0.030074
0.021680
0.025738
0.030124
0.026070
0.021714
0.030261
0.034437
0.021780
0.025462
0.025593
0.033517
0.025851
0.025544
0.021885
0.021856
0.021944
0.025620
0.021962
0.025604
0.026223
0.026406
0.026092
0.030289
0.030523
0.021880
0.022214
0.030158
0.026513
0.026170
0.026170
0.021747
0.022028
0.026508
0.026334
0.029976
0.022325
0.026600
0.021923
0.026186
0.026418
0.022223
0.025966
0.025869
0.030175
0.025656
0.021463
0.030204
0.025904
0.026389
0.034199
0.030229
0.030148
0.029959
0.022204
0.025804
0.030141
0.021835
0.026037
0.030211
0.030254
0.022493
0.025931
0.022596
0.030155
0.030360
0.022203
0.030013
0.026016
0.022236
0.026203
0.026003
0.022506
0.021901
0.029369
0.030021
0.021476
0.025854
0.029904
0.025511
0.025027
0.028917
0.021339
0.025301
0.022229
0.025891
0.030064
0.021411
0.021672
0.025991
0.026265
0.030571
0.026175
0.022171
0.029568
0.030107
0.029902
0.022161
0.022417
0.025957
0.030278
0.033838
0.026032
0.026212
0.029803
0.026574
0.025952
0.026044
0.030516
0.026328
0.029814
0.021825
0.025974
0.026115
0.025628
0.029802
0.021250
0.025653
0.026225
0.031046
0.022095
0.026827
0.022056
0.022530
0.026802
0.026186
0.026982
0.030674
0.030527
0.022641
0.026011
0.026653
0.021770
0.026898
0.030203
0.026298
0.021836
0.034162
0.022065
0.022014
0.026181
0.022301
0.022609
0.026802
0.022280
0.022332
0.030363
0.022327
0.030690
0.030386
0.034132
0.025814
0.021528
0.021711
0.029901
0.025742
0.029932
0.033924
0.022093
0.030311
0.026157
0.030495
0.029865
0.026397
0.026120
0.030200
0.026043
0.026465
0.025954
0.025970
0.030241
0.026239
0.026189
0.022119
0.021716
0.029803
0.026072
0.034290
0.029963
0.025855
0.025716
0.026140
0.033985
0.026706
0.030329
0.021815
0.026166
0.030200
0.022206
0.030385
0.026427
0.026625
0.030693
0.030561
0.026065
0.026468
0.030382
0.026518
0.022604
0.030803
0.022357
0.022648
0.026243
0.026226
0.033898
0.026318
0.029635
0.022315
0.026338
0.030409
0.022567
0.030833
0.030573
0.022127
0.026299
0.026259
0.021823
0.026034
0.030574
0.030009
0.029562
0.026116
0.034203
0.026447
0.030275
0.030251
0.029895
0.026015
0.030439
0.030400
0.022096
0.034442
0.025902
0.025789
0.029552
0.029922
0.026428
0.026136
0.026602
0.021830
0.025973
0.025461
0.021638
0.021998
0.025410
0.025784
0.025798
0.021776
0.026281
0.026041
0.026262
0.029346
0.022131
0.033933
0.030195
0.029866
0.033552
0.030177
0.025640
0.026111
0.025533
0.029505
0.025262
0.029158
0.025567
0.025793
0.021359
0.021204
0.025299
0.024475
0.021133
0.025261
0.024622
0.028902
0.028525
0.028659
0.024388
0.024332
0.024554
0.024934
0.020653
0.020864
0.024785
0.024776
0.024853
0.024831
0.025019
0.025244
0.025078
0.029078
0.021071
0.025065
0.024845
0.028606
0.025400
0.025401
0.021253
0.021026
0.025219
0.029538
0.029349
0.025676
0.025438
0.021881
0.030301
0.026332
0.025662
0.029607
0.021833
0.029640
0.025440
0.033470
0.029203
0.029562
0.021695
0.021967
0.025113
0.021955
0.025531
0.021471
0.021414
0.029205
0.025983
0.033547
0.025216
0.021525
0.026098
0.025545
0.025862
0.030297
0.026783
0.030276
0.030686
0.033863
0.030402
0.026595
0.026367
0.022599
0.034632
0.030414
0.021955
0.030476
0.026207
0.022181
0.022110
0.026301
0.021774
0.021445
0.026159
0.033978
0.025978
0.030344
0.026114
0.026039
0.029408
0.025968
0.025394
0.030414
0.026054
0.030101
0.030068
0.029764
0.030052
0.025408
0.026363
0.025637
0.021927
0.022147
0.025616
0.025978
0.026339
0.026164
0.030082
0.026371
0.026365
0.025691
0.022041
0.029911
0.026713
0.026509
0.030218
0.025428
0.021909
0.030059
0.030299
0.026170
0.025726
0.034389
0.030463
0.021727
0.026195
0.026472
0.026308
0.025719
0.030073
0.025510
0.029797
0.021553
0.025849
0.030366
0.025600
0.022293
0.030061
0.025822
0.030759
0.025855
0.030308
0.025992
0.029520
0.021625
0.029104
0.021678
0.024955
0.029505
0.025525
0.024862
0.029262
0.024791
0.025429
0.025863
0.025820
0.025426
0.025439
0.029958
0.025093
0.025530
0.025587
0.025976
0.025439
0.026187
0.025235
0.021207
0.021037
0.029211
0.025774
0.029377
0.025575
0.029421
0.025221
0.029248
0.025403
0.021445
0.025447
0.025085
0.029344
0.021220
0.029708
0.025331
0.021999
0.025738
0.026136
0.025268
0.025784
0.030046
0.021397
0.030122
0.021825
0.030229
0.026148
0.033527
0.022056
0.021674
0.025829
0.026036
0.033703
0.025885
0.033492
0.025664
0.021758
0.026032
0.029631
0.030269
0.025548
0.030202
0.025595
0.029680
0.026616
0.025972
0.026678
0.026326
0.021884
0.029893
0.034574
0.034390
0.022810
0.022220
0.022291
0.025996
0.022578
0.022332
0.022320
0.022419
0.030653
0.026374
0.030321
0.026404
0.026581
0.026866
0.022534
0.026457
0.030318
0.022259
0.026573
0.030393
0.034667
0.030509
0.023043
0.026690
0.026669
0.022404
0.022657
0.030751
0.031095
0.022605
0.030921
0.022129
0.030259
0.030113
0.034107
0.026228
0.026802
0.029581
0.026217
0.029889
0.026034
0.026549
0.034079
0.026011
0.022010
0.025817
0.025620
0.021737
0.026413
0.030215
0.033712
0.021425
0.021718
0.030155
0.025478
0.026497
0.022086
0.025830
0.026351
0.029832
0.030040
0.030094
0.026061
0.025924
0.034269
0.025989
0.026535
0.026346
0.026439
0.030719
0.026302
0.026332
0.026092
0.026234
0.034610
0.029970
0.026038
0.030108
0.026494
0.026659
0.026025
0.021920
0.029699
0.034101
0.026431
0.021760
0.029587
0.021940
0.033786
0.029887
0.030568
0.022680
0.022678
0.026716
0.026246
0.022201
0.030246
0.030198
0.034062
0.026065
0.021808
0.025918
0.025812
0.026265
0.026282
0.029919
0.030050
0.033548
0.029459
0.021608
0.025247
0.025794
0.029560
0.026278
0.029623
0.025574
0.029612
0.021295
0.033432
0.025462
0.021128
0.033125
0.024951
0.021362
0.024907
0.021194
0.020643
0.025252
0.025322
0.024388
0.028813
0.029269
0.029063
0.025166
0.021502
0.025122
0.021696
0.025434
0.025583
0.026230
0.026112
0.030218
0.030203
0.025923
0.025909
0.025585
0.025986
0.022130
0.021968
0.029794
0.025872
0.026200
0.022261
0.026751
0.025853
0.026400
0.034024
0.026242
0.026555
0.030495
0.026444
0.030196
0.022573
0.026596
0.026302
0.026347
0.026975
0.034437
0.029930
0.030451
0.022179
0.030218
0.030728
0.022501
0.026371
0.030633
0.026816
0.026300
0.026408
0.021820
0.026208
0.025749
0.029953
0.022142
0.021817
0.025086
0.026076
0.026018
0.034283
0.025582
0.030362
0.026087
0.030418
0.026165
0.025891
0.025985
0.033589
0.029563
0.024888
0.021152
0.021274
0.029418
0.025380
0.024934
0.021299
0.032870
0.028653
0.024773
0.025215
0.020855
0.032399
0.025223
0.024712
0.028404
0.028584
0.024400
0.020773
0.020628
0.028736
0.028802
0.028900
0.032770
0.020780
0.024939
0.029081
0.025372
0.029136
0.025255
0.028803
0.029114
0.025349
0.029018
0.029111
0.028972
0.021483
0.029213
0.025988
0.026016
0.025681
0.025794
0.025524
0.029930
0.030212
0.022193
0.034258
0.026199
0.021979
0.029443
0.029618
0.033616
0.026018
0.029833
0.022022
0.025945
0.030102
0.021554
0.025929
0.030164
0.029947
0.033842
0.025730
0.029717
0.025411
0.025440
0.021299
0.029593
0.025163
0.029577
0.029732
0.021570
0.025739
0.029864
0.021954
0.025577
0.022072
0.029238
0.020913
0.025194
0.025689
0.028984
0.024974
0.025245
0.029534
0.020995
0.025653
0.028662
0.025422
0.025171
0.029040
0.029113
0.021402
0.025180
0.025152
0.025256
0.025781
0.029732
0.030087
0.025850
0.030284
0.021729
0.029961
0.030243
0.025823
0.025438
0.029375
0.025955
0.029795
0.022272
0.021944
0.022241
0.030038
0.025924
0.030404
0.026103
0.030369
0.022267
0.030975
0.025907
0.026044
0.025958
0.021886
0.030229
0.026270
0.030420
0.026557
0.029908
0.026170
0.029914
0.026458
0.026268
0.026370
0.025553
0.033749
0.021835
0.022064
0.026216
0.029856
0.021729
0.026470
0.021924
0.029967
0.025663
0.029901
0.025752
0.025784
0.029530
0.025170
0.033250
0.025237
0.026136
0.022067
0.021826
0.026275
0.025748
0.022019
0.029500
0.025603
0.025843
0.021910
0.033579
0.025769
0.025833
0.029282
0.025483
0.026163
0.025560
0.033468
0.029433
0.029888
0.029626
0.025992
0.021763
0.029814
0.033610
0.021785
0.026458
0.034321
0.026161
0.026464
0.021874
0.030449
0.021743
0.030215
0.021752
0.026022
0.021724
0.025623
0.025141
0.025591
0.028901
0.025210
0.033795
0.033158
0.025194
0.029091
0.021498
0.029513
0.029812
0.026354
0.030074
0.022021
0.021999
0.026014
0.030565
0.026083
0.034155
0.026405
0.034126
0.021219
0.024869
0.025738
0.025636
0.025790
0.021878
0.025925
0.021299
0.029629
0.025316
0.026085
0.025925
0.029684
0.026033
0.025978
0.021563
0.025407
0.025726
0.022032
0.026248
0.030682
0.025785
0.029972
0.026271
0.022854
0.030971
0.026211
0.026104
0.025528
0.021303
0.026067
0.034052
0.029864
0.022395
0.022606
0.022800
0.026479
0.022893
0.030818
0.030682
0.026443
0.026857
0.026104
0.026011
0.030276
0.022698
0.026671
0.022852
0.026918
0.023133
0.030820
0.034636
0.022731
0.031391
0.031002
0.026093
0.026070
0.022045
0.022023
0.025946
0.022015
0.021975
0.026097
0.026204
0.029852
0.022444
0.026021
0.026649
0.030184
0.026671
0.029813
0.030125
0.026234
0.022112
0.022485
0.030403
0.025941
0.022160
0.026537
0.026485
0.026486
0.026830
0.026352
0.030815
0.034228
0.034229
0.026457
0.030050
0.034433
0.026160
0.022494
0.022019
0.026438
0.030032
0.034129
0.031195
0.027056
0.030816
0.026345
0.030039
0.022572
0.026327
0.026901
0.029917
0.033983
0.025986
0.025725
0.026254
0.021573
0.030471
0.030099
0.029822
0.029657
0.029140
0.025778
0.026169
0.022492
0.022115
0.025895
0.033712
0.030182
0.029940
0.022252
0.030754
0.026657
0.026435
0.030153
0.026203
0.022226
0.022170
0.034086
0.025724
0.034081
0.022154
0.033412
0.021701
0.021674
0.022397
0.030031
0.030519
0.021850
0.021870
0.029664
0.029537
0.022278
0.025623
0.025942
0.021169
0.025169
0.024787
0.025571
0.025816
0.025576
0.021635
0.034000
0.025528
0.025568
0.033829
0.025802
0.029813
0.025995
0.030292
0.025829
0.021924
0.025906
0.022374
0.022039
0.025981
0.021741
0.026254
0.022512
0.030338
0.030542
0.026015
0.026601
0.030113
0.029485
0.021394
0.029299
0.026255
0.029812
0.025374
0.025577
0.029307
0.025137
0.025552
0.025447
0.025693
0.024992
0.025838
0.025733
0.021675
0.030198
0.029868
0.029631
0.025146
0.025424
0.021881
0.021837
0.022033
0.029772
0.029537
0.033983
0.029910
0.025326
0.022204
0.025787
0.022579
0.030454
0.029970
0.025840
0.021797
0.022358
0.026033
0.026393
0.022714
0.026690
0.030824
0.030230
0.030107
0.026651
0.030478
0.025631
0.026455
0.026408
0.025651
0.030701
0.022070
0.030044
0.022002
0.027020
0.022561
0.026015
0.026664
0.030109
0.034793
0.026686
0.026822
0.030521
0.021603
0.029698
0.022119
0.030244
0.026089
0.021954
0.029473
0.029802
0.025499
0.025582
0.030593
0.021713
0.026216
0.029207
0.025421
0.025882
0.029432
0.026252
0.030332
0.034134
0.025911
0.025820
0.022011
0.030287
0.030368
0.030129
0.026373
0.034146
0.021980
0.026467
0.029741
0.026177
0.026179
0.030699
0.026640
0.026066
0.026280
0.030616
0.031258
0.022586
0.022338
0.022521
0.025925
0.033784
0.021863
0.022412
0.030079
0.029829
0.025253
0.025680
0.026092
0.025405
0.022108
0.025885
0.026267
0.029648
0.029783
0.029558
0.025627
0.025897
0.029704
0.030188
0.021939
0.026176
0.021879
0.030329
0.026306
0.022422
0.030312
0.022096
0.025283
0.025659
0.033777
0.030180
0.026173
0.029852
0.030575
0.030075
0.021798
0.030050
0.026807
0.033821
0.029696
0.025506
0.021493
0.026595
0.025927
0.026582
0.026578
0.026990
0.022705
0.025916
0.030285
0.026148
0.027066
0.029991
0.026634
0.030630
0.026312
0.026660
0.030932
0.026709
0.026951
0.026300
0.031118
0.030257
0.030578
0.034241
0.030392
0.026072
0.025682
0.025793
0.026181
0.025547
0.033897
0.029837
0.029367
0.021953
0.025637
0.030041
0.026003
0.029874
0.022155
0.030048
0.034198
0.034149
0.030208
0.022011
0.033972
0.025622
0.025863
0.026271
0.029169
0.025540
0.021749
0.030337
0.021990
0.026675
0.030190
0.029805
0.029347
0.025307
0.026069
0.030169
0.026624
0.026424
0.025588
0.025717
0.026004
0.021853
0.031183
0.026326
0.030144
0.022555
0.030467
0.026746
0.030182
0.026909
0.031358
0.022923
0.026461
0.030022
0.034723
0.022516
0.026484
0.026684
0.026189
0.030285
0.026781
0.026305
0.030512
0.026769
0.026405
0.026814
0.026233
0.026443
0.030208
0.029810
0.030512
0.026278
0.022164
0.029808
0.021675
0.025782
0.022428
0.022318
0.022203
0.030500
0.034618
0.030078
0.030763
0.026487
0.030488
0.030495
0.030260
0.029872
0.026636
0.026277
0.026336
0.026466
0.030872
0.030087
0.022050
0.029625
0.022038
0.026140
0.029931
0.029780
0.022209
0.025405
0.030262
0.030059
0.025364
0.022425
0.026296
0.022333
0.022202
0.025973
0.030178
0.030418
0.026828
0.026451
0.030123
0.026216
0.021984
0.026123
0.030242
0.034316
0.025641
0.025928
0.033772
0.025220
0.021178
0.020807
0.021424
0.021461
0.025781
0.025163
0.029530
0.021332
0.025622
0.021478
0.025519
0.025393
0.025134
0.028705
0.021339
0.024940
0.029421
0.028422
0.028730
0.020940
0.024194
0.025161
0.029292
0.028807
0.024663
0.021083
0.024892
0.032543
0.020952
0.028942
0.025303
0.032880
0.033081
0.024809
0.021134
0.029474
0.025272
0.025640
0.025393
0.020958
0.029313
0.025941
0.033524
0.025701
0.021762
0.025047
0.021497
0.021280
0.025209
0.024992
0.025386
0.025249
0.025465
0.029316
0.029007
0.028898
0.029044
0.025210
0.021413
0.033210
0.025133
0.029534
0.028630
0.024881
0.021272
0.028983
0.021428
0.020952
0.029398
0.028922
0.020944
0.024851
0.029060
0.025461
0.021464
0.028808
0.029228
0.021619
0.025051
0.033165
0.025033
0.021106
0.029013
0.028730
0.021333
0.025039
0.025678
0.025022
0.025301
0.021285
0.024807
0.025011
0.020735
0.029750
0.029882
0.021889
0.021487
0.029022
0.033442
0.025613
0.021816
0.021979
0.029779
0.021632
0.021231
0.025934
0.029638
0.029539
0.033910
0.021834
0.025657
0.021307
0.033876
0.021718
0.029467
0.025523
0.021908
0.025823
0.025163
0.026063
0.026020
0.029891
0.021908
0.025544
0.025389
0.025214
0.021446
0.024861
0.025233
0.025191
0.025255
0.021515
0.029353
0.024962
0.028952
0.029962
0.029685
0.029609
0.025633
0.025004
0.021482
0.021330
0.025330
0.021279
0.025345
0.025837
0.020987
0.024822
0.029565
0.025238
0.028876
0.021486
0.024500
0.024576
0.029304
0.025146
0.021310
0.024546
0.029422
0.024822
0.029448
0.025305
0.021609
0.025444
0.029155
0.033425
0.029080
0.024853
0.029775
0.025694
0.021834
0.025586
0.029350
0.021408
0.021422
0.021412
0.024904
0.025609
0.021307
0.025485
0.026076
0.033647
0.021526
0.024786
0.025482
0.029550
0.021479
0.025909
0.033245
0.025341
0.024913
0.021659
0.029325
0.021245
0.029017
0.021577
0.024709
0.025044
0.021267
0.029466
0.029086
0.029120
0.020820
0.025423
0.025181
0.033208
0.025300
0.029275
0.028816
0.025185
0.029919
0.026301
0.025258
0.025225
0.029663
0.029854
0.025673
0.030261
0.026337
0.029841
0.026140
0.029544
0.025090
0.033798
0.026270
0.030021
0.029774
0.033728
0.029829
0.026441
0.026120
0.026545
0.026327
0.026719
0.022511
0.026204
0.026376
0.029613
0.022003
0.025886
0.021962
0.025043
0.025558
0.029125
0.029080
0.029655
0.025354
0.025872
0.025868
0.025667
0.029557
0.028444
0.025329
0.025735
0.033124
0.028919
0.029143
0.028779
0.033202
0.025042
0.021305
0.021352
0.025882
0.029491
0.032868
0.029613
0.025956
0.021469
0.029789
0.021814
0.029931
0.025827
0.029637
0.025619
0.029896
0.026507
0.033501
0.034059
0.029390
0.029619
0.026255
0.025970
0.030588
0.030120
0.025901
0.025793
0.033401
0.021772
0.021605
0.030141
0.025340
0.025767
0.029411
0.033454
0.029475
0.025546
0.029743
0.029252
0.025256
0.025357
0.029285
0.028748
0.029256
0.025624
0.028945
0.021675
0.030016
0.025844
0.025447
0.021836
0.030744
0.033522
0.034036
0.029339
0.029623
0.029978
0.033200
0.029822
0.025853
0.021280
0.025110
0.024920
0.029482
0.029231
0.025393
0.029547
0.021049
0.025525
0.028749
0.033202
0.028746
0.025497
0.025247
0.026225
0.021575
0.025555
0.025268
0.025235
0.026071
0.026472
0.026290
0.025228
0.025869
0.025836
0.029838
0.029930
0.029891
0.029866
0.026815
0.026024
0.021982
0.025575
0.029672
0.030143
0.029974
0.025508
0.022020
0.022185
0.021812
0.030076
0.026170
0.021766
0.026329
0.025285
0.025873
0.030001
0.033534
0.021732
0.021998
0.025880
0.025716
0.025461
0.025687
0.028996
0.025092
0.030027
0.021214
0.029537
0.025230
0.025320
0.022313
0.025690
0.026522
0.022047
0.030498
0.030389
0.025872
0.026272
0.034014
0.021574
0.030106
0.029682
0.026090
0.021601
0.025995
0.029813
0.029846
0.029366
0.021547
0.025974
0.024981
0.029957
0.025622
0.021621
0.021553
0.025639
0.029807
0.022080
0.025415
0.029672
0.021502
0.025976
0.029004
0.033441
0.029672
0.021654
0.022102
0.025902
0.025380
0.025311
0.021899
0.025538
0.025563
0.029875
0.025928
0.025158
0.029121
0.029823
0.025232
0.025474
0.029840
0.029921
0.021804
0.026352
0.025596
0.025746
0.030146
0.022699
0.033761
0.026371
0.025798
0.026178
0.033634
0.026055
0.030318
0.027030
0.022355
0.021882
0.030116
0.026128
0.030576
0.026174
0.025598
0.030045
0.025044
0.025980
0.025746
0.025758
0.026011
0.021730
0.021952
0.026410
0.022124
0.026277
0.026380
0.030478
0.026454
0.025893
0.025573
0.025440
0.025329
0.022071
0.030027
0.030049
0.021659
0.021724
0.033929
0.029984
0.022520
0.030479
0.022086
0.026014
0.025773
0.022372
0.029822
0.033887
0.029988
0.021699
0.021379
0.025353
0.029605
0.026284
0.029688
0.033617
0.029563
0.021819
0.025963
0.025719
0.029443
0.025788
0.029561
0.021782
0.029244
0.025003
0.021836
0.025649
0.021986
0.025779
0.025711
0.029977
0.025864
0.029455
0.026224
0.026006
0.021553
0.025931
0.025441
0.025072
0.029213
0.026166
0.021541
0.021557
0.022083
0.021952
0.025275
0.025054
0.025021
0.022037
0.021848
0.021230
0.025626
0.021571
0.026327
0.025712
0.022014
0.025507
0.029555
0.029195
0.025909
0.025770
0.025740
0.025835
0.029792
0.030056
0.029457
0.022056
0.025370
0.026155
0.030499
0.029802
0.025584
0.030173
0.026004
0.026160
0.029987
0.026354
0.026477
0.030690
0.022158
0.033445
0.026176
0.029458
0.029857
0.033394
0.029883
0.021812
0.029286
0.029820
0.021786
0.029567
0.026257
0.029928
0.021439
0.025485
0.021725
0.029632
0.029376
0.029637
0.029373
0.033550
0.029198
0.021134
0.028661
0.033336
0.028949
0.021573
0.028908
0.020974
0.029358
0.020587
0.025775
0.029138
0.029011
0.020605
0.033139
0.021298
0.025271
0.025092
0.029449
0.029355
0.024846
0.024642
0.028496
0.028721
0.025178
0.025090
0.024842
0.028698
0.024302
0.029032
0.029180
0.021294
0.032821
0.024939
0.024789
0.024537
0.028627
0.025490
0.033579
0.029925
0.025088
0.021218
0.029412
0.025016
0.026187
0.025777
0.025724
0.030141
0.025351
0.021366
0.029147
0.025147
0.025882
0.021668
0.026592
0.025470
0.025475
0.022687
0.029495
0.026230
0.033913
0.022517
0.034107
0.029560
0.025957
0.021527
0.030070
0.021941
0.033984
0.025504
0.025798
0.025990
0.029157
0.022382
0.021643
0.029846
0.021369
0.029310
0.029402
0.029348
0.025686
0.033533
0.021658
0.029641
0.022200
0.026593
0.029630
0.026476
0.026438
0.030365
0.029969
0.022240
0.027136
0.022097
0.034381
0.030788
0.022370
0.026810
0.030422
0.022361
0.030112
0.030793
0.026837
0.030553
0.022148
0.026319
0.029803
0.029824
0.030049
0.030551
0.022259
0.034387
0.025621
0.033938
0.026192
0.026753
0.025485
0.034187
0.025809
0.025379
0.025419
0.033602
0.022061
0.026175
0.026250
0.029804
0.025293
0.026820
0.026085
0.030203
0.029739
0.021836
0.021899
0.029744
0.030116
0.025486
0.026606
0.026126
0.025987
0.029769
0.024849
0.025779
0.025793
0.021926
0.030093
0.021865
0.033683
0.021678
0.025408
0.025677
0.026222
0.025857
0.021982
0.029575
0.029662
0.026258
0.025882
0.026429
0.029891
0.026456
0.026014
0.029655
0.029622
0.021800
0.026225
0.029879
0.026340
0.030176
0.026051
0.026196
0.026189
0.026608
0.030419
0.030627
0.022204
0.021710
0.026283
0.033885
0.030136
0.030638
0.026174
0.025753
0.026244
0.026472
0.022166
0.022123
0.022538
0.029768
0.029824
0.025467
0.021822
0.029910
0.030191
0.025166
0.029501
0.033595
0.025348
0.029874
0.025845
0.029447
0.025684
0.024883
0.029205
0.025309
0.024724
0.021060
0.024829
0.029444
0.025615
0.025889
0.029519
0.029938
0.025342
0.026014
0.024832
0.029009
0.028927
0.020997
0.025163
0.029452
0.021771
0.025046
0.025492
0.025289
0.025325
0.025242
0.029766
0.029672
0.025957
0.029762
0.021303
0.025408
0.021884
0.029954
0.030611
0.022463
0.034361
0.025335
0.025236
0.025173
0.025031
0.025617
0.021667
0.029860
0.025936
0.022008
0.025966
0.029896
0.030179
0.030420
0.029763
0.026279
0.029433
0.030529
0.021793
0.022630
0.029838
0.033971
0.030460
0.025955
0.026351
0.025940
0.026041
0.030165
0.022008
0.022395
0.025970
0.029424
0.025362
0.029947
0.022414
0.026313
0.022457
0.025996
0.022418
0.033893
0.034017
0.026119
0.030357
0.029339
0.021699
0.022157
0.029579
0.022904
0.030089
0.026390
0.026510
0.025711
0.029461
0.029529
0.025742
0.025426
0.025672
0.025568
0.026052
0.030526
0.025606
0.022329
0.025905
0.022444
0.025872
0.026158
0.021686
0.029898
0.026318
0.021483
0.030095
0.029804
0.025861
0.025774
0.025857
0.030092
0.029739
0.033724
0.033273
0.024787
0.021763
0.024979
0.022104
0.029525
0.029244
0.025188
0.029664
0.025084
0.033353
0.030352
0.025703
0.025867
0.025954
0.025404
0.025377
0.021805
0.022428
0.025552
0.026097
0.029922
0.026184
0.022513
0.033862
0.022380
0.030554
0.022556
0.025528
0.025895
0.026308
0.029992
0.026266
0.022591
0.026587
0.022211
0.030171
0.025678
0.026010
0.029659
0.029717
0.026364
0.029455
0.025725
0.022088
0.029565
0.021778
0.022388
0.022337
0.021349
0.026062
0.021333
0.029983
0.026304
0.029253
0.025269
0.029874
0.026008
0.021470
0.033295
0.022123
0.026041
0.029606
0.026390
0.029115
0.029294
0.021636
0.021724
0.025383
0.033897
0.021095
0.025477
0.029443
0.029363
0.029543
0.020858
0.025042
0.028374
0.028380
0.028426
0.020893
0.025215
0.028677
0.028863
0.032756
0.021284
0.024768
0.024591
0.025513
0.029207
0.025703
0.024921
0.020803
0.025322
0.029579
0.026090
0.025204
0.029447
0.025407
0.025011
0.029139
0.033201
0.029974
0.029222
0.029931
0.029136
0.024985
0.033215
0.021474
0.026239
0.021510
0.021305
0.029623
0.025526
0.029739
0.025304
0.026052
0.029629
0.022164
0.021451
0.021432
0.021863
0.029975
0.034166
0.022208
0.025863
0.029590
0.021783
0.029927
0.024955
0.025834
0.025205
0.025586
0.020956
0.024784
0.024918
0.025171
0.025348
0.025629
0.021756
0.029121
0.021251
0.029335
0.021893
0.026688
0.025196
0.025975
0.026205
0.025539
0.022361
0.025590
0.022035
0.025896
0.026213
0.021854
0.030025
0.021419
0.029956
0.025595
0.029878
0.030458
0.029882
0.025687
0.026211
0.022467
0.026212
0.022404
0.026357
0.026354
0.026132
0.025635
0.029827
0.026728
0.025838
0.021363
0.025335
0.025485
0.025290
0.025800
0.025518
0.025529
0.021961
0.029737
0.025933
0.029802
0.025988
0.030728
0.021428
0.029822
0.025178
0.021599
0.024901
0.021649
0.025773
0.029789
0.025928
0.022092
0.029612
0.022025
0.026096
0.029851
0.021780
0.029689
0.029198
0.030155
0.025919
0.025652
0.021815
0.025571
0.025624
0.029291
0.025270
0.029734
0.025756
0.025885
0.025572
0.025719
0.029363
0.029397
0.029578
0.030011
0.021845
0.021858
0.026012
0.025747
0.025786
0.022258
0.033558
0.029794
0.022013
0.026083
0.021735
0.030038
0.025587
0.022359
0.030270
0.026033
0.034309
0.025868
0.026326
0.030495
0.029830
0.029794
0.029772
0.026146
0.021540
0.025453
0.025639
0.021356
0.022016
0.029943
0.029789
0.029308
0.022241
0.021670
0.025127
0.026004
0.029589
0.026349
0.021082
0.029501
0.021296
0.029762
0.025251
0.029090
0.029150
0.033373
0.025335
0.029143
0.024977
0.025212
0.026068
0.021429
0.025687
0.021946
0.026225
0.030155
0.026530
0.033450
0.029837
0.026244
0.021703
0.021407
0.021195
0.025749
0.025610
0.021726
0.024793
0.029148
0.024456
0.028283
0.025832
0.021216
0.025035
0.025864
0.033029
0.029619
0.021476
0.025378
0.026049
0.029643
0.025841
0.029596
0.021200
0.021079
0.022348
0.025877
0.029094
0.029709
0.021356
0.021668
0.021425
0.022188
0.029122
0.021368
0.029088
0.025112
0.025679
0.029894
0.025431
0.025517
0.025812
0.028896
0.029041
0.025180
0.021452
0.026082
0.025279
0.021707
0.025283
0.024999
0.025794
0.022694
0.030390
0.030324
0.025839
0.030252
0.025861
0.025996
0.025704
0.022500
0.026406
0.030271
0.034375
0.029997
0.026807
0.030021
0.026721
0.026381
0.030024
0.030391
0.033867
0.026346
0.030341
0.034097
0.022707
0.026602
0.026862
0.025978
0.026421
0.022712
0.029792
0.029944
0.025691
0.033486
0.029411
0.029830
0.029740
0.025971
0.022225
0.030068
0.024956
0.029459
0.025469
0.028929
0.029048
0.029510
0.025453
0.021135
0.025889
0.025064
0.025322
0.021628
0.022050
0.030110
0.025857
0.025675
0.033682
0.029343
0.022143
0.033770
0.025860
0.029364
0.028881
0.029810
0.024810
0.025164
0.029188
0.029687
0.029653
0.025215
0.026110
0.025442
0.025784
0.024902
0.026111
0.021238
0.033639
0.021431
0.026003
0.029768
0.025976
0.025050
0.029926
0.025661
0.029450
0.029775
0.030420
0.026150
0.025935
0.025804
0.029870
0.034021
0.026147
0.034024
0.029877
0.030435
0.030300
0.033886
0.026716
0.022315
0.026802
0.022445
0.030044
0.030561
0.034347
0.030553
0.026211
0.026186
0.026820
0.030163
0.022691
0.030247
0.027414
0.026406
0.030105
0.030100
0.022783
0.026110
0.030510
0.026673
0.030513
0.035080
0.030860
0.022699
0.030194
0.030267
0.031262
0.026338
0.031449
0.034662
0.030724
0.034157
0.030507
0.030613
0.030458
0.026158
0.030315
0.022349
0.034311
0.022058
0.030649
0.022067
0.030633
0.026399
0.034237
0.022633
0.026041
0.034730
0.030466
0.026491
0.022237
0.030208
0.030614
0.029955
0.030609
0.026159
0.022760
0.030814
0.025952
0.025654
0.026704
0.030114
0.025683
0.026063
0.022216
0.029795
0.026008
0.025833
0.026398
0.022016
0.026850
0.026364
0.026386
0.025946
0.026110
0.026292
0.025864
0.026107
0.022506
0.022079
0.029190
0.029132
0.021362
0.021410
0.025641
0.021696
0.025684
0.033708
0.024853
0.021773
0.025130
0.029213
0.025671
0.021573
0.028651
0.020982
0.025389
0.029286
0.025358
0.024786
0.025545
0.029915
0.024831
0.025032
0.021264
0.029299
0.021658
0.028949
0.030104
0.026194
0.021699
0.030244
0.025944
0.029925
0.029737
0.025337
0.025245
0.021100
0.029183
0.033649
0.021672
0.025633
0.021541
0.025043
0.025249
0.025981
0.025410
0.021542
0.026175
0.021718
0.021520
0.029051
0.026328
0.026117
0.021642
0.021670
0.021286
0.021636
0.021884
0.028867
0.021679
0.029469
0.029450
0.029975
0.025480
0.025823
0.022536
0.030830
0.026323
0.030407
0.026433
0.026934
0.034312
0.029967
0.027230
0.030649
0.026670
0.026253
0.030257
0.022455
0.030130
0.026630
0.034075
0.026871
0.026339
0.033900
0.022788
0.022024
0.030509
0.029828
0.026471
0.026177
0.026360
0.030572
0.027545
0.026484
0.026922
0.027186
0.029861
0.025921
0.023004
0.030481
0.030589
0.022663
0.026374
0.026649
0.022241
0.022394
0.034704
0.022492
0.026253
0.030282
0.022639
0.022087
0.030129
0.022600
0.030293
0.030370
0.026527
0.033894
0.022054
0.025654
0.025826
0.026489
0.033799
0.026153
0.025939
0.029722
0.025835
0.021965
0.030492
0.022020
0.029375
0.022103
0.026024
0.029474
0.026244
0.026005
0.022308
0.025298
0.025596
0.021908
0.029192
0.021686
0.022385
0.030152
0.026202
0.033703
0.025834
0.022530
0.030321
0.030039
0.029761
0.030032
0.025859
0.026052
0.021558
0.029604
0.025940
0.030236
0.025682
0.024827
0.024932
0.022425
0.025331
0.026144
0.022448
0.029208
0.021250
0.025913
0.021795
0.021818
0.029829
0.034064
0.025394
0.025222
0.025763
0.022199
0.025370
0.025683
0.030525
0.034095
0.033109
0.025124
0.022155
0.026080
0.022332
0.025671
0.025778
0.030096
0.026165
0.025716
0.026505
0.030182
0.025807
0.026221
0.025654
0.021810
0.022851
0.026059
0.026126
0.030857
0.026136
0.022668
0.022278
0.030505
0.022746
0.026458
0.031050
0.026646
0.030353
0.029735
0.026601
0.026663
0.034917
0.030510
0.035133
0.027396
0.030668
0.023420
0.030410
0.031592
0.027096
0.030878
0.030525
0.030636
0.023748
0.030694
0.027074
0.027315
0.023220
0.026918
0.031237
0.027398
0.027112
0.023778
0.027129
0.026712
0.027646
0.030722
0.027117
0.030929
0.030708
0.030403
0.026534
0.030766
0.030343
0.026444
0.026826
0.034484
0.025891
0.030101
0.026143
0.030598
0.022421
0.030265
0.026235
0.034505
0.034223
0.025854
0.034237
0.025484
0.030789
0.026107
0.022232
0.022411
0.022146
0.029466
0.033489
0.022001
0.030516
0.030472
0.021973
0.026080
0.025233
0.034299
0.029685
0.025705
0.026026
0.025368
0.025872
0.029576
0.021928
0.033075
0.030137
0.026132
0.026300
0.029276
0.028882
0.021606
0.021279
0.029666
0.025216
0.025431
0.025641
0.025384
0.024896
0.025357
0.025492
0.032641
0.025864
0.021082
0.029364
0.021469
0.029537
0.026129
0.021460
0.029905
0.021359
0.025335
0.025493
0.026028
0.033413
0.021472
0.021235
0.021470
0.029046
0.025346
0.025122
0.025700
0.025166
0.029341
0.029440
0.021398
0.024795
0.025690
0.033099
0.025564
0.029772
0.029442
0.033226
0.025768
0.029378
0.025886
0.025700
0.026215
0.025549
0.021170
0.021432
0.029528
0.021756
0.029179
0.029812
0.028919
0.025053
0.028986
0.029277
0.021142
0.021484
0.024733
0.028439
0.032947
0.024453
0.020788
0.029884
0.020972
0.024945
0.024902
0.028703
0.025198
0.029454
0.024998
0.025803
0.024996
0.029204
0.024757
0.029245
0.021262
0.029168
0.025184
0.025172
0.028771
0.024498
0.024799
0.020870
0.024856
0.021107
0.025586
0.025031
0.029466
0.029033
0.024937
0.025501
0.021029
0.025946
0.024530
0.029055
0.025246
0.029057
0.025145
0.033514
0.025101
0.020689
0.029285
0.025488
0.025707
0.025534
0.025018
0.025611
0.029196
0.025437
0.021902
0.033222
0.029229
0.026159
0.033452
0.025462
0.021833
0.034424
0.026318
0.026646
0.033549
0.029550
0.021641
0.026541
0.026615
0.029979
0.026810
0.026349
0.022699
0.022497
0.033526
0.022555
0.026374
0.022764
0.022698
0.026567
0.030457
0.022288
0.022866
0.026651
0.022847
0.027160
0.026155
0.026337
0.026443
0.030631
0.023074
0.031024
0.030975
0.027125
0.023499
0.027341
0.027401
0.031867
0.027135
0.027462
0.031117
0.027254
0.022643
0.028127
0.031337
0.026778
0.027682
0.031536
0.030707
0.030672
0.022677
0.026556
0.030479
0.026670
0.022283
0.030107
0.022493
0.026810
0.030405
0.026650
0.030377
0.034446
0.025527
0.025914
0.026392
0.021893
0.030681
0.026217
0.022283
0.030550
0.025837
0.029382
0.025983
0.030509
0.022183
0.026492
0.030273
0.029685
0.029367
0.021696
0.030057
0.029601
0.021623
0.029905
0.021590
0.030195
0.026016
0.025761
0.025211
0.021787
0.025553
0.033787
0.026446
0.033935
0.030020
0.022540
0.022648
0.022750
0.030021
0.026506
0.025629
0.026777
0.022479
0.026011
0.025557
0.034288
0.026695
0.029515
0.034032
0.025682
0.026410
0.026193
0.026234
0.033771
0.029201
0.025588
0.026457
0.025778
0.026487
0.030237
0.029729
0.029602
0.022232
0.026362
0.026434
0.026077
0.030055
0.026512
0.022374
0.023147
0.030763
0.030303
0.034366
0.026626
0.034308
0.022078
0.021987
0.026603
0.021888
0.021647
0.022134
0.029490
0.021420
0.021759
0.025654
0.025098
0.029141
0.021158
0.024810
0.025211
0.025231
0.029036
0.025296
0.025739
0.021615
0.021498
0.033531
0.029411
0.025553
0.025368
0.025715
0.028508
0.025771
0.025339
0.033454
0.026189
0.024984
0.021954
0.029947
0.021503
0.021524
0.021625
0.025596
0.021910
0.021746
0.021097
0.025521
0.029391
0.026024
0.029348
0.024862
0.025097
0.021542
0.029123
0.029615
0.021434
0.021609
0.025813
0.033682
0.029628
0.029825
0.021736
0.030198
0.029558
0.029321
0.026231
0.025821
0.025903
0.026040
0.022669
0.022338
0.025892
0.026128
0.021515
0.026382
0.030140
0.022748
0.021874
0.022635
0.025683
0.021703
0.030193
0.026060
0.025928
0.030281
0.025488
0.025680
0.025284
0.029799
0.030186
0.022605
0.026247
0.026627
0.022276
0.030057
0.021890
0.021647
0.026074
0.022467
0.029347
0.028996
0.024750
0.029610
0.029226
0.025215
0.029508
0.025743
0.021537
0.024941
0.028473
0.025236
0.021054
0.025290
0.028684
0.032057
0.024899
0.025486
0.021178
0.033273
0.025965
0.024919
0.024711
0.020782
0.025747
0.021739
0.021770
0.025605
0.030039
0.021384
0.021453
0.029646
0.021564
0.026314
0.021916
0.026380
0.021388
0.025240
0.026648
0.029735
0.029805
0.029912
0.029322
0.030375
0.029766
0.022020
0.029195
0.026937
0.029843
0.025586
0.025388
0.029280
0.021150
0.025301
0.033008
0.028977
0.021254
0.025138
0.028458
0.025310
0.033260
0.029126
0.029364
0.021796
0.020852
0.028731
0.025329
0.029239
0.021844
0.025591
0.025899
0.026156
0.021409
0.025407
0.025602
0.021995
0.025233
0.025928
0.026939
0.026324
0.030223
0.021771
0.026316
0.030552
0.029637
0.030019
0.029607
0.030047
0.029869
0.030242
0.034411
0.026010
0.025557
0.033290
0.022457
0.021758
0.030016
0.029587
0.033424
0.029549
0.029204
0.029366
0.025231
0.030126
0.021480
0.029833
0.025927
0.029826
0.025783
0.022723
0.030453
0.034208
0.033670
0.027007
0.022460
0.026126
0.030393
0.033921
0.022704
0.026932
0.025982
0.026255
0.025897
0.030295
0.026480
0.029840
0.021665
0.021775
0.025630
0.025847
0.030652
0.025984
0.029866
0.030361
0.026292
0.026265
0.022126
0.029434
0.029365
0.030120
0.021694
0.021352
0.021614
0.030053
0.021999
0.029661
0.026332
0.025694
0.034146
0.033053
0.026147
0.022191
0.030465
0.025364
0.029392
0.021774
0.025082
0.033342
0.022026
0.029599
0.025593
0.026456
0.026027
0.026023
0.026425
0.022039
0.033981
0.026409
0.026216
0.022839
0.022183
0.027138
0.026131
0.023005
0.022946
0.027336
0.026960
0.026198
0.034109
0.026430
0.023398
0.030047
0.029861
0.021983
0.029885
0.022413
0.025583
0.022294
0.026129
0.022618
0.026991
0.030229
0.030475
0.026222
0.030082
0.026746
0.026170
0.029769
0.026232
0.029383
0.029800
0.033766
0.025903
0.029318
0.029446
0.030047
0.021887
0.029832
0.030490
0.026460
0.026150
0.029905
0.030043
0.025728
0.022501
0.022400
0.021744
0.022590
0.025990
0.029485
0.021774
0.029885
0.026588
0.029862
0.029481
0.022123
0.025406
0.025600
0.021342
0.029949
0.026068
0.025523
0.025496
0.029660
0.022154
0.026116
0.025979
0.029382
0.026458
0.026277
0.033278
0.026408
0.025483
0.022121
0.026507
0.022761
0.033880
0.022175
0.029543
0.022121
0.029933
0.021962
0.022781
0.026056
0.026297
0.022375
0.025873
0.030263
0.033811
0.022917
0.026199
0.029582
0.025570
0.029735
0.026136
0.026700
0.029936
0.029680
0.025467
0.026368
0.022377
0.029973
0.026591
0.026137
0.025103
0.026154
0.025829
0.029697
0.029757
0.025664
0.025848
0.025413
0.025058
0.029114
0.025675
0.021866
0.033493
0.029063
0.025339
0.028759
0.021029
0.025084
0.028771
0.029137
0.029215
0.021297
0.025768
0.021347
0.025109
0.033845
0.029516
0.029360
0.025688
0.022085
0.029378
0.025159
0.030443
0.025574
0.026206
0.026117
0.025114
0.025914
0.025882
0.033172
0.025632
0.025739
0.029260
0.029279
0.026408
0.030061
0.030503
0.021760
0.025638
0.025335
0.020940
0.021994
0.029639
0.021741
0.025947
0.025795
0.024552
0.025581
0.029257
0.025293
0.029512
0.025767
0.026133
0.025621
0.021446
0.026134
0.034121
0.026634
0.025661
0.029682
0.025523
0.029321
0.030185
0.022359
0.033369
0.021990
0.026036
0.029058
0.021369
0.028948
0.025243
0.021920
0.028781
0.032610
0.029659
0.024665
0.025125
0.029129
0.026021
0.030020
0.029571
0.024468
0.024600
0.025146
0.028680
0.025348
0.024601
0.024969
0.028290
0.021424
0.021728
0.025251
0.029393
0.024440
0.028921
0.025247
0.021023
0.028449
0.024506
0.029073
0.028924
0.021090
0.028117
0.028637
0.032571
0.024691
0.025749
0.025121
0.028708
0.025367
0.024983
0.024839
0.029021
0.025260
0.025505
0.028776
0.025691
0.025986
0.029520
0.029716
0.033910
0.024958
0.025137
0.029477
0.021035
0.025932
0.021582
0.022424
0.022158
0.025511
0.025442
0.025795
0.021636
0.022063
0.021766
0.029471
0.030511
0.021873
0.025228
0.029484
0.033760
0.026139
0.025583
0.026028
0.028834
0.021336
0.021520
0.029776
0.025974
0.021987
0.026332
0.030016
0.026247
0.026871
0.029579
0.026146
0.030584
0.029536
0.034149
0.027151
0.023500
0.026435
0.030715
0.030932
0.034058
0.030313
0.030523
0.027142
0.030329
0.026553
0.030823
0.030350
0.026038
0.025768
0.025746
0.022892
0.026283
0.021868
0.029554
0.026162
0.021698
0.026239
0.028880
0.022072
0.026062
0.029539
0.025092
0.025474
0.029556
0.025160
0.026126
0.025767
0.025108
0.025341
0.025934
0.030200
0.026100
0.030492
0.029458
0.022462
0.021905
0.025699
0.030130
0.030151
0.022639
0.026360
0.033914
0.025335
0.029644
0.026159
0.021563
0.025431
0.021435
0.021396
0.025174
0.025809
0.025353
0.033086
0.026699
0.021514
0.021618
0.033141
0.028860
0.025627
0.029385
0.025575
0.025410
0.021055
0.025053
0.028212
0.032997
0.020742
0.024914
0.024877
0.028339
0.025042
0.024213
0.020640
0.024895
0.024889
0.024660
0.021537
0.025196
0.025164
0.025289
0.021142
0.029075
0.033171
0.029433
0.025286
0.032728
0.029541
0.030198
0.029418
0.025341
0.025714
0.025685
0.025709
0.025742
0.021382
0.022147
0.022544
0.025632
0.030029
0.029194
0.022545
0.033354
0.030222
0.021948
0.022575
0.026012
0.026216
0.033833
0.025274
0.025913
0.033948
0.026111
0.029669
0.025502
0.025497
0.025911
0.021878
0.021767
0.022420
0.025973
0.022212
0.029755
0.025683
0.029967
0.022710
0.026284
0.030473
0.021719
0.026398
0.025476
0.022399
0.029670
0.021869
0.026642
0.030184
0.029260
0.029703
0.029648
0.022701
0.026147
0.029962
0.028824
0.025878
0.022602
0.022202
0.025711
0.022186
0.026115
0.025372
0.021983
0.025812
0.029655
0.029818
0.021909
0.025535
0.025380
0.029587
0.029549
0.026241
0.025838
0.029479
0.029443
0.029440
0.021733
0.025928
0.022327
0.025453
0.029670
0.030137
0.025942
0.025931
0.021510
0.030450
0.025611
0.021817
0.025212
0.025459
0.026010
0.029623
0.025774
0.025475
0.025248
0.021205
0.025323
0.030187
0.025577
0.026275
0.029272
0.029903
0.029211
0.033398
0.022025
0.025957
0.022507
0.026024
0.026765
0.026468
0.022144
0.030789
0.030118
0.029635
0.029424
0.026018
0.025728
0.022102
0.021787
0.026500
0.030734
0.022305
0.022140
0.033865
0.021797
0.026032
0.021596
0.026352
0.030293
0.023091
0.022198
0.025277
0.026624
0.027052
0.034314
0.022196
0.026353
0.030532
0.021786
0.030065
0.022480
0.030242
0.022336
0.030299
0.033614
0.025569
0.025650
0.026317
0.026520
0.030227
0.029846
0.022168
0.026064
0.030188
0.030646
0.027055
0.026242
0.025974
0.033082
0.026011
0.029565
0.025921
0.021610
0.022189
0.025541
0.030049
0.029066
0.029686
0.025991
0.029172
0.025407
0.025214
0.022254
0.025438
0.026061
0.025833
0.026277
0.025791
0.025482
0.022238
0.021791
0.026467
0.021927
0.030133
0.025388
0.022351
0.025660
0.026163
0.025535
0.025726
0.033445
0.026148
0.021315
0.029611
0.029129
0.021509
0.025402
0.021829
0.025989
0.025555
0.030075
0.022145
0.025798
0.021558
0.029819
0.021406
0.025455
0.025870
0.025813
0.021768
0.026081
0.022505
0.025635
0.029373
0.029682
0.029050
0.021535
0.030274
0.022753
0.025787
0.029433
0.022430
0.025973
0.022292
0.022827
0.026925
0.025787
0.030649
0.025508
0.030162
0.025661
0.025124
0.030025
0.021494
0.026313
0.029003
0.024953
0.022088
0.022068
0.022189
0.021533
0.030501
0.029982
0.029604
0.026314
0.029237
0.026581
0.026477
0.029552
0.026217
0.029970
0.026129
0.029785
0.026169
0.030108
0.025900
0.029823
0.030629
0.022606
0.026130
0.026436
0.029733
0.025662
0.025583
0.021692
0.025339
0.032928
0.029404
0.021511
0.021626
0.025242
0.025738
0.025646
0.024920
0.021471
0.029080
0.033150
0.021205
0.020803
0.025154
0.029215
0.024877
0.025103
0.033046
0.030011
0.028733
0.024592
0.026067
0.032798
0.025331
0.020718
0.029863
0.021232
0.021420
0.024602
0.021154
0.025253
0.021786
0.028489
0.025897
0.025342
0.021092
0.025459
0.024847
0.029549
0.021897
0.028779
0.025788
0.026410
0.022813
0.029354
0.028930
0.029643
0.028579
0.025255
0.024983
0.029885
0.022792
0.025842
0.021604
0.029588
0.030020
0.022309
0.029731
0.022168
0.026251
0.029137
0.021834
