13
24
22
25
21
18
19
24
22
19
16
21
15
22
20
20
16
19
16
17
20
23
18
13
21
16
9
19
12
14
14
19
18
15
20
20
19
18
13
15
14
17
16
18
20
16
19
17
18
16
14
17
17
20
21
14
15
15
16
18
21
18
18
10
18
11
15
12
14
18
16
12
23
21
15
14
15
9
15
13
11
17
16
15
19
12
14
15
14
10
10
12
13
12
8
11
13
12
13
12
18
20
19
18
18
22
17
25
20
18
18
22
12
17
18
18
16
23
17
14
16
17
20
19
17
20
17
19
17
19
13
13
16
18
16
19
18
20
17
17
16
14
15
13
15
16
15
13
13
16
15
15
13
14
18
13
13
13
17
15
13
16
15
14
16
17
17
16
19
10
14
12
11
14
10
17
13
14
13
19
17
11
13
15
11
9
13
8
10
9
12
11
9
5
11
12
10
9
8
8
21
23
26
17
23
21
19
15
19
18
20
19
16
18
20
21
18
14
19
19
16
16
17
20
17
19
21
21
21
19
16
17
17
22
16
18
16
18
22
17
15
15
14
14
21
16
19
18
17
14
21
17
15
15
14
16
18
17
19
14
15
13
19
19
15
17
15
18
19
18
17
13
19
19
15
16
14
13
14
17
13
11
16
16
15
17
18
16
16
13
15
15
12
13
15
14
12
10
13
13
17
20
21
20
23
22
24
20
19
17
18
19
16
21
21
16
20
21
17
24
18
18
14
18
16
16
15
17
20
15
14
16
21
19
14
16
13
18
18
16
18
20
14
17
20
21
15
21
15
12
18
15
17
18
17
20
17
21
20
20
19
17
21
20
18
17
17
19
19
19
15
15
19
12
16
21
15
23
20
17
22
16
15
19
15
15
13
9
13
19
13
12
15
17
11
17
23
18
12
12
12
24
25
21
17
16
22
19
19
19
23
19
21
21
19
21
25
20
16
18
20
16
21
16
17
22
25
16
16
18
17
17
18
18
16
18
15
17
18
17
21
20
22
20
18
15
18
16
17
20
20
20
20
20
16
19
13
17
17
16
13
18
14
19
16
19
15
20
18
19
19
17
18
15
19
20
26
18
17
17
21
18
19
17
19
19
17
17
16
18
16
17
16
14
14
14
19
13
12
12
