174.337752
163.854878
158.904427
151.580238
146.263689
143.035312
136.602337
135.862206
131.020294
129.151218
126.776469
124.670340
122.698283
116.298579
116.261330
113.952238
113.239671
109.059071
107.957533
105.420099
104.770804
103.175597
102.791058
102.515383
99.381661
97.849998
96.087482
94.727937
93.824967
93.315382
92.544360
90.562621
90.274846
89.315298
89.067290
87.280049
87.047742
85.455988
85.328593
83.029164
81.651130
79.722484
77.946891
77.711549
77.711549
76.943027
76.616985
76.569580
76.320558
75.204520
73.944246
73.592504
72.645903
72.254364
72.145422
71.694875
70.272419
69.316255
69.062072
66.821524
66.748112
66.608473
65.833929
64.923613
64.893250
64.795670
64.303889
64.299260
63.622386
63.079483
61.858597
61.858597
61.632028
61.394252
60.931164
60.573856
60.573856
59.201973
58.972571
58.972571
58.803074
58.803074
58.738993
58.512598
58.512598
58.400257
57.568372
55.195030
53.441585
53.308752
52.373470
52.103810
52.103810
51.738198
51.673268
51.673268
51.550183
51.425138
51.294220
51.111038
51.066284
50.564692
50.516575
50.516575
49.941588
49.665946
49.665946
49.600807
49.585004
49.044125
48.805935
48.255317
47.846514
47.438102
47.246955
47.246955
47.208512
46.513877
46.316234
46.148662
45.778822
45.778822
45.398578
44.819949
44.767273
44.767273
44.294458
44.215582
43.608434
42.651434
42.136076
41.964379
41.964379
41.943206
41.825178
41.236700
41.236700
41.093702
40.840764
40.700715
40.700715
40.432977
40.333397
40.013139
39.719069
39.288557
39.039817
38.906875
38.890243
38.039051
37.702285
37.387954
37.115548
36.526114
36.379099
36.326261
36.080350
35.961427
35.847602
35.820722
35.599348
35.599348
35.479948
35.446356
35.107602
35.051457
35.051457
35.051457
34.860432
34.860432
34.732495
34.732495
34.628873
34.628873
34.601101
34.448614
34.448614
34.403828
34.334200
34.308617
34.244027
34.193350
33.694608
33.694608
33.552285
33.552285
33.552285
33.520108
33.520108
33.502711
33.367340
33.291998
33.246386
33.152050
32.923786
32.890924
32.890924
32.853704
32.426713
32.223049
32.223049
32.223049
32.154150
31.961634
31.955420
31.771752
31.771752
31.655219
31.655219
31.655219
31.589466
31.274206
31.217046
31.217046
30.875812
30.843323
30.769290
30.359830
30.270747
29.976531
29.731174
29.616000
29.366516
29.145946
28.807281
28.807281
28.737488
28.269073
28.188207
28.054637
27.522643
27.011342
26.924418
26.807399
26.807399
26.807399
26.654188
26.252053
26.038164
25.781239
25.725381
25.709206
25.594637
25.481884
25.402757
25.216966
25.216966
25.078077
25.078077
24.987243
24.974565
24.967309
24.546261
24.503247
24.331014
24.045982
23.959761
23.763728
23.555688
23.135585
23.029118
22.854066
22.663618
22.285953
22.223819
22.162940
22.009823
21.729648
21.684197
21.470519
21.457861
21.364371
21.319105
21.027214
20.810162
20.712087
20.547964
20.409924
20.383639
20.358809
20.358809
20.170242
20.125816
20.083545
20.083545
19.965619
19.846107
19.436485
19.428317
19.300135
19.052194
19.030712
18.978280
18.954780
18.867193
18.758948
18.743787
18.743787
18.537845
18.488952
18.241083
18.001791
17.400125
17.384939
17.193978
16.935083
16.887126
16.697641
16.618777
16.200248
16.107339
16.098114
15.749491
15.687057
15.664352
15.562579
15.341741
15.341741
15.297697
15.291087
15.291087
15.089151
14.936967
14.864698
14.750360
14.575385
14.547584
14.456288
14.456288
14.354650
14.354650
14.247950
13.941862
13.871626
13.758864
13.735808
13.702606
13.618733
13.420672
13.346822
13.194988
13.194988
13.167262
13.149882
13.141005
13.047956
12.904968
12.819739
12.776483
12.491983
12.454706
12.329904
12.199826
11.818848
11.730559
11.730559
11.647912
11.647912
11.537277
11.401346
11.393448
11.393448
11.381332
11.038862
10.982614
10.905971
10.905971
10.871297
10.776135
10.746879
10.726394
10.726394
10.672733
10.551221
10.524283
10.475863
10.389302
10.315756
10.314564
10.250356
10.247861
10.247861
10.172895
10.164746
10.097581
10.072834
10.072834
9.994769
9.838619
9.709935
9.654900
9.619768
9.613886
9.507334
9.507334
9.503547
9.296720
9.226764
9.224749
9.114357
9.114357
9.066987
9.062211
9.030852
8.914242
8.757004
8.754991
8.754991
8.666859
8.666859
8.595794
8.531671
8.396556
8.387951
8.252136
8.218535
8.218535
8.143691
8.138039
8.138039
7.940172
7.940172
7.869343
7.834381
7.776495
7.749632
7.684277
7.684277
7.678049
7.674747
7.674747
7.594152
7.552739
7.489181
7.448724
7.361681
7.361681
7.360944
7.360944
7.278646
7.263153
7.244860
7.238052
7.224714
7.189608
7.189608
7.128401
7.108088
7.063837
7.063837
6.973958
6.891525
6.782656
6.782656
6.718257
6.718257
6.701057
6.701057
6.697037
6.697037
6.652524
6.652524
6.652158
6.652158
6.613347
6.558549
6.558549
6.558549
6.549601
6.549601
6.436657
6.415076
6.320901
6.320901
6.272877
6.193399
6.187662
6.187662
6.187662
6.160551
6.094266
6.090121
6.002164
5.964023
5.916391
5.903213
5.901166
5.877783
5.877783
5.786788
5.712116
5.692040
5.657793
5.581616
5.506673
5.506673
5.405421
5.383248
5.299039
5.272211
5.272211
5.272211
5.255001
5.151226
5.151226
5.097069
5.096814
5.096814
5.083025
5.083025
5.008009
5.007548
5.006641
4.928648
4.894707
4.871997
4.859204
4.859204
4.798966
4.746282
4.718843
4.698469
4.678970
4.656722
4.636522
4.620727
4.579401
4.532022
4.532022
4.518554
4.391956
4.367755
4.355032
4.355032
4.344052
4.316075
4.209885
4.206583
4.149830
4.144427
4.133761
4.133761
4.123036
4.123036
4.121754
4.121754
4.101916
4.101916
4.101916
4.099474
4.091801
4.091801
4.078688
3.997363
3.935445
3.923609
3.923609
3.852228
3.848595
3.772459
3.749653
3.749653
3.749653
3.743349
3.659603
3.659603
3.565001
3.565001
3.565001
3.565001
3.565001
3.559180
3.534935
3.513662
3.444520
3.373368
3.349264
3.344702
3.322961
3.322961
3.306336
3.306336
3.298664
3.264868
3.264868
3.252976
3.223638
3.223638
3.223638
3.186760
3.160556
3.139360
3.060914
3.056520
3.039165
3.039165
3.039165
3.032187
3.032187
3.032187
3.007543
2.990266
2.974096
2.974096
2.973166
2.954760
2.954760
2.921092
2.921092
2.917134
2.915596
2.870731
2.870731
2.855205
2.843681
2.790962
2.790962
2.790962
2.790962
2.787630
2.772815
2.768837
2.768837
2.768837
2.768837
2.749027
2.744465
2.744465
2.727916
2.719138
2.719138
2.672845
2.672845
2.671234
2.665494
2.620954
2.620954
2.613945
2.586756
2.569901
2.568954
2.543547
2.543547
2.539991
2.504848
2.496838
2.453013
2.443332
2.442815
2.412241
2.410653
2.360947
2.360947
2.358542
2.331050
2.331050
2.331050
2.298169
2.281434
2.244223
2.244223
2.244223
2.235067
2.227568
2.206866
2.173394
2.160187
2.158072
2.108651
2.108651
2.085966
2.085966
2.049423
2.024672
2.014242
2.014242
2.014242
2.012447
2.006446
1.991322
1.991322
1.991322
1.991322
1.964053
1.963424
1.963424
1.945856
1.945856
1.945856
1.920431
1.879804
1.873750
1.873750
1.873750
1.859650
1.849596
1.838026
1.836557
1.832780
1.814505
1.807569
1.807569
1.782256
1.782256
1.782256
1.782256
1.773696
1.772224
1.772224
1.769466
1.738581
1.737650
1.730620
1.728206
1.728206
1.725049
1.725049
1.725049
1.718077
1.718077
1.715681
1.715681
1.715681
1.715681
1.651014
1.651014
1.651014
1.649361
1.649361
1.636789
1.622606
1.605415
1.605415
1.603554
1.587378
1.587378
1.569447
1.569447
1.567339
1.561901
1.561901
1.561901
1.561901
1.549919
1.548252
1.544524
1.535879
1.535879
1.535879
1.518942
1.498397
1.498397
1.497170
1.496863
1.477813
1.477813
1.476049
1.464719
1.460176
1.460176
1.448133
1.448133
1.447148
1.438989
1.438989
1.411854
1.409279
1.409279
1.409279
1.409279
1.407538
1.407538
1.407538
1.404599
1.402446
1.402446
1.402446
1.402446
1.399301
1.391859
1.391859
1.391859
1.391431
1.391431
1.391431
1.391431
1.376924
1.364512
1.364496
1.364496
1.364159
1.360679
1.360679
1.360251
1.357262
1.355790
1.355790
1.355351
1.355351
1.353741
1.353741
1.353741
1.351793
1.345052
1.345052
1.345052
1.342019
1.336548
1.336122
1.336122
1.335772
1.335772
1.329878
1.329878
1.309323
1.309323
1.309323
1.309323
1.309323
1.305739
1.305739
1.302259
1.302259
1.302259
1.296819
1.296819
1.294820
1.294820
1.293835
1.293835
1.293835
1.293835
1.283030
1.280922
1.236774
1.236774
1.234281
1.234281
1.232463
1.232232
1.232232
1.231131
1.229786
1.228362
1.223701
1.223701
1.220224
1.220224
1.217286
1.210730
1.206765
1.204581
1.201742
1.200530
1.196565
1.191071
1.191071
1.191071
1.191071
1.188650
1.186514
1.181423
1.181282
1.181282
1.181282
1.163918
1.163918
1.162727
1.157656
1.157656
1.157656
1.157656
1.147635
1.136451
1.131976
1.112092
1.112092
1.103280
1.103280
1.101568
1.089297
1.084836
1.084397
1.083383
1.083383
1.083383
1.082501
1.082501
1.081285
1.081285
1.071923
1.070873
1.069917
1.067044
1.067044
1.067044
1.063199
1.059217
1.059217
1.041562
1.041562
1.030231
1.030231
1.030231
1.030231
1.030194
1.030194
1.028539
1.019180
1.019180
1.014202
1.014202
1.013091
1.013091
1.012051
1.011904
1.011904
1.010449
1.008501
1.008501
1.008501
0.999162
0.999162
0.999162
0.992355
0.991028
0.991028
0.991028
0.990991
0.990991
0.988916
0.988916
0.988916
0.986988
0.985093
0.979384
0.979384
0.976607
0.970462
0.970462
0.970462
0.970446
0.970446
0.970446
0.970446
0.970137
0.964595
0.958179
0.957516
0.957516
0.953506
0.953506
0.953024
0.947249
0.947249
0.947249
0.945977
0.945977
0.943717
0.942113
0.942113
0.938268
0.938268
0.938268
0.930371
0.922561
0.922561
0.922404
0.920490
0.919475
0.919475
0.916778
0.913305
0.909460
0.906841
0.904820
0.904820
0.904820
0.895164
0.894806
0.894806
0.894806
0.894733
0.894733
0.891941
0.891941
0.891941
0.891941
0.890857
0.887694
0.886408
0.885407
0.878054
0.878054
0.878054
0.878054
0.876591
0.876591
0.864603
0.860993
