1.000000
0.993871
0.956631
0.961058
0.974509
0.950249
0.975504
0.950190
0.959221
0.931717
0.918686
0.933689
0.922031
0.935138
0.898680
0.917236
0.890430
0.891777
0.903668
0.877356
0.892440
0.878953
0.882123
0.843850
0.832348
0.863979
0.843031
0.859030
0.838303
0.841711
0.829497
0.827332
0.835028
0.811202
0.823226
0.799715
0.809317
0.786626
0.771524
0.797139
0.773645
0.785916
0.769999
0.778254
0.759792
0.756726
0.759249
0.738167
0.762921
0.734816
0.736953
0.708535
0.717081
0.727671
0.695377
0.711956
0.680749
0.679675
0.654320
0.638681
0.654409
0.650872
0.662937
0.648886
0.659173
0.633817
0.616352
0.635118
0.622936
0.628261
0.599170
0.611146
0.591083
0.573095
0.587159
0.549446
0.568941
0.545173
0.548307
0.529703
0.499054
0.505757
0.488441
0.499066
0.494438
0.484856
0.455340
0.440559
0.441052
0.418800
0.406060
0.381320
0.363337
0.344908
0.348142
0.342539
0.319689
0.322624
0.313626
0.305222
0.292616
0.282494
0.272011
0.262969
0.249291
0.249657
0.249765
0.223813
0.229495
0.211074
0.215250
0.213491
0.204700
0.201876
0.191010
0.191813
0.180845
0.191373
0.191021
0.193695
0.181837
0.185639
0.184064
0.182961
0.190810
0.184422
0.178166
0.167336
0.158611
0.151211
0.171704
0.156921
0.160353
0.149595
0.153195
0.138057
0.154851
0.147182
0.146762
0.140790
0.139927
0.143657
0.143201
0.145732
0.155673
0.155474
0.143215
0.151068
0.144256
0.148077
0.162569
0.151445
0.149327
0.144640
0.148883
0.151630
0.142965
0.146985
0.144943
0.144655
0.146747
0.146917
0.145205
0.141977
0.139543
0.135788
0.131830
0.127914
0.131573
0.126660
0.133613
0.137295
0.131717
0.121001
0.129231
0.127397
0.132319
0.136507
0.130338
0.130283
0.121909
0.128896
0.117566
0.109634
0.110523
0.118079
0.113757
0.109274
0.113138
0.111139
0.108478
0.105692
0.103831
0.104235
0.108042
0.109297
0.103529
0.093975
0.095189
0.098170
0.094159
0.089840
0.083086
0.085428
0.085840
0.088521
0.079973
0.092481
0.082964
0.089083
0.080322
0.082597
0.082605
0.078907
0.075442
0.082921
0.078070
0.083153
0.074644
0.073205
0.069673
0.072159
0.075939
0.074193
0.078548
0.066298
0.076592
0.074138
0.085198
0.086755
0.071746
0.076785
0.076784
0.065832
0.068885
0.070839
0.062612
0.067550
0.063620
0.069393
0.065777
0.067601
0.067759
0.063098
0.074881
0.068724
0.069899
0.070434
0.067381
0.060971
0.063457
0.064528
0.069987
0.070188
0.058334
0.067007
0.065300
0.066972
0.058187
0.060873
0.061806
0.065616
0.068992
0.077224
0.072185
0.065856
0.069733
0.058081
0.064803
0.053851
0.067896
0.065114
0.061544
0.064677
0.063976
0.063342
0.067542
0.062913
0.064284
0.066971
0.062015
0.071005
0.069664
0.066197
0.062289
0.068695
0.061832
0.052817
0.070670
0.057157
0.054970
0.062063
0.070205
0.065050
0.063060
0.059362
0.067138
0.061941
0.056043
0.067433
0.057528
0.059828
0.050926
0.058583
0.052759
0.059286
0.066085
0.062279
0.056189
0.059121
0.065166
0.061817
0.066471
0.065287
0.067391
0.059489
0.058694
0.060002
0.051073
0.062827
0.054205
0.062645
0.057428
0.056987
0.058108
0.063444
0.058807
0.058754
0.067713
0.068376
0.067065
0.070386
0.067476
0.058183
0.060736
0.062779
0.063363
0.054013
0.068068
0.060198
0.064657
0.063288
0.066900
0.062206
0.054861
0.066974
0.072129
0.058287
0.068092
0.061186
0.055056
0.068513
0.058202
0.063338
0.064608
0.062321
0.062949
0.059757
0.059633
0.051470
0.057159
0.057592
0.058213
0.057468
0.065004
0.063608
0.059391
0.062777
0.059217
0.068516
0.064769
0.065783
0.071514
0.068569
0.065868
0.053789
0.070317
0.055834
0.062179
0.061623
0.063796
0.062158
0.060743
0.056471
0.058995
0.050395
0.049891
0.050936
0.055385
0.059325
0.056544
0.056961
0.060451
0.052954
0.065200
0.060989
0.063667
0.068213
0.063911
0.059607
0.066218
0.060975
0.067635
0.064850
0.055918
0.049317
0.053379
0.049328
0.058058
0.058751
0.057051
0.060484
0.054340
0.055847
0.051980
0.061649
0.068204
0.061715
0.064307
0.063322
0.060495
0.065213
0.060596
0.056305
0.061777
0.065387
0.066320
0.058596
0.060815
0.066136
0.072155
0.064426
0.073665
0.062785
0.069775
0.065252
0.070530
0.060829
0.058282
0.065936
0.068030
0.062619
0.067679
0.066701
0.072113
0.062223
0.063093
0.067783
0.072990
0.071359
0.062645
0.067759
0.061558
0.059290
0.070791
0.062898
0.062951
0.062396
0.068677
0.068942
0.058221
0.058137
0.057596
0.061911
0.061866
0.050699
0.064666
0.056105
0.055949
0.063135
0.062340
0.054980
0.057816
0.062075
0.047132
0.060734
0.053036
0.059094
0.061845
0.057216
0.062124
0.065576
0.064656
0.054673
0.053698
0.063076
0.056260
0.052258
0.067047
0.064940
0.067788
0.063074
0.057694
0.057723
0.054032
0.068275
0.058034
0.069999
0.055122
0.063629
0.053866
0.064730
0.061500
0.060476
0.059507
0.062630
0.058522
0.059208
0.064391
0.062700
0.061129
0.067095
0.066168
0.066284
0.064478
0.063482
0.066640
0.058792
0.058642
0.067673
0.063145
0.069828
0.063276
0.066037
0.058200
0.066103
0.057306
0.060700
0.069895
0.068659
0.053865
0.065568
0.057860
0.064858
0.058273
0.066117
0.057619
0.058269
0.065980
0.056153
0.052093
0.060292
0.059467
0.060367
0.058713
0.056248
0.054399
0.047861
0.055894
0.053731
0.066172
0.067495
0.059945
0.060317
0.057945
0.060101
0.053478
0.056284
0.064550
0.057632
0.052965
0.065401
0.066440
0.069260
0.062063
0.062446
0.066028
0.065356
0.070960
0.055819
0.069442
0.062605
0.058680
0.062369
0.056510
0.053839
0.057877
0.053935
0.062970
0.061822
0.057443
0.066164
0.069864
0.062001
0.057814
0.062527
0.066451
0.062476
0.063981
0.065150
0.057627
0.061502
0.060827
0.065954
0.062384
0.059441
0.058684
0.055180
0.069725
0.065879
0.058422
0.065359
0.070145
0.063737
0.057422
0.061731
0.067042
0.062089
0.066714
0.073789
0.066708
0.068206
0.061687
0.065297
0.061332
0.064404
0.064255
0.064808
0.069910
0.066653
0.054350
0.073830
0.066233
0.063252
0.058118
0.066220
0.070496
0.063047
0.059632
0.057255
0.059899
0.066277
0.060904
0.063162
0.063089
0.062863
0.064444
0.060030
0.066225
0.066953
0.066762
0.064308
0.059169
0.057469
0.062640
0.063275
0.064504
0.061421
0.060384
0.066565
0.073459
0.068015
0.070904
0.064567
0.059823
0.067712
0.065618
0.068380
0.057123
0.062777
0.065561
0.071818
0.061963
0.060554
0.065379
0.063542
0.066028
0.072301
0.068816
0.066254
0.065470
0.064297
0.068438
0.061381
0.069869
0.054088
0.062436
0.067256
0.067244
0.062631
0.054129
0.066206
0.058012
0.063153
0.054236
0.057138
0.050433
0.065113
0.060225
0.068705
0.069267
0.061737
0.067240
0.060554
0.061979
0.069818
0.064081
0.069984
0.061748
0.054089
0.062547
0.060355
0.070484
0.070140
0.062619
0.061561
0.068563
0.061320
0.062845
0.070275
0.065694
0.061862
0.061970
0.060796
0.057580
0.065685
0.059717
0.060022
0.064559
0.065539
0.058889
0.065473
0.069913
0.061544
0.054180
0.070768
0.065906
0.070054
0.060250
0.060483
0.059215
0.063879
0.058989
0.065431
0.056070
0.060037
0.067743
0.058256
0.066737
0.063333
0.060874
0.064976
0.065781
0.063873
0.063821
0.064262
0.063205
0.066030
0.064347
0.063992
0.063148
0.061915
0.059901
0.064873
0.063319
0.058907
0.067607
0.062554
0.059107
0.060050
0.066704
0.058548
0.061036
0.063401
0.064252
0.058905
0.061619
0.058794
0.063624
0.055947
0.056263
0.061073
0.057219
0.054898
0.055876
0.050960
0.061702
0.050101
0.053818
0.053611
0.055443
0.056777
0.053010
0.066238
0.054029
0.058126
0.058163
0.051293
0.056647
0.051919
0.047964
0.055955
0.050599
0.051586
0.052152
0.048825
0.059324
0.056914
0.048162
0.059671
0.056968
0.061982
0.061194
0.062553
0.058168
0.061521
0.057363
0.053613
0.053726
0.050902
0.051042
0.055071
0.051559
0.055598
0.053997
0.054209
0.055606
0.056565
0.061368
0.053596
0.053819
0.056856
0.056558
0.049354
0.053713
0.049839
0.053690
0.055701
0.057323
0.049258
0.049281
0.062485
0.055796
0.053563
0.057762
0.057854
0.057741
0.051952
0.057996
0.056997
0.057756
0.051752
0.050038
0.058719
0.049368
0.050203
0.049946
0.057848
0.053800
0.059239
0.053059
0.062580
0.053533
0.054277
0.054067
0.056433
0.055004
0.059507
0.045704
0.046902
0.053290
0.053404
0.050917
0.053317
0.048777
0.057011
0.051358
0.053788
0.054154
0.061164
0.058569
0.062041
0.055186
0.053053
0.051645
0.054417
0.058282
0.057675
0.049745
0.057474
0.049184
0.054994
0.053351
0.053726
0.052337
0.054157
0.050588
0.056158
0.054972
0.056570
0.058911
0.050696
0.053864
0.055792
0.059871
0.057842
0.047167
0.055956
0.055661
0.054430
0.055850
0.054600
0.048398
0.043294
0.054347
0.053763
0.053092
0.055403
0.054194
0.048019
0.048265
0.047429
0.052865
0.055391
0.047138
0.050936
0.051549
0.055558
0.053616
0.051117
0.050642
0.054145
0.052786
0.050681
0.047103
0.052538
0.049640
0.060657
0.053994
0.058833
0.052052
0.058359
0.056083
0.051703
0.059957
0.060292
0.050442
0.048066
0.055898
0.047865
0.059444
0.056138
0.047613
0.047424
0.043670
0.048603
0.039018
0.040114
0.040282
0.041289
0.047724
0.044539
0.054677
0.049697
0.053148
0.052922
0.052847
0.061146
0.053985
0.055802
0.044787
0.049253
0.054450
0.040244
0.053701
0.045312
0.048441
0.045419
0.046238
0.053760
0.053897
0.049671
0.049880
0.049355
0.057441
0.053181
0.046506
0.045961
0.041508
0.045260
0.041768
0.047239
0.051101
0.050321
0.052364
0.053374
0.048938
0.046144
0.053374
0.049976
0.049369
0.049438
0.049882
0.042005
0.057989
0.046385
0.057680
0.049457
0.057964
0.052926
0.053757
0.053762
0.051086
0.054033
0.054079
0.057123
0.050293
0.053592
0.049647
0.053897
0.050719
0.057646
0.059309
0.050838
0.050160
0.049617
0.048518
0.052825
0.054006
0.050219
0.050597
0.062386
0.054705
0.057709
0.058224
0.046396
0.058022
0.054537
0.050937
0.058075
0.046034
0.053970
0.054205
0.045665
0.049709
0.059039
0.057568
0.049666
0.048809
0.048766
0.045731
0.041815
0.051273
0.049719
0.052609
0.056389
0.054486
0.049105
0.057109
0.057701
0.045912
0.051011
0.056516
0.049592
0.054228
0.049472
0.049876
0.050468
0.049593
0.053677
0.050409
0.053721
0.053948
0.046477
0.038535
0.053911
0.037957
0.049969
0.049984
0.044959
0.045801
0.051239
0.048989
0.050027
0.050622
0.046686
0.055795
0.049629
0.042403
0.054440
0.050582
0.049813
0.045672
0.052307
0.054249
0.049079
0.053549
0.054815
0.053569
0.053456
0.045155
0.054033
0.054385
0.045623
0.055764
0.046592
0.043007
0.053357
0.050879
0.055243
0.051302
0.042812
0.045389
0.043568
0.046613
0.055166
0.059277
0.050931
0.051745
0.050484
0.043376
0.051269
0.042913
0.050361
0.050614
0.046918
0.042713
0.053505
0.042891
0.051735
0.051098
0.042584
0.046361
0.045866
0.056173
0.048280
0.050074
0.048735
0.045340
0.054253
0.054210
0.045726
0.049285
0.046336
0.061662
0.050719
0.049868
0.055345
0.049442
0.053366
0.054346
0.051703
0.054241
0.054373
0.057342
0.054421
0.049794
0.054204
0.048835
0.054068
0.052948
0.054713
0.050245
0.058812
0.054164
0.058360
0.046973
0.051628
0.042229
0.055295
0.053006
0.050937
0.051234
0.045817
0.056437
0.049087
0.056573
0.051227
0.048027
0.053960
0.052140
0.051190
0.055247
0.050762
0.058679
0.047158
0.056699
0.052407
0.046435
0.042948
0.049677
0.054010
0.058119
0.050318
0.053861
0.045762
0.053042
0.052791
0.053773
0.053869
0.056053
0.046284
0.051073
0.042801
0.052449
0.047461
0.048396
0.051112
0.046747
0.045577
0.051336
0.047769
0.042630
0.043193
0.047290
0.054511
0.055142
0.042880
0.053481
0.045096
0.046148
0.050394
0.046570
0.050845
0.046012
0.058500
0.045758
0.045194
0.053988
0.050585
0.051110
0.057801
0.046322
0.053970
0.058934
0.050529
0.061904
0.046005
0.057351
0.050518
0.050554
0.055173
0.050485
0.058533
0.052041
0.046728
0.054427
0.054694
0.053714
0.058806
0.050793
0.054652
0.050125
0.057575
0.049210
0.046557
0.053627
0.053444
0.053747
0.053286
0.047618
0.050888
0.055897
0.054328
0.054175
0.050783
0.050256
0.046964
0.058575
0.053678
0.050476
0.047104
0.053334
0.050400
0.054211
0.051587
0.055382
0.052948
0.053661
0.054125
0.054837
0.050580
0.051119
0.050542
0.049870
0.059416
0.044275
0.051427
0.043648
0.052133
0.055173
0.047239
0.045945
0.050180
0.046905
0.053623
0.057674
0.049265
0.052887
0.049127
0.054477
0.049438
0.045904
0.057663
0.053957
0.044508
0.043240
0.047221
0.048240
0.048750
0.054412
0.049018
0.061232
0.053104
0.057835
0.046350
0.049990
0.059086
0.050336
0.049325
0.051366
0.050147
0.054264
0.057063
0.054255
0.054005
0.058549
0.047195
0.053288
0.046004
0.062155
0.048413
0.046206
0.049039
0.045915
0.055047
0.044335
0.045636
0.050557
0.046328
0.053145
0.048888
0.056360
0.054803
0.054174
0.053780
0.054194
0.053749
0.049812
0.051385
0.050921
0.055640
0.051073
0.054731
0.045874
0.045924
0.050277
0.054385
0.055065
0.061465
0.051224
0.054683
0.049774
0.049348
0.050714
0.054793
0.053651
0.056039
0.046799
0.054503
0.046658
0.053111
0.042922
0.053084
0.050623
0.043370
0.047667
0.052587
0.047188
0.047465
0.046198
0.047520
0.052663
0.055250
0.043029
0.050843
0.047437
0.055438
0.052183
0.047384
0.044577
0.050317
0.051391
0.043803
0.047169
0.051532
0.046667
0.042946
0.049658
0.050524
0.050149
0.049825
0.049860
0.050028
0.062690
0.058209
0.045621
0.053334
0.052870
0.054796
0.049908
0.049723
0.048069
0.056971
0.044056
0.062250
0.053631
0.046918
0.049795
0.054817
0.062333
0.052674
0.050053
0.057249
0.057697
0.056916
0.060025
0.048700
0.057626
0.044557
0.057333
0.054544
0.048521
0.049873
0.062362
0.050904
0.057640
0.058129
0.052919
0.050489
0.049854
0.052810
0.049557
0.049875
0.049920
0.037904
0.045483
0.040572
0.049838
0.044728
0.042899
0.043228
0.047064
0.050651
0.041972
0.055104
0.052247
0.046745
0.048299
0.056477
0.054855
0.046970
0.045896
0.058505
0.045965
0.049844
0.045974
0.042153
0.041730
0.045080
0.045639
0.048641
0.042136
0.053869
0.044521
0.045484
0.047821
0.057424
0.053173
0.045342
0.048810
0.041289
0.041586
0.057001
0.041000
0.057376
0.041415
0.045658
0.054125
0.049668
0.049460
0.052998
0.060830
0.045831
0.053824
0.061409
0.053871
0.053517
0.053960
0.051200
0.046267
0.053025
0.046248
0.052654
0.042972
0.050541
0.047648
0.047487
0.047017
0.047582
0.047289
0.051204
0.051235
0.056357
0.047481
0.043691
0.051687
0.050238
0.042353
0.057363
0.054641
0.042588
0.050652
0.045572
0.045609
0.042421
0.047795
0.042471
0.047228
0.051382
0.047202
0.058782
0.048156
0.045523
0.047302
0.045957
0.049604
0.046586
0.051635
0.046819
0.051268
0.042515
0.049328
0.046446
0.046413
0.046081
0.050396
0.052372
0.056089
0.045548
0.053327
0.041616
0.041797
0.049315
0.045895
0.049762
0.042150
0.044639
0.045784
0.044952
0.037819
0.049792
0.045409
0.049147
0.057513
0.041509
0.045872
0.045152
0.045596
0.053178
0.045450
0.046074
0.041569
0.045850
0.049662
0.048260
0.048457
0.041513
0.045480
0.041889
0.045905
0.044795
0.042449
0.058489
0.047020
0.045293
0.047132
0.058708
0.053478
0.046249
0.055004
0.050422
0.054164
0.051164
0.057197
0.049534
0.045406
0.053349
0.042263
0.057465
0.049581
0.049475
0.057426
0.058415
0.044749
0.053283
0.048985
0.045463
0.049351
0.057014
0.057439
0.052771
0.057499
0.053548
0.053910
0.057434
0.056733
0.057142
0.049171
0.046695
0.050652
0.053461
0.054049
0.053322
0.049494
0.052057
0.057355
0.049575
0.053668
0.049238
0.048187
0.050620
0.057624
0.044664
0.049769
0.049680
0.041626
0.057088
0.048512
0.048661
0.040665
0.057616
0.049290
0.048116
0.049353
0.048885
0.045591
0.042177
0.053119
0.046649
0.054484
0.057304
0.049841
0.053102
0.050143
0.050171
0.049883
0.049477
0.054488
0.050003
0.053681
0.045737
0.046539
0.054164
0.051078
0.049946
0.050702
0.046744
0.043673
0.050114
0.049831
0.048848
0.049773
0.062311
0.059226
0.052942
0.049537
0.053261
0.053231
0.049771
0.049832
0.053377
0.058358
0.049603
0.048786
0.041260
0.053190
0.054445
0.049290
0.044728
0.049640
0.046461
0.049599
0.055860
0.048151
0.053069
0.045300
0.050283
0.050900
0.060144
0.041037
0.048175
0.049416
0.045802
0.053643
0.045586
0.048917
0.057593
0.041886
0.056380
0.041659
0.050912
0.043522
0.047024
0.042582
0.038594
0.056746
0.049734
0.042444
0.054594
0.049507
0.045524
0.056278
0.052034
0.040924
0.041326
0.041695
0.048413
0.049233
0.038460
0.045783
0.049757
0.056674
0.050697
0.049187
0.038450
0.039780
0.045488
0.046687
0.046550
0.046835
0.042538
0.046933
0.047099
0.053582
0.044698
0.050025
0.045960
0.053269
0.048676
0.050009
0.040812
0.041775
0.050525
0.045915
0.041496
0.053955
0.052788
0.053834
0.053856
0.048638
0.053900
0.052382
0.050420
0.043189
0.047144
0.043853
0.051080
0.042945
0.043105
0.046896
0.050556
0.046373
0.043009
0.039600
0.043092
0.054381
0.043966
0.047589
0.040316
0.052646
0.044458
0.044827
0.044462
0.051875
0.048605
0.044390
0.044132
0.044733
0.040788
0.044225
0.041040
0.039995
0.036722
0.032435
0.040110
0.036376
0.039627
0.028044
0.032007
0.036011
0.044043
0.032369
0.036267
0.027856
0.036093
0.027909
0.039436
0.039586
0.027960
0.039754
0.039653
0.031788
0.039979
0.032183
0.032613
0.035927
0.039673
0.035647
0.039259
0.043601
0.043964
0.031819
0.035896
0.035891
0.039799
0.039349
0.032195
0.036262
0.036004
0.032476
0.035368
0.032111
0.035874
0.043768
0.036316
0.039969
0.036036
0.039382
0.035969
0.035907
0.035945
0.035992
0.028510
0.032704
0.036697
0.032335
0.047967
0.037132
0.040329
0.036868
0.032715
0.040876
0.032315
0.032290
0.036822
0.036042
0.036642
0.028730
0.044163
0.036546
0.028260
0.036901
0.032702
0.036958
0.040293
0.044309
0.040776
0.036465
0.036786
0.032536
0.032702
0.032654
0.032386
0.039736
0.036130
0.039931
0.035809
0.039974
0.043861
0.040085
0.032114
0.040042
0.032103
0.032104
0.032528
0.031999
0.028391
0.043821
0.036120
0.043605
0.031460
0.040345
0.036565
0.039561
0.043057
0.035251
0.031943
0.031582
0.036418
0.039482
0.035518
0.039056
0.027883
0.043799
0.040127
0.027951
0.035689
0.032112
0.035235
0.031859
0.036612
0.036295
0.040300
0.036211
0.039701
0.032295
0.036443
0.036208
0.036140
0.032557
0.032688
0.039845
0.044179
0.040440
0.036796
0.032346
0.032398
0.028307
0.040748
0.040346
0.032307
0.040535
0.036666
0.033091
0.032639
0.032724
0.035991
0.028364
0.036558
0.036302
0.040885
0.040524
0.040408
0.032867
0.036354
0.028838
0.036039
0.037025
0.036554
0.028987
0.036309
0.035911
0.036304
0.036382
0.044587
0.040276
0.033147
0.032806
0.040382
0.041058
0.032704
0.036923
0.044716
0.037092
0.036575
0.028647
0.032762
0.041108
0.029499
0.036883
0.036950
0.032785
0.036309
0.036379
0.040556
0.033173
0.032631
0.040244
0.039959
0.028676
0.040930
0.032448
0.032728
0.036952
0.048348
0.032666
0.032818
0.032647
0.040401
0.040814
0.040211
0.041049
0.032268
0.035491
0.040500
0.036066
0.032654
0.040510
0.036246
0.028452
0.036835
0.036100
0.032371
0.040948
0.032705
0.040626
0.044316
0.035735
0.036060
0.040169
0.044316
0.036454
0.044126
0.032084
0.031770
0.036308
0.032033
0.032408
0.032215
0.032341
0.044194
0.033044
0.036170
0.040479
0.032985
0.040640
0.040749
0.040156
0.032028
0.036249
0.032307
0.032418
0.032556
0.032333
0.028014
0.031772
0.032450
0.040226
0.036198
0.032188
0.032405
0.039646
0.027935
0.035824
0.036311
0.036195
0.035822
0.028572
0.035526
0.039749
0.031984
0.043125
0.035485
0.038964
0.031589
0.034842
0.039479
0.038995
0.031072
0.035822
0.039221
0.035789
0.035662
0.031794
0.039546
0.039818
0.035948
0.035609
0.040111
0.028225
0.031713
0.036234
0.039798
0.036469
0.040026
0.035898
0.043786
0.032033
0.043865
0.032375
0.040538
0.032807
0.036617
0.040583
0.032439
0.036460
0.028617
0.040840
0.033403
0.036652
0.040721
0.036696
0.032560
0.036479
0.036353
0.036187
0.035947
0.039912
0.032106
0.039739
0.043778
0.044407
0.036305
0.040603
0.032675
0.043321
0.035837
0.039828
0.040427
0.040852
0.032298
0.031701
0.032412
0.040418
0.040080
0.040815
0.036239
0.036061
0.040438
0.040325
0.035994
0.032748
0.036565
0.040106
0.035895
0.036389
0.032205
0.040312
0.028665
0.040259
0.032379
0.028614
0.036768
0.036183
0.032240
0.031988
0.043821
0.039733
0.035815
0.039887
0.039551
0.040270
0.027938
0.035677
0.035273
0.040011
0.032027
0.036151
0.035634
0.039142
0.036398
0.035329
0.043893
0.039689
0.035727
0.032160
0.031512
0.032282
0.032056
0.031665
0.032093
0.043779
0.031750
0.028047
0.035708
0.043957
0.039685
0.043591
0.031813
0.031970
0.031870
0.036092
0.043553
0.036456
0.039967
0.032491
0.040635
0.036661
0.041132
0.032962
0.036845
0.040167
0.032068
0.040211
0.040568
0.032618
0.032157
0.036104
0.032208
0.040217
0.040434
0.036265
0.040013
0.047980
0.048089
0.036339
0.036461
0.032394
0.031973
0.044202
0.032399
0.028413
0.036087
0.035185
0.035799
0.035570
0.040172
0.039648
0.036447
0.036432
0.039971
0.028231
0.028189
0.032495
0.032047
0.036344
0.028059
0.039804
0.032030
0.036633
0.040245
0.036092
0.036710
0.039748
0.031958
0.032373
0.036578
0.036228
0.035987
0.028459
0.036049
0.031478
0.032033
0.032218
0.035927
0.039828
0.032431
0.036304
0.032019
0.036455
0.032037
0.044080
0.036398
0.032784
0.032339
0.036350
0.043605
0.036994
0.032274
0.036349
0.035995
0.040142
0.032318
0.031740
0.035902
0.032939
0.035876
0.036737
0.028286
0.032047
0.040067
0.035654
0.040578
0.035585
0.032188
0.031936
0.040031
0.032397
0.035244
0.032227
0.036251
0.027942
0.039621
0.032084
0.040168
0.040364
0.040411
0.039638
0.040202
0.028307
0.040285
0.044537
0.028587
0.029013
0.032495
0.032589
0.044317
0.043981
0.036561
0.036193
0.036734
0.044605
0.028260
0.032033
0.039338
0.032330
0.039961
0.032164
0.035856
0.039650
0.036129
0.044064
0.028137
0.032290
0.032211
0.028050
0.036249
0.027879
0.031329
0.040178
0.039704
0.035869
0.028185
0.035507
0.032166
0.039495
0.035390
0.035981
0.039607
0.035277
0.031686
0.031720
0.039302
0.036602
0.043727
0.032437
0.035199
0.040190
0.035372
0.031603
0.038982
0.035436
0.027878
0.031415
0.036056
0.032478
0.047662
0.039631
0.027965
0.032056
0.028146
0.040024
0.028157
0.036087
0.044277
0.036471
0.036362
0.040259
0.040459
0.031947
0.040119
0.032458
0.035829
0.032246
0.036314
0.044016
0.039835
0.031840
0.035392
0.035368
0.035958
0.027937
0.031772
0.039362
0.035173
0.039663
0.034942
0.043166
0.035694
0.035579
0.039340
0.038885
0.027733
0.031990
0.035349
0.027939
0.031547
0.031920
0.035324
0.039879
0.031738
0.035610
0.035475
0.032069
0.043459
0.035519
0.032219
0.035473
0.039496
0.031258
0.039284
0.032181
0.035956
0.036452
0.039764
0.040058
0.035508
0.039600
0.032057
0.036064
0.040448
0.035601
0.032150
0.036639
0.032003
0.032457
0.035925
0.032451
0.036025
0.036391
0.036481
0.035902
0.036016
0.036590
0.040111
0.044137
0.036289
0.036437
0.044088
0.036436
0.039712
0.036264
0.040317
0.032309
0.043801
0.032699
0.036507
0.032401
0.040238
0.032020
0.044726
0.032145
0.032932
0.032536
0.036803
0.040604
0.041180
0.033272
0.044465
0.037464
0.032786
0.036695
0.040671
0.033222
0.037411
0.036914
0.029384
0.048388
0.044061
0.031972
0.040400
0.033299
0.032548
0.031961
0.039627
0.036281
0.036105
0.036082
0.036956
0.036090
0.036834
0.032882
0.032535
0.028983
0.040161
0.040563
0.036530
0.043801
0.028125
0.028022
0.031988
0.035348
0.032158
0.032426
0.031997
0.039248
0.031868
0.035192
0.039620
0.036034
0.027749
0.036131
0.036049
0.027759
0.035409
0.035766
0.036067
0.039954
0.039528
0.039333
0.028179
0.035781
0.035691
0.043594
0.032101
0.035517
0.035945
0.031549
0.035755
0.039980
0.039716
0.039591
0.039697
0.031623
0.035866
0.032635
0.036176
0.040392
0.040137
0.032424
0.032570
0.039964
0.043942
0.039840
0.036462
0.032595
0.036934
0.036507
0.044382
0.044380
0.032875
0.040186
0.036671
0.040814
0.040513
0.032474
0.033017
0.028838
0.040390
0.044257
0.029212
0.043916
0.032663
0.040088
0.036282
0.032791
0.035653
0.028438
0.039327
0.043274
0.035971
0.035568
0.028293
0.036250
0.040234
0.044001
0.035700
0.028469
0.044037
0.036386
0.032332
0.036208
0.036845
0.040437
0.036973
0.032396
0.036871
0.044471
0.037256
0.036528
0.033356
0.044610
0.036556
0.040736
0.040376
0.036860
0.040824
0.036924
0.036401
0.041045
0.041019
0.040425
0.043930
0.040258
0.043971
0.036740
0.044426
0.048726
0.036530
0.040327
0.036838
0.037321
0.044733
0.044247
0.037417
0.037176
0.037044
0.032341
0.043926
0.032178
0.032390
0.036694
0.029169
0.040155
0.032774
0.028189
0.036650
0.036903
0.037075
0.032589
0.033095
0.040234
0.040553
0.040903
0.032100
0.040590
0.036526
0.036396
0.032144
0.028711
0.036466
0.036519
0.040081
0.039776
0.036134
0.036255
0.028419
0.036110
0.036871
0.040475
0.040369
0.035945
0.035963
0.035499
0.035568
0.035832
0.044070
0.039578
0.032124
0.039916
0.039617
0.036018
0.035156
0.039565
0.031495
0.039516
0.035419
0.035650
0.035852
0.043768
0.047647
0.043730
0.043368
0.043072
0.035328
0.042936
0.038975
0.034942
0.039326
0.035698
0.035417
0.038569
0.042791
0.042995
0.043386
0.035829
0.039164
0.030827
0.031266
0.038301
0.034772
0.035144
0.030934
0.039655
0.038543
0.042728
0.035200
0.031889
0.035328
0.043409
0.038921
0.035153
0.035429
0.035115
0.035562
0.039469
0.028071
0.031751
0.034908
0.035202
0.031832
0.035455
0.039861
0.039714
0.031942
0.035576
0.028017
0.044159
0.032334
0.032502
0.028092
0.035478
0.035710
0.035520
0.028161
0.039575
0.036365
0.035765
0.031760
0.028093
0.036031
0.032006
0.036273
0.036083
0.039784
0.036358
0.039477
0.031445
0.031663
0.031760
0.035357
0.035821
0.035214
0.031719
0.043405
0.039343
0.039485
0.039128
0.035946
0.031799
0.036045
0.035942
0.035439
0.035454
0.039963
0.035692
0.035491
0.035900
0.036107
0.039741
0.031215
0.032108
0.039884
0.032138
0.035559
0.042933
0.039670
0.035552
0.035828
0.036355
0.040401
0.035720
0.035540
0.043726
0.040123
0.032578
0.036425
0.044013
0.035780
0.028193
0.028681
0.028533
0.040400
0.036177
0.032318
0.036082
0.035910
0.032894
0.043921
0.028761
0.044144
0.036458
0.032227
0.032245
0.032247
0.040080
0.035972
0.039747
0.043660
0.036038
0.036725
0.032074
0.036152
0.040564
0.032495
0.043821
0.036211
0.036071
0.040087
0.047915
0.036499
0.036188
0.040089
0.031609
0.040032
0.036594
0.028087
0.039598
0.036131
0.032656
0.031741
0.035714
0.039801
0.039631
0.028469
0.032042
0.036027
0.035460
0.039676
0.043994
0.039928
0.039808
0.032037
0.028275
0.031599
0.027781
0.038975
0.035240
0.031347
0.035646
0.035805
0.031519
0.031968
0.039534
0.032520
0.040097
0.032210
0.040827
0.028673
0.036564
0.028959
0.040475
0.037175
0.036617
0.032187
0.039942
0.032054
0.031816
0.031879
0.032561
0.036427
0.039897
0.040388
0.039963
0.032348
0.039750
0.029078
0.036567
0.040223
0.044212
0.032358
0.040048
0.032267
0.032389
0.039787
0.040355
0.036553
0.044151
0.035891
0.036574
0.036051
0.031930
0.039841
0.036024
0.035550
0.035049
0.039415
0.035678
0.031956
0.043529
0.035312
0.036135
0.035503
0.035924
0.035989
0.032134
0.036451
0.031871
0.035993
0.035967
0.039324
0.040921
0.040463
0.040205
0.032806
0.040160
0.032169
0.032341
0.040451
0.044088
0.028746
0.032171
0.036137
0.035885
0.036582
0.036229
0.036054
0.040807
0.040037
0.032667
0.036982
0.035730
0.040593
0.040360
0.036152
0.032179
0.035698
0.044180
0.036189
0.039781
0.040371
0.032317
0.035934
0.040118
0.033045
0.033132
0.036877
0.037055
0.036670
0.036436
0.040511
0.029154
0.036544
0.032658
0.036859
0.040783
0.036448
0.033127
0.040885
0.029052
0.032837
0.036812
0.040245
0.032536
0.032630
0.044316
0.028730
0.033053
0.036512
0.032791
0.040866
0.032650
0.036578
0.036870
0.028901
0.036434
0.036873
0.043307
0.031686
0.031848
0.039828
0.040192
0.043550
0.036362
0.035137
0.043196
0.042996
0.039368
0.035476
0.031876
0.027871
0.030913
0.035304
0.031500
0.031545
0.027854
0.031825
0.031702
0.031866
0.035793
0.031550
0.035231
0.035898
0.031418
0.035562
0.035966
0.035743
0.028356
0.035586
0.040395
0.044045
0.035909
0.032074
0.032008
0.035706
0.032506
0.040060
0.040003
0.036549
0.039951
0.035990
0.036199
0.032743
0.037151
0.040394
0.036855
0.032237
0.044040
0.036350
0.032087
0.032884
0.036332
0.028523
0.032499
0.036315
0.036433
0.028318
0.032202
0.036666
0.036531
0.028383
0.039845
0.036372
0.039732
0.032726
0.039950
0.032300
0.036584
0.040086
0.032724
0.036173
0.044007
0.040209
0.032579
0.035985
0.036435
0.036664
0.039859
0.036594
0.032477
0.040308
0.032435
0.039652
0.032567
0.040439
0.040331
0.044053
0.028936
0.036241
0.032168
0.040649
0.043876
0.036809
0.043889
0.028844
0.032663
0.044058
0.044224
0.040168
0.044903
0.036797
0.037468
0.029233
0.040629
0.037218
0.037242
0.045490
0.037519
0.032576
0.033081
0.040564
0.040676
0.036405
0.040680
0.040549
0.044732
0.033087
0.036573
0.032923
0.033017
0.040497
0.032443
0.032553
0.044066
0.040064
0.040208
0.035981
0.039912
0.040522
0.032195
0.040281
0.036367
0.036053
0.036263
0.036012
0.035549
0.039564
0.031445
0.043478
0.039278
0.042868
0.035227
0.035397
0.035675
0.031489
0.035756
0.031936
0.039088
0.043996
0.047149
0.031601
0.027523
0.038913
0.031800
0.036037
0.036200
0.035305
0.031792
0.035621
0.031420
0.031764
0.038899
0.043453
0.035823
0.047709
0.028277
0.043776
0.039658
0.032393
0.040435
0.032297
0.032178
0.031940
0.035742
0.035681
0.036354
0.039642
0.035895
0.040297
0.035822
0.035540
0.035692
0.035662
0.032096
0.035895
0.036325
0.032721
0.028801
0.036330
0.048331
0.040635
0.044347
0.036495
0.036859
0.032565
0.040069
0.039796
0.032462
0.035842
0.036133
0.043688
0.035578
0.032088
0.039481
0.032210
0.039243
0.032244
0.039652
0.035752
0.035456
0.036476
0.035762
0.043558
0.031663
0.035759
0.036158
0.039348
0.035933
0.032078
0.039255
0.032165
0.031732
0.035700
0.031220
0.031349
0.031872
0.031221
0.043085
0.031226
0.035068
0.043411
0.035124
0.031274
0.035517
0.046632
0.034717
0.042554
0.031327
0.039175
0.035200
0.035420
0.027735
0.034743
0.035455
0.039403
0.031643
0.039822
0.035516
0.031573
0.031040
0.038757
0.035759
0.043205
0.031460
0.035268
0.035108
0.035128
0.039213
0.035244
0.031141
0.046807
0.035194
0.038913
0.030912
0.038622
0.026994
0.034607
0.043121
0.027146
0.035109
0.035514
0.035045
0.035697
0.043669
0.035500
0.039891
0.039468
0.035455
0.039075
0.028176
0.039506
0.028504
0.036442
0.032822
0.032437
0.040173
0.032484
0.040171
0.040086
0.047738
0.040304
0.039523
0.031928
0.032619
0.032320
0.036408
0.032080
0.028693
0.032626
0.036393
0.043956
0.032324
0.036739
0.028880
0.040451
0.040325
0.040074
0.036580
0.028680
0.036773
0.036226
0.040295
0.036681
0.031939
0.028455
0.035997
0.028575
0.032372
0.036643
0.036336
0.039680
0.032710
0.032741
0.036982
0.039918
0.036514
0.028663
0.035530
0.032449
0.032833
0.036237
0.036475
0.040289
0.028557
0.028716
0.040039
0.032661
0.037012
0.040102
0.032522
0.032331
0.039979
0.036370
0.032332
0.028905
0.040943
0.036240
0.036648
0.032833
0.032875
0.037282
0.032780
0.029081
0.032591
0.036794
0.032825
0.032960
0.032945
0.029184
0.033080
0.032647
0.036049
0.035940
0.039826
0.039915
0.036088
0.028719
0.032262
0.031850
0.035253
0.032144
0.040108
0.044157
0.040071
0.040265
0.039423
0.031459
0.040072
0.035722
0.036422
0.036113
0.044141
0.043394
0.036426
0.032976
0.032557
0.037211
0.044173
0.036290
0.044167
0.036135
0.028343
0.036281
0.040134
0.028383
0.036019
0.040119
0.039939
0.036357
0.039890
0.037018
0.036438
0.039888
0.035665
0.035632
0.039627
0.028489
0.040545
0.032468
0.036366
0.035951
0.031510
0.040206
0.036008
0.036657
0.039871
0.036396
0.036598
0.035800
0.028701
0.036451
0.040527
0.036483
0.039948
0.040020
0.044353
0.040534
0.040554
0.032775
0.028687
0.036534
0.036287
0.028510
0.039944
0.028756
0.036560
0.032643
0.036454
0.039975
0.040664
0.029196
0.044936
0.033297
0.036160
0.032442
0.028436
0.036110
0.032030
0.036784
0.040214
0.040212
0.035999
0.032497
0.043463
0.028201
0.043723
0.036298
0.028668
0.039706
0.043957
0.043334
0.032445
0.031903
0.036443
0.040083
0.043717
0.035978
0.036163
0.032478
0.040133
0.032416
0.032534
0.035115
0.032079
0.039663
0.031867
0.039789
0.040232
0.039848
0.043533
0.032221
0.036249
0.044125
0.028449
0.040255
0.047791
0.043664
0.036139
0.031700
0.039497
0.035659
0.036146
0.039632
0.043462
0.035825
0.031509
0.039458
0.031563
0.032654
0.040228
0.031890
0.028552
0.036027
0.036328
0.032955
0.048046
0.035578
0.032490
0.039986
0.036269
0.039840
0.032009
0.032544
0.036187
0.039713
0.031907
0.027747
0.038821
0.031477
0.035529
0.035467
0.046962
0.035414
0.031475
0.031764
0.035550
0.043321
0.027892
0.031653
0.034871
0.035978
0.036068
0.035849
0.035670
0.035895
0.032504
0.036175
0.035308
0.032190
0.043020
0.035667
0.039283
0.039650
0.034716
0.031609
0.039502
0.034963
0.031101
0.035036
0.035016
0.031334
0.038830
0.035398
0.031062
0.043178
0.027742
0.035977
0.039500
0.039426
0.031530
0.035742
0.028346
0.039735
0.039897
0.027668
0.031892
0.035649
0.031809
0.040004
0.043039
0.039567
0.043294
0.028032
0.032031
0.032355
0.036077
0.047147
0.035378
0.035033
0.035002
0.039545
0.031361
0.036081
0.043368
0.036111
0.039067
0.043596
0.035576
0.031679
0.039896
0.043515
0.028341
0.031903
0.035767
0.047432
0.039356
0.036184
0.028292
0.036144
0.036404
0.036136
0.031840
0.035902
0.032805
0.036280
0.040631
0.032390
0.035764
0.039835
0.039926
0.036028
0.032349
0.036218
0.035744
0.035899
0.035792
0.039436
0.040196
0.043306
0.031687
0.035862
0.027773
0.036159
0.035778
0.035981
0.039414
0.032042
0.034992
0.031026
0.043571
0.027618
0.039716
0.043428
0.032203
0.036076
0.032118
0.043241
0.043922
0.032272
0.032449
0.028403
0.036190
0.028510
0.032864
0.036145
0.040553
0.036649
0.036422
0.040434
0.028635
0.032680
0.036458
0.040710
0.040402
0.036173
0.036443
0.036375
0.032198
0.028792
0.032940
0.032588
0.035899
0.031625
0.035692
0.040109
0.028634
0.032787
0.028716
0.035957
0.032522
0.039358
0.032036
0.039699
0.031880
0.040235
0.036000
0.043070
0.031614
0.039787
0.031610
0.035948
0.039880
0.036494
0.035505
0.031817
0.043865
0.032968
0.036732
0.032911
0.041009
0.036224
0.039828
0.032274
0.031681
0.028623
0.040051
0.035745
0.032233
0.047202
0.035854
0.031496
0.032242
0.036052
0.039551
0.027807
0.035047
0.031901
0.039236
0.031546
0.035317
0.039064
0.027230
0.030669
0.038228
0.038515
0.034493
0.038986
0.031207
0.027301
0.042777
0.027335
0.035516
0.034883
0.034986
0.035688
0.031436
0.035700
0.035195
0.031697
0.039879
0.035845
0.036379
0.039953
0.036208
0.040394
0.036503
0.033005
0.036301
0.036416
0.043699
0.035724
0.032560
0.032226
0.039872
0.036148
0.036049
0.040011
0.031581
0.032322
0.032084
0.043826
0.032310
0.043497
0.036723
0.032389
0.032343
0.040007
0.032529
0.032730
0.032114
0.032186
0.032192
0.032509
0.032337
0.032370
0.035987
0.036482
0.039479
0.036643
0.040176
0.040525
0.044548
0.028701
0.032204
0.036000
0.036118
0.036453
0.036438
0.043978
0.040595
0.036398
0.036155
0.032398
0.044293
0.032547
0.048157
0.036850
0.040349
0.032231
0.036579
0.036460
0.036416
0.037180
0.040852
0.032800
0.032814
0.036699
0.032422
0.036641
0.036737
0.033437
0.033617
0.032937
0.032476
0.036535
0.032694
0.032773
0.036297
0.043864
0.036299
0.036509
0.035644
0.035393
0.036073
0.031768
0.039813
0.036306
0.035909
0.032610
0.032425
0.035974
0.032190
0.032150
0.032335
0.027920
0.035938
0.043337
0.035382
0.031445
0.039728
0.035249
0.035836
0.032041
0.035395
0.036703
0.035811
0.035527
0.036023
0.043063
0.039578
0.035124
0.031445
0.035812
0.039204
0.043278
0.035519
0.031865
0.043553
0.047682
0.040035
0.032745
0.044171
0.031825
0.032623
0.040007
0.039958
0.035836
0.035971
0.032312
0.032733
0.039748
0.040162
0.035993
0.039792
0.044177
0.035646
0.032583
0.036302
0.032764
0.044184
0.039836
0.032601
0.032284
0.032418
0.032598
0.036444
0.032422
0.028638
0.032355
0.039604
0.036319
0.028903
0.040194
0.040692
0.032998
0.040409
0.036034
0.035572
0.035988
0.032473
0.039935
0.039677
0.035625
0.035810
0.036010
0.036007
0.038861
0.039245
0.047153
0.039341
0.039604
0.031348
0.043483
0.035767
0.036431
0.039652
0.035974
0.032632
0.043784
0.028121
0.035948
0.036248
0.028165
0.043394
0.035688
0.031172
0.035829
0.038855
0.039460
0.031804
0.034928
0.031459
0.027502
0.043064
0.046898
0.043104
0.039558
0.035486
0.035709
0.043341
0.039599
0.036251
0.044097
0.043263
0.036099
0.036272
0.039777
0.035763
0.035902
0.040452
0.036203
0.035984
0.035506
0.036017
0.031626
0.031820
0.032184
0.036021
0.031767
0.028142
0.027982
0.036278
0.035549
0.036131
0.031580
0.032710
0.039394
0.035288
0.043127
0.031606
0.035646
0.032261
0.031990
0.031837
0.038950
0.035718
0.035692
0.039533
0.032210
0.036644
0.028457
0.038980
0.028421
0.028377
0.036609
0.032192
0.036736
0.036748
0.039915
0.032586
0.033145
0.044511
0.037020
0.039938
0.039517
0.032482
0.032022
0.036294
0.036733
0.032625
0.028777
0.032238
0.040043
0.039639
0.035692
0.047768
0.032610
0.039668
0.032066
0.039677
0.035900
0.031844
0.032219
0.035672
0.035626
0.035819
0.035604
0.035308
0.036017
0.039558
0.032655
0.032069
0.036122
0.032459
0.036906
0.040242
0.036541
0.039812
0.036950
0.035821
0.039858
0.032716
0.036162
0.032748
0.035711
0.036090
0.036471
0.039525
0.040068
0.040388
0.036035
0.036095
0.040518
0.035850
0.035304
0.035173
0.039822
0.031478
0.035268
0.031705
0.039488
0.035434
0.031653
0.035126
0.031733
0.043318
0.031316
0.035941
0.031103
0.034976
0.035874
0.036231
0.035766
0.031557
0.039374
0.031407
0.035525
0.039409
0.039462
0.036034
0.036087
0.031802
0.035933
0.035521
0.039784
0.040227
0.031824
0.039889
0.035781
0.035178
0.032557
0.039899
0.040091
0.032384
0.040201
0.028690
0.036358
0.040618
0.032708
0.040063
0.032340
0.043576
0.036243
0.039183
0.036231
0.032021
0.028266
0.039691
0.028226
0.039797
0.035390
0.032069
0.028273
0.035937
0.032158
0.035725
0.039517
0.027875
0.031587
0.035805
0.032491
0.031433
0.035390
0.032200
0.038976
0.036129
0.039646
0.039450
0.028165
0.032509
0.035511
0.031848
0.028366
0.028276
0.028803
0.028453
0.032732
0.039862
0.040126
0.036191
0.028765
0.037015
0.044189
0.043987
0.032798
0.035808
0.035782
0.032627
0.036374
0.036016
0.036827
0.036601
0.036528
0.032703
0.036835
0.040666
0.032768
0.037139
0.032207
0.032967
0.039871
0.032492
0.035890
0.031853
0.028543
0.039846
0.039955
0.031914
0.039808
0.039944
0.040321
0.036506
0.032088
0.032524
0.036277
0.040207
0.036386
0.043422
0.036676
0.044010
0.039947
0.044214
0.032053
0.036677
0.032299
0.036609
0.031927
0.032318
0.036602
0.032777
0.036385
0.036259
0.032582
0.035433
0.039921
0.036167
0.031880
0.032541
0.031703
0.035611
0.035515
0.036025
0.043296
0.035703
0.039899
0.032152
0.036233
0.043534
0.043432
0.039491
0.035638
0.039651
0.035351
0.035584
0.031540
0.039435
0.030900
0.030974
0.038409
0.034980
0.031449
0.031103
0.035325
0.031943
0.035551
0.035519
0.035035
0.031635
0.043185
0.034815
0.027974
0.035845
0.043401
0.035848
0.031748
0.031618
0.039303
0.031713
0.035882
0.039367
0.039504
0.031646
0.038409
0.038981
0.031729
0.035663
0.028024
0.035369
0.031578
0.035535
0.031697
0.038811
0.031435
0.031747
0.035990
0.035666
0.031707
0.031341
0.039264
0.038849
0.031569
0.035391
0.039613
0.035379
0.031938
0.032149
0.031461
0.035564
0.036190
0.032158
0.035851
0.031417
0.032099
0.035498
0.035927
0.047084
0.039418
0.038549
0.031125
0.043348
0.039091
0.031984
0.039748
0.035273
0.028182
0.031766
0.039534
0.047184
0.028676
0.032450
0.040054
0.036493
0.036193
0.039977
0.039886
0.040860
0.036132
0.033032
0.036456
0.028441
0.032230
0.032330
0.032490
0.032226
0.040322
0.040130
0.031958
0.039536
0.032274
0.035933
0.028475
0.032323
0.039760
0.027832
0.039165
0.043069
0.039646
0.042986
0.035683
0.039771
0.031738
0.043402
0.031774
0.039815
0.043146
0.039640
0.039214
0.039375
0.039800
0.032129
0.028433
0.039826
0.039952
0.036266
0.040087
0.028709
0.031815
0.032133
0.031981
0.043967
0.039428
0.031990
0.036175
0.035760
0.039652
0.036465
0.032090
0.035882
0.032008
0.040689
0.047902
0.037324
0.040010
0.032936
0.037103
0.044424
0.036256
0.037168
0.040561
0.040944
0.040464
0.036575
0.036032
0.028431
0.040323
0.044170
0.036442
0.036599
0.040564
0.044026
0.032404
0.036241
0.032724
0.032759
0.032924
0.032434
0.040314
0.035882
0.036027
0.036446
0.035726
0.032357
0.032339
0.047326
0.043322
0.039303
0.036344
0.039907
0.039613
0.039643
0.035784
0.035639
0.031530
0.035857
0.035975
0.039538
0.035462
0.039330
0.035456
0.035279
0.040026
0.031343
0.031137
0.039030
0.038585
0.035310
0.031779
0.031696
0.039990
0.035761
0.032188
0.035488
0.039227
0.035790
0.028561
0.043779
0.040129
0.032371
0.035792
0.039671
0.035936
0.039664
0.031554
0.031819
0.035591
0.035462
0.027726
0.039065
0.035656
0.042935
0.039560
0.031768
0.039322
0.035606
0.039704
0.036019
0.035955
0.031858
0.035364
0.039234
0.040246
0.031666
0.031992
0.035948
0.031432
0.034974
0.031513
0.035215
0.035513
0.035115
0.031510
0.038927
0.027523
0.031210
0.039259
0.027572
0.039442
0.031136
0.035184
0.039195
0.031605
0.031825
0.035364
0.035665
0.039017
0.035330
0.035573
0.035231
0.039454
0.039616
0.031745
0.039915
0.031774
0.035811
0.031657
0.039564
0.027940
0.036428
0.043913
0.028271
0.031791
0.027753
0.031401
0.046867
0.036154
0.031827
0.035071
0.039614
0.039329
0.031685
0.032118
0.035892
0.039252
0.035432
0.035410
0.042787
0.039615
0.038928
0.032408
0.035354
0.035685
0.039157
0.035002
0.043050
0.031646
0.039864
0.028179
0.039516
0.039840
0.042995
0.035775
0.031430
0.032104
0.032080
0.039700
0.031841
0.031950
0.027841
0.035781
0.039364
0.043517
0.039292
0.031685
0.038938
0.047165
0.043249
0.035439
0.043805
0.040019
0.036182
0.040091
0.043669
0.036200
0.036165
0.040293
0.039569
0.032150
0.031450
0.031536
0.032219
0.039209
0.032465
0.036191
0.027900
0.036032
0.032091
0.035467
0.031914
0.036260
0.035738
0.036081
0.035901
0.039818
0.043377
0.035522
0.039233
0.027887
0.031476
0.031318
0.035066
0.027461
0.035321
0.039543
0.031635
0.034710
0.030924
0.031090
0.027125
0.031686
0.030820
0.039104
0.030879
0.031327
0.038389
0.046183
0.038765
0.034741
0.031616
0.034714
0.030208
0.034729
0.031006
0.038797
0.031160
0.034618
0.046060
0.034987
0.034901
0.031053
0.034632
0.038813
0.031241
0.038500
0.027073
0.034569
0.038919
0.031440
0.027407
0.039655
0.043145
0.042490
0.046478
0.031200
0.031338
0.034807
0.031612
0.027218
0.030582
0.031403
0.031581
0.039024
0.039140
0.031356
0.034913
0.042607
0.043342
0.035256
0.039100
0.038805
0.043116
0.031333
0.035234
0.035491
0.032088
0.035695
0.035853
0.035589
0.031688
0.035500
0.028275
0.039297
0.039950
0.036056
0.040150
0.028099
0.035569
0.032079
0.043706
0.039401
0.032220
0.035591
0.035550
0.031827
0.035199
0.031544
0.031821
0.039669
0.035094
0.035217
0.027732
0.031941
0.031853
0.043251
0.039387
0.035148
0.031212
0.027661
0.035341
0.031545
0.035467
0.035181
0.035290
0.046673
0.035949
0.042786
0.032009
0.032326
0.035896
0.028310
0.035896
0.039716
0.031843
0.031809
0.028189
0.039942
0.040102
0.036449
0.035865
0.035855
0.039588
0.035696
0.039131
0.036353
0.039962
0.043341
0.035346
0.035171
0.047146
0.035965
0.032084
0.035679
0.035061
0.035979
0.032167
0.032308
0.039419
0.032123
0.046994
0.031907
0.031392
0.039011
0.035978
0.039495
0.039511
0.046721
0.035117
0.043640
0.039518
0.035930
0.031747
0.038853
0.039114
0.031233
0.035152
0.034800
0.042926
0.031232
0.046985
0.035537
0.039491
0.032036
0.031764
0.039326
0.035781
0.031515
0.038910
0.035293
0.035357
0.031691
0.031455
0.038794
0.039317
0.027708
0.027314
0.038765
0.042859
0.039379
0.030874
0.035116
0.042928
0.042041
0.034377
0.034948
0.046617
0.039156
0.031135
0.035281
0.038993
0.042327
0.034981
0.034911
0.030963
0.042636
0.035053
0.027329
0.039350
0.035069
0.031835
0.038995
0.035712
0.031658
0.034878
0.038613
0.034866
0.039116
0.035263
0.035300
0.027616
0.042471
0.034652
0.042831
0.038970
0.031529
0.038575
0.038818
0.030806
0.038714
0.034968
0.039016
0.038891
0.031227
0.031138
0.031658
0.035259
0.039158
0.035976
0.035869
0.035581
0.035439
0.038821
0.034960
0.028009
0.040455
0.032413
0.039463
0.031916
0.031677
0.040326
0.035661
0.039477
0.035806
0.035283
0.035455
0.035158
0.027691
0.035185
0.035677
0.035285
0.035380
0.038560
0.038595
0.031940
0.031176
0.039040
0.035436
0.039238
0.034872
0.035108
0.034806
0.035026
0.031506
0.030756
0.035423
0.034784
0.035411
0.034721
0.035892
0.031993
0.035712
0.039071
0.034951
0.031157
0.031772
0.042814
0.031788
0.042788
0.031787
0.038606
0.035008
0.030783
0.034835
0.035537
0.031359
0.035843
0.031930
0.031747
0.031246
0.031612
0.031399
0.038813
0.034944
0.046680
0.035709
0.042943
0.035892
0.031648
0.039211
0.031862
0.035407
0.034950
0.031295
0.031503
0.031896
0.035863
0.035713
0.032169
0.035134
0.043445
0.035120
0.039201
0.035515
0.043500
0.035228
0.035249
0.035299
0.035284
0.031507
0.039100
0.028106
0.031348
0.038811
0.035019
0.031338
0.039668
0.035232
0.043335
0.039788
0.035335
0.035553
0.043029
0.043245
0.035214
0.031722
0.042797
0.035082
0.031778
0.039318
0.035726
0.035406
0.039203
0.031105
0.031590
0.035425
0.034990
0.031493
0.031894
0.035153
0.031947
0.035251
0.039505
0.039262
0.035861
0.038898
0.039734
0.031574
0.035946
0.035485
0.038912
0.031935
0.039131
0.035936
0.031359
0.046756
0.035138
0.034986
0.036021
0.031813
0.031393
0.038599
0.035183
0.038712
0.039132
0.035099
0.035619
0.035532
0.031586
0.046636
0.031641
0.039363
0.039268
0.035531
0.031220
0.042605
0.027745
0.027661
0.027753
0.035351
0.035733
0.043395
0.035547
0.035698
0.039383
0.035616
0.035779
0.035344
0.035022
0.035806
0.042610
0.039385
0.031001
0.031601
0.031847
0.035208
0.038647
0.035276
0.038684
0.035627
0.032083
0.035518
0.035343
0.035719
0.039322
0.042816
0.035656
0.043535
0.035590
0.040202
0.035353
0.039223
0.035859
0.039479
0.032500
0.031922
0.028069
0.035613
0.035433
0.035592
0.039172
0.032495
0.035939
0.028503
0.035515
0.043790
0.032373
0.035802
0.028467
0.039767
0.039753
0.035463
0.039879
0.036005
0.035876
0.032370
0.036118
0.035895
0.032261
0.039661
0.035633
0.031706
0.047453
0.039183
0.028600
0.035813
0.039958
0.039882
0.043355
0.032311
0.032044
0.040000
0.035403
0.035586
0.035927
0.035979
0.043980
0.039478
0.032226
0.043369
0.036199
0.035544
0.043458
0.032776
0.035753
0.035936
0.039903
0.039510
0.036139
0.035467
0.043702
0.039757
0.039263
0.038827
0.039216
0.031436
0.031184
0.043457
0.039485
0.035824
0.039957
0.035994
0.035429
0.036276
0.036896
0.036230
0.032440
0.043211
0.032267
0.032675
0.032121
0.032792
0.036329
0.039752
0.035834
0.040063
0.044148
0.040197
0.044080
0.032206
0.039539
0.040014
0.039489
0.039369
0.028280
0.036641
0.032145
0.039991
0.035769
0.035511
0.035382
0.035732
0.036351
0.043413
0.035884
0.032139
0.035396
0.040095
0.035669
0.032303
0.031690
0.032383
0.039362
0.039936
0.040395
0.036807
0.044160
0.033004
0.036276
0.043827
0.039275
0.043982
0.028555
0.040479
0.036075
0.035842
0.035885
0.028464
0.028563
0.028187
0.036217
0.043634
0.032119
0.036124
0.035188
0.036156
0.047229
0.044048
0.031659
0.035327
0.035544
0.032061
0.043943
0.036038
0.039760
0.038797
0.035619
0.039159
0.034862
0.027868
0.038736
0.035705
0.038638
0.038544
0.038320
0.035292
0.034911
0.030953
0.031758
0.035349
0.034939
0.034499
0.035082
0.031271
0.034909
0.035766
0.031632
0.039462
0.035273
0.035103
0.027538
0.039010
0.035622
0.035439
0.035148
0.042786
0.039194
0.039352
0.031817
0.039515
0.039774
0.028076
0.035883
0.035473
0.034682
0.043108
0.031419
0.043217
0.031929
0.031361
0.035048
0.039379
0.042868
0.031726
0.031986
0.039527
0.027633
0.035925
0.032070
0.031472
0.035943
0.028153
0.035586
0.031676
0.035778
0.035604
0.031319
0.031923
0.032047
0.035791
0.031594
0.035168
0.039186
0.043470
0.039842
0.035664
0.035530
0.028143
0.028005
0.039916
0.039650
0.032342
0.031907
0.039828
0.039816
0.036009
0.032155
0.032578
0.039813
0.040156
0.036229
0.039899
0.039903
0.032085
0.039957
0.039912
0.028586
0.043872
0.039736
0.036328
0.040527
0.032343
0.036708
0.028738
0.040417
0.043534
0.032129
0.032559
0.036041
0.040352
0.036131
0.032786
0.032407
0.028375
0.043788
0.036125
0.033036
0.043798
0.039775
0.031941
0.043478
0.040303
0.036620
0.036468
0.032043
0.035906
0.030969
0.035811
0.035050
0.035179
0.028130
0.032109
0.031932
0.031592
0.035394
0.035935
0.043066
0.031857
0.039143
0.035121
0.034637
0.031652
0.034853
0.034719
0.038576
0.034686
0.038760
0.046402
0.031542
0.035101
0.038933
0.035081
0.035254
0.039281
0.031904
0.031186
0.039282
0.035550
0.038991
0.031193
0.042775
0.042822
0.038885
0.039009
0.031610
0.039342
0.031228
0.031711
0.039076
0.038619
0.031108
0.031021
0.039241
0.039168
0.035898
0.031383
0.035166
0.039530
0.031759
0.035939
0.035814
0.032018
0.031500
0.038952
0.031539
0.032114
0.028183
0.039078
0.031633
0.031656
0.035498
0.027662
0.043169
0.031989
0.027928
0.031860
0.038942
0.035825
0.035400
0.039832
0.039525
0.035393
0.035615
0.035185
0.032002
0.043566
0.035791
0.039500
0.039786
0.035832
0.039365
0.039630
0.043523
0.043199
0.043211
0.043041
0.035366
0.035072
0.035587
0.035771
0.039356
0.028429
0.035418
0.031871
0.031583
0.031192
0.043036
0.039470
0.035665
0.035803
0.035696
0.031592
0.035204
0.031529
0.035736
0.028069
0.035288
0.031332
0.038842
0.030579
0.042187
0.035044
0.035443
0.027360
0.031425
0.031024
0.030949
0.038777
0.031059
0.031411
0.034783
0.031555
0.035390
0.031662
0.039428
0.031771
0.028075
0.039549
0.031943
0.031948
0.039194
0.035493
0.039239
0.036047
0.035533
0.039681
0.032218
0.035679
0.032104
0.036064
0.035423
0.046987
0.039736
0.035532
0.042684
0.035312
0.035159
0.038886
0.031167
0.031613
0.034471
0.038489
0.035480
0.034946
0.038984
0.031669
0.035785
0.038698
0.035000
0.027705
0.035209
0.035424
0.031373
0.031991
0.031567
0.035210
0.035264
0.032128
0.039520
0.038710
0.031166
0.031578
0.035684
0.035324
0.031161
0.035510
0.035418
0.031693
0.042991
0.035032
0.031496
0.027429
0.031368
0.039059
0.027687
0.034731
0.042431
0.027672
0.035615
0.031587
0.031694
0.038662
0.034549
0.034833
0.034854
0.027216
0.046453
0.027334
0.031235
0.027189
0.030721
0.031375
0.030886
0.035212
0.027491
0.031531
0.038491
0.038703
0.027428
0.035077
0.031484
0.027884
0.035301
0.027612
0.038981
0.035532
0.031192
0.035325
0.039137
0.031409
0.031113
0.038386
0.031543
0.038783
0.035321
0.042325
0.027175
0.034582
0.035191
0.031679
0.038115
0.031814
0.031169
0.039227
0.039011
0.027716
0.035357
0.038647
0.031757
0.039272
0.035621
0.038611
0.031764
0.035057
0.034923
0.035013
0.032040
0.038876
0.035417
0.031995
0.035565
0.035595
0.031659
0.039188
0.031175
0.031395
0.035437
0.035504
0.035142
0.032059
0.035468
0.035304
0.038651
0.034956
0.038489
0.035243
0.031547
0.038937
0.028172
0.035074
0.031023
0.034498
0.038665
0.035521
0.031469
0.035116
0.034670
0.031237
0.031446
0.031218
0.035166
0.027598
0.035025
0.038831
0.035502
0.031524
0.035435
0.042893
0.031655
0.035068
0.031684
0.031266
0.038836
0.031522
0.036024
0.031484
0.032052
0.031318
0.027791
0.034990
0.032124
0.036008
0.043230
0.039851
0.039731
0.035457
0.035605
0.032301
0.036264
0.035890
0.031590
0.042718
0.035153
0.032147
0.035742
0.039474
0.042609
0.043123
0.035951
0.039259
0.039527
0.043106
0.032074
0.035334
0.032114
0.034948
0.034701
0.042727
0.027977
0.035279
0.035021
0.027543
0.035209
0.031790
0.036416
0.035610
0.035740
0.035701
0.038836
0.035152
0.031684
0.039865
0.031596
0.039260
0.028268
0.035559
0.035521
0.031204
0.043214
0.031722
0.031229
0.039487
0.035039
0.034946
0.038405
0.031700
0.038309
0.035782
0.035576
0.042920
0.039335
0.031809
0.031837
0.034760
0.032003
0.039228
0.039214
0.035139
0.035513
0.035070
0.031646
0.043328
0.039496
0.039397
0.035602
0.027815
0.038935
0.042659
0.035570
0.039782
0.039646
0.043015
0.035028
0.039750
0.043311
0.039409
0.038888
0.038613
0.031270
0.034919
0.035232
0.035336
0.035709
0.043212
0.046746
0.031088
0.035121
0.031792
0.034995
0.032000
0.035603
0.035505
0.027728
0.031325
0.031238
0.031353
0.035376
0.035486
0.034731
0.034808
0.031335
0.031871
0.031340
0.027987
0.035275
0.039642
0.034919
0.035018
0.031717
0.035055
0.035909
0.035253
0.031878
0.035094
0.039675
0.036294
0.031458
0.035857
0.028109
0.031711
0.027842
0.031485
0.035248
0.035021
0.035785
0.035001
0.046694
0.038278
0.031248
0.038530
0.039077
0.027942
0.027847
0.042772
0.042319
0.039376
0.035294
0.035083
0.031257
0.034905
0.031058
0.031047
0.037969
0.042319
0.030971
0.027553
0.034850
0.042456
0.031164
0.030753
0.042626
0.038771
0.035159
0.039176
0.039090
0.035167
0.031315
0.039148
0.031337
0.031948
0.035080
0.027909
0.035083
0.039265
0.035430
0.035950
0.039603
0.042921
0.031962
0.035308
0.035555
0.035671
0.035299
0.035353
0.035329
0.039361
0.035795
0.039095
0.039228
0.035614
0.039187
0.042802
0.040189
0.031256
0.035112
0.031182
0.031500
0.042955
0.042606
0.031516
0.030876
0.042412
0.031549
0.034934
0.035178
0.034768
0.038660
0.027358
0.034765
0.034732
0.034556
0.039234
0.031195
0.034957
0.038417
0.031220
0.035305
0.031529
0.039314
0.031182
0.035108
0.030909
0.042732
0.027582
0.034799
0.035436
0.035330
0.031154
0.035403
0.035467
0.035501
0.031518
0.035508
0.031024
0.038891
0.042760
0.034962
0.035082
0.030957
0.035157
0.027982
0.039520
0.035055
0.035330
0.028219
0.035726
0.035932
0.043531
0.032211
0.043601
0.032150
0.036245
0.036514
0.044102
0.028739
0.032553
0.035559
0.035710
0.039817
0.032164
0.039890
0.032782
0.036593
0.040072
0.036559
0.032076
0.035497
0.040015
0.032295
0.043444
0.039794
0.035646
0.032174
0.044097
0.032023
0.039513
0.035487
0.035695
0.043311
0.035469
0.031424
0.036184
0.039058
0.035504
0.027624
0.035630
0.031980
0.042874
0.039676
0.039516
0.039328
0.046856
0.035441
0.031494
0.038689
0.039275
0.040122
0.035023
0.035619
0.028053
0.035588
0.039137
0.036045
0.035991
0.028379
0.032004
0.032202
0.028616
0.039553
0.036227
0.028392
0.039293
0.039255
0.039549
0.031776
0.038850
0.035933
0.039484
0.035633
0.034967
0.031754
0.038483
0.046273
0.039263
0.038886
0.035265
0.031179
0.039025
0.038981
0.031426
0.038531
0.035273
0.039470
0.031505
0.034951
0.042366
0.038596
0.038715
0.038536
0.027648
0.035489
0.031084
0.039032
0.027943
0.039651
0.039744
0.042980
0.042155
0.039078
0.031531
0.035047
0.035168
0.031272
0.031834
0.039416
0.038477
0.035504
0.038727
0.038613
0.031527
0.042730
0.027406
0.034948
0.031500
0.042764
0.035261
0.038757
0.035039
0.038449
0.035213
0.038849
0.035037
0.034808
0.027664
0.031706
0.027590
0.031466
0.031250
0.031478
0.043183
0.038997
0.039296
0.031477
0.034937
0.031262
0.031599
0.042496
0.030761
0.031079
0.038247
0.031066
0.039002
0.027203
0.035342
0.034750
0.027069
0.034629
0.034594
0.035161
0.042239
0.039018
0.034755
0.042200
0.038348
0.034815
0.038698
0.030808
0.038809
0.031214
0.031243
0.034454
0.039068
0.042204
0.035230
0.031328
0.039160
0.035290
0.038798
0.027316
0.031501
0.043108
0.028041
0.034865
0.030911
0.031440
0.031461
0.034457
0.039347
0.039700
0.035815
0.031947
0.038598
0.039314
0.035561
0.031375
0.028046
0.039263
0.039417
0.031778
0.034755
0.042586
0.035957
0.035739
0.031833
0.027945
0.031700
0.039223
0.046648
0.035134
0.043242
0.035194
0.035517
0.032457
0.028446
0.035624
0.031594
0.039012
0.035629
0.028156
0.035293
0.031037
0.034900
0.043024
0.031231
0.038770
0.031738
0.031842
0.038647
0.027740
0.035139
0.031944
0.028001
0.038756
0.042248
0.031219
0.034694
0.034554
0.030933
0.030897
0.038228
0.027016
0.034336
0.030826
0.038574
0.034934
0.038757
0.034263
0.034553
0.034966
0.035242
0.031054
0.035138
0.035223
0.034842
0.035381
0.027675
0.039641
0.042709
0.031677
0.028278
0.035682
0.038643
0.039562
0.035377
0.031945
0.032485
0.032058
0.036022
0.031927
0.039894
0.036001
0.039038
0.039711
0.036049
0.039719
0.032149
0.031468
0.035245
0.046853
0.035702
0.043175
0.031860
0.031900
0.035132
0.043294
0.043293
0.039988
0.039817
0.032137
0.035322
0.031700
0.035392
0.031607
0.031956
0.039617
0.039180
0.039237
0.027903
0.031464
0.035378
0.039135
0.031582
0.036083
0.039258
0.035415
0.035541
0.039345
0.035454
0.038744
0.031756
0.031482
0.039493
0.028119
0.035667
0.043159
0.039622
0.039831
0.035258
0.035985
0.035283
0.035838
0.028473
0.036217
0.028413
0.028229
0.039078
0.031836
0.032318
0.032161
0.036377
0.043410
0.032292
0.028166
0.031425
0.035971
0.035361
0.035377
0.035373
0.035650
0.038958
0.039284
0.035585
0.039807
0.035669
0.031476
0.035429
0.035395
0.039131
0.038965
0.039313
0.035487
0.038831
0.031561
0.034806
0.042298
0.027470
0.042793
0.034919
0.031419
0.038900
0.035111
0.038774
0.035317
0.039620
0.038875
0.031524
0.030794
0.034948
0.038736
0.038291
0.035547
0.038662
0.031274
0.034449
0.038368
0.038398
0.035127
0.034696
0.034672
0.038605
0.034925
0.034215
0.035488
0.042795
0.031188
0.035110
0.042292
0.034499
0.034756
0.042834
0.031119
0.027401
0.035099
0.031599
0.042429
0.030484
0.038520
0.038645
0.034982
0.041655
0.030749
0.030498
0.034217
0.026969
0.034360
0.030956
0.030764
0.042246
0.042101
0.038850
0.038099
0.031086
0.034886
0.042501
0.038843
0.042768
0.042051
0.034435
0.031057
0.035948
0.039076
0.039549
0.028054
0.035264
0.035439
0.035276
0.031945
0.035656
0.039092
0.035503
0.035586
0.031915
0.039493
0.032187
0.042994
0.035969
0.035681
0.032128
0.031948
0.043168
0.039323
0.043134
0.039648
0.031721
0.031646
0.039027
0.032114
0.032365
0.032297
0.036138
0.031643
0.035582
0.035881
0.039868
0.039804
0.036055
0.036251
0.032113
0.032171
0.036137
0.031780
0.028760
0.036227
0.036011
0.031823
0.039363
0.039348
0.031426
0.036154
0.036060
0.031427
0.042723
0.031138
0.042411
0.031061
0.035638
0.038465
0.031406
0.035084
0.037856
0.035237
0.038702
0.039531
0.034807
0.031494
0.038734
0.042950
0.039035
0.039107
0.043013
0.035282
0.035662
0.035416
0.031816
0.039516
0.031513
0.031863
0.035451
0.043321
0.043171
0.038932
0.034982
0.035933
0.035852
0.035090
0.039142
0.031415
0.035261
0.039191
0.031246
0.034995
0.035276
0.046198
0.031380
0.035177
0.035460
0.038958
0.030990
0.031364
0.035195
0.035027
0.027158
0.035654
0.042581
0.043152
0.035667
0.031544
0.031618
0.031151
0.039025
0.039202
0.035768
0.039336
0.035099
0.035552
0.035456
0.035172
0.034584
0.035256
0.038934
0.031687
0.031198
0.039097
0.028084
0.034906
0.032027
0.038625
0.039431
0.039251
0.027792
0.039616
0.046658
0.032196
0.042755
0.032277
0.042891
0.042917
0.031745
0.031914
0.032369
0.039198
0.046852
0.028165
0.039086
0.031457
0.039257
0.035674
0.027849
0.035095
0.042688
0.035847
0.039555
0.038936
0.032128
0.031611
0.035676
0.036119
0.035750
0.039465
0.039293
0.039740
0.035657
0.035595
0.039683
0.031625
0.028281
0.035024
0.032657
0.031797
0.039246
0.039937
0.039595
0.031676
0.039345
0.036175
0.035767
0.039441
0.035664
0.028159
0.028427
0.035572
0.035928
0.042749
0.032591
0.035910
0.043614
0.039946
0.035748
0.040002
0.036053
0.031842
0.032240
0.043334
0.035715
0.035570
0.032043
0.035505
0.028157
0.035522
0.036039
0.039515
0.031489
0.044083
0.032184
0.032479
0.039982
0.031709
0.039554
0.039329
0.043238
0.036334
0.039898
0.039820
0.035962
0.039635
0.035425
0.035537
0.031340
0.036068
0.042877
0.042442
0.032065
0.031564
0.031884
0.039111
0.043053
0.039542
0.031719
0.036021
0.039553
0.032347
0.032000
0.032506
0.032224
0.036155
0.035863
0.035509
0.032584
0.032091
0.038910
0.035508
0.031832
0.035544
0.035276
0.028781
0.035662
0.032497
0.035507
0.032014
0.035165
0.036089
0.031914
0.035200
0.039007
0.027898
0.031926
0.035778
0.035767
0.035861
0.035975
0.028881
0.036039
0.031983
0.032221
0.028595
0.036449
0.035726
0.040013
0.039791
0.032301
0.036163
0.036593
0.036259
0.043772
0.031993
0.035523
0.035359
0.032229
0.038679
0.032138
0.032006
0.039311
0.042647
0.031504
0.031256
0.035007
0.036015
0.034870
0.032069
0.038898
0.031117
0.038796
0.035116
0.031556
0.031901
0.039327
0.027781
0.035172
0.035012
0.034813
0.032168
0.031340
0.031953
0.038986
0.035416
0.031314
0.034943
0.031934
0.031914
0.032311
0.031627
0.038443
0.031262
0.039103
0.027750
0.031760
0.042627
0.034657
0.042458
0.038649
0.038982
0.046823
0.039399
0.034985
0.032110
0.038635
0.040118
0.036177
0.039323
0.039952
0.036085
0.032397
0.032313
0.040119
0.032686
0.043716
0.043701
0.032516
0.039897
0.036079
0.047557
0.040186
0.040193
0.036290
0.044267
0.036178
0.036307
0.036073
0.035605
0.028677
0.035830
0.036464
0.043134
0.032110
0.028475
0.035953
0.032499
0.036031
0.035984
0.039553
0.035786
0.032095
0.031876
0.031839
0.035751
0.039145
0.038792
0.035263
0.035226
0.035164
0.035339
0.035398
0.028348
0.031824
0.039102
0.039001
0.028177
0.032496
0.032295
0.028609
0.032291
0.035862
0.039148
0.035305
0.035409
0.031482
0.027680
0.031505
0.042108
0.031786
0.027463
0.031336
0.031379
0.042538
0.026920
0.033905
0.034692
0.030758
0.035305
0.034699
0.031010
0.030974
0.034703
0.030777
0.034306
0.031649
0.030929
0.027719
0.035342
0.035189
0.031473
0.034977
0.027567
0.031492
0.039084
0.030950
0.034718
0.035399
0.035232
0.035163
0.034431
0.034470
0.042580
0.031188
0.027427
0.031694
0.035498
0.039686
0.043377
0.038592
0.034878
0.039216
0.039390
0.035831
0.039207
0.028045
0.034914
0.031831
0.039297
0.035300
0.039685
0.035280
0.031714
0.042763
0.031383
0.035240
0.035207
0.039558
0.039392
0.031609
0.032140
0.035596
0.035997
0.035600
0.035567
0.043297
0.039685
0.031953
0.034882
0.031968
0.039633
0.032415
0.039784
0.035779
0.027983
0.036157
0.028509
0.035438
0.036192
0.035640
0.035751
0.032051
0.027946
0.032260
0.046646
0.035581
0.031771
0.039233
0.039415
0.038529
0.042057
0.038689
0.034995
0.038129
0.027717
0.038688
0.031480
0.035186
0.027566
0.035613
0.031582
0.038336
0.030921
0.038903
0.034865
0.042085
0.031280
0.035088
0.030960
0.038010
0.030248
0.031095
0.031090
0.030776
0.034547
0.034624
0.034752
0.037789
0.042146
0.038389
0.034658
0.034833
0.038765
0.042161
0.030861
0.030605
0.038183
0.042272
0.038433
0.034729
0.030890
0.034064
0.034471
0.038344
0.035422
0.038592
0.031531
0.035292
0.039160
0.034987
0.034910
0.034712
0.027453
0.034999
0.031172
0.035016
0.038754
0.042699
0.031825
0.035640
0.028020
0.035672
0.039575
0.035717
0.042824
0.035888
0.039013
0.035280
0.031808
0.027696
0.030833
0.031061
0.031391
0.035572
0.031624
0.034266
0.038152
0.035255
0.038164
0.031448
0.035276
0.038307
0.027100
0.031063
0.030999
0.034793
0.030995
0.042791
0.035620
0.038850
0.038624
0.031381
0.038625
0.031652
0.035457
0.027982
0.031041
0.035443
0.039685
0.031443
0.028051
0.035941
0.035910
0.039328
0.039314
0.032304
0.036264
0.031888
0.031709
0.039807
0.039183
0.035130
0.039396
0.038969
0.036043
0.039188
0.035994
0.035529
0.035398
0.035637
0.031680
0.036074
0.035563
0.038988
0.038992
0.038814
0.027738
0.035145
0.035292
0.035715
0.035263
0.039440
0.038584
0.034962
0.034962
0.035520
0.031507
0.035415
0.035512
0.031595
0.027701
0.039349
0.035515
0.038782
0.035338
0.042524
0.031624
0.039327
0.038916
0.035219
0.042326
0.034706
0.034031
0.031093
0.035087
0.045933
0.035185
0.034774
0.035044
0.034997
0.034792
0.027378
0.027393
0.038833
0.031715
0.035635
0.039143
0.042682
0.039274
0.035369
0.035664
0.030766
0.031602
0.030502
0.030752
0.042845
0.034998
0.038759
0.034643
0.038663
0.034926
0.035040
0.038817
0.030802
0.038996
0.034780
0.038673
0.038268
0.034840
0.032074
0.031366
0.042633
0.039358
0.034499
0.034959
0.038832
0.035616
0.038497
0.032161
0.035233
0.028008
0.042653
0.039328
0.035802
0.031849
0.031946
0.031978
0.035786
0.039012
0.035582
0.035767
0.046545
0.031910
0.035798
0.042994
0.039687
0.035294
0.035480
0.035431
0.031749
0.035748
0.038657
0.034783
0.035239
0.031279
0.031791
0.042610
0.027806
0.035829
0.038842
0.031210
0.031471
0.035338
0.035144
0.042878
0.031098
0.039247
0.042156
0.038861
0.031151
0.031656
0.028000
0.038721
0.034893
0.030819
0.028090
0.027509
0.035260
0.030845
0.031292
0.034735
0.030816
0.035087
0.034516
0.034629
0.034437
0.034529
0.026980
0.033717
0.034575
0.038954
0.031443
0.031797
0.038828
0.038446
0.035661
0.031689
0.031869
0.031896
0.031587
0.035144
0.038354
0.035609
0.031783
0.039278
0.031713
0.031615
0.035446
0.035392
0.027704
0.034978
0.042369
0.035776
0.035760
0.038873
0.031157
0.031744
0.031552
0.035584
0.039421
0.034847
0.034782
0.034446
0.031038
0.030809
0.030676
0.038834
0.034665
0.038019
0.031344
0.035153
0.035121
0.038391
0.039129
0.027354
0.031068
0.034175
0.034490
0.034805
0.031234
0.031020
0.038220
0.038962
0.027295
0.037868
0.034685
0.027255
0.038708
0.031204
0.034652
0.034903
0.031053
0.035639
0.034889
0.031405
0.031609
0.042733
0.035264
0.038919
0.038671
0.035752
0.035559
0.031808
0.035389
0.031053
0.034627
0.030951
0.038830
0.031515
0.030832
0.027373
0.034952
0.030892
0.038321
0.031204
0.031598
0.034868
0.042432
0.030696
0.030957
0.038192
0.034960
0.035155
0.031489
0.046457
0.038606
0.035074
0.039427
0.035434
0.032000
0.031245
0.031322
0.042562
0.034963
0.032277
0.035863
0.028466
0.043044
0.035308
0.035297
0.031913
0.035704
0.035161
0.031480
0.028024
0.034932
0.039505
0.031420
0.038956
0.031738
0.046665
0.039371
0.036336
0.031670
0.038628
0.035120
0.035703
0.031602
0.035425
0.035789
0.031816
0.042508
0.035155
0.035575
0.039251
0.035785
0.038965
0.042808
0.035300
0.038992
0.035825
0.031657
0.031353
0.034945
0.031061
0.038729
0.031847
0.039046
0.043825
0.031708
0.031983
0.028269
0.031567
0.043252
0.027958
0.035838
0.035630
0.039669
0.035449
0.039015
0.031342
0.034976
0.034872
0.042781
0.031546
0.039172
0.031507
0.038992
0.038874
0.039316
0.039293
0.035239
0.035166
0.038654
0.039009
0.034557
0.031667
0.042962
0.031424
0.027636
0.027527
0.039304
0.035079
0.038924
0.028088
0.031944
0.031470
0.042935
0.035559
0.035319
0.035144
0.035284
0.028012
0.031496
0.031998
0.039482
0.027968
0.035548
0.031965
0.035141
0.027977
0.035144
0.043046
0.035504
0.035474
0.039165
0.028423
0.035682
0.035583
0.028802
0.040061
0.032492
0.036749
0.032868
0.032945
0.028922
0.036517
0.040156
0.036526
0.028853
0.040371
0.036488
0.032183
0.028702
0.032512
0.039888
0.035688
0.028396
0.035261
0.031532
0.038900
0.039464
0.028335
0.035375
0.031646
0.038844
0.031445
0.032090
0.038750
0.035693
0.036173
0.039291
0.028112
0.038986
0.039297
0.035724
0.032154
0.038848
0.035851
0.031593
0.035115
0.035377
0.034740
0.031816
0.031545
0.042123
0.031266
0.035110
0.031479
0.035327
0.031719
0.035198
0.035407
0.042658
0.038907
0.039459
0.032169
0.039499
0.035722
0.035302
0.038846
0.035510
0.039366
0.039522
0.036578
0.040197
0.035573
0.032035
0.028381
0.035516
0.032274
0.032237
0.036170
0.035594
0.028173
0.039702
0.039824
0.039759
0.043235
0.032061
0.028560
0.031756
0.035608
0.031718
0.028142
0.039779
0.032584
0.032117
0.031733
0.035621
0.032068
0.028164
0.032124
0.035557
0.031974
0.042819
0.038862
0.039199
0.035640
0.039409
0.032020
0.035818
0.038994
0.038448
0.027899
0.038920
0.046434
0.035343
0.035485
0.027762
0.027621
0.031195
0.031088
0.031308
0.034942
0.031424
0.034751
0.035582
0.031557
0.034766
0.035906
0.038622
0.031973
0.034684
0.035009
0.035276
0.038713
0.042330
0.042199
0.031620
0.038461
0.034235
0.033992
0.037963
0.045833
0.034749
0.035078
0.034785
0.031131
0.034378
0.037893
0.038418
0.034696
0.034572
0.034043
0.030478
0.034393
0.038472
0.038657
0.034931
0.030762
0.034691
0.038614
0.035161
0.027587
0.035448
0.031606
0.038942
0.039019
0.034988
0.034950
0.031737
0.028162
0.027601
0.035081
0.039166
0.038514
0.038907
0.043092
0.031815
0.039378
0.035269
0.031905
0.035082
0.042560
0.042268
0.035706
0.039703
0.035460
0.031430
0.038606
0.030791
0.042089
0.038684
0.034730
0.035513
0.031195
0.031057
0.034363
0.034556
0.031610
0.027554
0.034768
0.030351
0.037889
0.030574
0.034533
0.038222
0.034984
0.038249
0.035101
0.034489
0.034481
0.034289
0.039354
0.034541
0.035097
0.035041
0.034671
0.031603
0.046049
0.038124
0.034566
0.038111
0.030518
0.034710
0.031232
0.042269
0.027772
0.039164
0.031008
0.038692
0.035270
0.038704
0.035398
0.035884
0.031586
0.035379
0.031201
0.031421
0.038670
0.031520
0.039105
0.035264
0.042682
0.039058
0.031185
0.031967
0.038400
0.039011
0.035166
0.042675
0.034818
0.035297
0.035029
0.031148
0.039247
0.028007
0.031887
0.038389
0.038074
0.038633
0.030835
0.042639
0.034895
0.035084
0.038614
0.033987
0.042371
0.030785
0.034151
0.035118
0.031390
0.030886
0.030607
0.041903
0.034444
0.038199
0.034887
0.034719
0.034145
0.027023
0.027277
0.030789
0.034626
0.031113
0.027435
0.041499
0.034199
0.034473
0.030791
0.035224
0.027293
0.034557
0.038446
0.034943
0.034302
0.038613
0.027435
0.034443
0.037881
0.026874
0.034584
0.034716
0.038071
0.027400
0.030669
0.030750
0.030459
0.038107
0.038378
0.037953
0.035202
0.034731
0.034088
0.030972
0.034763
0.042242
0.034965
0.034836
0.034830
0.030829
0.031188
0.031204
0.035108
0.031512
0.038670
0.039092
0.031117
0.031233
0.034716
0.035006
0.042826
0.039365
0.035982
0.039183
0.038973
0.031704
0.035391
0.035874
0.032322
0.031570
0.035990
0.035833
0.034831
0.027754
0.039179
0.036384
0.031866
0.039526
0.035448
0.035563
0.039079
0.043256
0.032486
0.043589
0.039722
0.039007
0.039854
0.036025
0.035514
0.036398
0.031473
0.031365
0.027878
0.031007
0.039122
0.035096
0.039432
0.038934
0.031715
0.042687
0.038427
0.039473
0.031554
0.035257
0.039042
0.038610
0.034949
0.031140
0.032080
0.031504
0.035413
0.032245
0.035626
0.034845
0.035641
0.032118
0.035796
0.039833
0.031701
0.032233
0.031601
0.031544
0.039565
0.032177
0.036095
0.028265
0.031888
0.034950
0.035027
0.039651
0.035185
0.042618
0.038618
0.039648
0.027989
0.031238
0.031968
0.035764
0.036203
0.032073
0.031674
0.028257
0.043006
0.039092
0.038946
0.039875
0.042918
0.035525
0.038982
0.031430
0.031605
0.038477
0.028178
0.035327
0.034843
0.031498
0.035302
0.042531
0.027777
0.035130
0.034860
0.034974
0.035317
0.035230
0.038607
0.034372
0.034771
0.038912
0.035104
0.039027
0.034658
0.031412
0.031458
0.038990
0.039242
0.035183
0.038439
0.042551
0.031309
0.031411
0.042573
0.031369
0.031131
0.030954
0.038720
0.031262
0.034391
0.039150
0.039317
0.035402
0.027785
0.035190
0.031513
0.031381
0.042809
0.039125
0.035583
0.035179
0.031782
0.039344
0.039349
0.035535
0.035476
0.031973
0.039592
0.032318
0.039091
0.031667
0.031871
0.031919
0.043190
0.042713
0.034938
0.042834
0.031524
0.031495
0.035342
0.031118
0.035435
0.035509
0.035300
0.039045
0.046383
0.031526
0.031959
0.031642
0.031136
0.042702
0.031569
0.042901
0.031953
0.039499
0.042974
0.034515
0.027759
0.035222
0.031346
0.031440
0.038396
0.038522
0.037845
0.034489
0.030954
0.031246
0.027522
0.027596
0.031250
0.030907
0.034612
0.034606
0.038588
0.038664
0.038707
0.031057
0.030502
0.038712
0.031055
0.026767
0.034998
0.035125
0.030938
0.031195
0.038586
0.042292
0.027480
0.034657
0.038488
0.034683
0.034288
0.038731
0.035594
0.031288
0.038409
0.031614
0.034695
0.030687
0.027282
0.030542
0.027318
0.031117
0.031253
0.034306
0.030980
0.030684
0.026976
0.031075
0.030508
0.034750
0.026847
0.026669
0.030109
0.030698
0.030770
0.034021
0.034658
0.030661
0.029919
0.026942
0.034347
0.034825
0.034217
0.038291
0.030504
0.034183
0.027230
0.037647
0.031296
0.034396
0.033805
0.030853
0.030544
0.027435
0.034105
0.037941
0.038573
0.030902
0.038619
0.027178
0.034352
0.030445
0.034806
0.034412
0.034130
0.027092
0.037820
0.034930
0.027312
0.038120
0.038568
0.039070
0.038253
0.038254
0.038280
0.034511
0.030874
0.034682
0.034856
0.027090
0.031073
0.037867
0.026915
0.038342
0.038314
0.038075
0.041987
0.034083
0.038603
0.038253
0.035006
0.031016
0.034675
0.041469
0.041699
0.030757
0.038756
0.035045
0.035076
0.034629
0.030933
0.042119
0.027649
0.038890
0.042426
0.035191
0.031618
0.027994
0.031229
0.032008
0.039121
0.035134
0.032118
0.039168
0.038707
0.031308
0.039191
0.034858
0.035196
0.039143
0.034979
0.041871
0.034754
0.035195
0.031179
0.030985
0.027280
0.034561
0.027212
0.038399
0.038584
0.030767
0.030946
0.030618
0.038404
0.030531
0.038325
0.041779
0.042103
0.034619
0.045604
0.041875
0.027125
0.034922
0.030527
0.034271
0.030841
0.038400
0.034534
0.030887
0.042085
0.027189
0.031244
0.035496
0.035287
0.038350
0.035151
0.030938
0.038502
0.030928
0.027515
0.031329
0.030794
0.034513
0.038223
0.034956
0.033950
0.031052
0.031146
0.034676
0.031020
0.034899
0.027573
0.035269
0.038545
0.038725
0.035005
0.027366
0.035051
0.038464
0.030435
0.034598
0.038352
0.041707
0.037818
0.037869
0.038010
0.031132
0.031254
0.042320
0.034778
0.042280
0.035179
0.031220
0.031212
0.028028
0.034947
0.039118
0.034767
0.038351
0.030957
0.027494
0.034847
0.031204
0.041930
0.038180
0.030955
0.031086
0.031257
0.031772
0.034980
0.038843
0.038497
0.035288
0.030961
0.031233
0.027550
0.027488
0.031531
0.034279
0.037882
0.038721
0.034374
0.030961
0.027371
0.031170
0.030812
0.038073
0.030904
0.034243
0.042323
0.034003
0.034872
0.031220
0.038307
0.031222
0.035159
0.035159
0.034837
0.038314
0.034545
0.034041
0.027354
0.035009
0.034504
0.031491
0.030963
0.031173
0.034703
0.038479
0.030812
0.035825
0.031226
0.034599
0.031747
0.032102
0.027900
0.028060
0.039869
0.042581
0.027664
0.038223
0.034865
0.039228
0.034424
0.031481
0.039027
0.031565
0.031522
0.038919
0.042492
0.035062
0.031923
0.034727
0.027286
0.034553
0.030447
0.034390
0.037895
0.031257
0.030869
0.027338
0.037666
0.030994
0.038343
0.038531
0.031550
0.030950
0.038724
0.034828
0.034445
0.038461
0.034278
0.041890
0.037969
0.030597
0.038029
0.030419
0.030879
0.038493
0.030500
0.030668
0.034196
0.030233
0.034058
0.034274
0.034564
0.038107
0.037742
0.034240
0.030648
0.033664
0.037670
0.033782
0.026910
0.034664
0.038152
0.026834
0.037684
0.031016
0.030531
0.038653
0.027357
0.038441
0.042216
0.027495
0.038665
0.034903
0.031095
0.031323
0.034991
0.031182
0.034946
0.034879
0.035110
0.035092
0.034678
0.030842
0.034437
0.041930
0.034604
0.034287
0.034471
0.030698
0.034556
0.030832
0.030477
0.026790
0.038043
0.035051
0.034331
0.034156
0.033973
0.034272
0.034232
0.030690
0.030731
0.041255
0.037810
0.034304
0.041438
0.030977
0.038291
0.034968
0.034358
0.038519
0.037614
0.030594
0.031184
0.031121
0.035004
0.034396
0.042004
0.034390
0.038318
0.031462
0.030962
0.039201
0.042171
0.031645
0.034860
0.031570
0.035061
0.035298
0.031313
0.038748
0.031900
0.041927
0.035124
0.031837
0.038478
0.028321
0.031206
0.031428
0.030911
0.042620
0.038395
0.034541
0.031556
0.030730
0.035024
0.034744
0.027097
0.038809
0.038012
0.038397
0.031148
0.030827
0.038442
0.030568
0.034175
0.041797
0.034824
0.034274
0.034472
0.037875
0.030544
0.037979
0.041617
0.031164
0.033931
0.030745
0.029812
0.026489
0.037688
0.037798
0.038307
0.030666
0.034033
0.030603
0.034395
0.037842
0.030457
0.034428
0.034034
0.038009
0.033784
0.034129
0.030631
0.034851
0.031015
0.031020
0.038128
0.030910
0.034736
0.027152
0.034933
0.034675
0.034839
0.031230
0.035144
0.034413
0.042517
0.031402
0.038986
0.038829
0.038440
0.034400
0.038156
0.038846
0.034899
0.035164
0.038940
0.039088
0.035221
0.035041
0.027604
0.038411
0.038720
0.039042
0.028083
0.042629
0.042539
0.035451
0.035124
0.035690
0.038586
0.039144
0.035335
0.035249
0.039352
0.031778
0.035482
0.035029
0.039548
0.031148
0.038479
0.039124
0.035072
0.035231
0.030893
0.031374
0.035215
0.030796
0.034086
0.038231
0.038012
0.035248
0.031088
0.030822
0.038428
0.038727
0.038483
0.035017
0.038415
0.042319
0.027034
0.038144
0.030835
0.034585
0.030751
0.030903
0.038233
0.037524
0.030635
0.026932
0.038083
0.030483
0.034591
0.030965
0.034554
0.026834
0.027138
0.034281
0.034587
0.034735
0.034647
0.038360
0.038418
0.030844
0.030770
0.030931
0.035027
0.031583
0.034416
0.042225
0.034961
0.030950
0.034822
0.038233
0.031574
0.030895
0.034425
0.034478
0.034151
0.038372
0.034999
0.034623
0.038353
0.031454
0.031291
0.034557
0.042080
0.034609
0.034554
0.030955
0.027460
0.035071
0.039017
0.035317
0.042172
0.038917
0.034834
0.031305
0.038209
0.035252
0.027671
0.035327
0.042204
0.034496
0.042329
0.042191
0.038217
0.038572
0.038307
0.031247
0.030883
0.034577
0.038118
0.034488
0.030962
0.031343
0.034894
0.035240
0.046192
0.038741
0.034758
0.039312
0.034901
0.038826
0.034841
0.027453
0.027576
0.027563
0.038882
0.041774
0.034668
0.038437
0.027096
0.038390
0.027079
0.034888
0.031017
0.038306
0.034617
0.034479
0.038831
0.031091
0.037780
0.034739
0.038221
0.034600
0.034421
0.027456
0.038377
0.031214
0.031283
0.031146
0.034367
0.038381
0.031378
0.035323
0.031344
0.034931
0.035157
0.031345
0.027332
0.031181
0.041772
0.034760
0.037957
0.030769
0.034922
0.030691
0.038289
0.030920
0.034581
0.034728
0.035034
0.034308
0.034756
0.038376
0.038483
0.038583
0.030809
0.035136
0.034552
0.034440
0.027608
0.038890
0.039349
0.035244
0.035388
0.038775
0.031301
0.039171
0.031957
0.039487
0.035272
0.042528
0.031123
0.035260
0.038900
0.035450
0.032151
0.035269
0.038561
0.031575
0.031044
0.032015
0.038614
0.028218
0.039324
0.032235
0.039129
0.042491
0.039065
0.035871
0.029198
0.033071
0.036416
0.035687
0.035634
0.042774
0.035411
0.036108
0.039375
0.043441
0.028352
0.035567
0.031597
0.031772
0.035392
0.039015
0.039233
0.035489
0.027667
0.035416
0.038557
0.042630
0.027805
0.031303
0.034921
0.027785
0.042479
0.031059
0.042849
0.038133
0.039289
0.034991
0.035012
0.038716
0.038590
0.031632
0.034797
0.041927
0.041631
0.030890
0.034910
0.038033
0.034786
0.035184
0.034326
0.034424
0.034937
0.034594
0.039088
0.031264
0.035432
0.038625
0.031445
0.038075
0.038661
0.034694
0.034653
0.031502
0.039260
0.037910
0.031147
0.035279
0.031420
0.039528
0.030935
0.035224
0.034587
0.034539
0.034694
0.031120
0.034863
0.035050
0.035063
0.031086
0.030692
0.038366
0.030903
0.045611
0.026936
0.030160
0.030215
0.033652
0.030527
0.033543
0.034654
0.033943
0.030668
0.033848
0.033949
0.034788
0.033782
0.037805
0.026809
0.038375
0.030373
0.030369
0.038134
0.033955
0.034411
0.030566
0.034282
0.037305
0.033966
0.038003
0.034570
0.034078
0.034197
0.030675
0.027079
0.034238
0.038669
0.027252
0.030619
0.037986
0.030686
0.037838
0.034269
0.034284
0.033927
0.034209
0.034401
0.030811
0.037894
0.037507
0.027110
0.034664
0.030704
0.030808
0.027374
0.037906
0.034524
0.031078
0.026971
0.034507
0.034652
0.037911
0.027020
0.034090
0.034674
0.030423
0.030486
0.041337
0.030671
0.037790
0.030784
0.037615
0.041533
0.027330
0.038588
0.034259
0.037938
0.033675
0.033997
0.038143
0.030776
0.030578
0.031122
0.030987
0.034776
0.034658
0.030575
0.041565
0.038161
0.041934
0.030406
0.034007
0.030749
0.038276
0.027577
0.030852
0.038269
0.034342
0.034292
0.030855
0.030743
0.030680
0.034066
0.030915
0.037589
0.033888
0.030661
0.033558
0.030914
0.037685
0.030463
0.038232
0.034625
0.030740
0.027209
0.041956
0.034515
0.030730
0.030467
0.030323
0.030895
0.034733
0.030896
0.038051
0.027199
0.034477
0.030285
0.034529
0.031127
0.039008
0.038145
0.034333
0.037745
0.034313
0.037910
0.034294
0.038489
0.037947
0.030781
0.034300
0.026953
0.031260
0.030488
0.027376
0.034885
0.035082
0.034833
0.038151
0.038095
0.041837
0.035679
0.038781
0.031421
0.031098
0.034768
0.028146
0.031577
0.035794
0.031212
0.031626
0.035258
0.038397
0.035310
0.035251
0.034916
0.027649
0.034857
0.030897
0.037841
0.030652
0.038597
0.030891
0.027373
0.027402
0.037720
0.037773
0.034875
0.041455
0.034929
0.034983
0.037954
0.033877
0.041179
0.030669
0.034535
0.038517
0.030643
0.034431
0.037855
0.027161
0.034950
0.037927
0.037939
0.037844
0.031241
0.030780
0.030895
0.037770
0.037759
0.027283
0.034627
0.034415
0.041667
0.037757
0.030847
0.034492
0.026950
0.026993
0.041951
0.030295
0.034390
0.030712
0.026992
0.034655
0.034309
0.027021
0.031013
0.038292
0.035126
0.034733
0.038971
0.030940
0.038809
0.031148
0.031400
0.039028
0.035604
0.038768
0.034650
0.031342
0.030963
0.038189
0.034299
0.030999
0.030892
0.030707
0.034079
0.034238
0.034769
0.031056
0.034207
0.041987
0.041815
0.038164
0.041752
0.030742
0.034884
0.031345
0.034899
0.027981
0.038546
0.027590
0.034810
0.034704
0.034586
0.038785
0.034709
0.034385
0.038039
0.030571
0.038854
0.031115
0.031581
0.034561
0.042209
0.041818
0.038234
0.038504
0.035162
0.038819
0.031061
0.031231
0.038880
0.045820
0.034646
0.041745
0.035658
0.027563
0.038598
0.034785
0.034597
0.031547
0.034432
0.031699
0.034452
0.034957
0.042232
0.038295
0.034625
0.030658
0.038656
0.041444
0.038371
0.034069
0.027029
0.033974
0.037390
0.034332
0.041254
0.033707
0.037554
0.033962
0.030006
0.034157
0.034085
0.037504
0.037782
0.034133
0.038034
0.038000
0.034121
0.037945
0.034141
0.027131
0.037937
0.026918
0.041735
0.033988
0.034592
0.034372
0.034211
0.030571
0.034577
0.038140
0.027540
0.035145
0.038818
0.038147
0.045673
0.038209
0.034599
0.034793
0.038448
0.038565
0.031282
0.027123
0.034604
0.027210
0.030308
0.034467
0.033885
0.027246
0.034667
0.037907
0.030946
0.038396
0.031207
0.030749
0.034760
0.034468
0.034200
0.033900
0.030437
0.041528
0.034214
0.027205
0.030677
0.030246
0.037497
0.033934
0.035012
0.037517
0.038449
0.034349
0.033986
0.030884
0.027201
0.038688
0.034471
0.030761
0.030982
0.027456
0.031196
0.027436
0.035284
0.034568
0.042063
0.034696
0.041227
0.034284
0.033547
0.034861
0.034445
0.038103
0.037844
0.038132
0.030304
0.037614
0.031462
0.030738
0.034587
0.033836
0.030571
0.030002
0.038127
0.037403
0.033437
0.034185
0.033806
0.041684
0.030365
0.033831
0.037780
0.037961
0.030745
0.034672
0.033826
0.034438
0.037684
0.038279
0.037710
0.030685
0.034450
0.041755
0.042006
0.034539
0.038509
0.031234
0.038825
0.045325
0.031041
0.034484
0.026955
0.030361
0.034033
0.026874
0.026717
0.038294
0.041432
0.030346
0.027304
0.038284
0.037678
0.041758
0.037859
0.037497
0.027010
0.038125
0.038155
0.030507
0.030484
0.034104
0.027533
0.035062
0.035394
0.035055
0.031855
0.038814
0.038145
0.042173
0.038732
0.031565
0.034933
0.031277
0.027461
0.034918
0.035120
0.034432
0.034675
0.038487
0.034658
0.038466
0.031340
0.038839
0.038240
0.045739
0.031284
0.030720
0.037844
0.027060
0.034387
0.038445
0.038907
0.034669
0.030694
0.027349
0.037090
0.034349
0.030155
0.038287
0.031171
0.034821
0.034546
0.033710
0.027141
0.034509
0.030944
0.031100
0.027420
0.035246
0.034584
0.041644
0.034549
0.034905
0.027523
0.027357
0.034591
0.038565
0.038268
0.031056
0.035440
0.031098
0.031669
0.039282
0.038613
0.027852
0.034907
0.035341
0.034852
0.038054
0.027382
0.034254
0.030754
0.027268
0.038698
0.031275
0.035106
0.034855
0.031057
0.035108
0.035030
0.039388
0.035293
0.031345
0.035193
0.031300
0.031745
0.038381
0.039458
0.028244
0.038728
0.031395
0.027510
0.034347
0.027257
0.038159
0.031602
0.031446
0.038520
0.034921
0.031346
0.042405
0.039116
0.031255
0.042030
0.038543
0.030935
0.038525
0.038542
0.031836
0.031639
0.042602
0.034517
0.034940
0.035411
0.042363
0.031105
0.038860
0.034650
0.031382
0.030663
0.031686
0.027661
0.038817
0.034921
0.042095
0.030997
0.034482
0.038473
0.030692
0.034841
0.041978
0.031417
0.034275
0.030254
0.030746
0.030624
0.031113
0.031145
0.038290
0.041244
0.034264
0.035005
0.037859
0.027203
0.045573
0.042068
0.037679
0.041597
0.038267
0.033903
0.034822
0.034062
0.030634
0.037332
0.030524
0.037424
0.030090
0.033785
0.037229
0.041073
0.033662
0.033464
0.037482
0.037405
0.026648
0.030094
0.026422
0.033299
0.037079
0.037423
0.029664
0.036981
0.029534
0.029845
0.036562
0.029680
0.033371
0.033468
0.033615
0.033452
0.030604
0.033164
0.033801
0.026068
0.033348
0.033244
0.037183
0.037243
0.037202
0.040516
0.033748
0.037151
0.034179
0.033818
0.030192
0.030119
0.033425
0.038037
0.030255
0.030833
0.040981
0.034439
0.037022
0.030231
0.037514
0.033960
0.037476
0.030076
0.030435
0.033843
0.033257
0.029985
0.034099
0.030708
0.037489
0.033967
0.037837
0.037042
0.026547
0.033549
0.033764
0.030478
0.037140
0.037100
0.036926
0.036861
0.029698
0.037469
0.041087
0.030421
0.033638
0.030371
0.037598
0.026664
0.030911
0.034140
0.037605
0.026819
0.030435
0.034063
0.034616
0.034686
0.030796
0.030899
0.030979
0.026906
0.042067
0.034472
0.035069
0.030812
0.034689
0.030967
0.033891
0.034277
0.030424
0.035028
0.038421
0.030685
0.034507
0.031219
0.038114
0.027068
0.038369
0.030541
0.038047
0.026783
0.037962
0.034430
0.034719
0.038545
0.038588
0.038282
0.038467
0.027185
0.038697
0.034700
0.027768
0.027505
0.038386
0.034229
0.030343
0.034185
0.034099
0.037521
0.041663
0.026886
0.034177
0.033765
0.037906
0.033711
0.045082
0.030258
0.037110
0.029728
0.026285
0.029949
0.037007
0.030187
0.033764
0.041153
0.030430
0.037317
0.033642
0.037800
0.030948
0.033744
0.034464
0.033925
0.033873
0.034090
0.030716
0.034226
0.027060
0.034533
0.034427
0.030834
0.038740
0.027248
0.034320
0.035059
0.031424
0.038117
0.034688
0.034556
0.034549
0.031361
0.031370
0.038345
0.038146
0.034634
0.037966
0.037317
0.030664
0.026914
0.030430
0.027112
0.041177
0.027393
0.038089
0.030945
0.034132
0.037844
0.033395
0.030189
0.037286
0.037340
0.030209
0.034080
0.034287
0.034321
0.030097
0.030312
0.034428
0.041815
0.034160
0.038082
0.037770
0.030025
0.033865
0.037587
0.030493
0.041367
0.030256
0.026780
0.033602
0.030413
0.026975
0.034280
0.034325
0.037910
0.033454
0.037479
0.037339
0.037453
0.037721
0.037061
0.033873
0.030694
0.030027
0.030034
0.030617
0.037187
0.033889
0.034033
0.029593
0.041014
0.034129
0.033740
0.026983
0.027093
0.034664
0.033760
0.030479
0.037879
0.030882
0.030526
0.037454
0.041570
0.030827
0.033965
0.034070
0.027068
0.038017
0.030694
0.041820
0.034418
0.030912
0.034790
0.041823
0.042447
0.034568
0.027466
0.042131
0.034003
0.030623
0.038655
0.034736
0.038419
0.037831
0.030696
0.030511
0.037811
0.030822
0.034063
0.041729
0.031123
0.027579
0.037655
0.042109
0.027670
0.038613
0.039093
0.031322
0.030944
0.038482
0.035318
0.035124
0.039104
0.035297
0.034914
0.034462
0.041324
0.031094
0.038912
0.038796
0.030848
0.031536
0.027182
0.037737
0.034493
0.038649
0.034742
0.042267
0.035138
0.030704
0.034280
0.034779
0.034598
0.034794
0.035257
0.034876
0.035255
0.034314
0.035006
0.031624
0.031855
0.031935
0.035543
0.034982
0.034782
0.035334
0.038675
0.031655
0.035935
0.038994
0.039021
0.039051
0.034968
0.038464
0.036062
0.031813
0.042840
0.028003
0.042436
0.035042
0.038690
0.028260
0.039470
0.038819
0.034444
0.031059
0.035514
0.031301
0.038802
0.035350
0.038915
0.038489
0.038146
0.034875
0.041591
0.038516
0.041457
0.037844
0.037931
0.030746
0.037882
0.034362
0.034899
0.030527
0.034310
0.030916
0.030532
0.034602
0.030831
0.034879
0.038281
0.045344
0.034676
0.041387
0.034677
0.038188
0.027391
0.027165
0.034674
0.041427
0.030899
0.030989
0.034858
0.034874
0.034348
0.030775
0.034125
0.033979
0.034145
0.041457
0.030656
0.030403
0.033888
0.038377
0.037366
0.037827
0.030231
0.034384
0.027141
0.033417
0.034209
0.033556
0.031013
0.034402
0.037709
0.033980
0.027144
0.038110
0.041249
0.034706
0.033971
0.031109
0.038108
0.034470
0.034531
0.033620
0.038263
0.041900
0.034480
0.034628
0.030450
0.026976
0.037972
0.041658
0.034583
0.034569
0.034293
0.034384
0.038100
0.041370
0.034712
0.034212
0.042042
0.031353
0.042264
0.034631
0.038629
0.034382
0.031199
0.031469
0.035443
0.034814
0.035005
0.034634
0.030997
0.034228
0.037993
0.034879
0.034707
0.031115
0.026912
0.038158
0.034545
0.037604
0.031125
0.041566
0.034541
0.027108
0.045612
0.041323
0.038327
0.034720
0.038096
0.038176
0.044951
0.030899
0.030911
0.038509
0.038130
0.034460
0.034807
0.027125
0.035013
0.037972
0.035120
0.034468
0.030898
0.034523
0.037823
0.041800
0.034700
0.034726
0.027629
0.031443
0.034554
0.030492
0.030813
0.030819
0.031299
0.030401
0.034396
0.031258
0.030673
0.041865
0.037978
0.034237
0.040965
0.038057
0.037550
0.033758
0.030730
0.033963
0.037568
0.026820
0.030292
0.037927
0.037231
0.037837
0.030262
0.038070
0.030400
0.030973
0.030492
0.037888
0.030689
0.034080
0.030775
0.038039
0.030813
0.030176
0.037755
0.034277
0.033999
0.034813
0.031097
0.034645
0.034123
0.037075
0.026770
0.037544
0.030602
0.041387
0.034611
0.027041
0.040954
0.033868
0.030308
0.034387
0.037951
0.030401
0.041314
0.041348
0.034356
0.026973
0.034356
0.034935
0.038316
0.037727
0.027003
0.038301
0.034385
0.034714
0.031141
0.042135
0.035196
0.031098
0.031403
0.038366
0.038822
0.035325
0.031281
0.031213
0.037825
0.038096
0.027161
0.038217
0.038517
0.034760
0.030541
0.031413
0.041642
0.038290
0.038253
0.031259
0.031159
0.031005
0.038465
0.027600
0.038386
0.039056
0.031466
0.034871
0.027582
0.031177
0.037888
0.037688
0.034409
0.031040
0.034689
0.031538
0.027253
0.038152
0.027505
0.039021
0.031290
0.034840
0.031188
0.035350
0.035451
0.035096
0.035565
0.038910
0.031577
0.031097
0.038603
0.035059
0.031731
0.031687
0.038532
0.031997
0.031920
0.031256
0.032047
0.031863
0.039098
0.035589
0.039001
0.028030
0.027992
0.028177
0.042827
0.032147
0.031688
0.034982
0.042118
0.031762
0.031115
0.034677
0.028106
0.035580
0.035458
0.027665
0.045524
0.038480
0.031410
0.038946
0.034545
0.035059
0.038617
0.035202
0.031593
0.030799
0.034772
0.042227
0.031249
0.030660
0.033843
0.027313
0.034294
0.034214
0.030421
0.038141
0.030694
0.034411
0.034527
0.037534
0.033982
0.033999
0.030613
0.030361
0.033496
0.037892
0.034051
0.034198
0.037399
0.041357
0.030118
0.030519
0.030188
0.029949
0.033927
0.030202
0.029987
0.034137
0.037615
0.033274
0.030267
0.040845
0.030175
0.030609
0.037757
0.033621
0.033723
0.034073
0.034507
0.038047
0.034411
0.034179
0.030549
0.031421
0.041755
0.041528
0.026817
0.030842
0.034159
0.030450
0.037301
0.044769
0.030746
0.034111
0.038136
0.037318
0.033817
0.034249
0.026758
0.034369
0.033596
0.026825
0.033689
0.029938
0.037898
0.037130
0.030543
0.030383
0.037409
0.030200
0.030235
0.026787
0.030122
0.030440
0.037842
0.033927
0.030424
0.044925
0.037770
0.033769
0.038594
0.038121
0.030963
0.038041
0.041279
0.034589
0.034868
0.033863
0.030970
0.037639
0.037928
0.037592
0.026826
0.030673
0.034628
0.037711
0.034018
0.033204
0.026382
0.030354
0.030263
0.030780
0.034127
0.034273
0.037702
0.040925
0.034187
0.040947
0.030701
0.037926
0.027005
0.030718
0.034280
0.034261
0.031132
0.031238
0.037981
0.034987
0.037695
0.037838
0.034267
0.034288
0.037945
0.034416
0.041092
0.030559
0.037450
0.030054
0.030159
0.030539
0.030738
0.030887
0.044449
0.037112
0.026853
0.030412
0.037734
0.030109
0.033730
0.030657
0.033528
0.038041
0.034146
0.031132
0.038425
0.034555
0.030772
0.041510
0.027318
0.030880
0.031262
0.034486
0.037791
0.030509
0.030712
0.030733
0.038002
0.030900
0.031337
0.027207
0.037516
0.037358
0.030630
0.027013
0.030597
0.030726
0.033844
0.037949
0.033489
0.033710
0.033825
0.034294
0.038104
0.030750
0.034521
0.030870
0.027360
0.034737
0.034955
0.038000
0.031602
0.030959
0.038404
0.030737
0.038316
0.034242
0.041415
0.034820
0.037873
0.030727
0.030962
0.034752
0.027664
0.034722
0.031420
0.031485
0.031291
0.034875
0.034644
0.035319
0.042005
0.042221
0.038517
0.038499
0.031222
0.034924
0.038877
0.031434
0.038885
0.038647
0.034343
0.034713
0.034559
0.035058
0.035121
0.045563
0.030966
0.038494
0.031545
0.031433
0.035166
0.035501
0.035082
0.027515
0.027460
0.041856
0.030782
0.031929
0.031161
0.031033
0.034762
0.034646
0.038501
0.034510
0.042025
0.038063
0.030897
0.030550
0.037951
0.037958
0.038007
0.030587
0.037966
0.037526
0.027091
0.030369
0.034322
0.030769
0.034258
0.034084
0.037576
0.034658
0.041294
0.030919
0.034118
0.030231
0.030049
0.033686
0.029964
0.033292
0.030587
0.040693
0.027018
0.030114
0.036745
0.030266
0.030065
0.037643
0.030495
0.030214
0.033594
0.030257
0.041081
0.037220
0.033798
0.040500
0.033932
0.030166
0.030264
0.036945
0.037208
0.041242
0.033608
0.027149
0.030683
0.030347
0.037417
0.030202
0.041186
0.037607
0.031106
0.041175
0.038180
0.038187
0.037963
0.037830
0.037828
0.034286
0.034180
0.035002
0.041399
0.038261
0.037735
0.030829
0.031306
0.038078
0.034344
0.034522
0.034398
0.038398
0.038488
0.034915
0.035156
0.034740
0.038461
0.038290
0.038286
0.038325
0.042394
0.034607
0.034727
0.041665
0.034957
0.038125
0.037674
0.034514
0.033989
0.034240
0.034347
0.033611
0.030214
0.037908
0.034594
0.034283
0.026617
0.026414
0.029616
0.026045
0.037331
0.030158
0.037408
0.037122
0.029879
0.033819
0.037730
0.041294
0.034581
0.034112
0.034112
0.034096
0.030805
0.038493
0.038222
0.038295
0.038549
0.031306
0.034378
0.034790
0.027242
0.027062
0.035134
0.038184
0.034890
0.030772
0.030600
0.031002
0.038112
0.039027
0.031001
0.042129
0.030799
0.033862
0.030984
0.037897
0.034695
0.030907
0.034789
0.034075
0.026933
0.037916
0.030522
0.034323
0.037610
0.030197
0.029957
0.041043
0.034328
0.034107
0.038099
0.033841
0.033764
0.041319
0.038070
0.038091
0.037646
0.031243
0.030480
0.030280
0.037830
0.030601
0.030790
0.037392
0.038338
0.034510
0.030436
0.030891
0.034765
0.027176
0.033941
0.034538
0.034644
0.034126
0.030744
0.037860
0.034255
0.031047
0.037699
0.030955
0.034297
0.038017
0.033936
0.026895
0.041277
0.030603
0.030344
0.037783
0.026947
0.037575
