1.000000
0.966999
0.936567
0.920500
0.922023
0.894732
0.893795
0.871777
0.869654
0.841494
0.826302
0.825814
0.812422
0.811945
0.788521
0.779493
0.749647
0.746905
0.757319
0.738575
0.758500
0.726074
0.719366
0.704397
0.687331
0.702032
0.688565
0.698996
0.685614
0.673893
0.650696
0.658412
0.659066
0.646127
0.650086
0.643529
0.635307
0.621197
0.616146
0.613526
0.610295
0.619244
0.604871
0.612194
0.596066
0.594558
0.594621
0.588887
0.596038
0.580076
0.589132
0.568599
0.558102
0.574064
0.562710
0.573504
0.563785
0.566143
0.554306
0.559824
0.557385
0.549799
0.547698
0.540414
0.538573
0.514397
0.518274
0.529697
0.519303
0.530712
0.524766
0.525415
0.510826
0.498450
0.507431
0.506417
0.522281
0.519050
0.519353
0.499524
0.488998
0.492045
0.493658
0.493187
0.485085
0.492255
0.481090
0.481854
0.481064
0.471317
0.481436
0.473874
0.476196
0.459819
0.455195
0.458624
0.457152
0.461495
0.454230
0.451515
0.440655
0.447356
0.446258
0.446763
0.461419
0.443288
0.446844
0.433905
0.433918
0.444080
0.440544
0.452476
0.438804
0.447233
0.432375
0.425647
0.424572
0.414174
0.430514
0.414123
0.416822
0.402593
0.401961
0.408241
0.402980
0.408758
0.398468
0.405860
0.390665
0.391058
0.393706
0.390014
0.398727
0.387125
0.386031
0.377992
0.368158
0.385512
0.380556
0.379093
0.376384
0.374262
0.368193
0.364261
0.366270
0.360046
0.364774
0.357476
0.361299
0.353764
0.345837
0.345197
0.335452
0.346721
0.333486
0.338783
0.322898
0.324052
0.327503
0.324769
0.327261
0.328031
0.327520
0.319100
0.308330
0.317917
0.311348
0.315519
0.310010
0.303535
0.293498
0.288829
0.302326
0.290211
0.302319
0.296777
0.292584
0.277098
0.281959
0.280830
0.280000
0.283683
0.277789
0.273993
0.268427
0.265438
0.262565
0.261256
0.259153
0.255431
0.249914
0.239952
0.233359
0.238986
0.231134
0.233258
0.226295
0.217639
0.216800
0.207103
0.212214
0.200388
0.205865
0.197312
0.199398
0.187369
0.186856
0.187684
0.185852
0.184256
0.174699
0.175305
0.170510
0.164805
0.161659
0.162209
0.163054
0.158524
0.155588
0.151705
0.151347
0.153693
0.147107
0.147936
0.142264
0.140008
0.135061
0.134332
0.135199
0.132103
0.131986
0.129485
0.130365
0.129702
0.124060
0.126481
0.118200
0.121678
0.119108
0.119264
0.116233
0.114133
0.113542
0.114500
0.113952
0.111144
0.109081
0.105582
0.102748
0.103465
0.102183
0.105520
0.099600
0.099418
0.097133
0.095132
0.096843
0.094835
0.098273
0.098308
0.096904
0.094225
0.092343
0.093355
0.091108
0.091225
0.089996
0.088532
0.086376
0.083663
0.083098
0.081023
0.082240
0.080787
0.081146
0.077738
0.077346
0.078875
0.076546
0.076578
0.078136
0.076105
0.072514
0.072787
0.072513
0.073905
0.074233
0.072108
0.070513
0.070522
0.066943
0.068630
0.069190
0.070176
0.069018
0.069853
0.069626
0.067270
0.070094
0.068554
0.068266
0.069765
0.067043
0.067215
0.064213
0.063843
0.063627
0.065898
0.061961
0.060494
0.060125
0.059521
0.057238
0.058730
0.059583
0.058370
0.058357
0.058735
0.058464
0.059925
0.059089
0.061598
0.059040
0.061265
0.058430
0.057316
0.057520
0.057205
0.057167
0.058628
0.058916
0.058774
0.056054
0.055545
0.055789
0.057892
0.054813
0.056957
0.056518
0.055673
0.055698
0.056761
0.057947
0.054183
0.054796
0.054362
0.055230
0.056976
0.058723
0.060141
0.056777
0.059727
0.058493
0.059363
0.058346
0.058416
0.059766
0.058855
0.056110
0.056565
0.055912
0.052694
0.052489
0.056445
0.053018
0.055193
0.055117
0.054772
0.056238
0.054502
0.055122
0.056265
0.055516
0.054625
0.054268
0.055329
0.056598
0.057253
0.055870
0.059525
0.058470
0.057848
0.057774
0.056968
0.057756
0.052668
0.050946
0.050397
0.054206
0.054212
0.051818
0.053626
0.053366
0.052123
0.050821
0.053009
0.053332
0.053458
0.055829
0.051981
0.052024
0.051452
0.050277
0.052677
0.052558
0.052277
0.051251
0.053794
0.050159
0.049109
0.049474
0.050463
0.051372
0.051623
0.050966
0.051886
0.048700
0.046732
0.049696
0.047672
0.048826
0.052045
0.052060
0.051535
0.052484
0.051335
0.050634
0.050757
0.050183
0.048695
0.047315
0.049323
0.050413
0.051527
0.049470
0.049042
0.049857
0.050436
0.049177
0.050311
0.051307
0.051126
0.053016
0.049237
0.050429
0.050178
0.049988
0.050339
0.047490
0.048334
0.047813
0.050612
0.049374
0.049843
0.050129
0.051973
0.052166
0.051680
0.050470
0.053075
0.051166
0.051818
0.053127
0.051258
0.051783
0.052473
0.051545
0.050410
0.051083
0.050512
0.053423
0.054236
0.051732
0.052893
0.051238
0.050256
0.050227
0.048593
0.050325
0.049106
0.051501
0.052323
0.054360
0.052191
0.053665
0.052745
0.051351
0.050868
0.050997
0.050036
0.050769
0.051582
0.051051
0.051036
0.050575
0.050405
0.051830
0.051955
0.050575
0.047180
0.045771
0.045285
0.046290
0.046652
0.046304
0.048150
0.047057
0.045825
0.046337
0.046736
0.046069
0.046769
0.048506
0.045112
0.046137
0.046561
0.047940
0.048798
0.047629
0.048033
0.046384
0.049523
0.050346
0.048921
0.048402
0.049568
0.048829
0.046444
0.048375
0.047901
0.048418
0.046663
0.044879
0.046363
0.046413
0.045722
0.045372
0.044434
0.045752
0.047344
0.046311
0.046252
0.047014
0.048652
0.049874
0.048822
0.049063
0.049177
0.049922
0.049615
0.053273
0.050886
0.052699
0.049948
0.049225
0.049854
0.049274
0.048148
0.048070
0.047958
0.046455
0.048819
0.047745
0.046315
0.047744
0.045913
0.046428
0.046866
0.047015
0.046627
0.046987
0.045288
0.046863
0.047738
0.048102
0.047813
0.048192
0.047961
0.049301
0.047612
0.049331
0.049813
0.049644
0.046012
0.046367
0.047313
0.046842
0.047448
0.045836
0.046698
0.045075
0.045240
0.048223
0.050259
0.050120
0.048440
0.051389
0.051026
0.050911
0.052150
0.048810
0.048511
0.049030
0.048787
0.047162
0.046671
0.050402
0.048814
0.049889
0.047779
0.050540
0.049199
0.050437
0.049047
0.047603
0.048419
0.046001
0.046125
0.046247
0.048492
0.047555
0.047543
0.047381
0.047964
0.049814
0.050879
0.048541
0.050111
0.049891
0.049143
0.049601
0.049290
0.048103
0.046840
0.050030
0.050618
0.051121
0.050157
0.049794
0.047306
0.048488
0.047729
0.046921
0.045878
0.048013
0.047020
0.048282
0.050825
0.049256
0.046417
0.050471
0.050330
0.050159
0.047352
0.048029
0.048665
0.047076
0.049203
0.049240
0.048234
0.048381
0.048362
0.046534
0.045618
0.047745
0.048382
0.048039
0.048508
0.049132
0.049986
0.048848
0.048308
0.048649
0.049610
0.048894
0.047767
0.048775
0.047688
0.047618
0.047883
0.049738
0.048514
0.046767
0.048803
0.048328
0.049355
0.048098
0.048866
0.050523
0.051669
0.052693
0.053006
0.050800
0.049519
0.050677
0.050802
0.050231
0.049829
0.050002
0.048736
0.048942
0.050178
0.048099
0.048365
0.048783
0.048064
0.049629
0.046713
0.049050
0.046674
0.048172
0.048080
0.048173
0.048622
0.045045
0.045303
0.047979
0.048248
0.046743
0.047402
0.048683
0.048934
0.047516
0.050916
0.048816
0.048593
0.049702
0.048776
0.047225
0.047055
0.044429
0.045748
0.045324
0.047276
0.044873
0.045194
0.045932
0.043284
0.044305
0.046121
0.047252
0.048529
0.047618
0.046748
0.047751
0.048263
0.045862
0.047175
0.046621
0.046738
0.048795
0.048818
0.048404
0.048720
0.048471
0.048377
0.047180
0.049099
0.048997
0.048937
0.051054
0.048973
0.050295
0.048535
0.048745
0.046925
0.045264
0.046291
0.046234
0.046438
0.043361
0.046416
0.046038
0.045512
0.045410
0.046393
0.048013
0.046777
0.046935
0.047437
0.045871
0.046041
0.046722
0.047569
0.047787
0.046089
0.045737
0.047387
0.048107
0.049419
0.048054
0.047740
0.046522
0.045959
0.046686
0.046062
0.046844
0.046404
0.046080
0.047253
0.047973
0.047597
0.049133
0.046106
0.045924
0.046610
0.045695
0.045907
0.044453
0.045109
0.046839
0.048870
0.047715
0.047354
0.048794
0.050272
0.047519
0.046738
0.047247
0.049020
0.047517
0.047277
0.050037
0.050635
0.050497
0.051493
0.048865
0.049339
0.048012
0.048592
0.048747
0.050250
0.052795
0.049115
0.050173
0.047032
0.047372
0.046975
0.048055
0.050720
0.051072
0.051364
0.050002
0.050590
0.052108
0.050792
0.050412
0.049430
0.051948
0.048982
0.050581
0.051803
0.049698
0.050866
0.049095
0.050455
0.047840
0.046317
0.046211
0.047043
0.048691
0.046874
0.047412
0.046222
0.047059
0.045511
0.045374
0.044984
0.044509
0.043930
0.045221
0.046013
0.048139
0.047770
0.048464
0.048242
0.048658
0.047259
0.050576
0.047803
0.048333
0.047598
0.047526
0.047953
0.045864
0.045483
0.045970
0.045659
0.046984
0.046705
0.046043
0.045597
0.047954
0.047056
0.046248
0.046394
0.046477
0.048851
0.047724
0.046315
0.048534
0.049017
0.049026
0.048094
0.048994
0.048125
0.047014
0.047170
0.049667
0.050663
0.049463
0.049898
0.051021
0.049490
0.049633
0.049873
0.048590
0.049619
0.049682
0.047392
0.046200
0.049005
0.048469
0.048596
0.049090
0.049785
0.047535
0.047827
0.048168
0.046893
0.046566
0.046145
0.049254
0.047921
0.047171
0.047408
0.049037
0.048635
0.046533
0.047609
0.048328
0.048032
0.047771
0.048357
0.047625
0.047607
0.047876
0.046819
0.048415
0.049626
0.046618
0.046887
0.043941
0.046315
0.046338
0.045601
0.046972
0.045535
0.046127
0.045260
0.046154
0.046073
0.043662
0.046144
0.046568
0.046700
0.046638
0.046616
0.047517
0.049889
0.050822
0.049320
0.049291
0.048234
0.049297
0.046246
0.045663
0.048824
0.047849
0.046989
0.046833
0.046838
0.047687
0.047007
0.046286
0.047382
0.048134
0.048319
0.046568
0.044245
0.043744
0.045325
0.043469
0.046780
0.044515
0.045099
0.044588
0.045808
0.048481
0.046167
0.046070
0.046640
0.043032
0.046362
0.046008
0.047590
0.048385
0.047702
0.048660
0.048143
0.048797
0.046121
0.048112
0.044718
0.047194
0.046319
0.047164
0.045948
0.045771
0.047107
0.046404
0.047833
0.047111
0.048659
0.048001
0.046458
0.046486
0.049261
0.047882
0.047976
0.047576
0.047259
0.048170
0.046612
0.047606
0.047518
0.046898
0.048026
0.048841
0.047696
0.047857
0.048926
0.046965
0.049307
0.046815
0.046684
0.046712
0.046460
0.046031
0.047362
0.048328
0.048138
0.049046
0.046750
0.050153
0.049389
0.050489
0.048470
0.049751
0.049149
0.049937
0.049486
0.048325
0.047948
0.047153
0.047409
0.048806
0.044320
0.046711
0.046776
0.046556
0.044824
0.047328
0.046079
0.048488
0.046937
0.046779
0.048126
0.047087
0.047330
0.045944
0.045505
0.046013
0.047801
0.046926
0.045528
0.047993
0.046271
0.043054
0.046732
0.046887
0.046276
0.045140
0.045916
0.045951
0.045894
0.045667
0.044776
0.045680
0.045596
0.046464
0.046426
0.046100
0.048022
0.046788
0.047143
0.046760
0.046834
0.045162
0.044494
0.045095
0.045353
0.046112
0.043684
0.043238
0.042524
0.041421
0.044281
0.044099
0.045434
0.041787
0.044807
0.045627
0.043524
0.043843
0.044854
0.047098
0.045398
0.045621
0.046164
0.045279
0.046078
0.047131
0.049012
0.046519
0.046133
0.044118
0.043530
0.044146
0.044167
0.045864
0.045905
0.045219
0.044582
0.044462
0.045497
0.043749
0.045042
0.042847
0.045734
0.046142
0.045133
0.047166
0.046768
0.048640
0.048062
0.049032
0.045515
0.047416
0.046566
0.046205
0.047721
0.048385
0.048659
0.048664
0.045907
0.046291
0.047036
0.047073
0.046580
0.045468
0.046583
0.046397
0.047194
0.046928
0.047814
0.047756
0.046150
0.047583
0.048503
0.048199
0.045492
0.047534
0.044443
0.043990
0.043493
0.044230
0.047722
0.046396
0.049319
0.045488
0.046622
0.043662
0.044951
0.045189
0.046386
0.047288
0.046696
0.049609
0.047950
0.048087
0.045236
0.048159
0.046733
0.049237
0.049409
0.046588
0.049308
0.048934
0.049779
0.049297
0.049452
0.049120
0.047461
0.047012
0.048845
0.047607
0.049442
0.048055
0.048569
0.047793
0.049165
0.048329
0.047071
0.049246
0.048012
0.048736
0.046429
0.045423
0.045117
0.044869
0.046803
0.047143
0.047765
0.046064
0.046849
0.047938
0.046226
0.047377
0.047030
0.048428
0.046069
0.048594
0.047586
0.046979
0.048864
0.048657
0.049352
0.049017
0.046209
0.046974
0.046321
0.047914
0.049195
0.049062
0.049293
0.048165
0.048241
0.047996
0.049168
0.047273
0.047337
0.047644
0.047997
0.045067
0.046263
0.047535
0.047092
0.047580
0.045131
0.045782
0.044540
0.043188
0.044314
0.043394
0.045199
0.045117
0.044499
0.047037
0.046957
0.045622
0.046100
0.043818
0.044440
0.042056
0.045281
0.044428
0.042652
0.044034
0.045354
0.045175
0.046945
0.047043
0.046717
0.048583
0.047547
0.048248
0.047854
0.047435
0.046946
0.047897
0.046797
0.046097
0.045855
0.043517
0.043027
0.046360
0.045527
0.044080
0.041680
0.042867
0.043696
0.042984
0.043750
0.044476
0.046013
0.045740
0.046997
0.047061
0.045631
0.047043
0.047214
0.046219
0.045329
0.045774
0.047856
0.045636
0.046695
0.046831
0.046716
0.047530
0.048119
0.044358
0.046065
0.045512
0.046755
0.046893
0.047410
0.048196
0.046931
0.046757
0.045208
0.045590
0.046310
0.047463
0.047637
0.046677
0.047488
0.047480
0.046688
0.048125
0.046690
0.047488
0.047124
0.047009
0.048432
0.051127
0.052134
0.050328
0.049415
0.048433
0.049345
0.048067
0.048269
0.050332
0.048853
0.048846
0.046505
0.046556
0.046268
0.044947
0.048238
0.045821
0.047907
0.047737
0.047636
0.048175
0.048607
0.048929
0.048016
0.047051
0.047738
0.045405
0.047811
0.047675
0.048556
0.047210
0.047014
0.046922
0.046956
0.049837
0.050172
0.048673
0.047927
0.049210
0.047123
0.048921
0.046625
0.047372
0.046591
0.047029
0.048105
0.048252
0.046639
0.047525
0.048388
0.048060
0.048650
0.047193
0.047513
0.050812
0.048029
0.046508
0.049066
0.049566
0.049445
0.047567
0.049048
0.049356
0.049957
0.048797
0.048894
0.049810
0.047003
0.050865
0.050932
0.050685
0.050024
0.049799
0.048607
0.048424
0.045574
0.048151
0.046612
0.047763
0.047227
0.046623
0.045386
0.045168
0.045491
0.045277
0.045662
0.046423
0.047615
0.046722
0.047293
0.047629
0.047055
0.049286
0.047458
0.049869
0.048417
0.049515
0.048315
0.046336
0.048005
0.046621
0.044300
0.046388
0.047631
0.047945
0.046113
0.047650
0.046609
0.046414
0.044849
0.044673
0.045133
0.042419
0.046160
0.044042
0.043101
0.041617
0.042807
0.045649
0.042397
0.045176
0.044155
0.045207
0.045587
0.044944
0.046224
0.044469
0.046446
0.045967
0.045985
0.045486
0.045397
0.047889
0.046669
0.046220
0.046447
0.046813
0.045917
0.044531
0.045977
0.044730
0.046669
0.048685
0.047352
0.046010
0.046151
0.045614
0.045559
0.047661
0.047663
0.044502
0.044347
0.044319
0.046260
0.046420
0.046652
0.045875
0.046350
0.047501
0.046440
0.045814
0.046033
0.048535
0.047730
0.048271
0.048108
0.049602
0.051379
0.049554
0.050317
0.048589
0.050501
0.050137
0.049080
0.049200
0.050131
0.048855
0.048133
0.048874
0.048667
0.048042
0.048379
0.048023
0.049859
0.048396
0.050043
0.048373
0.048423
0.051503
0.046355
0.049192
0.047229
0.047435
0.047949
0.047481
0.046663
0.048082
0.048171
0.046900
0.046672
0.048107
0.047547
0.046815
0.048853
0.049966
0.050004
0.048933
0.047729
0.049488
0.049927
0.049469
0.052066
0.050219
0.050801
0.048469
0.049007
0.051310
0.049848
0.051004
0.049181
0.050294
0.050715
0.049718
0.050089
0.049313
0.049194
0.049374
0.048038
0.047005
0.045750
0.042929
0.046474
0.046229
0.045541
0.045519
0.044035
0.044432
0.044692
0.046317
0.045671
0.042868
0.044753
0.043153
0.043937
0.047510
0.045709
0.044893
0.044923
0.044749
0.044340
0.043446
0.043679
0.046142
0.046583
0.046202
0.046595
0.045720
0.044535
0.047386
0.045971
0.048221
0.048814
0.047080
0.048105
0.047303
0.048974
0.048321
0.049353
0.048064
0.049611
0.049623
0.046502
0.049395
0.047481
0.048925
0.048923
0.049699
0.048799
0.048984
0.049198
0.050308
0.049719
0.049562
0.049453
0.048818
0.049959
0.049065
0.048333
0.047384
0.046029
0.046358
0.046339
0.044660
0.045432
0.046428
0.047271
0.046663
0.046728
0.045960
0.045321
0.047199
0.046210
0.045946
0.043694
0.045985
0.044831
0.046003
0.049436
0.047219
0.047015
0.047784
0.047382
0.045988
0.046071
0.048506
0.047558
0.048778
0.046516
0.044709
0.044043
0.044429
0.045276
0.044817
0.045269
0.044747
0.046941
0.046067
0.047483
0.046878
0.045193
0.045901
0.046196
0.044581
0.045578
0.046935
0.045694
0.045541
0.046242
0.045305
0.044536
0.045999
0.045629
0.046453
0.046903
0.046747
0.048515
0.047803
0.046774
0.045719
0.046077
0.047685
0.049045
0.046142
0.046411
0.048041
0.047008
0.046967
0.046146
0.047986
0.045439
0.046264
0.047001
0.045335
0.047497
0.048421
0.049222
0.050493
0.049070
0.047540
0.049193
0.047984
0.047885
0.050047
0.047370
0.044722
0.046736
0.047933
0.050382
0.048354
0.047222
0.047752
0.047161
0.048367
0.047332
0.049321
0.045759
0.048474
0.049916
0.046570
0.046105
0.044820
0.046405
0.047106
0.048094
0.045726
0.044977
0.042061
0.043582
0.044041
0.042440
0.043199
0.042942
0.044793
0.044880
0.044178
0.043046
0.042825
0.044712
0.043853
0.043691
0.044930
0.044920
0.044783
0.046223
0.048151
0.047240
0.045918
0.047320
0.047504
0.048281
0.048374
0.049151
0.048254
0.048636
0.046598
0.048848
0.050901
0.046633
0.048445
0.047725
0.048335
0.046067
0.045831
0.046999
0.047782
0.048116
0.046420
0.045978
0.047902
0.046623
0.046359
0.048878
0.049017
0.047495
0.049555
0.049711
0.049471
0.050981
0.048146
0.050615
0.050754
0.050126
0.048869
0.047816
0.048898
0.050181
0.052533
0.050444
0.050453
0.050287
0.048438
0.047840
0.048141
0.047594
0.046240
0.044650
0.044332
0.045145
0.043781
0.043939
0.043597
0.042653
0.043969
0.044283
0.044607
0.044122
0.042890
0.043814
0.044894
0.045425
0.044094
0.044399
0.045020
0.043836
0.043933
0.043782
0.047315
0.043154
0.044031
0.046509
0.045575
0.047569
0.046215
0.045860
0.044547
0.045903
0.047066
0.045776
0.046302
0.047222
0.046956
0.047173
0.047143
0.047876
0.048448
0.046877
0.045977
0.049711
0.047899
0.048570
0.048710
0.046845
0.047816
0.049388
0.048678
0.046355
0.043635
0.049759
0.047691
0.048520
0.047671
0.046433
0.046009
0.046428
0.048179
0.047826
0.048762
0.047770
0.046594
0.043717
0.045862
0.047197
0.045485
0.044256
0.047069
0.046664
0.043923
0.045718
0.045265
0.042673
0.045118
0.043977
0.044558
0.044478
0.044174
0.045053
0.045434
0.047610
0.048640
0.048216
0.049808
0.050588
0.049336
0.048222
0.047802
0.048943
0.050427
0.047760
0.049100
0.048309
0.047833
0.048080
0.049339
0.048867
0.047246
0.046104
0.047062
0.045219
0.043801
0.044228
0.043502
0.042956
0.043204
0.045672
0.044262
0.043604
0.042946
0.043066
0.042780
0.044317
0.045136
0.045797
0.046635
0.044643
0.046030
0.048856
0.048585
0.050029
0.048981
0.050817
0.049710
0.049041
0.046172
0.047465
0.046726
0.048904
0.047664
0.047338
0.047405
0.045780
0.046561
0.049125
0.048257
0.048890
0.048618
0.047810
0.047738
0.047283
0.047869
0.050753
0.049751
0.049797
0.048261
0.048567
0.048123
0.050159
0.050581
0.051708
0.051205
0.050125
0.048217
0.047990
0.050572
0.049364
0.049747
0.047326
0.049768
0.048456
0.045826
0.047820
0.047820
0.047283
0.047714
0.044756
0.045969
0.044695
0.047683
0.042477
0.045070
0.044910
0.044289
0.043637
0.043288
0.045203
0.043998
0.044943
0.043201
0.043978
0.045706
0.044651
0.045951
0.044790
0.045938
0.045493
0.047140
0.046218
0.048241
0.047159
0.047634
0.048753
0.046675
0.047989
0.047518
0.045519
0.047006
0.046663
0.044784
0.044345
0.044707
0.045537
0.045442
0.045258
0.045625
0.046826
0.044160
0.045442
0.045040
0.047712
0.048599
0.049281
0.047965
0.046702
0.044902
0.046235
0.044968
0.047499
0.048377
0.045881
0.046284
0.049652
0.048030
0.047309
0.045525
0.048190
0.047444
0.046105
0.044739
0.043913
0.045066
0.046196
0.046119
0.045862
0.047918
0.049700
0.047400
0.047139
0.047764
0.047607
0.046512
0.046018
0.046641
0.045365
0.043905
0.042889
0.045353
0.047564
0.044051
0.044223
0.045162
0.043498
0.043315
0.042159
0.045112
0.045619
0.044966
0.045410
0.045503
0.045508
0.044616
0.045084
0.044295
0.043541
0.042714
0.042540
0.045083
0.045996
0.045805
0.045027
0.046018
0.044278
0.045951
0.045078
0.046373
0.048096
0.046053
0.047980
0.048709
0.046128
0.048231
0.045477
0.046437
0.047221
0.045926
0.044412
0.047100
0.046670
0.045284
0.047011
0.045860
0.047763
0.045143
0.047089
0.046384
0.045801
0.045686
0.045530
0.045486
0.046799
0.043725
0.045569
0.043796
0.043200
0.043445
0.042463
0.044784
0.044766
0.044641
0.046459
0.044232
0.044753
0.047388
0.045376
0.044725
0.043477
0.043465
0.045843
0.043525
0.046878
0.046767
0.047502
0.048621
0.049070
0.049437
0.046837
0.047627
0.046458
0.045653
0.046514
0.046089
0.046677
0.045191
0.046204
0.046746
0.046292
0.044966
0.046796
0.045524
0.044220
0.045580
0.045344
0.043982
0.045605
0.044845
0.047471
0.046994
0.047877
0.044788
0.046042
0.047682
0.048800
0.046795
0.046138
0.047081
0.045132
0.048096
0.046850
0.045226
0.046868
0.045508
0.043659
0.043250
0.043908
0.045770
0.047401
0.047688
0.048915
0.049118
0.047571
0.047935
0.047410
0.046084
0.050248
0.049425
0.048893
0.048332
0.048093
0.047708
0.047156
0.049482
0.050034
0.049527
0.047864
0.045687
0.048568
0.047294
0.051003
0.051309
0.049469
0.048682
0.049029
0.047997
0.047886
0.047718
0.047861
0.048783
0.048502
0.050219
0.049283
0.049854
0.049775
0.048222
0.048231
0.048180
0.049006
0.047413
0.047886
0.048635
0.048137
0.047327
0.046527
0.043123
0.045981
0.045317
0.044679
0.046213
0.047788
0.047655
0.048332
0.049394
0.046049
0.047737
0.047850
0.049548
0.049455
0.050606
0.050681
0.047408
0.047742
0.048189
0.047944
0.047741
0.046878
0.046991
0.046924
0.048937
0.048573
0.048619
0.047455
0.047528
0.049374
0.047813
0.047104
0.046257
0.047842
0.045249
0.044410
0.046495
0.046781
0.047060
0.048395
0.047435
0.045691
0.047037
0.048090
0.048779
0.049555
0.046010
0.046687
0.045610
0.044777
0.045463
0.044723
0.045108
0.044292
0.046153
0.044732
0.042968
0.041982
0.042608
0.045407
0.045216
0.043651
0.043703
0.042383
0.042257
0.043092
0.042108
0.042581
0.044277
0.042794
0.041532
0.043755
0.044209
0.044577
0.042982
0.044281
0.040197
0.042582
0.045108
0.043743
0.044169
0.042739
0.043469
0.044402
0.044689
0.046671
0.046363
0.049207
0.048283
0.046833
0.047294
0.047462
0.049357
0.049601
0.051532
0.048629
0.049432
0.046978
0.048995
0.051600
0.050238
0.048247
0.047195
0.046561
0.046249
0.046545
0.046526
0.046809
0.048052
0.046950
0.048643
0.049268
0.046532
0.047643
0.049064
0.049899
0.048556
0.047263
0.048523
0.047805
0.047632
0.047806
0.048632
0.047463
0.047154
0.045884
0.043849
0.044937
0.046567
0.047789
0.044276
0.044143
0.043518
0.042502
0.043243
0.042698
0.043475
0.043728
0.042440
0.042908
0.042075
0.043166
0.044192
0.045015
0.044383
0.045210
0.043967
0.042217
0.043507
0.043870
0.042854
0.043134
0.045170
0.043904
0.045139
0.043706
0.044044
0.046296
0.047240
0.046762
0.045666
0.045883
0.043965
0.042723
0.042598
0.043558
0.043359
0.043207
0.045790
0.045723
0.045160
0.044731
0.044607
0.046020
0.046563
0.045702
0.045535
0.044205
0.045949
0.046569
0.045626
0.044309
0.046103
0.047094
0.046188
0.046974
0.048123
0.046333
0.044564
0.046169
0.046317
0.046931
0.046361
0.046612
0.045865
0.044279
0.045080
0.045843
0.044704
0.046465
0.045117
0.045402
0.044749
0.043904
0.046312
0.046837
0.047066
0.044906
0.047933
0.046327
0.045920
0.047983
0.047516
0.047209
0.046468
0.045125
0.044478
0.044841
0.045267
0.049084
0.048560
0.048000
0.045748
0.046463
0.046328
0.045378
0.046126
0.046694
0.046275
0.047260
0.046367
0.047169
0.047226
0.045841
0.044480
0.045607
0.044499
0.044775
0.044089
0.044960
0.043924
0.047184
0.047026
0.045433
0.049318
0.046405
0.047749
0.047729
0.048177
0.047045
0.047568
0.046533
0.045328
0.045144
0.045874
0.044837
0.044680
0.045060
0.042666
0.043776
0.044865
0.044435
0.044498
0.043716
0.044648
0.042594
0.043246
0.043469
0.043108
0.044444
0.043877
0.044196
0.046543
0.046095
0.048533
0.048308
0.046072
0.046333
0.047676
0.047731
0.046932
0.047370
0.046872
0.046252
0.047090
0.046859
0.047159
0.046523
0.045662
0.044854
0.046235
0.047521
0.045227
0.045596
0.045163
0.045682
0.045161
0.046286
0.045299
0.045005
0.044645
0.045201
0.047594
0.045258
0.046223
0.046046
0.046017
0.042976
0.044131
0.045473
0.045212
0.045789
0.043283
0.045653
0.045528
0.044497
0.046016
0.045951
0.045575
0.044665
0.046738
0.043132
0.045161
0.044721
0.045445
0.047752
0.045916
0.046856
0.046365
0.045694
0.047100
0.045497
0.046077
0.045607
0.046648
0.044932
0.045357
0.045544
0.047041
0.048859
0.046626
0.048279
0.048259
0.047272
0.050369
0.047629
0.048279
0.046572
0.048153
0.046494
0.045784
0.046321
0.047974
0.050879
0.047070
0.046248
0.047415
0.044510
0.047480
0.050188
0.050303
0.047435
0.046366
0.047253
0.045631
0.046920
0.046126
0.047326
0.046067
0.045142
0.047298
0.043831
0.044076
0.043619
0.044673
0.042989
0.045903
0.044111
0.044783
0.046904
0.046042
0.047229
0.047204
0.046795
0.045774
0.047321
0.046148
0.047548
0.048766
0.048648
0.047698
0.047410
0.044514
0.045630
0.046475
0.044481
0.045010
0.047429
0.045615
0.044229
0.043935
0.044640
0.046701
0.045580
0.043651
0.043706
0.045557
0.045347
0.042691
0.044744
0.042427
0.044381
0.044794
0.047072
0.049228
0.047577
0.049069
0.047800
0.047375
0.048794
0.047906
0.048735
0.044827
0.046447
0.044989
0.042993
0.042953
0.042989
0.042127
0.042087
0.044884
0.044562
0.043145
0.043454
0.044535
0.045636
0.046635
0.048082
0.048743
0.047937
0.049284
0.048564
0.049280
0.047017
0.046295
0.046981
0.049617
0.048294
0.049565
0.049330
0.050892
0.050619
0.050159
0.051779
0.051587
0.050585
0.051435
0.049668
0.049989
0.049884
0.049454
0.049393
0.047320
0.049336
0.048588
0.049501
0.050508
0.049142
0.047696
0.046838
0.049706
0.047973
0.047674
0.046356
0.047518
0.048875
0.047925
0.047767
0.048069
0.047436
0.048258
0.049024
0.047975
0.047128
0.048661
0.047665
0.050008
0.049176
0.049845
0.049948
0.051362
0.051445
0.050338
0.048832
0.049618
0.050043
0.049705
0.047381
0.048151
0.047544
0.050133
0.048394
0.047385
0.046959
0.048287
0.045575
0.046064
0.046503
0.047655
0.047152
0.047922
0.048219
0.051590
0.049138
0.049497
0.047550
0.047770
0.048010
0.050469
0.049325
0.047746
0.050988
0.049836
0.049231
0.048365
0.050056
0.053185
0.051116
0.050505
0.049584
0.052297
0.050134
0.049111
0.048219
0.048509
0.048160
0.045516
0.046675
0.046560
0.046770
0.047634
0.049229
0.051835
0.049349
0.051621
0.050074
0.049804
0.050952
0.049476
0.051145
0.050978
0.053195
0.052132
0.050364
0.050629
0.049461
0.052248
0.049357
0.049217
0.049100
0.048460
0.050345
0.050043
0.050873
0.050083
0.050204
0.050305
0.049062
0.050829
0.050121
0.051241
0.050038
0.053486
0.050288
0.053503
0.054511
0.052953
0.055130
0.052771
0.051894
0.049649
0.051327
0.051892
0.051151
0.051569
0.049998
0.049127
0.048554
0.048555
0.049515
0.048724
0.049111
0.046652
0.048257
0.046764
0.044792
0.047192
0.048519
0.050756
0.050207
0.050311
0.049604
0.048329
0.049312
0.048233
0.048222
0.047109
0.047570
0.049375
0.045956
0.048636
0.047521
0.049277
0.048539
0.047566
0.045896
0.045951
0.048592
0.048626
0.049672
0.046838
0.047599
0.050448
0.048299
0.051639
0.051206
0.051341
0.049278
0.051221
0.047914
0.048435
0.046418
0.047691
0.048506
0.048999
0.047179
0.048459
0.047456
0.045798
0.047348
0.046935
0.046573
0.047576
0.044696
0.044421
0.045398
0.045195
0.047311
0.048142
0.048772
0.046790
0.044015
0.045964
0.045581
0.046255
0.044967
0.047805
0.048107
0.046554
0.049440
0.049315
0.050009
0.047475
0.048885
0.046567
0.046852
0.047396
0.046480
0.046834
0.046061
0.044111
0.044845
0.044506
0.046468
0.045900
0.047385
0.046623
0.048642
0.045926
0.043139
0.044604
0.046664
0.047393
0.047242
0.046484
0.044614
0.045326
0.046124
0.045482
0.048293
0.047398
0.049285
0.046734
0.049010
0.048070
0.046720
0.047422
0.048519
0.048900
0.050840
0.050615
0.051274
0.049961
0.050903
0.051110
0.051021
0.050156
0.049189
0.049689
0.049332
0.050682
0.051634
0.051812
0.050298
0.050025
0.050543
0.049054
0.048755
0.047583
0.047764
0.047876
0.047617
0.049387
0.047901
0.048563
0.048449
0.047183
0.046921
0.045993
0.047262
0.046100
0.047469
0.046315
0.048498
0.047030
0.044604
0.046757
0.046702
0.047783
0.048384
0.047963
0.047458
0.047804
0.047745
0.049121
0.048749
0.046604
0.047096
0.048856
0.049520
0.048808
0.048711
0.049311
0.048506
0.046123
0.047398
0.048087
0.048814
0.049480
0.050099
0.049647
0.049452
0.048151
0.048890
0.049869
0.047047
0.049814
0.047629
0.046955
0.047271
0.046111
0.045858
0.046236
0.048897
0.048492
0.048684
0.047558
0.047942
0.047738
0.045707
0.048081
0.046410
0.047932
0.045566
0.044912
0.045547
0.045918
0.045685
0.043213
0.043662
0.043750
0.046341
0.047368
0.046657
0.047579
0.046132
0.046595
0.045736
0.045770
0.046860
0.047614
0.048460
0.047265
0.048179
0.047790
0.047927
0.046125
0.044481
0.048634
0.047412
0.049272
0.047471
0.047749
0.048422
0.047253
0.048010
0.047018
0.050778
0.049806
0.047112
0.047057
0.045942
0.049545
0.048106
0.049548
0.047551
0.045944
0.047846
0.047718
0.046677
0.046249
0.046173
0.045204
0.045200
0.047563
0.046977
0.045980
0.044434
0.043874
0.046162
0.047384
0.045222
0.045367
0.046575
0.044247
0.045918
0.046760
0.045442
0.046842
0.046360
0.048875
0.048977
0.047557
0.048700
0.048445
0.046835
0.046845
0.046360
0.046295
0.047683
0.047725
0.047126
0.047517
0.049551
0.047599
0.046244
0.046559
0.045989
0.046268
0.049592
0.050955
0.049081
0.049437
0.048928
0.047142
0.044735
0.047227
0.044328
0.046048
0.045684
0.045218
0.044656
0.044723
0.046282
0.046386
0.046226
0.046008
0.046214
0.047355
0.045770
0.045470
0.047270
0.047832
0.046988
0.048449
0.047922
0.047418
0.048652
0.048294
0.049351
0.050047
0.048433
0.046339
0.046437
0.046187
0.045608
0.045807
0.046652
0.047948
0.046796
0.048281
0.045198
0.044584
0.046210
0.045339
0.046185
0.045167
0.044028
0.044340
0.043145
0.043245
0.042566
0.043542
0.043264
0.042132
0.043049
0.044078
0.045789
0.043837
0.043347
0.042976
0.043531
0.045878
0.044131
0.044452
0.043108
0.045606
0.046446
0.046637
0.046775
0.045621
0.046575
0.045851
0.045067
0.046140
0.046983
0.045476
0.047603
0.047801
0.046169
0.044978
0.044274
0.045173
0.044606
0.045955
0.046074
0.045113
0.046673
0.045678
0.046548
0.046150
0.046662
0.046003
0.044214
0.045799
0.043855
0.047132
0.048203
0.046969
0.048005
0.048246
0.050377
0.049681
0.050143
0.049828
0.049386
0.049262
0.047638
0.047153
0.047084
0.048253
0.047512
0.047563
0.048920
0.048936
0.047646
0.046005
0.045102
0.045691
0.047896
0.049009
0.048060
0.049236
0.046835
0.045835
0.045484
0.046070
0.046653
0.046530
0.047188
0.045056
0.044801
0.046562
0.046188
0.046773
0.047132
0.045590
0.045671
0.046156
0.046366
0.046485
0.049980
0.047002
0.046996
0.046927
0.046307
0.049114
0.045336
0.047903
0.047173
0.047100
0.045309
0.047312
0.047448
0.048308
0.046502
0.046276
0.048721
0.046814
0.044167
0.044788
0.046230
0.046952
0.045159
0.045991
0.044035
0.045408
0.044370
0.046267
0.045955
0.044187
0.044067
0.042875
0.042702
0.043232
0.044454
0.043286
0.043939
0.045210
0.046378
0.046493
0.046873
0.048107
0.046634
0.047280
0.047616
0.045992
0.046838
0.048605
0.046805
0.046730
0.045330
0.044738
0.045076
0.045561
0.046826
0.045899
0.045539
0.046497
0.046106
0.045343
0.046193
0.045070
0.047364
0.045672
0.045877
0.045178
0.046346
0.045017
0.046900
0.044846
0.046875
0.046860
0.048399
0.047100
0.042900
0.046391
0.045344
0.045187
0.046267
0.048154
0.045449
0.044976
0.044694
0.045264
0.045364
0.045624
0.047105
0.047266
0.046543
0.046889
0.045269
0.046812
0.046754
0.045528
0.046817
0.047704
0.046885
0.047469
0.047440
0.047362
0.046758
0.046717
0.044816
0.046167
0.046930
0.046698
0.045656
0.045381
0.044237
0.043517
0.045384
0.045981
0.047067
0.047483
0.046396
0.046383
0.044047
0.047236
0.045636
0.047014
0.047209
0.046121
0.044570
0.046376
0.046538
0.045373
0.047689
0.047044
0.045790
0.048356
0.047646
0.047724
0.047338
0.048410
0.047800
0.047747
0.046161
0.044257
0.047085
0.044873
0.044861
0.046863
0.046064
0.045674
0.045515
0.044660
0.044701
0.047329
0.045400
0.045476
0.044976
0.045904
0.045544
0.045314
0.046050
0.044623
0.045696
0.044254
0.045734
0.045700
0.046228
0.045348
0.045633
0.048033
0.046969
0.045957
0.046089
0.046959
0.047542
0.046680
0.045035
0.046814
0.048059
0.047210
0.046719
0.045236
0.044824
0.046479
0.047814
0.045060
0.046763
0.045312
0.045796
0.045265
0.046277
0.043793
0.044037
0.044244
0.045015
0.045060
0.045410
0.045382
0.044576
0.045337
0.046753
0.045158
0.046136
0.043294
0.045650
0.046757
0.044894
0.047275
0.048294
0.047949
0.045198
0.044423
0.045858
0.045979
0.043124
0.043213
0.044058
0.043277
0.042413
0.044914
0.043459
0.044420
0.043234
0.046027
0.047060
0.044639
0.045473
0.043432
0.045180
0.046053
0.046269
0.043808
0.045242
0.041479
0.047017
0.044426
0.044943
0.047213
0.045905
0.045504
0.047233
0.044988
0.045447
0.045449
0.045544
0.045713
0.044917
0.045179
0.045905
0.047908
0.045246
0.046535
0.049004
0.047748
0.045510
0.044993
0.046917
0.046938
0.046534
0.045626
0.045693
0.041437
0.040719
0.043026
0.044261
0.044226
0.043982
0.044202
0.044467
0.043111
0.043825
0.045416
0.044856
0.044488
0.045225
0.045922
0.046042
0.046180
0.045250
0.046863
0.048997
0.047371
0.046372
0.046034
0.047053
0.047259
0.047147
0.045826
0.046329
0.046205
0.047297
0.046914
0.044825
0.046331
0.046589
0.046794
0.044613
0.044202
0.045188
0.045556
0.046389
0.047750
0.047335
0.047548
0.045134
0.047297
0.046711
0.046925
0.046877
0.046368
0.049100
0.044847
0.046816
0.047910
0.048889
0.047215
0.047292
0.045470
0.046577
0.047022
0.046476
0.046278
0.044814
0.045557
0.044328
0.044693
0.046181
0.046643
0.047089
0.046499
0.046956
0.046317
0.045690
0.044537
0.045100
0.044326
0.044766
0.045685
0.045557
0.046264
0.045467
0.043946
0.044517
0.043303
0.044830
0.043470
0.044964
0.045714
0.046488
0.046888
0.045141
0.046687
0.046025
0.046806
0.047171
0.047253
0.048742
0.049147
0.047282
0.045635
0.047115
0.046058
0.047082
0.046451
0.046245
0.048239
0.049137
0.048406
0.049526
0.047435
0.049966
0.047879
0.047520
0.047398
0.045366
0.044194
0.045507
0.046895
0.048609
0.049476
0.048002
0.048777
0.049354
0.049689
0.048065
0.047577
0.048544
0.049562
0.049630
0.051098
0.049374
0.050697
0.049769
0.049949
0.050438
0.047073
0.051538
0.050871
0.052617
0.051981
0.050610
0.051302
0.049250
0.048666
0.048318
0.049920
0.049733
0.050151
0.050016
0.050073
0.049774
0.049250
0.049289
0.050753
0.047466
0.046570
0.045707
0.045189
0.047091
0.047131
0.044415
0.047720
0.046234
0.045357
0.046128
0.046699
0.048038
0.047976
0.048380
0.047214
0.047096
0.049948
0.049500
0.052886
0.049629
0.048114
0.047052
0.046962
0.050759
0.050493
0.051146
0.048732
0.047805
0.049170
0.050411
0.048937
0.048549
0.050397
0.047923
0.048026
0.046111
0.045771
0.045904
0.046474
0.045858
0.046586
0.047546
0.046964
0.045643
0.048003
0.045688
0.049236
0.049488
0.051866
0.051123
0.048043
0.050940
0.047534
0.048513
0.050304
0.049403
0.046714
0.045785
0.047805
0.046671
0.046742
0.047202
0.046293
0.045985
0.047412
0.048624
0.048290
0.048636
0.048621
0.046801
0.047233
0.048604
0.047908
0.046404
0.047401
0.047037
0.049002
0.047094
0.046902
0.045158
0.044769
0.043735
0.044770
0.044947
0.044950
0.045039
0.045318
0.046426
0.047159
0.046984
0.046677
0.047860
0.046786
0.048329
0.048178
0.047059
0.046809
0.046023
0.046274
0.045988
0.044545
0.045476
0.046268
0.042759
0.044700
0.045453
0.040357
0.043247
0.044111
0.043437
0.043392
0.044872
0.042412
0.044581
0.046980
0.046335
0.047587
0.047048
0.045802
0.047239
0.045935
0.047159
0.045872
0.046314
0.046110
0.045868
0.045836
0.047127
0.045741
0.046776
0.047207
0.045876
0.045814
0.044057
0.043913
0.046666
0.046747
0.047832
0.046375
0.047935
0.047313
0.047499
0.047731
0.048523
0.048863
0.046935
0.047721
0.048725
0.047277
0.049866
0.047867
0.048352
0.049354
0.049026
0.048229
0.047556
0.048308
0.048394
0.047095
0.045558
0.046759
0.047050
0.045445
0.046019
0.046701
0.046433
0.045975
0.047743
0.047242
0.048233
0.048306
0.045924
0.049337
0.047315
0.049072
0.047434
0.047256
0.048557
0.048009
0.048439
0.049256
0.047011
0.045909
0.046498
0.046952
0.048058
0.050281
0.049257
0.049056
0.048363
0.047174
0.049052
0.048473
0.048936
0.046572
0.046408
0.046739
0.044963
0.045614
0.045535
0.046781
0.046565
0.046251
0.044404
0.043731
0.046472
0.045480
0.045411
0.044573
0.045600
0.044088
0.045952
0.045710
0.045257
0.045916
0.045102
0.046932
0.044692
0.045615
0.049178
0.047597
0.047881
0.048252
0.047305
0.046681
0.048169
0.047485
0.047903
0.047043
0.048344
0.048748
0.046041
0.047230
0.045307
0.045679
0.046570
0.044764
0.045585
0.044583
0.044319
0.044864
0.045509
0.044812
0.046185
0.045504
0.046446
0.045963
0.043910
0.045957
0.045586
0.045243
0.047114
0.044930
0.045156
0.044317
0.044612
0.045474
0.045092
0.045044
0.043849
0.044240
0.043916
0.042625
0.045498
0.042855
0.048149
0.045652
0.045697
0.044663
0.044110
0.044473
0.043700
0.043573
0.044719
0.045677
0.046172
0.045906
0.047894
0.046371
0.044995
0.045964
0.046199
0.046238
0.044690
0.044834
0.044894
0.044667
0.045583
0.046256
0.048037
0.048064
0.050615
0.048747
0.050512
0.050319
0.051924
0.052350
0.053875
0.050747
0.047983
0.049463
0.047473
0.049266
0.050737
0.048290
0.051214
0.049795
0.048447
0.046367
0.046844
0.046440
0.043366
0.045922
0.045682
0.046058
0.046585
0.046253
0.044627
0.044904
0.045063
0.044084
0.041638
0.041997
0.043449
0.043991
0.045834
0.046746
0.046338
0.043894
0.045841
0.045574
0.045530
0.045828
0.044914
0.045317
0.044701
0.044979
0.044403
0.047498
0.046063
0.046697
0.047043
0.047603
0.048191
0.048745
0.050350
0.048162
0.050778
0.049043
0.048761
0.047858
0.049889
0.049884
0.049445
0.049248
0.047287
0.046042
0.046559
0.047034
0.047900
0.046843
0.047271
0.046676
0.045810
0.043505
0.042588
0.043525
0.044876
0.046466
0.047555
0.048045
0.046523
0.046840
0.047983
0.046929
0.048143
0.047185
0.047050
0.045959
0.044465
0.044498
0.044530
0.045757
0.046812
0.046269
0.044117
0.044804
0.044337
0.043081
0.044797
0.045154
0.046182
0.043822
0.045425
0.044284
0.046492
0.045020
0.046053
0.044984
0.045229
0.044134
0.043968
0.044604
0.045448
0.045755
0.045914
0.046590
0.045840
0.047154
0.044631
0.045437
0.045635
0.047769
0.046249
0.047153
0.047276
0.047264
0.047381
0.046404
0.044466
0.043978
0.044401
0.045369
0.045599
0.047676
0.046620
0.044316
0.041631
0.040848
0.042946
0.045158
0.045810
0.045016
0.046510
0.044895
0.044909
0.045667
0.044755
0.046889
0.044241
0.047221
0.047358
0.046281
0.048406
0.047736
0.046433
0.046747
0.048909
0.049614
0.049917
0.049520
0.047714
0.050503
0.048757
0.050533
0.051817
0.047769
0.051621
0.050191
0.050048
0.049059
0.050994
0.049744
0.049485
0.049861
0.048649
0.049468
0.046524
0.046125
0.046705
0.048136
0.046707
0.047384
0.047831
0.048954
0.046837
0.044478
0.044241
0.045161
0.044582
0.045449
0.044000
0.043634
0.042214
0.043298
0.044297
0.043909
0.045933
0.045821
0.045676
0.044000
0.044450
0.044566
0.044806
0.043483
0.045446
0.045234
0.044397
0.045606
0.045931
0.044364
0.046799
0.046531
0.046138
0.047014
0.047490
0.047797
0.046459
0.047646
0.045926
0.048591
0.046559
0.047391
0.047508
0.048226
0.049048
0.047473
0.049879
0.049692
0.049731
0.049926
0.049894
0.050444
0.050219
0.049859
0.051264
0.051523
0.053023
0.052123
0.050766
0.048906
0.049752
0.048194
0.048993
0.048129
0.048204
0.047493
0.049608
0.046892
0.045748
0.045948
0.045913
0.046957
0.048955
0.048766
0.052079
0.049791
0.048474
0.051890
0.050623
0.050897
0.049355
0.047182
0.047413
0.047326
0.048789
0.048876
0.049088
0.047741
0.047316
0.048675
0.048141
0.049877
0.049006
0.051032
0.048414
0.048691
0.047626
0.047294
0.045508
0.046532
0.046623
0.046366
0.046387
0.047839
0.047983
0.049915
0.047124
0.050342
0.046624
0.049541
0.046705
0.045681
0.046240
0.045630
0.045083
0.046483
0.046195
0.048600
0.048304
0.047615
0.046922
0.048836
0.049689
0.048765
0.046752
0.045419
0.047276
0.048838
0.047627
0.048242
0.046047
0.043589
0.045196
0.045904
0.048675
0.046636
0.046720
0.048042
0.045635
0.047170
0.046350
0.047384
0.047819
0.046249
0.046013
0.047207
0.047997
0.046649
0.045790
0.045746
0.045663
0.044538
0.047082
0.044880
0.045310
0.044580
0.046131
0.047022
0.046077
0.042633
0.044746
0.044185
0.043860
0.044616
0.043943
0.045519
0.046094
0.046791
0.045292
0.044896
0.046812
0.046437
0.048241
0.047585
0.048184
0.046698
0.045054
0.047393
0.045544
0.047574
0.047168
0.047286
0.047002
0.049858
0.049402
0.048919
0.049143
0.049614
0.049740
0.049721
0.049283
0.051551
0.049804
0.053630
0.051587
0.049351
0.050738
0.049849
0.049705
0.047021
0.049217
0.048352
0.047100
0.048464
0.047855
0.046565
0.046758
0.044706
0.044232
0.043962
0.045230
0.046481
0.046822
0.046657
0.047604
0.045380
0.046339
0.048886
0.046821
0.047277
0.046199
0.044452
0.044448
0.042921
0.045067
0.045734
0.047765
0.045526
0.043885
0.045742
0.043337
0.045277
0.045034
0.045372
0.045045
0.044758
0.046978
0.049417
0.048313
0.048336
0.048213
0.046264
0.049046
0.047811
0.049117
0.047874
0.047461
0.050127
0.048581
0.051861
0.053089
0.051693
0.050725
0.050401
0.050553
0.050729
0.051424
0.048823
0.049257
0.050744
0.048824
0.050701
0.049853
0.048137
0.050283
0.050875
0.049678
0.050070
0.050357
0.049247
0.050031
0.048990
0.049264
0.051070
0.049719
0.050892
0.047640
0.048852
0.048374
0.047135
0.049782
0.048548
0.046734
0.047942
0.047078
0.047311
0.047062
0.049303
0.047489
0.048811
0.048264
0.047250
0.043509
0.044494
0.047658
0.044450
0.045156
0.045415
0.047235
0.047438
0.045937
0.046784
0.048025
0.048971
0.046719
0.048239
0.048110
0.044348
0.048002
0.045811
0.047218
0.045598
0.045962
0.045769
0.045559
0.046469
0.047334
0.046663
0.047697
0.048524
0.047629
0.046643
0.045739
0.046103
0.046064
0.046060
0.044393
0.043785
0.045610
0.044328
0.045501
0.047325
0.044212
0.043473
0.043879
0.044859
0.046907
0.046810
0.047260
0.048485
0.047510
0.047688
0.047454
0.048534
0.047072
0.046759
0.046847
0.047505
0.046113
0.046194
0.043987
0.044347
0.045702
0.045523
0.042980
0.044696
0.044473
0.045304
0.044763
0.046797
0.045946
0.047440
0.047964
0.048401
0.048026
0.047151
0.050601
0.049575
0.045748
0.044283
0.044394
0.047580
0.046839
0.048011
0.047798
0.048268
0.048334
0.047094
0.049326
0.050748
0.050245
0.048140
0.047820
0.045043
0.045305
0.046268
0.045497
0.045351
0.046257
0.045612
0.045848
0.043762
0.044550
0.043927
0.046832
0.045355
0.045858
0.046638
0.045048
0.045440
0.046036
0.044915
0.044862
0.045092
0.044559
0.043821
0.045845
0.046115
0.047064
0.045708
0.047760
0.046993
0.047021
0.047905
0.048729
0.049313
0.047713
0.048852
0.047326
0.046507
0.047512
0.047240
0.047389
0.047130
0.048268
0.048293
0.049356
0.050229
0.049465
0.049596
0.046263
0.047611
0.045376
0.044979
0.045454
0.047551
0.047632
0.044272
0.047015
0.045833
0.044592
0.044509
0.043448
0.044920
0.044323
0.045387
0.046779
0.044441
0.043965
0.043338
0.045231
0.043942
0.045111
0.044775
0.045447
0.043582
0.044743
0.046775
0.046337
0.046677
0.046501
0.047802
0.049118
0.048745
0.049257
0.047844
0.048538
0.048518
0.048395
0.047139
0.044889
0.047552
0.047576
0.046629
0.047914
0.047356
0.047641
0.046714
0.049100
0.050317
0.048327
0.048488
0.047980
0.048905
0.046161
0.046989
0.047043
0.046186
0.048695
0.047238
0.048548
0.048486
0.047795
0.047617
0.048175
0.047361
0.045234
0.047277
0.047721
0.049049
0.046829
0.047017
0.047332
0.044113
0.046213
0.048329
0.048551
0.046720
0.047599
0.044509
0.046570
0.047033
0.046049
0.045407
0.046576
0.045566
0.043242
0.044876
0.044837
0.045953
0.045226
0.046051
0.046548
0.047604
0.045477
0.046877
0.047126
0.048213
0.047537
0.046879
0.047238
0.047043
0.047095
0.047768
0.048875
0.047312
0.048879
0.047194
0.044130
0.046608
0.047662
0.047998
0.045848
0.047872
0.046020
0.045381
0.049765
0.048515
0.048446
0.047099
0.047377
0.044903
0.047161
0.047822
0.046748
0.046782
0.046966
0.049812
0.047871
0.046570
0.047369
0.045764
0.047722
0.048259
0.047664
0.047092
0.047716
0.048822
0.050792
0.050653
0.049456
0.049436
0.049322
0.051653
0.051885
0.052128
0.052847
0.053046
0.051531
0.049640
0.051691
0.051168
0.050016
0.049556
0.048631
0.047293
0.048787
0.047926
0.047783
0.047416
0.047950
0.046212
0.046520
0.045304
0.042623
0.043741
0.043565
0.044035
0.043924
0.045025
0.047561
0.046246
0.046301
0.046565
0.047050
0.047562
0.047278
0.047744
0.048356
0.049136
0.049041
0.048662
0.048989
0.050993
0.046649
0.045955
0.044596
0.045061
0.046511
0.046193
0.048611
0.045970
0.047138
0.046074
0.046615
0.046819
0.045480
0.046767
0.045009
0.045923
0.044707
0.045729
0.046339
0.045347
0.045249
0.046100
0.046342
0.045714
0.045931
0.047612
0.045821
0.046000
0.047095
0.044768
0.046099
0.044161
0.044333
0.044260
0.045542
0.044010
0.043378
0.043718
0.044772
0.044610
0.043448
0.045381
0.045899
0.045202
0.046732
0.046426
0.048998
0.047571
0.047316
0.047791
0.045878
0.047189
0.045426
0.046206
0.047664
0.048096
0.045123
0.045790
0.047152
0.046819
0.047298
0.044777
0.045605
0.047327
0.047037
0.048241
0.045995
0.046838
0.046899
0.051407
0.049865
0.050740
0.049319
0.051043
0.051890
0.051491
0.050113
0.049730
0.051237
0.049512
0.049949
0.051954
0.049433
0.047434
0.046778
0.048224
0.047956
0.046378
0.047502
0.046801
0.049124
0.047634
0.047132
0.047559
0.047503
0.048240
0.047149
0.046509
0.046548
0.047522
0.048613
0.049254
0.048472
0.046760
0.048689
0.047300
0.049582
0.048596
0.049762
0.048636
0.050664
0.050071
0.051179
0.051489
0.051625
0.049787
0.052900
0.052039
0.055440
0.051015
0.049781
0.051395
0.050961
0.051446
0.051549
0.052367
0.050811
0.048232
0.051767
0.048422
0.049114
0.048137
0.046057
0.045995
0.047339
0.047614
0.045980
0.047299
0.045725
0.046014
0.045758
0.044474
0.047510
0.046890
0.045771
0.044458
0.046520
0.045541
0.045396
0.046650
0.045752
0.047888
0.047795
0.048423
0.048288
0.044499
0.048466
0.050893
0.050400
0.048560
0.048748
0.049872
0.049311
0.049185
0.048349
0.049097
0.048530
0.048414
0.048293
0.046590
0.048656
0.048849
0.048619
0.046951
0.047190
0.046670
0.047261
0.049060
0.046161
0.048404
0.045854
0.044764
0.043781
0.044306
0.046444
0.047765
0.047257
0.046379
0.045658
0.047868
0.045184
0.047174
0.046818
0.046810
0.048882
0.050492
0.047662
0.047296
0.046877
0.046107
0.045981
0.045425
0.045657
0.044262
0.046119
0.048891
0.047968
0.049647
0.048624
0.047899
0.049258
0.047334
0.049362
0.049687
0.049889
0.047614
0.046222
0.047852
0.047770
0.048569
0.047840
0.046407
0.047381
0.046108
0.046414
0.044645
0.045970
0.046740
0.047447
0.046293
0.048635
0.046073
0.046922
0.045343
0.045684
0.044566
0.045359
0.044622
0.045586
0.045003
0.044983
0.044516
0.044359
0.045287
0.045555
0.044080
0.044771
0.047111
0.044894
0.045892
0.044341
0.045068
0.046056
0.044926
0.044269
0.043804
0.047165
0.047749
0.048609
