1.000000
0.982062
0.948228
0.938202
0.939834
0.918214
0.946098
0.907045
0.913116
0.890594
0.872862
0.894505
0.858515
0.876192
0.843936
0.855859
0.846256
0.821650
0.825073
0.828082
0.818484
0.776009
0.768329
0.755147
0.753874
0.762531
0.760943
0.775312
0.759378
0.752688
0.730793
0.722520
0.725880
0.727656
0.735446
0.712210
0.725450
0.712875
0.700914
0.705739
0.681841
0.691926
0.661974
0.659233
0.636908
0.628342
0.640720
0.624028
0.652713
0.643727
0.652652
0.617210
0.633060
0.625099
0.615707
0.633444
0.613789
0.631264
0.612521
0.599030
0.612685
0.594347
0.604694
0.580899
0.596062
0.570310
0.554518
0.556108
0.551729
0.587258
0.559944
0.563592
0.568800
0.560101
0.561967
0.557079
0.575850
0.548596
0.539568
0.546286
0.538086
0.544983
0.536319
0.557236
0.551770
0.553479
0.535950
0.522317
0.531481
0.533270
0.530356
0.528876
0.525137
0.510722
0.499162
0.517950
0.506984
0.516238
0.499007
0.502006
0.504198
0.498676
0.505136
0.495846
0.500766
0.500032
0.499932
0.472490
0.451514
0.469264
0.469441
0.490033
0.471482
0.477428
0.463812
0.456751
0.465598
0.460281
0.465498
0.459997
0.464780
0.454142
0.445548
0.441923
0.433116
0.458625
0.443263
0.443368
0.434018
0.429820
0.439517
0.435888
0.436576
0.419793
0.411591
0.405770
0.400410
0.401817
0.408107
0.412372
0.406923
0.410717
0.402442
0.395743
0.402775
0.399765
0.402978
0.398460
0.391426
0.389755
0.383561
0.387655
0.380699
0.386796
0.376638
0.375207
0.367593
0.361080
0.357591
0.361857
0.366160
0.364203
0.364368
0.360645
0.349970
0.354482
0.346774
0.356643
0.344107
0.348814
0.333201
0.324219
0.331821
0.331078
0.331981
0.327836
0.325839
0.310062
0.308005
0.317504
0.307946
0.313213
0.302357
0.296477
0.299106
0.293209
0.290210
0.290879
0.289282
0.276012
0.275731
0.256833
0.255632
0.255473
0.255767
0.253532
0.239923
0.236593
0.216883
0.212924
0.217192
0.212692
0.208458
0.201829
0.197928
0.188738
0.188169
0.193039
0.183158
0.189101
0.181457
0.178477
0.178123
0.172790
0.174010
0.169681
0.174113
0.172900
0.170374
0.159699
0.161374
0.163178
0.163138
0.162050
0.165294
0.160156
0.151008
0.152435
0.152491
0.147784
0.148111
0.143869
0.141997
0.138162
0.136738
0.131113
0.129698
0.125212
0.130496
0.126783
0.120562
0.123061
0.119860
0.117996
0.120751
0.120881
0.118284
0.121534
0.113886
0.117097
0.116620
0.117201
0.116117
0.115273
0.110728
0.112548
0.111906
0.111773
0.115795
0.107961
0.109819
0.104303
0.103196
0.107094
0.102642
0.104613
0.105867
0.101985
0.101539
0.103003
0.103736
0.103138
0.104636
0.100369
0.099439
0.097903
0.091846
0.095664
0.091950
0.096226
0.091105
0.093374
0.094540
0.087306
0.094189
0.096367
0.097596
0.091818
0.095454
0.093733
0.092914
0.096807
0.091251
0.095047
0.091181
0.093755
0.091137
0.092331
0.090753
0.090669
0.090890
0.090184
0.086883
0.086007
0.085553
0.086158
0.087029
0.087008
0.085618
0.088611
0.081504
0.079250
0.081320
0.082989
0.080546
0.081930
0.078750
0.080336
0.076907
0.077941
0.072073
0.074840
0.073054
0.075133
0.072094
0.074501
0.072676
0.071461
0.068996
0.071529
0.070518
0.065536
0.067481
0.065651
0.070931
0.071202
0.072387
0.072580
0.070924
0.072623
0.071488
0.072121
0.073727
0.071368
0.080547
0.078964
0.080652
0.077096
0.079733
0.077929
0.077315
0.072577
0.075223
0.075223
0.074766
0.073333
0.077494
0.073748
0.075167
0.074105
0.072606
0.073193
0.070249
0.073669
0.071920
0.073709
0.072778
0.071332
0.072135
0.066202
0.068608
0.072034
0.072151
0.070652
0.071174
0.071262
0.071486
0.075955
0.074059
0.073606
0.071563
0.070222
0.068614
0.071793
0.074610
0.072278
0.075072
0.075418
0.072345
0.076502
0.071443
0.075981
0.074443
0.074850
0.072093
0.071835
0.070819
0.069862
0.071333
0.067976
0.070860
0.066751
0.065205
0.065510
0.066118
0.068414
0.067876
0.067372
0.067198
0.068457
0.068154
0.067506
0.068067
0.068021
0.066516
0.070105
0.072825
0.066818
0.068724
0.073985
0.072262
0.071233
0.070489
0.067982
0.072415
0.068754
0.070758
0.065692
0.073268
0.069062
0.067898
0.071917
0.069373
0.072767
0.070326
0.072356
0.070615
0.069573
0.072517
0.072120
0.074946
0.070567
0.070525
0.070999
0.074702
0.070576
0.074387
0.071994
0.070453
0.070057
0.068208
0.068490
0.066004
0.066280
0.068067
0.067710
0.066620
0.062762
0.061821
0.060494
0.061870
0.062395
0.064548
0.065854
0.064656
0.065314
0.067329
0.067298
0.066914
0.064402
0.062938
0.061556
0.067055
0.063344
0.064629
0.060376
0.065592
0.065860
0.064238
0.064153
0.063319
0.063791
0.065132
0.068302
0.069072
0.067685
0.066551
0.065156
0.063443
0.066781
0.063819
0.067772
0.064799
0.065220
0.064741
0.063732
0.066314
0.065372
0.064776
0.065422
0.063622
0.065636
0.067268
0.068011
0.067949
0.064852
0.069621
0.066502
0.069354
0.069483
0.069803
0.069158
0.070695
0.067572
0.062315
0.067155
0.069336
0.067471
0.065972
0.066718
0.063133
0.061332
0.065600
0.060002
0.066111
0.061842
0.063209
0.063349
0.065235
0.062818
0.060502
0.060795
0.060010
0.063004
0.060434
0.063390
0.061624
0.058339
0.060667
0.060704
0.065901
0.061809
0.061678
0.064918
0.060957
0.058690
0.058249
0.058019
0.059942
0.060232
0.062568
0.060484
0.063044
0.061587
0.064028
0.061779
0.062981
0.065361
0.065247
0.066072
0.070944
0.066279
0.066512
0.066238
0.071936
0.067772
0.069059
0.068631
0.069653
0.066054
0.071428
0.071336
0.072566
0.070355
0.070984
0.070146
0.065911
0.067605
0.067672
0.067236
0.072571
0.072318
0.070941
0.067848
0.067268
0.072056
0.066437
0.068626
0.065381
0.070305
0.068160
0.062820
0.061584
0.063683
0.064910
0.064415
0.067248
0.064272
0.062511
0.060863
0.061465
0.059226
0.059462
0.064460
0.063478
0.062617
0.064434
0.062597
0.062860
0.061895
0.062172
0.061811
0.060015
0.062447
0.064338
0.064616
0.062853
0.060395
0.058939
0.059903
0.062502
0.060961
0.064924
0.060719
0.065253
0.060559
0.060746
0.061525
0.064371
0.064518
0.059557
0.063712
0.061256
0.060866
0.061783
0.059182
0.059909
0.058788
0.060745
0.059139
0.057165
0.060238
0.055720
0.054463
0.060463
0.058242
0.056749
0.056843
0.058868
0.055753
0.060375
0.059966
0.060744
0.056887
0.059834
0.060834
0.059759
0.060326
0.057786
0.058638
0.061149
0.057389
0.062645
0.064739
0.062463
0.061504
0.062563
0.060634
0.057487
0.066043
0.061773
0.060686
0.059497
0.058186
0.058929
0.061224
0.059867
0.059456
0.061483
0.062322
0.059782
0.061633
0.062558
0.067354
0.061835
0.064790
0.061949
0.062853
0.064559
0.062657
0.060514
0.061591
0.064100
0.061161
0.063143
0.068285
0.064510
0.064340
0.066062
0.065050
0.064502
0.064797
0.062259
0.064156
0.066397
0.067171
0.066677
0.070237
0.067706
0.065810
0.063720
0.066587
0.063764
0.068594
0.064350
0.063262
0.065100
0.063387
0.067917
0.066681
0.066243
0.064482
0.063091
0.062110
0.065218
0.065005
0.062365
0.064863
0.064053
0.062656
0.057241
0.063401
0.059481
0.060253
0.063892
0.057365
0.060658
0.062403
0.057962
0.058215
0.061308
0.059812
0.062344
0.060760
0.058536
0.059833
0.057880
0.058390
0.057294
0.055975
0.056053
0.061179
0.056895
0.063045
0.061956
0.061531
0.059431
0.055412
0.053022
0.058504
0.061544
0.064489
0.062877
0.062498
0.063333
0.062625
0.061228
0.062619
0.062271
0.063177
0.059044
0.063672
0.063655
0.061657
0.065597
0.062205
0.064024
0.063556
0.063516
0.063553
0.060509
0.063937
0.064906
0.062631
0.063409
0.063474
0.063402
0.061095
0.059264
0.061550
0.062550
0.063973
0.064512
0.059778
0.060087
0.059505
0.062224
0.059251
0.057739
0.060068
0.058904
0.059125
0.058977
0.059042
0.058244
0.059677
0.057483
0.057879
0.057448
0.053643
0.059778
0.058658
0.061140
0.055457
0.056966
0.062193
0.062233
0.057902
0.058088
0.058706
0.058251
0.059116
0.062987
0.065450
0.061196
0.060526
0.063756
0.061631
0.061879
0.061823
0.061322
0.060798
0.064157
0.062790
0.063760
0.062395
0.061462
0.057678
0.053534
0.057731
0.058483
0.054884
0.055838
0.059299
0.054888
0.053831
0.055522
0.055823
0.055962
0.056981
0.056317
0.056817
0.058350
0.055539
0.056199
0.058294
0.057538
0.056932
0.056561
0.058541
0.059075
0.059448
0.059709
0.059695
0.063590
0.060726
0.057044
0.054639
0.056287
0.054607
0.056330
0.060426
0.055601
0.054298
0.053335
0.049061
0.057697
0.053248
0.055994
0.054404
0.056552
0.060589
0.059490
0.063063
0.062196
0.062401
0.060754
0.058902
0.059912
0.059041
0.058654
0.058611
0.053866
0.058870
0.059591
0.055736
0.055110
0.058610
0.058260
0.057295
0.058845
0.057691
0.059766
0.062343
0.059338
0.061722
0.065857
0.062758
0.064815
0.064073
0.061345
0.063563
0.061962
0.062865
0.057550
0.058037
0.065326
0.063078
0.063941
0.064569
0.065834
0.061501
0.061570
0.064820
0.063460
0.063658
0.062796
0.061533
0.065471
0.062981
0.067698
0.065692
0.062556
0.063627
0.066128
0.064420
0.065575
0.065316
0.063985
0.067098
0.063537
0.060716
0.065650
0.060134
0.062784
0.060753
0.061345
0.057896
0.059084
0.058181
0.058351
0.056953
0.055310
0.056292
0.057645
0.059073
0.057446
0.057074
0.060957
0.060402
0.061644
0.060572
0.060703
0.063422
0.062717
0.061598
0.061439
0.061746
0.058247
0.059694
0.059216
0.060644
0.062625
0.062371
0.058647
0.057503
0.060874
0.058596
0.057828
0.057615
0.056959
0.058900
0.055702
0.056720
0.058527
0.060528
0.059299
0.057021
0.059681
0.055880
0.057186
0.056211
0.059233
0.057549
0.058884
0.056422
0.056189
0.056569
0.055725
0.054803
0.057486
0.054049
0.060025
0.052985
0.052596
0.055524
0.055710
0.055433
0.053386
0.053942
0.053659
0.050058
0.055387
0.053845
0.054106
0.052246
0.052463
0.053489
0.054816
0.055909
0.057378
0.060147
0.057055
0.055322
0.054735
0.055395
0.053695
0.051027
0.055306
0.053159
0.055275
0.054017
0.053704
0.053736
0.052956
0.049555
0.053637
0.053924
0.052421
0.050557
0.053780
0.054764
0.053952
0.056035
0.053170
0.054465
0.058735
0.057342
0.058603
0.060813
0.055158
0.056793
0.054834
0.050904
0.054397
0.056495
0.055337
0.055504
0.057773
0.055456
0.052774
0.054113
0.052433
0.056505
0.055906
0.052410
0.055950
0.057134
0.060617
0.056180
0.054377
0.058027
0.062037
0.057108
0.053696
0.056052
0.057284
0.059398
0.057728
0.053840
0.054650
0.052968
0.052356
0.050457
0.049894
0.057380
0.055595
0.054249
0.054514
0.051848
0.054907
0.057576
0.053314
0.056582
0.055547
0.053079
0.052920
0.049851
0.051574
0.051297
0.047251
0.046065
0.048755
0.050109
0.050602
0.049624
0.050052
0.050504
0.049102
0.054202
0.052349
0.049904
0.051560
0.051692
0.050542
0.053311
0.052750
0.052404
0.052147
0.053650
0.052226
0.054478
0.050604
0.049265
0.054196
0.053699
0.056380
0.056061
0.055151
0.052102
0.057830
0.057051
0.057228
0.056817
0.059506
0.056390
0.056033
0.055696
0.058180
0.054943
0.052122
0.055619
0.055703
0.056243
0.053530
0.054537
0.053554
0.053344
0.053440
0.054727
0.056659
0.056069
0.056014
0.056571
0.054905
0.057890
0.052247
0.054441
0.059164
0.056969
0.059957
0.059844
0.057397
0.059061
0.051451
0.058101
0.057868
0.059472
0.058311
0.053826
0.054677
0.053368
0.056767
0.055350
0.055625
0.057463
0.054600
0.052432
0.051313
0.051553
0.055180
0.054607
0.058045
0.057982
0.055735
0.054070
0.052876
0.055366
0.052025
0.052828
0.054988
0.056684
0.053332
0.056319
0.057065
0.056048
0.053163
0.057233
0.056574
0.058555
0.058462
0.057789
0.055089
0.057422
0.054844
0.058341
0.059206
0.055405
0.057843
0.058509
0.059132
0.059152
0.057189
0.052419
0.055581
0.052460
0.052007
0.050829
0.048403
0.048898
0.047945
0.050254
0.048344
0.047659
0.049184
0.052202
0.052003
0.048644
0.049850
0.049010
0.047716
0.050347
0.046188
0.050192
0.049997
0.049282
0.050471
0.051825
0.053288
0.051699
0.052826
0.052954
0.049574
0.051945
0.053837
0.055165
0.057665
0.060891
0.059419
0.060101
0.061236
0.056704
0.058421
0.057334
0.057959
0.053016
0.056587
0.056351
0.053710
0.058250
0.054612
0.056294
0.052720
0.054552
0.056039
0.052719
0.057293
0.053165
0.054077
0.054449
0.055637
0.052103
0.054791
0.054640
0.059062
0.056897
0.055915
0.053464
0.054105
0.056458
0.057595
0.054756
0.054456
0.054588
0.054105
0.051391
0.051348
0.052738
0.051328
0.050080
0.049445
0.050045
0.052081
0.050183
0.052788
0.052280
0.052076
0.052892
0.053365
0.057605
0.058835
0.058995
0.057588
0.057234
0.054900
0.056793
0.054121
0.053203
0.053971
0.052877
0.055098
0.053954
0.055613
0.059304
0.057258
0.057126
0.057893
0.058190
0.057210
0.056950
0.058142
0.053422
0.055518
0.055709
0.052917
0.052344
0.054443
0.050869
0.051862
0.053172
0.052675
0.050257
0.055022
0.055711
0.057379
0.053989
0.058011
0.059242
0.058595
0.056152
0.056921
0.056087
0.055065
0.057515
0.053876
0.054375
0.053559
0.054651
0.058967
0.056031
0.057323
0.053643
0.053091
0.052568
0.055069
0.050971
0.054253
0.057748
0.056000
0.057565
0.053519
0.053348
0.057664
0.059236
0.058504
0.059334
0.060981
0.059965
0.058982
0.058416
0.056611
0.060259
0.057468
0.058583
0.053421
0.055263
0.054654
0.054312
0.054653
0.055537
0.050562
0.051993
0.052670
0.058098
0.059751
0.055006
0.054081
0.060161
0.057260
0.054278
0.052853
0.053556
0.056552
0.054374
0.057170
0.052705
0.053952
0.052663
0.053248
0.054346
0.054336
0.051930
0.058239
0.058405
0.052979
0.055788
0.057231
0.054849
0.055961
0.054482
0.051119
0.052557
0.048772
0.051305
0.051052
0.051576
0.047052
0.048932
0.052722
0.053830
0.051788
0.052343
0.051150
0.052946
0.052745
0.050705
0.051762
0.050545
0.051705
0.053562
0.051188
0.054590
0.052005
0.051575
0.056626
0.056663
0.055243
0.057113
0.052704
0.057470
0.056268
0.059613
0.057799
0.054876
0.054958
0.050898
0.053737
0.054638
0.054638
0.050934
0.052541
0.051436
0.049315
0.049472
0.052721
0.048958
0.055454
0.052280
0.056521
0.053051
0.056223
0.055742
0.058771
0.056959
0.056322
0.054051
0.053455
0.049889
0.053588
0.054968
0.054841
0.058940
0.051415
0.054483
0.057784
0.057043
0.055876
0.060545
0.056010
0.055358
0.051397
0.053637
0.052729
0.051284
0.054140
0.053505
0.053896
0.055645
0.057360
0.057768
0.053463
0.049860
0.053988
0.052136
0.049297
0.051104
0.054664
0.055531
0.053623
0.055078
0.051279
0.050563
0.052743
0.050180
0.049603
0.052654
0.057044
0.052364
0.054396
0.052492
0.052621
0.052996
0.055296
0.055382
0.060704
0.053326
0.059802
0.060336
0.055734
0.054584
0.058891
0.056572
0.053605
0.052121
0.049656
0.050830
0.047685
0.051424
0.048696
0.049064
0.049888
0.047013
0.049337
0.048257
0.053286
0.047390
0.049482
0.052700
0.051695
0.050797
0.050644
0.050960
0.050034
0.046531
0.050683
0.050971
0.046545
0.047653
0.047622
0.048440
0.051420
0.046715
0.047000
0.051139
0.047810
0.049564
0.051162
0.047843
0.049442
0.052621
0.055236
0.054126
0.057232
0.050199
0.049221
0.052245
0.050848
0.053313
0.053917
0.052426
0.055171
0.052211
0.054280
0.052481
0.054773
0.056237
0.055487
0.053219
0.053520
0.051050
0.052932
0.053175
0.051744
0.056073
0.053115
0.055099
0.053281
0.055824
0.057556
0.057382
0.060999
0.055309
0.056891
0.058495
0.060329
0.064942
0.061925
0.064073
0.064868
0.060336
0.061385
0.059911
0.060397
0.057631
0.058619
0.057578
0.059945
0.056745
0.061391
0.057513
0.056235
0.055645
0.058742
0.062266
0.060789
0.057746
0.054130
0.055393
0.054865
0.056123
0.058644
0.059432
0.056827
0.059637
0.061364
0.058272
0.059005
0.057378
0.060522
0.056347
0.057969
0.055731
0.058598
0.056537
0.055045
0.059266
0.058438
0.054757
0.050692
0.054328
0.054171
0.056765
0.054484
0.054459
0.057065
0.052459
0.055297
0.052780
0.056285
0.058030
0.054893
0.058274
0.057078
0.057942
0.059517
0.058850
0.059204
0.058759
0.054186
0.056985
0.055699
0.058612
0.058117
0.058677
0.058185
0.054741
0.050970
0.052823
0.056306
0.055423
0.057519
0.057245
0.062152
0.056675
0.061832
0.057883
0.057428
0.062235
0.062128
0.062439
0.058831
0.059636
0.057505
0.061206
0.060188
0.064226
0.059761
0.062888
0.063620
0.062455
0.066026
0.062544
0.060737
0.058492
0.057904
0.060000
0.061755
0.059619
0.062846
0.063151
0.056737
0.056566
0.054885
0.055096
0.057895
0.053816
0.054764
0.057055
0.058902
0.059953
0.057737
0.057729
0.058334
0.055061
0.055646
0.055887
0.056229
0.057193
0.054016
0.052819
0.056433
0.055657
0.058267
0.059717
0.053719
0.055526
0.055689
0.054084
0.057671
0.056661
0.056240
0.058713
0.052839
0.054975
0.055861
0.058198
0.056819
0.055132
0.052845
0.049788
0.049570
0.052152
0.052964
0.048590
0.052503
0.049636
0.054121
0.053401
0.052535
0.054388
0.059238
0.056188
0.053692
0.055139
0.048413
0.050550
0.055310
0.053231
0.052214
0.048384
0.048874
0.050007
0.051713
0.054642
0.051765
0.055239
0.049546
0.053174
0.054504
0.055351
0.052383
0.056276
0.055303
0.053578
0.053068
0.049984
0.050029
0.051370
0.049863
0.052169
0.050350
0.050730
0.050918
0.053514
0.053977
0.055603
0.057673
0.054408
0.054378
0.053454
0.052069
0.050847
0.052438
0.054679
0.057164
0.055678
0.058033
0.058960
0.058817
0.056384
0.054818
0.052095
0.055654
0.056581
0.056521
0.054492
0.056170
0.052722
0.055152
0.055232
0.056820
0.052470
0.052555
0.051804
0.055400
0.051365
0.051497
0.053999
0.053091
0.058425
0.057271
0.052797
0.051376
0.051017
0.056053
0.053243
0.053486
0.049687
0.049367
0.053749
0.052605
0.052185
0.052059
0.057831
0.056090
0.052887
0.052752
0.049378
0.052868
0.054802
0.056020
0.058722
0.059426
0.059010
0.057563
0.060521
0.059282
0.060506
0.060304
0.059510
0.054108
0.053593
0.056171
0.053963
0.053030
0.054043
0.052747
0.052395
0.050349
0.052802
0.055558
0.054852
0.050671
0.052961
0.055749
0.054045
0.055778
0.054194
0.053871
0.053089
0.059211
0.056551
0.054593
0.054655
0.051929
0.055307
0.051582
0.054923
0.053291
0.055153
0.054673
0.053403
0.055580
0.056474
0.056356
0.053684
0.052510
0.050461
0.050723
0.050483
0.054300
0.054585
0.052441
0.049591
0.056054
0.054243
0.053702
0.052232
0.056360
0.050342
0.055359
0.058571
0.053797
0.055563
0.057396
0.057825
0.057472
0.058085
0.053553
0.049894
0.052998
0.054021
0.055845
0.051200
0.055198
0.057948
0.057111
0.052227
0.053773
0.057282
0.052725
0.053261
0.055198
0.059726
0.061067
0.060016
0.053806
0.054724
0.056426
0.056494
0.051530
0.054146
0.055309
0.052045
0.054932
0.057349
0.058305
0.058416
0.059888
0.054989
0.056998
0.053671
0.055463
0.054148
0.049944
0.054003
0.054878
0.059048
0.058463
0.056350
0.062734
0.057476
0.058681
0.056315
0.059564
0.059840
0.058258
0.060722
0.055647
0.055838
0.055358
0.056707
0.060999
0.058209
0.064251
0.061457
0.057679
0.057100
0.060522
0.059659
0.057613
0.059920
0.059114
0.062793
0.058849
0.058835
0.055457
0.050385
0.059560
0.058084
0.054662
0.054117
0.054270
0.054171
0.055214
0.052320
0.054127
0.050127
0.053204
0.052817
0.052741
0.053903
0.054783
0.054534
0.054665
0.054807
0.054318
0.056808
0.055486
0.056444
0.058013
0.055497
0.058208
0.050431
0.048678
0.051155
0.051186
0.052682
0.049232
0.052903
0.052125
0.050332
0.052706
0.055833
0.052829
0.052011
0.054237
0.051871
0.052900
0.050202
0.053159
0.051525
0.050051
0.051772
0.055567
0.052839
0.055560
0.051272
0.053370
0.055304
0.054228
0.051426
0.050791
0.050278
0.047116
0.052347
0.055659
0.054678
0.053116
0.054288
0.051141
0.054237
0.054951
0.056537
0.052525
0.056692
0.052703
0.053313
0.052980
0.056126
0.056884
0.057200
0.057310
0.058291
0.057555
0.058156
0.058956
0.058983
0.057309
0.056488
0.055077
0.055676
0.054188
0.052453
0.052376
0.052926
0.053768
0.050689
0.054691
0.051622
0.053417
0.053597
0.053726
0.054156
0.054698
0.049479
0.052073
0.052530
0.051779
0.051140
0.052618
0.055235
0.052552
0.053791
0.053304
0.053940
0.049551
0.051914
0.051596
0.050564
0.052239
0.052126
0.049524
0.055307
0.054263
0.052112
0.053445
0.053636
0.052386
0.052077
0.051166
0.052604
0.050147
0.051480
0.052976
0.050435
0.051691
0.052650
0.051349
0.051454
0.049214
0.056112
0.055279
0.055571
0.058500
0.055336
0.055208
0.052799
0.057433
0.056693
0.054861
0.053610
0.057888
0.058440
0.056855
0.054801
0.058521
0.059014
0.062999
0.052808
0.057663
0.058856
0.057575
0.059130
0.058946
0.057929
0.057411
0.055350
0.054331
0.053626
0.058270
0.054244
0.056556
0.052354
0.051643
0.054916
0.055587
0.051960
0.051073
0.051532
0.052997
0.054942
0.056031
0.053601
0.052840
0.055446
0.055307
0.054184
0.050775
0.051361
0.056958
0.054671
0.061158
0.059529
0.054825
0.055077
0.060985
0.061033
0.061119
0.057836
0.058091
0.057960
0.056381
0.058465
0.058614
0.053401
0.056367
0.057953
0.061378
0.058375
0.056822
0.058798
0.053478
0.054508
0.054649
0.050711
0.051123
0.052804
0.052395
0.055092
0.051658
0.055573
0.054757
0.056721
0.054933
0.052239
0.052997
0.056859
0.057406
0.058696
0.054211
0.057715
0.053769
0.055037
0.059385
0.052467
0.054048
0.051706
0.053246
0.052344
0.052795
0.051988
0.051155
0.051513
0.054265
0.056710
0.056305
0.061164
0.062191
0.060940
0.057966
0.054593
0.058864
0.056586
0.055445
0.056033
0.053599
0.051724
0.054788
0.054936
0.057124
0.055772
0.055177
0.049738
0.052752
0.055110
0.051972
0.054102
0.054049
0.053473
0.053541
0.054505
0.054688
0.052319
0.051299
0.054376
0.056323
0.051699
0.058250
0.058095
0.055666
0.055950
0.056202
0.051690
0.057506
0.056713
0.054398
0.056406
0.056885
0.056270
0.054734
0.058797
0.054185
0.056697
0.055258
0.058925
0.059875
0.053806
0.054905
0.060848
0.059778
0.059184
0.058538
0.054400
0.055321
0.053100
0.059525
0.057211
0.055608
0.059847
0.055352
0.056289
0.053115
0.054018
0.055280
0.056985
0.056803
0.057174
0.056367
0.057734
0.056254
0.061409
0.056349
0.059457
0.056456
0.057236
0.053196
0.060395
0.056462
0.056483
0.057851
0.055624
0.055997
0.052894
0.055046
0.057038
0.056012
0.062271
0.059861
0.056854
0.057638
0.054883
0.053547
0.054077
0.056613
0.057890
0.059265
0.054923
0.055994
0.057118
0.060575
0.057901
0.057725
0.058334
0.057030
0.061742
0.058301
0.055999
0.058063
0.052921
0.057919
0.059037
0.056145
0.054193
0.055159
0.060123
0.058481
0.058800
0.058982
0.056487
0.055065
0.058921
0.053890
0.055497
0.057910
0.052842
0.057948
0.056122
0.057686
0.052947
0.057017
0.056403
0.054333
0.059526
0.057940
0.057918
0.057984
0.059233
0.056130
0.057730
0.057171
0.056925
0.053854
0.054002
0.056676
0.056625
0.054647
0.058176
0.054995
0.053290
0.056305
0.050604
0.053846
0.053683
0.049715
0.050293
0.049978
0.048915
0.050047
0.052757
0.048964
0.051551
0.050872
0.048149
0.049582
0.047194
0.051473
0.055807
0.051910
0.051142
0.055367
0.052756
0.050765
0.049773
0.049615
0.051382
0.048348
0.053022
0.054047
0.056589
0.059276
0.054754
0.057606
0.055421
0.054513
0.057814
0.053714
0.052475
0.057482
0.058090
0.057957
0.055357
0.054663
0.055252
0.052645
0.055263
0.051093
0.056609
0.056444
0.056404
0.054682
0.052118
0.046308
0.048544
0.047391
0.047911
0.047885
0.049674
0.050013
0.052071
0.050429
0.051152
0.047587
0.053312
0.052139
0.050823
0.050403
0.049145
0.053385
0.049879
0.051214
0.048807
0.054205
0.054910
0.051748
0.052150
0.051197
0.050278
0.054554
0.055799
0.056632
0.055057
0.055538
0.054029
0.056798
0.053799
0.053725
0.055442
0.055127
0.055925
0.059836
0.058074
0.059417
0.057723
0.057337
0.058244
0.054044
0.054940
0.059578
0.057391
0.056732
0.056844
0.058719
0.050523
0.055061
0.052340
0.053069
0.049164
0.051562
0.054404
0.052754
0.053650
0.050506
0.047521
0.049970
0.048626
0.049957
0.051997
0.049429
0.048741
0.049666
0.053842
0.054706
0.054055
0.051471
0.054660
0.053369
0.049340
0.051642
0.056177
0.055527
0.057688
0.055258
0.060296
0.059692
0.058261
0.058370
0.059149
0.055100
0.058114
0.059584
0.060337
0.060520
0.054814
0.056290
0.058405
0.059674
0.055921
0.055667
0.059887
0.057748
0.058550
0.058510
0.058061
0.055718
0.057920
0.053420
0.054319
0.054158
0.053558
0.051823
0.057244
0.058764
0.054382
0.055116
0.056500
0.059576
0.053434
0.056457
0.059952
0.059201
0.055030
0.060348
0.057419
0.057442
0.059104
0.055828
0.058347
0.056896
0.053229
0.053698
0.049642
0.051613
0.054272
0.053091
0.054117
0.053009
0.056808
0.057515
0.052727
0.050670
0.059927
0.056054
0.055217
0.052688
0.052964
0.051113
0.056900
0.053414
0.054740
0.056166
0.057886
0.054973
0.053578
0.054032
0.055134
0.051099
0.054128
0.050000
0.056601
0.055953
0.054107
0.053460
0.054112
0.052341
0.054306
0.054683
0.054125
0.052712
0.051703
0.049321
0.051936
0.053771
0.050197
0.050786
0.052539
0.055782
0.053974
0.053893
0.056728
0.052421
0.056121
0.055127
0.058018
0.056071
0.056943
0.055538
0.054946
0.051659
0.056294
0.055538
0.053372
0.053072
0.055358
0.053001
0.057583
0.060145
0.060419
0.057996
0.057915
0.055501
0.057136
0.059795
0.057093
0.060996
0.062155
0.060430
0.058973
0.056827
0.055685
0.061523
0.062805
0.063033
0.062613
0.062061
0.060380
0.059166
0.062803
0.060666
0.058587
0.057535
0.057869
0.056672
0.058116
0.054135
0.057135
0.060890
0.059332
0.058513
0.057900
0.057242
0.053105
0.058519
0.055587
0.054271
0.052240
0.054760
0.056679
0.052486
0.058135
0.053849
0.056415
0.057385
0.052180
0.052269
0.054463
0.055307
0.055615
0.051984
0.054240
0.060905
0.060203
0.056044
0.054488
0.056056
0.057157
0.056438
0.060628
0.055308
0.058437
0.061496
0.060568
0.062016
0.060547
0.060118
0.067311
0.056515
0.058679
0.056816
0.058940
0.057844
0.055164
0.055259
0.056695
0.059142
0.056826
0.058342
0.056789
0.058756
0.056777
0.054531
0.056586
0.054816
0.055015
0.054870
0.054765
0.058093
0.056389
0.057816
0.055789
0.055191
0.055198
0.055334
0.054238
0.054993
0.054749
0.052898
0.050815
0.052374
0.059033
0.058520
0.056344
0.052690
0.056733
0.054035
0.049637
0.053951
0.053116
0.058028
0.056449
0.054770
0.056249
0.056746
0.054957
0.054414
0.051007
0.054488
0.051759
0.054064
0.055835
0.048936
0.053365
0.057385
0.051069
0.052270
0.052839
0.054297
0.052097
0.052420
0.048653
0.051006
0.052581
0.049205
0.051631
0.051152
0.054777
0.051684
0.053085
0.051905
0.052664
0.049818
0.048879
0.051810
0.053312
0.053538
0.052296
0.058188
0.055346
0.060248
0.061525
0.058725
0.054694
0.053161
0.059120
0.059162
0.056254
0.058815
0.058899
0.059900
0.055572
0.053847
0.057186
0.057934
0.058276
0.055117
0.057697
0.053815
0.051589
0.055848
0.053553
0.055856
0.055541
0.058487
0.057301
0.056183
0.053091
0.057718
0.056185
0.059279
0.058338
0.055142
0.057993
0.057690
0.054424
0.057630
0.060943
0.061876
0.061130
0.060650
0.065084
0.061599
0.060816
0.062496
0.062780
0.060604
0.055109
0.058629
0.054160
0.058806
0.062419
0.062571
0.058400
0.056997
0.056409
0.061016
0.057185
0.049906
0.055374
0.057390
0.054226
0.058128
0.057098
0.061641
0.057262
0.054684
0.052254
0.054679
0.053057
0.053464
0.053807
0.052820
0.056684
0.053242
0.058268
0.059771
0.059992
0.065040
0.063323
0.060313
0.061431
0.063271
0.062086
0.063077
0.060203
0.061363
0.065290
0.065467
0.063763
0.060210
0.057737
0.060149
0.061107
0.060080
0.062034
0.060631
0.059862
0.065019
0.061986
0.064256
0.064181
0.064977
0.062233
0.061718
0.061045
0.060638
0.058701
0.062641
0.062315
0.059833
0.058635
0.056416
0.061985
0.060626
0.062133
0.061576
0.060700
0.062988
0.062004
0.061586
0.058717
0.059184
0.057509
0.065371
0.058755
0.057829
0.054742
0.057095
0.059296
0.058628
0.055582
0.055331
0.054448
0.058178
0.057954
0.055404
0.056072
0.056800
0.054100
0.053721
0.054190
0.050685
0.054195
0.054258
0.054916
0.052276
0.055087
0.054865
0.053961
0.056614
0.057277
0.056089
0.058834
0.053038
0.052777
0.058598
0.054630
0.056084
0.057051
0.053274
0.052047
0.056738
0.055981
0.059467
0.060587
0.057206
0.056428
0.056098
0.054566
0.058096
0.058574
0.060905
0.059704
0.058955
0.062640
0.060724
0.062631
0.059933
0.060645
0.061351
0.062334
0.062048
0.063263
0.062037
0.059341
0.062044
0.062687
0.062921
0.059040
0.068320
0.062024
0.064263
0.063791
0.061952
0.061174
0.059309
0.058524
0.055964
0.059835
0.059463
0.058807
0.059862
0.054348
0.058801
0.063903
0.062136
0.060407
0.056821
0.056401
0.055783
0.056595
0.055394
0.054528
0.056908
0.061214
0.056246
0.056762
0.062103
0.059227
0.057566
0.060299
0.059774
0.057549
0.055814
0.057587
0.058288
0.056629
0.057527
0.057198
0.055963
0.057719
0.059716
0.056337
0.060810
0.058764
0.057707
0.058368
0.055052
0.055209
0.055584
0.057798
0.054702
0.055761
0.055831
0.056942
0.055320
0.059294
0.057898
0.060746
0.056673
0.054370
0.057605
0.057493
0.056549
0.057869
0.059276
0.055536
0.058595
0.057601
0.055399
0.058747
0.062353
0.064249
0.061189
0.061628
0.059393
0.062331
0.058062
0.058807
0.057947
0.060944
0.057676
0.055359
0.058292
0.060602
0.060936
0.060839
0.059080
0.057540
0.053736
0.056846
0.058359
0.057711
0.056274
0.056918
0.048572
0.054565
0.056999
0.051167
0.053922
0.055201
0.056428
0.055522
0.056407
0.055884
0.057223
0.053984
0.054494
0.059275
0.053213
0.056941
0.057162
0.056847
0.060191
0.055609
0.058175
0.057158
0.056677
0.055004
0.051579
0.057856
0.055169
0.051371
0.053765
0.050760
0.053207
0.053623
0.053784
0.054310
0.055110
0.054728
0.053482
0.053662
0.056607
0.061561
0.055917
0.057993
0.053549
0.056934
0.055147
0.055946
0.056654
0.058857
0.054154
0.056005
0.058906
0.058245
0.057708
0.055664
0.059134
0.056832
0.056715
0.060819
0.060887
0.060948
0.058692
0.059586
0.055116
0.055648
0.055594
0.056519
0.056211
0.060110
0.057492
0.055042
0.060697
0.057472
0.058920
0.059138
0.060363
0.061683
0.063392
0.061411
0.059838
0.059847
0.059421
0.062149
0.061830
0.059338
0.059610
0.058464
0.061729
0.061495
0.056612
0.062186
0.060407
0.060712
0.057394
0.058230
0.059144
0.062706
0.061266
0.060829
0.067477
0.063232
0.062073
0.064037
0.068965
0.063468
0.063891
0.059928
0.061520
0.059714
0.063290
0.060162
0.061417
0.059808
0.056448
0.058744
0.056132
0.065083
0.065087
0.057095
0.060353
0.064961
0.062647
0.060041
0.061589
0.062617
0.060177
0.057802
0.059072
0.058939
0.059541
0.058898
0.059204
0.061482
0.059389
0.058547
0.061298
0.055869
0.063722
0.061007
0.054402
0.056595
0.057392
0.058237
0.059988
0.060200
0.062012
0.056283
0.060535
0.063141
0.058299
0.057502
0.056968
0.056175
0.055413
0.055169
0.052451
0.057565
0.058712
0.052256
0.054186
0.058952
0.054230
0.054920
0.050619
0.056345
0.054458
0.055176
0.057317
0.058554
0.060437
0.056210
0.058084
0.059268
0.059396
0.059778
0.056491
0.059289
0.056453
0.059647
0.053832
0.056887
0.058368
0.055891
0.055703
0.053648
0.060382
0.060891
0.058256
0.056977
0.057250
0.061756
0.059708
0.059879
0.056541
0.059421
0.058509
0.055290
0.054156
0.056940
0.058750
0.055290
0.060837
0.060676
0.061181
0.054524
0.059491
0.057075
0.061031
0.057390
0.061875
0.058160
0.055750
0.055951
0.058065
0.060140
0.056430
0.057234
0.055544
0.055171
0.060670
0.057336
0.060147
0.057475
0.060653
0.056122
0.056142
0.055685
0.058284
0.054422
0.059301
0.055823
0.056824
0.056448
0.054334
0.050854
0.049800
0.051589
0.054247
0.054365
0.055506
0.053513
0.056349
0.051923
0.055589
0.055318
0.056268
0.053644
0.055175
0.052473
0.055033
0.057746
0.053170
0.055999
0.058562
0.059561
0.054547
0.058723
0.059331
0.053667
0.052279
0.053284
0.052785
0.052436
0.052472
0.051602
0.055591
0.054566
0.051209
0.055033
0.057539
0.053576
0.052658
0.059454
0.052531
0.060728
0.057364
0.059679
0.057280
0.062004
0.056641
0.058444
0.057759
0.055981
0.056419
0.052184
0.055407
0.053402
0.048524
0.052670
0.049037
0.051760
0.051185
0.055997
0.058927
0.058443
0.058185
0.061032
0.060550
0.059718
0.058912
0.059679
0.057903
0.059130
0.060862
0.061863
0.061307
0.057263
0.055496
0.058410
0.054912
0.052993
0.058657
0.055552
0.055993
0.055908
0.054068
0.052279
0.052723
0.056544
0.055763
0.056567
0.053825
0.053502
0.054331
0.054629
0.057389
0.055017
0.058074
0.055910
0.053034
0.053927
0.054440
0.050931
0.050993
0.050819
0.050124
0.056414
0.055814
0.057499
0.057366
0.055176
0.056292
0.059737
0.059992
0.056924
0.057278
0.058535
0.055005
0.059546
0.056693
0.056328
0.058615
0.059834
0.058874
0.056235
0.057054
0.055171
0.059163
0.060280
0.058460
0.062080
0.061473
0.062158
0.062094
0.058542
0.061316
0.060594
0.064714
0.060841
0.060633
0.061657
0.060500
0.062559
0.058737
0.062584
0.061164
0.064011
0.065001
0.060166
0.055902
0.058509
0.059055
0.061280
0.062046
0.059715
0.052993
0.053577
0.057844
0.056170
0.055961
0.058738
0.062199
0.057347
0.056643
0.057205
0.058835
0.055348
0.056101
0.052745
0.054315
0.053014
0.053543
0.053829
0.052450
0.054265
0.050023
0.052535
0.051087
0.054304
0.057513
0.057769
0.056868
0.054436
0.055894
0.054247
0.054326
0.056490
0.057882
0.057176
0.053187
0.055599
0.053075
0.054402
0.056716
0.059594
0.059510
0.058864
0.056378
0.058175
0.059873
0.064303
0.063354
0.062088
0.062955
0.061688
0.061027
0.057558
0.055025
0.053265
0.058820
0.051493
0.057185
0.058684
0.056042
0.055745
0.056911
0.054822
0.052390
0.056014
0.057720
0.059383
0.057592
0.056868
0.055244
0.055186
0.059197
0.054510
0.057195
0.056778
0.057278
0.057669
0.056863
0.059020
0.058635
0.056379
0.060854
0.062496
0.061927
0.056994
0.058876
0.059062
0.054798
0.054888
0.053519
0.054486
0.054336
0.050517
0.051998
0.050240
0.052445
0.055419
0.057007
0.059759
0.055192
0.056432
0.060164
0.061012
0.059265
0.058120
0.053740
0.059091
0.058656
0.055722
0.059877
0.054037
0.055902
0.053315
0.055226
0.056752
0.054632
0.057732
0.053635
0.052541
0.057002
0.056057
0.054389
0.059095
0.058229
0.054793
0.050712
0.056357
0.049293
0.049517
0.055846
0.051856
0.050125
0.051274
0.050552
0.052268
0.053978
0.050841
0.054932
0.049442
0.054745
0.053033
0.050538
0.054773
0.050746
0.054686
0.054291
0.054904
0.058199
0.057189
0.054472
0.051122
0.055321
0.054772
0.057842
0.055422
0.053927
0.052077
0.054334
0.058963
0.054059
0.056048
0.052937
0.053844
0.051298
0.052678
0.048328
0.048778
0.046905
0.046934
0.048574
0.048493
0.050710
0.051527
0.055425
0.051726
0.049044
0.048014
0.051988
0.049177
0.052559
0.050170
0.055460
0.052339
0.054223
0.048319
0.050031
0.049437
0.051006
0.052990
0.052108
0.052030
0.047567
0.050205
0.053618
0.055669
0.054007
0.051337
0.051094
0.053317
0.049813
0.055751
0.054042
0.056654
0.055162
0.053198
0.052829
0.050055
0.047938
0.045212
0.052683
0.051806
0.054233
0.050115
0.050023
0.053023
0.049920
0.050674
0.052738
0.049426
0.051663
0.048560
0.050202
0.055269
0.053099
0.055673
0.053645
0.056331
0.056493
0.057976
0.059064
0.059797
0.053609
0.055211
0.054409
0.057582
0.055402
0.051633
0.055636
0.053074
0.061231
0.056138
0.052588
0.051035
0.051742
0.056082
0.055764
0.055501
0.056992
0.054619
0.055048
0.058803
0.057144
0.056323
0.054841
0.056340
0.050529
0.053346
0.050626
0.052872
0.053225
0.052982
0.053109
0.052761
0.052946
0.052495
0.055237
0.051036
0.050900
0.049448
0.051735
0.053001
0.054881
0.054052
0.055670
0.054102
0.051394
0.052087
0.058348
0.052416
0.057467
0.057075
0.056894
0.054752
0.056682
0.049602
0.050632
0.051860
0.052624
0.051170
0.055714
0.054116
0.051822
0.054175
0.055143
0.050963
0.057296
0.054205
0.052470
0.056653
0.057818
0.060185
0.058170
0.056890
0.055099
0.057422
0.062099
0.061156
0.059984
0.057732
0.059353
0.059967
0.057894
0.063992
0.059319
0.064240
0.059992
0.058636
0.059118
0.057766
0.052409
0.057011
0.055038
0.054720
0.052966
0.052590
0.051988
0.051060
0.048820
0.054316
0.052871
0.058393
0.052418
0.058266
0.055844
0.058259
0.058103
0.058254
0.061762
0.058435
0.056097
0.049835
0.050169
0.053523
0.051773
0.049833
0.050874
0.053875
0.056885
0.052686
0.058754
0.055555
0.052582
0.052890
0.052234
0.056199
0.055483
0.055567
0.051096
0.052695
0.051586
0.058655
0.057329
0.057360
0.058153
0.059747
0.055300
0.054894
0.053084
0.058089
0.056844
0.057637
0.058933
0.055682
0.058606
0.055061
0.057526
0.054473
0.053058
0.055827
0.056803
0.058232
0.060998
0.059738
0.058307
0.055467
0.058014
0.058579
0.055224
0.056280
0.056042
0.057763
0.056470
0.055024
0.059149
0.058050
0.056822
0.054464
0.053221
0.058455
0.051084
0.057472
0.056841
0.057113
0.054209
0.057933
0.057368
0.061025
0.057875
0.054775
0.058604
0.055934
0.059260
0.057232
0.057580
0.054659
0.054494
0.054730
0.053718
0.058120
0.056517
0.053281
0.052575
0.048542
0.055927
0.050810
0.051176
0.050617
0.049752
0.050041
0.053921
0.057023
0.051331
0.054624
0.052078
0.050967
0.053827
0.051725
0.050087
0.052195
0.051074
0.050581
0.049155
0.049772
0.047283
0.048928
0.050211
0.052164
0.048318
0.053188
0.050129
0.050226
0.054339
0.053757
0.052481
0.052257
0.056873
0.055944
0.058156
0.055534
0.057935
0.058941
0.058083
0.055904
0.054107
0.054235
0.055453
0.050126
0.053069
0.051565
0.046213
0.050114
0.050170
0.045674
0.051589
0.051698
0.054559
0.049003
0.052114
0.046524
0.047914
0.049961
0.050109
0.049588
0.051151
0.048401
0.046226
0.052255
0.049454
0.049005
0.051556
0.048024
0.051950
0.049968
0.052927
0.053241
0.051339
0.055159
0.051254
0.049081
0.048542
0.049816
0.049774
0.049296
0.050029
0.048265
0.053778
0.048533
0.050862
0.052367
0.047862
0.053645
0.051046
0.052854
0.055898
0.060137
0.054211
0.053848
0.055030
0.053199
0.051226
0.052122
0.053030
0.047560
0.050657
0.053487
0.049972
0.050243
0.046980
0.048524
0.052432
0.051524
0.051619
0.052249
0.052930
0.055114
0.052719
0.055081
0.056184
0.055397
0.055474
0.056001
0.056461
0.056791
0.055140
0.058774
0.054743
0.054256
0.057253
0.056027
0.049869
0.055598
0.056961
0.058153
0.056972
0.056171
0.057200
0.055116
0.055849
0.058651
0.059083
0.057797
0.058247
0.054497
0.058171
0.055372
0.056370
0.056116
0.059113
0.055665
0.055354
0.059603
0.064199
0.057004
0.061804
0.060084
0.064003
0.061613
0.061258
0.060866
0.063475
0.060636
0.060110
0.059345
0.056958
0.055194
0.058815
0.056106
0.057113
0.057918
0.055424
0.058467
0.053693
0.058645
0.058168
0.057638
0.056224
0.058680
0.052879
0.053991
0.059559
0.058555
0.055441
0.057524
0.055273
0.049625
0.052227
0.056374
0.054907
0.053837
0.055016
0.056740
0.055237
0.053032
0.051766
0.051490
0.050863
0.049475
0.049274
0.051911
0.048746
0.053038
0.051433
0.052662
0.053377
0.049605
0.052794
0.051793
0.053065
0.053463
0.056179
0.055058
0.056679
0.055109
0.052383
0.053950
0.051097
0.052933
0.053038
0.052686
0.049252
0.050970
0.049230
0.052192
0.049533
0.054536
0.052171
0.052511
0.051652
0.051262
0.051594
0.057025
0.055012
0.056861
0.052647
0.053333
0.052464
0.055589
0.051246
0.053382
0.051930
0.054411
0.057839
0.060512
0.061091
0.057524
0.058566
0.057192
0.057991
0.058385
0.056778
0.058152
0.059879
0.060714
0.056074
0.057061
0.057299
0.056302
0.055022
0.055918
0.060515
0.059039
0.054574
0.054191
0.055096
0.054419
0.053985
0.052647
0.058040
0.053984
0.055366
0.053429
0.058249
0.055972
0.054045
0.049558
0.053335
0.053823
0.055316
0.051737
0.051252
0.055080
0.059216
0.053987
0.054195
0.054940
0.052433
0.053010
0.056229
0.053594
0.059455
0.057103
0.057165
0.058183
0.059831
0.057697
0.059505
0.058020
0.056930
0.057830
0.058827
0.055818
0.059528
0.055001
0.058086
0.057352
0.056623
0.053590
0.054854
0.053632
0.051948
0.055747
0.053744
0.054489
0.056140
0.055079
0.057924
0.053904
0.049784
0.052879
0.054122
0.053045
0.054130
0.057080
0.056056
0.056778
0.056107
0.056589
0.058139
0.054649
0.053477
0.054142
0.052387
0.057756
0.055696
0.053637
0.054408
0.057169
0.054491
0.050151
0.053048
0.053431
0.052637
0.054085
0.057346
0.056700
0.057504
0.056255
0.061418
0.058730
0.057512
0.052338
0.052731
0.055542
0.053299
0.059953
0.055310
0.055999
0.056725
0.054346
0.055483
0.055029
0.058640
0.057475
0.054489
0.057538
0.057383
0.054927
0.055463
0.058207
0.058750
0.061060
0.057993
0.055752
0.055231
0.052294
0.058628
0.053546
0.057906
0.059655
0.058313
0.062001
0.059070
0.063070
0.062748
0.064217
0.058859
0.059512
0.056623
0.056422
0.058020
0.055838
0.057818
0.055044
0.057015
0.054144
0.055369
0.059029
0.056113
0.054385
0.055809
0.052850
0.054730
0.052831
0.055283
0.052148
0.054635
0.055331
0.056619
0.057680
0.055394
0.054762
0.055283
0.056466
0.058569
0.059981
0.059910
0.058535
0.058293
0.057707
0.058542
0.058061
0.060540
0.058725
0.057029
0.056929
0.058125
0.055634
0.057392
0.058377
0.063452
0.058665
0.057024
0.063550
0.060700
0.064235
0.056478
0.059237
0.056439
0.052520
0.057345
0.055960
0.059420
0.055097
0.059695
0.053733
0.054311
0.056941
0.061030
0.060549
0.061994
0.063192
0.058288
0.058625
0.056308
0.059306
0.059154
0.062437
0.061510
0.059919
0.063739
0.065676
0.064787
0.066476
0.063976
0.063534
0.060793
0.063310
0.062187
0.059404
0.060134
0.061922
0.061709
0.058521
0.056172
0.057120
0.055616
0.055749
0.064766
0.055019
0.056447
0.060791
0.062163
0.057640
0.061002
0.059073
0.059125
0.060286
0.060800
0.057262
0.059479
0.056986
0.058373
0.057965
0.057315
0.058066
0.055515
0.054435
0.056838
0.058579
0.058975
0.057423
0.063269
0.062583
0.058947
0.061918
0.059678
0.060378
0.061225
0.064308
0.066983
0.067057
0.060162
0.061733
0.064037
0.057573
0.065794
0.057905
0.060238
0.054414
0.056890
0.058782
0.054882
0.058218
0.057844
0.059604
0.059013
0.060033
0.060858
0.059025
0.057697
0.057745
0.060702
0.062664
0.057089
0.056920
0.060798
0.058207
0.056897
0.063287
0.055713
0.054074
0.057681
0.060110
0.058952
0.060062
0.062860
0.062406
0.063314
0.064198
0.058946
0.061893
0.054612
0.060615
0.057122
0.058008
0.055110
0.058070
0.058054
0.056735
0.057783
0.051644
0.054146
0.055821
0.059806
0.056085
0.052693
0.056213
0.050298
0.052875
0.055335
0.059210
0.060185
0.058672
0.054318
0.059759
0.058575
0.057391
0.055046
0.056770
0.055844
0.057447
0.057626
0.062714
0.053381
0.055960
0.054939
0.057880
0.060273
0.055401
0.054408
0.057834
0.060372
0.053007
0.059069
0.053398
0.056656
0.055652
0.052070
0.055415
0.058316
0.057717
0.060073
0.056826
0.055489
0.061671
0.060362
0.059851
0.058382
0.057033
0.057627
0.058303
0.058498
0.060034
0.060504
0.061837
0.057288
0.055081
0.052544
0.051992
0.052777
0.054381
0.052566
0.055594
0.053907
0.052307
0.053781
0.050564
0.051286
0.050566
0.051173
0.053837
0.051760
0.051953
0.053316
0.050927
0.053125
0.057042
0.054836
0.052045
0.060188
0.051892
0.058799
0.057155
0.059055
0.057603
0.059674
0.056494
0.057950
0.056100
0.056648
0.057079
0.055304
0.052497
0.051520
0.054858
0.055627
0.054672
0.057894
0.055756
0.052164
0.055099
0.055032
0.052889
0.053652
0.060174
0.054463
0.054930
0.059367
0.056978
0.057629
0.060119
0.060594
0.055869
0.052285
0.054910
0.057697
0.057537
0.055243
0.053907
0.054596
0.058324
0.055302
0.058887
0.058289
0.060458
0.061500
0.062689
0.059172
0.059588
0.062692
0.056909
0.058970
0.061380
0.057764
0.058628
0.054696
0.055254
0.054622
0.054741
0.054220
0.051503
0.054432
0.053115
0.050792
0.054445
0.053239
0.056803
0.053425
0.055636
0.053190
0.047931
0.053735
0.051192
0.053183
0.048926
0.053608
0.051222
0.052663
0.056255
0.059675
0.055116
0.058138
0.056919
0.061602
0.061919
0.057734
0.058771
0.060135
0.063633
0.059502
0.057218
0.057037
0.058956
0.058807
0.061766
0.057310
0.058026
0.057695
0.057692
0.060254
0.059741
0.060209
0.055791
0.055829
0.058480
0.060487
0.061522
0.056771
0.058350
0.059268
0.058178
0.059875
0.056001
0.058885
0.059364
0.059677
0.058316
0.060276
0.060191
0.059209
0.057292
0.059366
0.058518
0.060130
0.055203
0.054131
0.056685
0.061271
0.057298
0.055062
0.056872
0.056110
0.053583
0.057090
0.052197
0.053386
0.056737
0.058768
0.056917
0.059568
0.057896
0.054734
0.057702
0.057571
0.052378
0.055468
0.053510
0.055219
0.053844
0.055817
0.057911
0.052453
0.054092
0.051678
0.051534
0.055225
0.053296
0.052842
0.057457
0.051238
0.055960
0.054875
0.055525
0.052653
0.056033
0.054293
0.051960
0.054925
0.055129
0.053530
0.054342
0.053682
0.056560
0.053411
0.050672
0.055333
0.061500
0.056410
0.052894
0.053523
0.056134
0.051414
0.052718
0.053011
0.057644
0.057010
0.054603
0.055267
0.056172
0.052801
0.059854
0.058793
0.054293
0.053885
0.057336
0.057135
0.053373
0.056896
0.054672
0.058672
0.058216
0.058291
0.053700
0.055879
0.057009
0.056031
0.062013
0.060589
0.059544
0.059111
0.055741
0.058432
0.056724
0.059548
0.059134
0.059311
0.060421
0.062753
0.062086
0.062903
0.061430
0.060601
0.062746
0.062293
0.061563
0.056590
0.056045
0.055025
0.055313
0.054949
0.053685
0.054635
0.056042
0.055224
0.059631
0.055676
0.056174
0.055025
0.055905
0.057116
0.054543
0.053613
0.057268
0.052615
0.054496
0.054934
0.053441
0.056067
0.057610
0.060512
0.055852
0.052845
0.049656
0.051127
0.052073
0.053034
0.050703
0.055196
0.056769
0.054296
0.053880
0.054198
0.052108
0.050715
0.053981
0.053259
0.051471
0.051950
0.046831
0.051064
0.052112
0.051460
0.051768
0.053646
0.058560
0.053783
0.055958
0.056562
0.054808
0.053965
0.054549
0.059376
0.059194
0.063386
0.058416
0.059221
0.058739
0.058388
0.056057
0.060318
0.056553
0.056414
0.055313
0.060816
0.054693
0.058881
0.057319
0.057564
0.058134
0.057629
0.058966
0.054644
0.059914
0.055662
0.058816
0.056963
0.057812
0.058003
0.056181
0.058931
0.060846
0.067135
0.062074
0.062952
0.063918
0.061358
0.057442
0.063531
0.062218
0.061259
0.062473
0.063690
0.058463
0.060258
0.058525
0.064268
0.057977
0.058313
0.055318
0.057321
0.056875
0.058917
0.060550
0.057556
0.059655
0.055058
0.057409
0.057332
0.053088
0.057034
0.056277
0.057056
0.056077
0.051164
0.052754
0.055455
0.055517
0.052065
0.055942
0.057474
0.054840
0.053578
0.056385
0.056641
0.058015
0.055339
0.057408
0.059789
0.060425
0.059120
0.060597
0.059348
0.058190
0.056451
0.062674
0.066319
0.062141
0.057614
0.059625
0.058857
0.059475
0.058985
0.056950
0.055024
0.058751
0.056862
0.057854
0.055587
0.053466
0.053603
0.055693
0.055445
0.054649
0.054149
0.055108
0.053960
0.056911
0.055535
0.054124
0.057792
0.056077
0.055707
0.053366
0.057364
0.054914
0.053884
0.056620
0.055957
0.057405
0.052830
0.056523
0.052853
0.055734
0.052458
0.057531
0.050331
0.049879
0.050839
0.053801
0.055020
0.056578
0.054134
0.051492
0.055179
0.054107
0.055411
0.056986
0.056064
0.055021
0.057374
0.056466
0.055471
0.051872
0.056529
0.054545
0.053556
0.051889
0.049845
0.055300
0.056874
0.059914
0.060074
0.055248
0.052040
0.052930
0.053868
0.052832
0.052308
0.054633
0.051600
0.053961
0.052000
0.058128
0.062017
0.062000
0.057852
0.058066
0.054327
0.060063
0.057040
0.056629
0.056458
0.055183
0.057396
0.057519
0.059981
0.059574
0.058909
0.057397
0.056295
0.056832
0.058625
0.056759
0.057914
0.052513
0.055200
0.052293
0.053632
0.053350
0.054001
0.053773
0.053155
0.054172
0.056387
0.055393
0.056652
0.059760
0.057379
0.056858
0.055332
0.055637
0.053312
0.054872
0.058103
0.058945
0.057792
0.057828
0.055541
0.055090
0.058059
0.056391
0.057284
0.056513
0.055464
0.059850
0.056579
0.054622
0.058135
0.059107
0.057232
0.055702
0.053125
0.054487
0.056441
0.056733
0.056624
0.061717
0.059764
0.060425
0.061612
0.062989
0.062459
0.061109
0.060258
0.061591
0.062176
0.060226
0.059937
0.058026
0.057026
0.057129
0.055421
0.051118
0.052125
0.051208
0.047532
0.047998
0.052637
0.053244
0.052339
0.048890
0.052234
0.050776
0.050831
0.048871
0.054133
0.052717
0.048745
0.043842
0.043708
0.046904
0.048108
0.050275
0.048020
0.049833
0.050201
0.050519
0.049148
0.052496
0.051912
0.056332
0.055360
0.055340
0.053334
0.052717
0.054481
0.055698
0.051509
0.057293
0.054115
0.057238
0.055144
0.056417
0.055593
0.055561
0.057183
0.059387
0.055793
0.053130
0.055851
0.056985
0.055302
0.056241
0.047926
0.053959
0.053237
0.052257
0.053657
0.055323
0.056055
0.051985
0.052433
0.053414
0.052145
0.053388
0.049519
0.048491
0.048610
0.051506
0.053645
0.053410
0.055547
0.060395
0.056295
0.058305
0.057570
0.060620
0.059858
0.057672
0.057621
0.054389
0.052163
0.057404
0.054935
0.056239
0.055783
0.057828
0.055729
0.056217
0.056742
0.054659
0.054352
0.052497
0.052261
0.053760
0.055404
0.053047
0.055243
0.055324
0.053005
0.053236
0.054535
0.057492
0.055118
0.057353
0.055316
0.056123
0.053517
0.052400
0.052486
0.054012
0.054774
0.058320
0.055953
0.054243
0.053264
0.050045
0.049683
0.050215
0.052013
0.050853
0.050119
0.051801
0.050578
0.050237
0.050189
0.050614
0.053753
0.051569
0.050412
0.050357
0.049494
0.051893
0.048422
0.053307
0.052415
0.050147
0.052665
0.050971
0.049913
0.048453
0.052564
0.053571
0.054511
0.050333
0.051757
0.050526
0.052934
0.054511
0.053812
0.058586
0.054113
0.052284
0.050949
0.052068
0.054048
0.053897
0.054681
0.052887
0.053678
0.050341
0.052455
0.055483
0.052287
0.056747
0.054541
0.052937
0.056207
0.057071
0.055328
0.052869
0.054910
0.054180
0.051376
0.047324
0.048824
0.050912
0.052720
0.051616
0.055413
0.052618
0.055558
0.054227
0.054273
0.053025
0.053197
0.054710
0.050651
0.053392
0.054565
0.055972
0.053850
0.053576
0.053258
0.050961
0.051558
0.050555
0.054587
0.050088
0.051591
0.046479
0.048227
0.046781
0.053258
0.052676
0.055105
0.054384
0.053931
0.053143
0.054081
0.052710
0.053227
0.053099
0.056039
0.050844
0.052542
0.056110
0.055749
0.055714
0.055034
0.055133
0.053635
0.053076
0.053516
0.052480
0.054976
0.055423
0.055791
0.057093
0.054227
0.056505
0.055913
0.056576
0.055940
0.060714
0.054740
0.053222
0.055995
0.054227
0.058551
0.059932
0.061012
0.058240
0.057373
0.055291
0.053933
0.054955
0.058740
0.054922
0.056163
0.054783
0.058894
0.058350
0.058349
0.058538
0.057597
0.056040
0.054248
0.052203
0.052061
0.051793
0.051488
0.052446
0.053459
0.054885
0.057845
0.056689
0.052891
0.053921
0.059410
0.057602
0.056761
0.055968
0.055576
0.059019
0.053735
0.054612
0.055857
0.053486
0.056879
0.053822
0.055621
0.057145
0.053078
0.055677
0.051786
0.054581
0.051708
0.050923
0.053415
0.050887
0.051307
0.051080
0.049627
0.049082
0.052655
0.053267
0.050461
0.050211
0.054899
0.053797
0.054917
0.056092
0.055492
0.057643
0.054249
0.051678
0.053515
0.051104
0.051860
0.053478
0.052278
0.053730
0.053069
0.056860
0.053696
0.053152
0.048847
0.051744
0.049837
0.052778
0.052421
0.053262
0.053513
0.049522
0.055039
0.054201
0.055631
0.058447
0.054328
0.056179
0.053474
0.051563
0.049973
0.054976
0.052151
0.051742
0.048342
0.050553
0.053018
0.051723
0.053024
0.056299
0.055591
0.056919
0.054492
0.055323
0.054918
0.051679
0.052371
0.056057
0.054678
0.055767
0.057129
0.056952
0.058998
0.061187
0.056255
0.060116
0.059366
0.062399
0.055866
0.053195
0.054435
0.054331
0.054520
0.054762
0.053500
0.054032
0.052517
0.056522
0.054054
0.055327
0.056872
0.054334
0.050593
0.053421
0.052522
0.050288
0.057216
0.056959
0.055864
0.053035
0.052455
0.052734
0.053621
0.052871
0.058112
0.055561
0.055094
0.053933
0.055725
0.057330
0.055862
0.058493
0.058730
0.053529
0.056898
0.061205
0.056266
0.056962
0.052341
0.053186
0.057100
0.056828
0.054847
0.055297
0.057449
0.062554
0.064452
0.059604
0.061293
0.062247
0.058269
0.058449
0.057222
0.060892
0.061968
0.063654
0.061119
0.060286
0.062276
0.060432
0.057621
0.054837
0.060414
0.059942
0.060888
0.061362
0.061265
0.061153
0.060823
0.059747
0.058358
0.054838
0.056816
0.056646
0.055344
0.056109
0.057672
0.054691
0.057386
0.054954
0.053707
0.055082
0.053812
0.055343
0.055813
0.053951
0.053633
0.054336
0.054227
0.048932
0.051021
0.052595
0.054971
0.053573
0.051150
0.054181
0.048287
0.052978
0.054312
0.051818
0.054780
0.052409
0.051606
0.054376
0.054719
0.056355
0.051063
0.055043
0.055664
0.058085
0.053112
0.053438
0.053247
0.051166
0.051928
0.053674
0.057105
0.055930
0.055943
0.055670
0.056758
0.057359
0.057261
0.056530
0.056484
0.052857
0.056537
0.056042
0.056763
0.053251
0.055748
0.056019
0.058311
0.054220
0.059031
0.054148
0.058951
0.053440
0.055721
0.056184
0.052467
0.054643
0.052874
0.056049
0.053263
0.057852
0.056232
0.056039
0.056346
0.053868
0.057677
0.056771
0.054200
0.055574
0.056840
0.054866
0.056264
0.055153
0.057146
0.052549
0.051991
0.055870
0.058597
0.054694
0.057905
0.054217
0.053263
0.056969
0.055238
0.051976
0.055532
0.057425
0.058331
0.053772
0.055222
0.055786
0.054789
0.054655
0.055521
0.051994
0.053049
0.055706
0.054830
0.054840
0.059350
0.055008
0.059330
0.060323
0.052856
0.055606
0.055758
0.061079
0.057154
0.057701
0.057509
0.057112
0.058484
0.055061
0.053110
0.055405
0.058367
0.055967
0.051406
0.054609
0.055080
0.055564
0.049087
0.053260
0.052391
0.049370
0.053076
0.055367
0.056914
0.055992
0.058391
0.052370
0.058053
0.055423
0.058126
0.058463
0.057944
0.052523
0.055350
0.054533
0.055140
0.052213
0.056800
0.054933
0.050402
0.051932
0.051716
0.051388
0.052206
0.051528
0.054573
0.055247
0.053396
0.051291
0.048600
0.050945
0.051421
0.052325
0.052358
0.053255
0.049737
0.054988
0.056482
0.054326
0.056833
0.055857
0.060024
0.056985
0.055823
0.053167
0.056167
0.050136
0.054164
0.052057
0.051224
0.055825
0.058357
0.064143
0.058496
0.058441
0.058336
0.055145
0.055651
0.057292
0.057661
0.053693
0.055273
0.057728
0.055503
0.058459
0.054039
0.055166
0.054440
0.053226
0.054520
0.053695
0.055500
0.053275
0.055797
0.054673
0.055313
0.051465
0.054151
0.059289
0.054636
0.058060
0.055888
0.054732
0.058524
0.055969
0.062887
0.059554
0.061076
0.059560
0.059912
0.056626
0.058419
0.057036
0.054117
0.058304
0.058100
0.054150
0.053418
0.054494
0.056498
0.058672
0.055843
0.059944
0.060855
0.059168
0.056469
0.057733
0.056230
0.056050
0.057076
0.056556
0.055334
0.056350
0.057311
0.055818
0.060124
0.060167
0.061959
0.060777
0.056952
0.056503
0.062684
0.059325
0.062489
0.062408
0.063567
0.069334
0.065864
0.063603
0.064961
0.068073
0.064611
0.064137
0.065084
0.060696
0.062743
0.061332
0.060937
0.063463
0.059649
0.064436
0.063755
0.063865
0.063256
0.058645
0.059672
0.058494
0.055914
0.056771
0.058009
0.056800
0.058254
0.055667
0.056576
0.055542
0.059380
0.057449
0.056706
0.056190
0.054569
0.055523
0.053475
0.060037
0.053582
0.056731
0.058307
0.056140
0.060260
0.054332
0.057460
0.056151
0.054949
0.055518
0.055826
0.053254
0.052984
0.052753
0.055291
0.053067
0.050653
0.051820
0.051428
0.050685
0.055912
0.053140
0.058603
0.052489
0.053354
0.052966
0.055201
0.056843
0.055782
0.054698
0.056027
0.053027
0.051657
0.050552
0.057183
0.054307
0.058933
0.058075
0.056757
0.053756
0.059382
0.061163
0.056655
0.060047
0.058140
0.060416
0.056460
0.058614
0.058362
0.061068
0.060398
0.059644
0.059345
0.059814
0.057737
0.058576
0.056246
0.058211
0.061695
0.063311
0.058299
0.057147
0.057792
0.058724
0.060736
0.054057
0.058178
0.052792
0.055517
0.052763
0.052731
0.053381
0.051963
0.053160
0.045786
0.052072
0.049731
0.052641
0.054442
0.051620
0.050722
0.054538
0.052697
0.054064
0.052547
0.056701
0.058827
0.057631
0.056951
0.056971
0.059620
0.058339
0.053330
0.053705
0.053757
0.052552
0.053337
0.054440
0.052915
0.053940
0.051439
0.054119
0.059293
0.058092
0.064390
0.059776
0.062426
0.060807
0.062344
0.060914
0.059490
0.063737
0.059627
0.063054
0.059850
0.061042
0.062907
0.064561
0.061971
0.060249
0.059517
0.057165
0.061749
0.062095
0.062095
0.059745
0.057851
0.061375
0.057092
0.055382
0.056503
0.057552
0.055909
0.056682
0.061193
0.057820
0.056743
0.061013
0.056842
0.054070
0.054580
0.054774
0.055768
0.055376
0.052389
0.054120
0.057104
0.057313
0.057862
0.060958
0.057381
0.055496
0.056691
0.054501
0.053807
0.054986
0.052465
0.056499
0.055206
0.054102
0.056401
0.051267
0.051255
0.057696
0.054033
0.054772
0.060322
0.054067
0.056096
0.056474
0.057186
0.056222
0.058980
0.054243
0.058857
0.058613
0.060092
0.062235
0.056242
0.057781
0.062420
0.059387
0.061675
0.062612
0.059330
0.061904
0.054875
0.057683
0.062186
0.057978
0.060337
0.058005
0.060811
0.058136
0.059956
0.063725
0.059629
0.063060
0.058616
0.059632
0.057850
0.056372
0.056679
0.058955
0.059924
0.063782
0.061848
0.059992
0.055751
0.055443
0.057833
0.061097
0.060640
0.061217
0.063550
0.062333
0.060963
0.056169
0.062777
0.060087
0.059692
0.059287
0.057792
0.059464
0.057891
0.058419
0.056991
0.058548
0.059006
0.058643
0.057207
0.060750
0.060138
0.060249
0.061225
0.057664
0.053750
0.060141
0.055673
0.061454
0.058435
0.055888
0.053016
0.053980
0.054976
0.054603
0.056804
0.055909
0.053205
0.054487
0.056135
0.054111
0.052417
0.051859
0.054429
0.053184
0.055439
0.048439
0.052629
0.050235
0.050130
0.052411
0.054065
0.054210
0.056483
0.051746
0.050976
0.052272
0.055203
0.052839
0.053670
0.052797
0.052877
0.054255
0.057712
0.052840
0.053331
0.054109
0.047818
0.055041
0.059558
0.056059
0.059684
0.055429
0.056991
0.055388
0.058243
0.055802
0.057249
0.057233
0.055638
0.053210
0.054340
0.053970
0.057015
0.059548
0.050993
0.060422
0.056391
0.056736
0.059341
0.054954
0.055399
0.055038
0.054344
0.056547
0.052999
0.054135
0.059894
0.059321
0.058653
0.060929
0.059180
0.054032
0.057672
0.059318
0.057564
0.054872
0.060029
0.062042
0.058813
0.060891
0.053377
0.057278
0.054339
0.055993
0.056566
0.054582
0.055711
0.054557
0.060355
0.059804
0.055413
0.054170
0.051699
0.052903
0.053685
0.056548
0.055053
0.053664
0.055296
0.055166
0.055696
0.055410
0.059216
0.057775
0.053528
0.056905
0.054802
0.057746
0.059838
0.057326
0.059928
0.057000
0.058122
0.056071
0.059790
0.057873
0.060011
0.058363
0.054861
0.057832
0.056207
0.062131
0.062260
0.065779
0.057707
0.058976
0.061418
0.057240
0.057762
0.058013
0.056125
0.052821
0.055738
0.056140
0.052626
0.057116
0.054438
0.052313
0.051813
0.056229
0.054536
0.056844
0.055856
0.057475
0.055344
0.054519
0.054626
0.053010
0.053735
0.047249
0.055232
0.054277
0.057025
0.055812
0.057638
0.057639
0.057949
0.058320
0.059365
0.056534
0.055015
0.052768
0.053124
0.052533
0.053413
0.056076
0.056007
0.060245
0.053060
0.052892
0.054155
0.052647
0.052572
0.049917
0.050500
0.047929
0.048815
0.051008
0.053370
0.052622
0.055355
0.053750
0.052780
0.051453
0.051747
0.054535
0.056655
0.056875
0.052506
0.052985
0.055232
0.054670
0.053358
0.054087
0.056876
0.051970
0.052740
0.054016
0.060830
0.056766
0.053278
0.059499
0.057966
0.055192
0.053781
0.055597
0.055327
0.055479
0.055062
0.057796
0.053178
0.053275
0.054356
0.054306
0.051972
0.051910
0.052028
0.052965
0.054070
0.054875
0.057545
0.057413
0.056090
0.052794
0.055578
0.054248
0.055161
0.056129
0.057026
0.056337
0.051746
0.052640
0.056110
0.053741
0.052454
0.054368
0.054560
0.054585
0.049342
0.052358
0.053705
0.054546
0.056403
0.055921
0.055120
0.055248
0.052414
0.052815
0.054692
0.052455
0.053107
0.055860
0.055441
0.051606
0.053318
0.050266
0.054489
0.049874
0.056290
0.052086
0.052997
0.051835
0.054309
0.056158
0.052073
0.053586
0.051327
0.052889
0.048729
0.049460
0.052865
0.052428
0.054045
0.051234
0.050242
0.052264
0.052224
0.055739
0.056026
0.058326
0.057123
0.055673
0.058553
0.055684
0.058719
0.060673
0.061309
0.055067
0.055854
0.061300
0.058487
0.062944
0.055028
0.057187
0.054770
0.054383
0.053729
0.053623
0.054425
0.051537
0.052126
0.055392
0.056282
0.051828
0.055985
0.058184
0.057500
0.053819
0.054513
0.056418
0.055353
0.054055
0.056021
0.056846
0.061361
0.056876
0.055542
0.051892
0.053079
0.054642
0.054528
0.053476
0.055295
0.051761
0.050795
0.053660
0.052034
0.048071
0.054196
0.052195
0.053833
0.050462
0.048597
0.051243
0.050371
0.051327
0.054460
0.053535
0.055023
0.056690
0.059249
0.059565
0.053237
0.051863
0.053011
0.054347
0.051581
0.052927
0.054251
0.054903
0.050873
0.053535
0.051997
0.052053
0.052994
0.052124
0.052744
0.053994
0.052853
0.054999
0.054629
0.053462
0.056709
0.055458
0.054221
0.053740
0.053364
0.054384
0.056137
0.053062
0.052408
0.052148
0.051923
0.051478
0.052932
0.053413
0.053072
0.051704
0.049438
0.047286
0.051024
0.051759
0.053771
0.052318
0.054122
0.053146
0.052218
0.055291
0.053262
0.052862
0.050770
0.054968
0.056784
0.052331
0.050231
0.050002
0.052859
0.051474
0.048007
0.047354
0.046706
0.048583
0.048205
0.051536
0.049607
0.051528
0.052248
0.051209
0.054993
0.052290
0.051895
0.051382
0.054865
0.053403
0.049994
0.053312
0.050831
0.050563
0.051434
0.053264
0.052940
0.052609
0.050982
0.055227
0.054232
0.049247
0.047969
0.049097
0.052436
0.053075
0.048359
0.050523
0.051368
0.052230
0.051647
0.049939
0.052915
0.055100
0.057920
0.055951
0.054749
0.051964
0.051117
0.055975
0.051833
0.052708
0.049925
0.054887
0.051374
0.055614
0.057821
0.054864
0.053930
0.056634
0.054756
0.051782
0.052974
0.060575
0.058325
0.060753
0.058244
0.059617
0.059662
0.060376
0.057215
0.055521
0.057209
0.058156
0.056996
0.061150
0.059264
0.059996
0.059049
0.059208
0.058014
0.055580
0.058987
0.057494
0.062143
0.058497
0.059164
0.061346
0.063786
0.064165
0.062244
0.060950
0.064830
0.061184
0.060726
0.061076
0.056605
0.055096
0.057185
0.054686
0.058991
0.054500
0.058894
0.057729
0.056582
0.058460
0.056589
0.056166
0.056445
0.058072
0.058487
0.054784
0.058136
0.052626
0.058287
0.058233
0.059191
0.059189
0.057338
0.055819
0.056032
0.059851
0.060503
0.057142
0.057575
0.059567
0.054346
0.055898
0.057987
0.057655
0.057218
0.057209
0.058556
0.058557
0.060454
0.058125
0.060856
0.058662
0.058423
0.060936
0.061848
0.061651
0.057859
0.062571
0.057969
0.058220
0.059924
0.055574
0.061052
0.056996
0.058164
0.058147
0.057795
0.055310
0.057461
0.057425
0.055494
0.054731
0.056462
0.058674
0.055786
0.055861
0.056231
0.057709
0.055860
0.051833
0.054304
0.056148
0.058636
0.055617
0.055413
0.055774
0.054876
0.055639
0.048383
0.054195
0.052252
0.055088
0.051021
0.055058
0.051648
0.048333
0.051500
0.049713
0.051981
0.054567
0.055393
0.049864
0.051852
0.054245
0.051186
0.054704
0.054188
0.052808
0.058429
0.056669
0.056407
0.056790
0.056095
0.051453
0.056387
0.053759
0.055239
0.054591
0.058539
0.054986
0.055172
0.057249
0.052299
0.058739
0.055670
0.056686
0.054601
0.055403
0.058283
0.057983
0.056212
0.055074
0.053116
0.055060
0.054390
0.052821
0.054142
0.052170
0.054427
0.058952
0.061977
0.055610
0.057747
0.054899
0.055097
0.054641
0.051810
0.055367
0.056202
0.053536
0.057838
0.056376
0.052042
0.052659
0.054450
0.050798
0.057766
0.052764
0.050071
0.051450
0.058774
0.057333
0.054066
0.055633
0.054797
0.052245
0.051473
0.049986
0.052862
0.052119
0.055433
0.059615
0.054163
0.058714
0.055180
0.058361
0.055281
0.053251
0.058315
0.057939
0.062464
0.059364
0.057708
0.057817
0.059109
0.061981
0.058229
0.059563
0.055973
0.060969
0.057421
0.060096
0.058169
0.055796
0.052931
0.054124
0.058512
0.057660
0.052953
0.051886
0.052075
0.052925
0.055182
0.050373
0.051999
0.051682
0.056418
0.054936
0.055800
0.055695
0.055316
0.053851
0.053217
0.047863
0.050959
0.048109
0.050759
0.053655
0.052614
0.055839
0.049922
0.052528
0.053787
0.056600
0.052944
0.052454
0.053844
0.049286
0.051497
0.050438
0.051085
0.055306
0.055107
0.055148
0.055394
0.057839
0.058097
0.060064
0.057999
0.058069
0.056571
0.057737
0.052799
0.060540
0.059930
0.064313
0.060547
0.062476
0.058472
0.054106
0.058591
0.058520
0.057752
0.059099
0.056572
0.058346
0.059027
0.053258
0.054205
0.058468
0.055443
0.056910
0.056441
0.053952
0.054266
0.058034
0.062993
0.057341
0.057859
0.054727
0.060450
0.059935
0.060752
0.062353
0.052753
0.059280
0.059533
0.055054
0.060728
0.059242
0.058948
0.058739
0.058066
0.059813
0.059187
0.060926
0.060777
0.060753
0.060369
0.062287
0.064346
0.056518
0.061468
0.062532
0.061878
0.057725
0.063115
0.060297
0.059979
0.059900
0.057845
0.058037
0.052508
0.057562
0.059667
0.058006
0.059385
0.056745
0.057671
0.057801
0.057110
0.058494
0.059247
0.054359
0.054633
0.056226
0.056621
0.053204
0.055910
0.054397
0.055737
0.054114
0.055582
0.057187
0.055511
0.057034
0.061020
0.061051
0.059977
0.064609
0.064344
0.056043
0.056891
0.057723
0.060680
0.061523
0.060334
0.062546
0.062565
0.060994
0.056977
0.061436
0.060112
0.058884
0.061480
0.059955
0.058647
0.060651
0.062237
0.060141
0.062617
0.066795
0.065205
0.057036
0.058247
0.060887
0.059331
0.060365
0.061854
0.061780
0.058633
0.060672
0.061359
0.062616
0.061809
0.060511
0.063278
0.067368
0.063832
0.060945
0.064965
0.066207
0.067418
0.064609
0.067906
0.057847
0.064536
0.057544
0.059954
0.058359
0.058256
0.063814
0.064487
0.061489
0.062225
0.062379
0.057313
0.065400
0.058361
0.061789
0.061611
0.059276
0.060704
0.059526
0.065210
0.062504
0.062360
0.062109
0.058407
0.057779
0.061300
0.059905
0.059279
0.058138
0.064422
0.061122
0.063262
0.064564
0.060188
0.062077
0.065136
0.065163
0.064764
0.071547
0.068609
0.069215
0.071830
0.064098
0.062411
0.068043
0.067512
0.064030
0.065819
0.061353
0.066293
0.063359
0.061551
0.056472
0.060367
0.060224
0.057524
0.063684
0.054920
0.058252
0.057041
0.055450
0.059749
0.058419
0.059101
0.056119
0.057254
0.059360
0.059352
0.060425
0.058132
0.055369
0.059244
0.064028
0.062596
0.063380
0.058383
0.058706
0.061241
0.058617
0.058891
0.059102
0.066252
0.062019
0.060983
0.056555
0.062349
0.063948
0.067138
0.059235
0.061224
0.068462
0.063750
0.062010
0.065883
0.063943
0.065167
0.063479
0.060422
0.062967
0.065395
0.065687
0.063615
0.066774
0.064435
0.065346
0.066238
0.064256
0.065525
0.066380
0.065277
0.066921
0.064299
0.067336
0.061689
0.062866
0.061930
0.063134
0.066080
0.065457
0.063016
0.063420
0.061005
0.059185
0.056106
0.061241
0.058597
0.056080
0.062515
0.053595
0.057857
0.057608
0.054082
0.060057
0.061514
0.059844
0.063709
0.060273
0.061512
0.064368
0.061084
0.058851
0.057419
0.061788
0.059413
0.055646
0.062975
0.061874
0.056922
0.061070
0.056812
0.061980
0.058598
0.057050
0.057774
0.060865
0.055986
0.058928
0.063126
0.060307
0.064733
0.063738
0.066902
0.059041
0.059618
0.062646
0.063903
0.060792
0.058656
0.061939
0.056943
0.060232
0.059585
0.062676
0.059231
0.059352
0.062588
0.063963
0.062784
0.064676
0.062971
0.060425
0.066157
0.062180
0.060365
0.062273
0.059588
0.058524
0.064265
0.061745
0.063524
0.062783
0.066841
0.064027
0.061813
0.065420
0.060357
0.063738
0.060253
0.058257
0.058177
0.059159
0.061564
0.058224
0.060188
0.057658
0.059868
0.061210
0.058604
0.058742
0.061244
0.062802
0.059801
0.061484
0.066492
0.062581
0.062560
0.062237
0.060735
0.058581
0.061093
0.061606
0.055679
0.059515
0.060083
0.059718
0.059118
0.056947
0.061687
0.062041
0.058815
0.060869
0.059193
0.063880
0.063083
0.065045
0.066243
0.061712
0.067180
0.061572
0.063517
0.066006
0.062472
0.062210
0.059284
0.058639
0.057453
0.055918
0.056160
0.060558
0.056194
0.060331
0.063367
0.059623
0.058180
0.061071
0.063329
0.061601
0.063000
0.061367
0.056484
0.061138
0.056650
0.058049
0.061779
0.058241
0.058031
0.055874
0.057911
0.060379
0.063133
0.061167
0.061944
0.060963
0.059702
0.059213
0.058825
0.065184
0.057848
0.058631
0.059190
0.059368
0.065284
0.064008
0.062765
0.062116
0.066665
0.060380
0.061756
0.068785
0.061711
0.064525
0.066298
0.068797
0.069093
0.067464
0.064063
0.066387
0.063734
0.070128
0.068016
0.059966
0.064773
0.062741
0.061644
0.067868
0.068070
0.065627
0.069025
0.067158
0.065135
0.062628
0.066752
0.066389
0.065744
0.064523
0.062098
0.061179
0.062090
0.061201
0.059316
0.059123
0.061542
0.057404
0.055251
0.059070
0.059306
0.060836
0.059302
0.063133
0.062361
0.062658
0.064314
0.058966
0.064025
0.060324
0.058932
0.060707
0.055040
0.055783
0.059143
0.057805
0.056793
0.053551
0.055135
0.056787
0.056962
0.063705
0.058289
0.060479
0.061325
0.060430
0.063727
0.063955
0.063458
0.061914
0.063944
0.064063
0.059377
0.060122
0.057217
0.057176
0.058182
0.057575
0.056517
0.064447
0.063284
0.064092
0.064283
0.064101
0.058549
0.061525
0.064076
0.057751
0.057955
0.060855
0.060569
0.061860
0.064189
0.064618
0.060397
0.062076
0.060862
0.058113
0.058574
0.061767
0.060821
0.064876
0.065199
0.064693
0.061237
0.063795
0.066249
0.064588
0.063812
0.060574
0.061947
0.059105
0.055027
0.059743
0.060833
0.062295
0.060026
0.058773
0.060967
0.059823
0.060075
0.060091
0.055427
0.062855
0.061377
0.065980
0.064391
0.062846
0.064888
0.058257
0.066386
0.067214
0.068425
0.063120
0.061757
0.059793
0.062127
0.062746
0.063193
0.060652
0.061651
0.057372
0.058697
0.062264
0.057008
0.062751
0.059093
0.063743
0.063824
0.060813
0.061596
0.060318
0.063691
0.065775
0.063658
0.064030
0.063388
0.062610
0.059947
0.061034
0.061633
0.062290
0.062328
0.062596
0.062864
0.068606
0.067619
0.065765
0.064331
0.061642
0.063225
0.060529
0.066399
0.066822
0.062223
0.062660
0.056419
0.061651
0.056875
0.058541
0.065680
0.066778
0.068534
0.062539
0.062059
0.061371
0.059011
0.059703
0.057868
0.063450
0.058523
0.061692
0.059137
0.060917
0.062500
0.058823
0.057156
0.057299
0.058532
0.057788
0.059456
0.056941
0.059706
0.058241
0.063505
0.059514
0.063286
0.058742
0.062871
0.060281
0.062911
0.064586
0.058949
0.059802
0.064790
0.066195
0.064875
0.060534
0.064367
0.065824
0.062953
0.063796
0.064041
0.060920
0.065493
0.063605
0.067896
0.062243
0.065567
0.068666
0.066792
0.068632
0.062195
0.066816
0.066720
0.062823
0.063854
0.064293
0.060158
0.066112
0.059415
0.061131
0.064515
0.065094
0.064919
0.066253
0.060860
0.062054
0.060715
0.058288
0.061341
0.058177
0.059870
0.059446
0.059830
0.059417
0.063784
0.057245
0.058353
0.059744
0.057280
0.059261
0.056972
0.060609
0.060211
0.055469
0.060320
0.062422
0.059862
0.061264
0.059261
0.060778
0.060056
0.060835
0.057101
0.053928
0.054979
0.054561
0.054248
0.058196
0.055880
0.055370
0.057990
0.059257
0.057206
0.052652
0.053049
0.059500
0.056087
0.053943
0.059260
0.057125
0.058825
0.059987
0.061547
0.064026
0.059307
0.053789
0.059182
0.062420
0.059087
0.055921
0.053865
0.056839
0.055657
0.055683
0.057494
0.051250
0.052015
0.053043
0.056857
0.050184
0.052589
0.054572
0.052028
0.053539
0.052902
0.054517
0.052725
0.052492
0.058378
0.056892
0.061820
0.059083
0.058349
0.054907
0.057777
0.059511
0.055130
0.057622
0.059851
0.056143
0.059265
0.062497
0.059565
0.061080
0.062426
0.060445
0.060548
0.058988
0.057191
0.062053
0.059223
0.061711
0.059136
0.058728
0.065689
0.063462
0.063010
0.062282
0.064607
0.060500
0.059511
0.058131
0.056316
0.059134
0.058064
0.063923
0.064705
0.059300
0.056913
0.061865
0.065259
0.058925
0.060326
0.059498
0.057435
0.055682
0.061120
0.059482
0.056488
0.057016
0.055236
0.055560
0.051867
0.059116
0.058386
0.057461
0.055239
0.054666
0.061924
0.061255
0.060003
0.060346
0.059574
0.059652
0.059712
0.055564
0.061905
0.055115
0.056795
0.057737
0.056810
0.062636
0.060605
0.058495
0.061677
0.058081
0.060695
0.058871
0.059606
0.060051
0.062535
0.061198
0.060037
0.065303
0.063073
0.066950
0.068993
0.064362
0.059188
0.060272
0.063192
0.059337
0.059984
0.062454
0.063719
0.061090
0.059372
0.059483
0.061198
0.058524
0.055179
0.060503
0.059512
0.060894
0.061133
0.059208
0.062405
0.066181
0.054942
0.058878
0.058554
0.060707
0.056751
0.062731
0.061506
0.065933
0.064628
0.063729
0.060868
0.062381
0.057752
0.063680
0.064169
0.065586
0.061984
0.062251
0.064280
0.066029
0.067256
0.063699
0.064197
0.063583
0.060339
0.059776
0.062423
0.064201
0.061565
0.058948
0.062715
0.058455
0.062862
0.060032
0.064079
0.065462
0.056673
0.063878
0.061475
0.060341
0.060176
0.063639
0.060917
0.060751
0.059062
0.058326
0.058620
0.058590
0.057908
0.062517
0.057826
0.058209
0.051633
0.058484
0.062057
0.062644
0.058815
0.054721
0.057814
0.061087
0.059614
0.058590
0.057869
0.060538
0.060323
0.061301
0.056746
0.061781
0.061580
0.060521
0.055758
0.059138
0.057727
0.061160
0.061933
0.061197
0.059687
0.059308
0.063152
0.060782
0.063401
0.067176
0.064732
0.064500
0.066537
0.064501
0.066857
0.064335
0.069161
0.067010
0.061929
0.061606
0.063891
0.064325
0.061020
0.059698
0.055850
0.062340
0.055804
0.059430
0.060875
0.060367
0.054599
0.056183
0.060005
0.060655
0.055003
0.058977
0.059841
0.055527
0.057970
0.059660
0.055312
0.055563
0.060990
0.057349
0.058961
0.061339
0.058837
0.064458
0.063749
0.060846
0.061140
0.061893
0.060082
0.062890
0.064107
0.063411
0.068153
0.067229
0.066587
0.062271
0.066175
0.068518
0.064674
0.069891
0.067900
0.065675
0.068898
0.062882
0.062391
0.066785
0.065828
0.064026
0.060534
0.064167
0.059750
0.058400
0.057875
0.058708
0.063810
0.060595
0.060443
0.068205
0.063724
0.065509
0.063450
0.064940
0.064207
0.066337
0.063511
0.063250
0.063058
0.060215
0.058582
0.059011
0.063364
0.063318
0.066772
0.062630
0.057361
0.062595
0.063229
0.059658
0.063729
0.057836
0.058779
0.062211
0.054364
0.058431
0.059734
0.059702
0.056563
0.055446
0.061000
0.057335
0.057107
0.059236
0.061946
0.061125
0.063455
0.064482
0.064172
0.062619
0.063207
0.062701
0.062289
0.059097
0.060495
0.060850
0.054934
0.062554
0.062336
0.060718
0.062002
0.064719
0.063448
0.057741
0.058835
0.060378
0.063871
0.061210
0.059781
0.060844
0.061498
0.062258
0.059119
0.058443
0.058842
0.060156
0.061186
0.057630
0.064737
0.060737
0.059022
0.062929
0.063401
0.059295
0.058037
0.065362
0.066344
0.057744
0.063058
0.065216
0.062641
0.063088
0.061033
0.061993
0.061075
0.065741
0.071132
0.068564
0.065493
0.066242
0.064683
0.065046
0.068634
0.069701
0.067298
0.065258
0.061640
0.062160
0.064127
0.062777
0.065251
0.065331
0.067056
0.062923
0.063741
0.059779
0.060769
0.065724
0.060580
0.067777
0.062140
0.063361
0.067848
0.064623
0.062372
0.061696
0.063981
0.065307
0.061775
0.065177
0.059065
0.064581
0.062519
0.062440
0.056973
0.060403
0.057348
0.058458
0.059494
0.061597
0.063509
0.060217
0.060229
0.058694
0.063268
0.061906
0.060216
0.060480
0.059048
0.060591
0.054497
0.061486
0.056627
0.057129
0.056485
0.061974
0.057268
0.061386
0.059435
0.060505
0.059967
0.060442
0.062745
0.061036
0.053715
0.059224
0.058340
0.063789
0.054933
0.054737
0.057749
0.057537
0.053759
0.057852
0.060700
0.061934
0.062393
0.061175
0.060238
0.058057
0.058528
0.061623
0.055217
0.056157
0.061959
0.061255
0.062218
0.061899
0.063812
0.059978
0.060355
0.057787
0.057482
0.063882
0.057249
0.060463
0.058793
0.056941
0.055997
0.055302
0.059225
0.058301
0.062687
0.060657
0.056607
0.053424
0.057783
0.054336
0.062272
0.054934
0.057863
0.056319
0.060068
0.057815
0.055700
0.055304
0.057638
0.061853
0.053352
0.056505
0.057298
0.060362
0.060086
0.060909
0.062042
0.061200
0.061121
0.058473
0.060963
0.061770
0.056526
0.058824
0.057541
0.055531
0.052960
0.058582
0.060404
0.060757
0.055969
0.056710
0.056061
0.057939
0.056999
0.054680
0.055290
0.055690
0.054363
0.057754
0.062817
0.059464
0.059888
0.061708
0.056434
0.059897
0.059075
0.058930
0.062968
0.058434
0.063819
0.061404
0.064112
0.060947
0.058739
0.056344
0.060145
0.056434
0.060160
0.055683
0.060217
0.058643
0.062489
0.065024
0.063675
0.064378
0.059238
0.062342
0.061260
0.063752
0.065476
0.061748
0.060108
0.060053
0.059494
0.060493
0.059738
0.063360
0.061387
0.059175
0.061602
0.059224
0.062838
0.065095
0.065932
0.063929
0.067413
0.067139
0.065436
0.066825
0.066408
0.066005
0.063222
0.055772
0.060364
0.058065
0.056012
0.057035
0.057189
0.057958
0.058766
0.056998
0.056221
0.055899
0.051068
0.056547
0.053151
0.058264
0.056618
0.053797
0.058629
0.064890
0.059488
0.056140
0.060559
0.053015
0.061381
0.057225
0.058866
0.056811
0.055236
0.058321
0.058286
0.059009
0.060079
0.059187
0.060069
0.058332
0.056768
0.059889
0.057893
0.057052
0.060570
0.057505
0.061452
0.059534
0.057359
0.060353
0.057648
0.062208
0.057955
0.059791
0.057142
0.058691
0.059550
0.058938
0.058630
0.059037
0.057560
0.056847
0.056844
0.059034
0.056351
0.055473
0.062872
0.057862
0.058478
0.057697
0.057679
0.059719
0.061716
0.060044
0.059902
0.057756
0.059373
0.066208
0.065059
0.061802
0.061089
0.060180
0.062081
0.066308
0.058880
0.066339
0.060314
0.062914
0.059017
0.061413
0.064803
0.062234
0.064247
0.064369
0.063672
0.062887
0.065549
0.063260
0.064600
0.069112
0.064468
0.065307
0.059411
0.061203
0.062138
0.058580
0.058211
0.063454
0.062267
0.060212
0.056415
0.061420
0.059020
0.057034
0.058183
0.059590
0.061862
0.063733
0.060067
0.063435
0.066772
0.065964
0.061519
0.067139
0.062099
0.063968
0.066834
0.063044
0.062501
0.061937
0.064183
0.061975
0.057501
0.053033
0.055405
0.064714
0.061709
0.061107
0.056201
0.057809
0.060225
0.062577
0.054773
0.061305
0.059192
0.058321
0.055140
0.054430
0.058603
0.056537
0.062212
0.059714
0.058326
0.057256
0.061194
0.063302
0.061975
0.054451
0.055305
0.055554
0.058304
0.060892
0.056191
0.057193
0.060012
0.056160
0.055967
0.055642
0.055342
0.056693
0.056545
0.065699
0.064694
0.059927
0.059394
0.063884
0.064231
0.059861
0.057142
0.055765
0.057935
0.059524
0.057170
0.064179
0.059549
0.062609
0.059183
0.060538
0.055662
0.055325
0.059371
0.061724
0.061056
0.062954
0.064199
0.061875
0.057810
0.064125
0.062550
0.063677
0.062379
0.064602
0.066249
0.064071
0.066655
0.065740
0.067972
0.064770
0.062934
0.066141
0.059781
0.057815
0.060275
0.056266
0.058898
0.057948
0.053071
0.058106
0.060057
0.061832
0.063165
0.059186
0.060736
0.061037
0.061077
0.059448
0.061265
0.062640
0.057379
0.061745
0.059020
0.060461
0.059479
0.060053
0.058679
0.062140
0.058805
0.053718
0.057252
0.061341
0.060970
0.060695
0.062522
0.059656
0.064058
0.062782
0.067970
0.067528
0.063397
0.060320
0.065952
0.058678
0.064295
0.060325
0.061973
0.062238
0.065597
0.064929
0.060400
0.063407
0.059830
0.062531
0.060179
0.061976
0.058309
0.059791
0.056039
0.056348
0.063498
0.060902
0.057517
0.063339
0.057560
0.060462
0.057857
0.067410
0.066996
0.061381
0.058071
0.061331
0.059064
0.061979
0.058355
0.066487
0.065890
0.063232
0.062513
0.063280
0.060232
0.061882
0.065941
0.064080
0.060131
0.060374
0.061988
0.059480
0.060621
0.065551
0.055746
0.056529
0.062141
0.062787
0.060315
0.063421
0.064473
0.063175
0.063519
0.067326
0.064296
0.068460
0.068974
0.065445
0.068637
0.068529
0.065907
0.065018
0.062457
0.064564
0.067386
0.055455
0.055999
0.054405
0.053753
0.061604
0.062772
0.064283
0.066580
0.064703
0.062538
0.066627
0.067138
0.064504
0.060996
0.061152
0.067468
0.063446
0.063880
0.065356
0.064309
0.063613
0.068879
0.064731
0.058701
0.063635
0.059353
0.061104
0.059500
0.062526
0.060742
0.060445
0.060703
0.065461
0.062118
0.066917
0.062763
0.067110
0.067864
0.067740
0.062153
0.061564
0.066814
0.064397
0.062353
0.061899
0.064919
0.067753
0.065785
0.067521
0.064393
0.064600
0.065184
0.061631
0.061678
0.060640
0.063914
0.061968
0.060259
0.054804
0.057652
0.055944
0.055893
0.056725
0.058473
0.062532
0.057876
0.061008
0.058068
0.055626
0.054468
0.061513
0.056613
0.058524
0.057801
0.062871
0.060188
0.056336
0.062925
0.063089
0.061328
0.064686
0.067725
0.065982
0.068982
0.065226
0.063876
0.064595
0.063875
0.068459
0.066524
0.068523
0.068992
0.066746
0.067922
0.066421
0.064020
0.071294
0.072666
0.066666
0.061955
0.058384
0.064276
0.057505
0.060610
0.061063
0.067098
0.060962
0.059943
0.061062
0.064276
0.065900
0.062750
0.059240
0.063362
0.068846
0.059368
0.062231
0.064546
0.062782
0.062844
0.057145
0.062135
0.061019
0.062219
0.064176
0.062919
0.058165
0.060414
0.061487
0.059507
0.059827
0.063270
0.064408
0.059199
0.060860
0.063391
0.066517
0.064815
0.068171
0.063533
0.061270
0.063567
0.061631
0.063354
0.064853
0.064783
0.061376
0.064822
0.064883
0.061104
0.064306
0.066362
0.065961
0.065852
0.067060
0.065310
0.066525
0.067930
0.067995
0.067502
0.066635
0.068095
0.071421
0.071314
0.066606
0.070164
0.069508
0.069787
0.065350
0.067071
0.065911
0.062726
0.063304
0.068263
0.067603
0.065270
0.070360
0.065060
0.063624
0.065587
0.067152
0.068226
0.072438
0.062293
0.060680
0.061002
0.066826
0.060277
0.065795
0.067557
0.062287
0.063155
0.062537
0.062825
0.064869
0.056407
0.064614
0.063628
0.060224
0.058383
0.063863
0.064101
0.060398
0.064284
0.059832
0.061434
0.064041
0.060585
0.056762
0.062323
0.062622
0.061160
0.058985
0.062488
0.066844
0.055842
0.063268
0.066492
0.065674
0.065122
0.064129
0.064392
0.068401
0.068923
0.063626
0.063844
0.069883
0.069069
0.071892
0.074032
0.073970
0.070412
0.070438
0.067901
0.069918
0.068574
0.067272
0.069425
0.072509
0.065363
0.064110
0.067195
0.070378
0.065496
0.063005
0.069406
0.069309
0.068352
0.065157
0.067665
0.066020
0.069569
0.065001
0.071725
0.068575
0.071752
0.067128
0.066956
0.062682
0.061293
0.065826
0.064732
0.061099
0.061000
0.058143
0.058211
0.059332
0.063884
0.063140
0.065158
0.060565
0.055302
0.063651
0.062184
0.064976
0.065439
0.062038
0.063010
0.063680
0.062866
0.063511
0.066116
0.064564
0.063651
0.064145
0.062965
0.063686
0.065456
0.063332
0.068610
0.063380
0.064745
0.069389
0.069899
0.068869
0.068933
0.060279
0.062903
0.060807
0.065049
0.065087
0.064840
0.059235
0.062046
0.060956
0.058303
0.061871
0.064694
0.065239
0.061220
0.059394
0.062902
0.062353
0.064891
0.060375
0.058358
0.059037
0.056584
0.056825
0.056605
0.062794
0.058625
0.058595
0.061373
0.058986
0.056633
0.063678
0.061274
0.063287
0.062447
0.062171
0.062469
0.063567
0.063961
0.068227
0.064163
0.060993
0.063263
0.057426
0.057809
0.059955
0.063404
0.064984
0.067030
0.061994
0.059858
0.059720
0.062306
0.063989
0.064825
0.060959
0.063096
0.064650
0.059507
0.063400
0.063163
0.067780
0.063408
0.066733
0.070148
0.069423
0.074643
0.069255
0.064094
0.066619
0.067755
0.064418
0.069769
0.066448
0.066137
0.064536
0.065414
0.067683
0.059159
0.062943
0.067770
0.066359
0.068320
0.067218
0.064649
0.066724
0.068400
0.059428
0.061848
0.057943
0.057333
0.058565
0.056673
0.057067
0.064403
0.060779
0.059744
0.064334
0.062340
0.059890
0.060460
0.057223
0.062071
0.059921
0.054577
0.058714
0.062321
0.068518
0.061649
0.061829
0.059727
0.065893
0.065074
0.060775
0.058682
0.057505
0.057776
0.057126
0.060004
0.060716
0.059634
0.062434
0.062707
0.062997
0.067719
0.068174
0.058452
0.066722
0.060593
0.065505
0.063047
0.064928
0.066708
0.060416
0.066478
0.063150
0.065905
0.063511
0.067215
0.060375
0.063204
0.062982
0.063754
0.062066
0.067175
0.070500
0.062646
0.062768
0.069289
0.068190
0.061818
0.064507
0.067935
0.063272
0.060332
0.065808
0.062898
0.065112
0.061338
0.063913
0.068141
0.061688
0.057166
0.064297
0.065080
0.063817
0.068716
0.064258
0.065183
0.064240
0.065827
0.068195
0.068113
0.062348
0.066985
0.061823
0.058809
0.063673
0.060538
0.062671
0.060489
0.059525
0.067312
0.061921
0.059958
0.062574
0.061093
0.060947
0.063484
0.061816
0.060525
0.060167
0.057559
0.054101
0.057337
0.060887
0.058512
0.056326
0.057737
0.058895
0.063449
0.058438
0.058434
0.061711
0.058184
0.059416
0.059705
0.060729
0.062047
0.061665
0.063867
0.062317
0.063409
0.061050
0.059844
0.057526
0.057486
0.058346
0.058078
0.062329
0.061642
0.065165
0.064320
0.065444
0.062776
0.057171
0.059444
0.062638
0.065149
0.062761
0.062993
0.063620
0.062641
0.058803
0.058897
0.058800
0.059014
0.053292
0.059064
0.055966
0.058442
0.061388
0.064237
0.057971
0.061581
0.057113
0.056418
0.062233
0.060731
0.061234
0.062589
0.059805
0.057679
0.061143
0.059177
0.062142
0.065027
0.066920
0.066367
0.071013
0.062683
0.061443
0.062992
0.061078
0.060062
0.061521
0.062676
0.063807
0.063945
0.063076
0.059600
0.065634
0.060170
0.063797
0.058091
0.057081
0.054257
0.065163
0.064889
0.064297
0.066126
0.064379
0.063373
0.069038
0.061394
0.064023
0.064399
0.058273
0.057343
0.059425
0.055463
0.056818
0.060019
0.056429
0.055083
0.059169
0.059677
0.055514
0.055354
0.056455
0.053861
0.055440
0.054950
0.057320
0.057102
0.060990
0.059430
0.057945
0.058956
0.058869
0.055922
0.057187
0.060251
0.060084
0.058406
0.059288
0.054433
0.059221
0.056459
0.058790
0.058311
0.056461
0.058610
0.052145
0.055862
0.058364
0.061982
0.062219
0.059976
0.063300
0.063575
0.065181
0.062092
0.060117
0.065590
0.060855
0.067594
0.065920
0.068498
0.070053
0.066290
0.062328
0.060075
0.062746
0.061606
0.058471
0.061550
0.066551
0.062642
0.064784
0.062855
0.063221
0.057000
0.060614
0.067113
0.062366
0.062953
0.066431
0.063401
0.056936
0.058171
0.058822
0.060274
0.058472
0.063768
0.061901
0.054678
0.059849
0.055866
0.060657
0.059428
0.058928
0.062566
0.057905
0.058965
0.059295
0.060786
0.064332
0.063115
0.064155
0.067313
0.060725
0.063468
0.063011
0.065702
0.068055
0.064817
0.063278
0.066679
0.067107
0.063787
0.068255
0.064974
0.061732
0.062148
0.065543
0.063974
0.064900
0.064251
0.057255
0.060758
0.063404
0.060307
0.061728
0.063535
0.062283
0.064008
0.060581
0.056435
0.063349
0.061509
0.058985
0.057976
0.062711
0.061462
0.058660
0.061382
0.060969
0.060873
0.066982
0.065794
0.060085
0.060090
0.056288
0.057264
0.061659
0.060842
0.057766
0.059500
0.062271
0.062707
0.063541
0.061934
0.062007
0.062316
0.065659
0.060881
0.062011
0.061012
0.064720
0.061935
0.070939
0.067720
0.062245
0.068333
0.064049
0.065284
0.061883
0.058003
0.060371
0.056695
0.061178
0.059203
0.059319
0.059119
0.062211
0.060061
0.061871
0.062064
0.056927
0.062126
0.062465
0.063938
0.061663
0.061491
0.062824
0.061381
0.062157
0.059228
0.067401
0.061609
0.060430
0.060722
0.062259
0.058318
0.057814
0.058299
0.060776
0.054326
0.060031
0.056059
0.058533
0.060199
0.053529
0.059789
0.056656
0.060030
0.055258
0.059201
0.055909
0.063469
0.059786
0.063347
0.061094
0.059842
0.055639
0.056950
0.058948
0.059353
0.062838
0.064697
0.059059
0.061581
0.063064
0.059128
0.058943
0.057445
0.058072
0.057423
0.062054
0.059908
0.063387
0.061819
0.059789
0.062386
0.060370
0.059240
0.062951
0.062608
0.059865
0.061004
0.057214
0.061158
0.059048
0.054079
0.055837
0.057878
0.056998
0.062503
0.057168
0.060148
0.058993
0.062771
0.061422
0.058622
0.062272
0.059457
0.061571
0.058164
0.065550
0.059639
0.056822
0.055998
0.060286
0.056987
0.058567
0.063960
0.058465
0.063336
0.064484
0.066714
0.063544
0.060595
0.061562
0.061030
0.063949
0.060439
0.065153
0.061278
0.062139
0.062161
0.060616
0.061233
0.057168
0.057359
0.059553
0.057597
0.062065
0.058632
0.054308
0.058548
0.061620
0.058792
0.058593
0.058500
0.059261
0.055116
0.055036
0.053731
0.058229
0.054116
0.058666
0.056683
0.052671
0.057076
0.056536
0.055099
0.057989
0.055137
0.056408
0.054848
0.059098
0.058984
0.057092
0.059143
0.059777
0.063846
0.064060
0.067243
0.068001
0.068369
0.067128
0.064467
0.064128
0.068234
0.067669
0.063002
0.061641
0.065477
0.061096
0.060263
0.063880
0.063007
0.065032
0.064167
0.064226
0.070782
0.064567
0.065681
0.064577
0.063975
0.060118
0.060735
0.062868
0.066303
0.060493
0.058465
0.061596
0.055162
0.059230
0.057565
0.059130
0.061886
0.060976
0.060369
0.063282
0.059944
0.064747
0.063152
0.063498
0.057871
0.062639
0.062072
0.060665
0.061881
0.059430
0.057080
0.061740
0.058471
0.060586
0.056806
0.061401
0.059291
0.059648
0.064355
0.059789
0.064810
0.062122
0.063274
0.055901
0.059079
0.055000
0.059901
0.061791
0.062882
0.058899
0.056685
0.067206
0.062831
0.062565
0.057703
0.065465
0.065758
0.061941
0.063151
0.060637
0.061748
0.067549
0.062478
0.058511
0.067291
0.063128
0.064097
0.059733
0.064378
0.061808
0.060713
0.060778
0.060310
0.055711
0.059782
0.062025
0.061408
0.059767
0.060630
0.057991
0.055279
0.057704
0.056552
0.056673
0.059576
0.056638
0.061863
0.065642
0.058305
0.063358
0.055747
0.063583
0.058619
0.058224
0.063316
0.062149
0.061147
0.062323
0.063147
0.064770
0.060258
0.061643
0.059978
0.060288
0.060705
0.063626
0.066055
0.062068
0.060692
0.054569
0.060494
0.058570
0.060733
0.054953
0.056074
0.055260
0.051869
0.058359
0.059116
0.061591
0.059767
0.058324
0.054948
0.057944
0.050134
0.057633
0.056028
0.057427
0.057998
0.060029
0.056283
0.055641
0.058330
0.060387
0.061717
0.060622
0.060586
0.058525
0.058427
0.060886
0.057202
0.062729
0.060319
0.054800
0.055756
0.062853
0.057972
0.059460
0.060007
0.059604
0.064606
0.058666
0.063679
0.056264
0.060949
0.063576
0.064246
0.068837
0.066677
0.067671
0.063997
0.065886
0.067290
0.064588
0.062991
0.064585
0.067156
0.063082
0.065980
0.062451
0.061212
0.062421
0.063023
0.061436
0.062314
0.064715
0.067507
0.065081
0.065259
0.062521
0.062978
0.067298
0.066211
0.062633
0.062575
0.063307
0.064469
0.060976
0.067844
0.064578
0.061698
0.062130
0.059698
0.063884
0.062861
0.059451
0.064650
0.058980
0.061357
0.063143
0.066871
0.065324
0.062388
0.064972
0.058856
0.061483
0.060910
0.060730
0.063339
0.064866
0.062787
0.066083
0.062768
0.063150
0.068848
0.065098
0.060518
0.058004
0.059873
0.058437
0.056108
0.060404
0.057717
0.059939
0.064144
0.061219
0.064071
0.063145
0.062716
0.061430
0.061547
0.062385
0.062795
0.061497
0.056729
0.062048
0.064419
0.060613
0.058150
0.058835
0.051700
0.056122
0.061783
0.062616
0.063314
0.057296
0.059450
0.060443
0.061588
0.058935
0.055959
0.058798
0.058713
0.062950
0.059184
0.061971
0.057159
0.063547
0.061553
0.058697
0.062928
0.060982
0.062707
0.061695
0.066994
0.064069
0.065150
0.058878
0.063353
0.064439
0.064889
0.064191
0.064744
0.062923
0.067075
0.065826
0.069902
0.062769
0.066016
0.062763
0.064920
0.064851
0.063858
0.068103
0.067783
0.064964
0.062657
0.065783
0.060135
0.061895
0.065210
0.065278
0.069543
0.063880
0.061446
0.059209
0.057146
0.061019
0.061510
0.064027
0.060676
0.062926
0.060101
0.059703
0.060436
0.063802
0.066045
0.061374
0.062095
0.061647
0.063200
0.065802
0.063951
0.067109
0.066082
0.063522
0.067582
0.063956
0.064669
0.055783
0.057368
0.064315
0.061784
0.059240
0.062801
0.062164
0.056504
0.058180
0.062742
0.060742
0.057969
0.059410
0.064118
0.059023
0.059157
0.059703
0.064049
0.061156
0.060381
0.059523
0.063897
0.058837
0.061827
0.062243
0.058665
0.061872
0.062865
0.062909
0.059398
0.061406
0.058093
0.061477
0.062676
0.060984
0.064271
0.059692
0.060099
0.064393
0.066009
0.068151
0.063062
0.061132
0.062229
0.061080
0.063039
0.063647
0.059857
0.064899
0.062225
0.062414
0.062447
0.061278
0.064015
0.059194
0.064905
0.064437
0.062000
0.066403
0.063475
0.060184
0.063845
0.065727
0.060587
0.061147
0.061191
0.062495
0.058130
0.063749
0.059722
0.062209
0.062812
0.059664
0.061842
0.063650
0.059355
0.063278
0.059256
0.062997
0.063784
0.064489
0.061719
0.063503
0.059181
0.061707
0.064174
0.060969
0.059792
0.065028
0.062567
0.060902
0.058882
0.065407
0.064724
0.065397
0.067923
0.065374
0.074134
0.066372
0.066932
0.062483
0.066773
0.065600
0.061327
0.062507
0.064935
0.064039
0.063891
0.063959
0.066650
0.067044
0.063778
0.067567
0.069744
0.068530
0.068104
0.066028
0.067924
0.068750
0.067296
0.064769
0.066116
0.063773
0.061873
0.063634
0.065959
0.065967
0.064715
0.057548
0.064477
0.056391
0.056290
0.058801
0.061783
0.062126
0.059894
0.064017
0.058744
0.063591
0.058518
0.063337
0.064147
0.059385
0.059849
0.060061
0.057072
0.063095
0.061318
0.062023
0.064502
0.053877
0.056754
0.061184
0.064012
0.057897
0.063215
0.064358
0.064737
0.056949
0.063652
0.067952
0.066831
0.062346
0.065515
0.061474
0.063148
0.063902
0.063186
0.064415
0.065084
0.064393
0.058535
0.063330
0.062825
0.063166
0.063365
0.066696
0.058779
0.062014
0.061315
0.061390
0.067014
0.064469
0.061654
0.059675
0.066131
0.068031
0.065758
0.065203
0.068326
0.062402
0.060959
0.060916
0.060367
0.064125
0.061721
0.057526
0.059871
0.060118
0.062159
0.061057
0.059337
0.062442
0.061705
0.058074
0.058878
0.063849
0.055972
0.061692
0.057470
0.059892
0.056077
0.063856
0.060385
0.060694
0.064087
0.062718
0.063823
0.064668
0.059226
0.064603
0.066951
0.065555
0.059129
0.063282
0.065130
0.064146
0.067515
0.060068
0.057619
0.060359
0.058364
0.060615
0.062527
0.062142
0.066114
0.069477
0.061387
0.060159
0.062207
0.061393
0.065600
0.057378
0.061352
0.057317
0.062627
0.066241
0.063726
0.059186
0.066126
0.061804
0.065262
0.062999
0.067728
0.064552
0.068902
0.063343
0.065788
0.063348
0.065120
0.067372
0.062440
0.062776
0.061257
0.057765
0.061536
0.068248
0.067550
0.060231
0.065704
0.066959
0.065954
0.061429
0.060182
0.064076
0.060913
0.060396
0.060381
0.063711
0.065175
0.064786
0.065917
0.062193
0.062224
0.063756
0.063688
0.066628
0.067465
0.061474
0.064363
0.064530
0.057999
0.067119
0.067246
0.056738
0.064175
0.062261
0.066499
0.058536
0.065806
0.067192
0.062776
0.071355
0.067464
0.065033
0.063228
0.068699
0.067494
0.065837
0.067599
0.066245
0.065536
0.065111
0.064072
0.066570
0.067501
0.066977
0.068308
0.067013
0.074646
0.066028
0.070655
0.067376
0.071256
0.068639
0.068230
0.065467
0.070588
0.065375
0.058924
0.064693
0.061335
0.068496
0.057974
0.060748
0.060305
0.066434
0.066987
0.063298
0.063984
0.065518
0.063200
0.057715
0.064135
0.062368
0.061702
0.061025
0.056396
0.060060
0.058514
0.056556
0.064168
0.060637
0.063163
0.061586
0.062666
0.066777
0.063773
0.060622
0.063448
0.066675
0.062016
0.057938
0.064676
0.065686
0.068551
0.068233
0.065659
0.060464
0.065780
0.067137
0.064612
0.066207
0.070020
0.066331
0.062359
0.066799
0.068771
0.067816
0.059883
0.060963
0.066276
0.067687
0.072015
0.063149
0.066812
0.067267
0.067427
0.066004
0.067406
0.064641
0.067589
0.066256
0.069592
0.069656
0.067171
0.061644
0.063565
0.064581
0.060429
0.063974
0.064881
0.059930
0.058192
0.060569
0.057996
0.062560
0.058802
0.065573
0.061914
0.063362
0.064875
0.064948
0.067151
0.061609
0.060384
0.063684
0.062661
0.064072
0.058877
0.059106
0.065601
0.057863
0.058483
0.062850
0.056913
0.053937
0.060054
0.056916
0.056290
0.058805
0.055729
0.060103
0.063649
0.060121
0.063175
0.061362
0.060409
0.064484
0.065551
0.067813
0.064023
0.063742
0.064230
0.065701
0.065812
0.066417
