1.000000
0.996230
0.965340
0.923433
0.936299
0.910861
0.929938
0.906413
0.917643
0.882604
0.866290
0.878741
0.868159
0.873385
0.848575
0.845331
0.811263
0.821162
0.826932
0.816164
0.830870
0.778207
0.787376
0.751387
0.742399
0.752790
0.736266
0.753257
0.726964
0.727757
0.707364
0.693876
0.694194
0.690629
0.679238
0.656647
0.655739
0.648514
0.629351
0.633332
0.604853
0.601092
0.593449
0.581966
0.561089
0.550727
0.547008
0.528141
0.528158
0.512998
0.514058
0.492745
0.479518
0.482490
0.463887
0.465953
0.453095
0.445663
0.437496
0.421836
0.434292
0.425656
0.426872
0.410208
0.395018
0.384952
0.383822
0.376166
0.372891
0.372737
0.365186
0.356863
0.342679
0.341049
0.333501
0.331898
0.335584
0.326204
0.322770
0.318983
0.306118
0.302838
0.298650
0.307463
0.298156
0.288112
0.281128
0.264898
0.275438
0.273149
0.275225
0.262932
0.259525
0.252047
0.245515
0.255673
0.239804
0.241448
0.231901
0.241534
0.228397
0.219702
0.228978
0.220337
0.226253
0.216732
0.214509
0.219912
0.217202
0.221441
0.216893
0.216256
0.218244
0.211513
0.207431
0.203941
0.204492
0.204906
0.210918
0.198683
0.200028
0.193905
0.186990
0.196413
0.189404
0.178470
0.178778
0.182237
0.176450
0.175197
0.178108
0.178820
0.185878
0.176160
0.177294
0.172021
0.168313
0.172566
0.166610
0.167354
0.167272
0.171807
0.164247
0.164595
0.164675
0.161026
0.164910
0.161816
0.166015
0.159892
0.160143
0.159252
0.158787
0.156349
0.157161
0.155625
0.148884
0.150478
0.147729
0.151087
0.154613
0.147117
0.149095
0.145368
0.143618
0.137771
0.143899
0.147198
0.141069
0.146679
0.137479
0.129321
0.137918
0.140647
0.136086
0.139214
0.137562
0.136696
0.132590
0.139413
0.134895
0.135731
0.128108
0.130746
0.126399
0.125189
0.126561
0.122300
0.126108
0.123768
0.118399
0.112649
0.111231
0.115620
0.108216
0.107484
0.107540
0.106609
0.103405
0.103049
0.100485
0.103228
0.104071
0.105341
0.097722
0.095494
0.090650
0.095014
0.094408
0.093737
0.092658
0.090154
0.091395
0.084136
0.087574
0.086726
0.087674
0.084439
0.088956
0.082975
0.080186
0.083349
0.078942
0.082552
0.081201
0.078421
0.080090
0.077004
0.072876
0.073336
0.072883
0.075059
0.077295
0.079038
0.073233
0.073553
0.067977
0.068737
0.068552
0.068698
0.067867
0.067294
0.068397
0.067065
0.066211
0.070528
0.066245
0.063463
0.063958
0.066904
0.061729
0.065088
0.063025
0.059261
0.059382
0.061996
0.061132
0.060522
0.061425
0.061634
0.061463
0.058790
0.061079
0.056108
0.059899
0.059889
0.052175
0.056210
0.055775
0.055118
0.053552
0.057495
0.056205
0.050577
0.046920
0.051251
0.048098
0.047888
0.052431
0.048159
0.046311
0.047930
0.045170
0.047453
0.046759
0.046746
0.047849
0.044464
0.048317
0.044231
0.050152
0.047326
0.047554
0.050655
0.048178
0.052049
0.049283
0.050434
0.048455
0.048375
0.045770
0.051951
0.043869
0.041865
0.046940
0.045953
0.043082
0.046650
0.050098
0.046014
0.050121
0.048762
0.043701
0.043826
0.048284
0.047052
0.044780
0.050162
0.050023
0.049470
0.044792
0.049838
0.048783
0.049306
0.044982
0.047634
0.044005
0.045471
0.046992
0.049803
0.051586
0.045709
0.046527
0.048550
0.047802
0.049860
0.047685
0.048589
0.045169
0.043440
0.042943
0.041983
0.050078
0.044966
0.042092
0.043842
0.046187
0.042347
0.044070
0.045435
0.048317
0.047239
0.041847
0.046649
0.041014
0.048232
0.042132
0.043734
0.043605
0.042395
0.044092
0.046520
0.041173
0.042477
0.043487
0.042862
0.043852
0.042289
0.042517
0.042342
0.046451
0.049250
0.045827
0.043647
0.051123
0.048593
0.049926
0.049235
0.045705
0.050501
0.043676
0.048591
0.045911
0.046931
0.049004
0.046294
0.047140
0.050454
0.047617
0.044454
0.046767
0.047408
0.042751
0.049476
0.046507
0.045140
0.045583
0.045935
0.047148
0.044563
0.042922
0.041224
0.041638
0.043967
0.041389
0.042490
0.042784
0.039458
0.043098
0.044449
0.044366
0.043676
0.042863
0.046105
0.042673
0.045714
0.038150
0.042855
0.041119
0.042530
0.042269
0.046154
0.043099
0.038166
0.045450
0.043965
0.042056
0.037464
0.042358
0.043382
0.040902
0.040882
0.040986
0.040425
0.038678
0.046104
0.043669
0.041814
0.040973
0.040991
0.044416
0.041534
0.043888
0.044109
0.044155
0.044759
0.040954
0.044140
0.042713
0.043541
0.040244
0.038717
0.045383
0.045799
0.040842
0.043871
0.047300
0.040606
0.045882
0.042593
0.036911
0.041971
0.042440
0.045630
0.045405
0.041208
0.037052
0.042457
0.041875
0.043709
0.041600
0.039761
0.038118
0.037065
0.039799
0.042685
0.042959
0.044380
0.043471
0.040717
0.043445
0.043034
0.046317
0.039491
0.044009
0.043461
0.040729
0.045032
0.038453
0.044238
0.038136
0.043118
0.041345
0.040951
0.040130
0.043587
0.042446
0.042194
0.035469
0.042800
0.038674
0.046478
0.036999
0.039144
0.045786
0.041600
0.040970
0.039893
0.041673
0.041874
0.047524
0.040482
0.043169
0.043121
0.042999
0.039068
0.040595
0.039749
0.042186
0.040124
0.039243
0.036811
0.041566
0.039914
0.040795
0.040185
0.042184
0.039655
0.040057
0.044476
0.042435
0.041790
0.041718
0.042128
0.045415
0.041379
0.041902
0.038704
0.040388
0.040430
0.042511
0.038367
0.041227
0.041405
0.040232
0.039767
0.041907
0.043786
0.039869
0.037157
0.040353
0.042148
0.037324
0.038355
0.038119
0.037511
0.038025
0.038405
0.042246
0.037083
0.037853
0.035474
0.033809
0.036095
0.039288
0.037802
0.041377
0.037004
0.037041
0.037383
0.041012
0.042158
0.036100
0.041845
0.042445
0.037752
0.041654
0.038668
0.040326
0.038491
0.038358
0.042055
0.038120
0.041270
0.038367
0.037078
0.039417
0.039888
0.039819
0.039698
0.042128
0.041717
0.045859
0.045301
0.044438
0.043403
0.044948
0.040189
0.042866
0.044731
0.039460
0.038548
0.040577
0.038687
0.041763
0.040791
0.043720
0.042663
0.041837
0.043343
0.042169
0.038743
0.043797
0.044151
0.043845
0.040516
0.042186
0.044443
0.039590
0.039123
0.041208
0.038877
0.036746
0.036537
0.041539
0.039215
0.044267
0.040761
0.045630
0.042230
0.037123
0.039247
0.035616
0.040419
0.036934
0.038556
0.040208
0.036293
0.039853
0.039913
0.037361
0.040759
0.040298
0.040523
0.037831
0.041055
0.037206
0.033481
0.036080
0.038589
0.037978
0.041052
0.039078
0.042084
0.040349
0.038881
0.037979
0.037739
0.039464
0.040519
0.041202
0.039206
0.035110
0.037381
0.036548
0.038713
0.037579
0.043523
0.038242
0.038017
0.034245
0.041271
0.034341
0.035105
0.034596
0.037957
0.038302
0.035294
0.034670
0.035956
0.033532
0.031141
0.036502
0.032432
0.036552
0.033601
0.035844
0.038007
0.032834
0.036352
0.035641
0.036174
0.036550
0.040741
0.038999
0.035589
0.037471
0.036682
0.040442
0.039717
0.041155
0.037899
0.038139
0.036638
0.035841
0.037925
0.035033
0.038091
0.038817
0.038329
0.034607
0.033025
0.034924
0.035168
0.035486
0.036829
0.034301
0.032842
0.038695
0.034521
0.036048
0.035182
0.036337
0.036485
0.034048
0.032433
0.033439
0.036202
0.039264
0.031028
0.030099
0.033515
0.041683
0.035716
0.034640
0.034822
0.034984
0.034948
0.031933
0.034627
0.038850
0.038005
0.035546
0.038745
0.039057
0.036453
0.034840
0.036927
0.036313
0.035891
0.041343
0.038275
0.037838
0.034875
0.036915
0.036493
0.035977
0.038956
0.037590
0.034352
0.038312
0.035260
0.037576
0.034473
0.034982
0.038461
0.035642
0.037633
0.034446
0.033861
0.034067
0.034486
0.033720
0.033308
0.032959
0.036801
0.036952
0.034144
0.032749
0.038682
0.033990
0.035205
0.036923
0.036154
0.034432
0.032987
0.037973
0.032629
0.035468
0.036043
0.035719
0.033366
0.036582
0.033000
0.031599
0.034980
0.033934
0.033211
0.034398
0.034154
0.035032
0.034892
0.034941
0.036560
0.036767
0.032688
0.036398
0.033709
0.031257
0.033526
0.030411
0.037506
0.032840
0.034739
0.031704
0.036910
0.035367
0.036165
0.037862
0.034963
0.037375
0.031469
0.036211
0.030798
0.036193
0.035512
0.038391
0.035699
0.033771
0.030966
0.032789
0.033869
0.038379
0.037035
0.035757
0.036609
0.036291
0.034693
0.032469
0.034021
0.036012
0.037138
0.034436
0.032023
0.036618
0.032459
0.031433
0.036906
0.032889
0.036229
0.036584
0.037223
0.031660
0.038408
0.038394
0.036218
0.035622
0.031691
0.034425
0.033063
0.037099
0.033956
0.032673
0.030693
0.031836
0.030855
0.031618
0.032579
0.032915
0.034314
0.032723
0.034577
0.036648
0.037550
0.034950
0.035415
0.032829
0.034553
0.034474
0.036001
0.035448
0.034769
0.035793
0.036053
0.032175
0.034688
0.032120
0.036144
0.035114
0.035508
0.034864
0.034653
0.032450
0.030640
0.032191
0.034765
0.031171
0.035613
0.033888
0.028981
0.034627
0.035817
0.035156
0.034889
0.034270
0.029546
0.031270
0.033285
0.033199
0.036379
0.031325
0.030661
0.036957
0.030026
0.035769
0.032017
0.035189
0.029950
0.030735
0.030206
0.034250
0.032015
0.032035
0.028798
0.031139
0.029767
0.030649
0.032322
0.034383
0.034339
0.034099
0.032337
0.033825
0.031569
0.030382
0.033967
0.029798
0.035923
0.031863
0.029542
0.030793
0.034297
0.030250
0.031919
0.035123
0.031182
0.032685
0.037134
0.032549
0.032728
0.030276
0.031265
0.030754
0.032191
0.032132
0.033167
0.030042
0.032480
0.034054
0.030934
0.032794
0.036423
0.037111
0.035791
0.034442
0.037971
0.035211
0.033671
0.033048
0.031822
0.033866
0.032500
0.035940
0.033071
0.032108
0.030276
0.034108
0.028001
0.030337
0.036669
0.037480
0.035872
0.035814
0.034168
0.032575
0.037102
0.036989
0.039129
0.034126
0.034604
0.036508
0.032689
0.032602
0.033624
0.037574
0.032759
0.035322
0.037293
0.038224
0.032546
0.035970
0.033688
0.032094
0.035656
0.037146
0.032080
0.034915
0.035320
0.036464
0.032163
0.032116
0.029191
0.033877
0.033537
0.031056
0.031564
0.033496
0.031601
0.030507
0.031697
0.031911
0.033826
0.030328
0.031245
0.032176
0.032379
0.035872
0.033563
0.033874
0.026921
0.029484
0.028872
0.028466
0.030535
0.031673
0.029485
0.032733
0.032602
0.029604
0.032824
0.032713
0.035421
0.032872
0.033876
0.033654
0.034721
0.035162
0.036843
0.034167
0.035475
0.035852
0.030401
0.035150
0.034882
0.034122
0.033320
0.032717
0.033710
0.033544
0.030973
0.034778
0.034391
0.030059
0.031025
0.033844
0.035392
0.031357
0.028687
0.034224
0.028729
0.032441
0.027801
0.034885
0.032120
0.030157
0.030238
0.033877
0.033968
0.033311
0.032892
0.032296
0.032596
0.032171
0.033965
0.035205
0.034212
0.033864
0.030051
0.030058
0.031658
0.032306
0.032935
0.032669
0.031761
0.033911
0.031642
0.031232
0.030354
0.030697
0.031938
0.032242
0.032124
0.032298
0.031526
0.034836
0.030762
0.029795
0.032764
0.030312
0.030958
0.031240
0.028434
0.032238
0.031435
0.028648
0.028323
0.030433
0.031009
0.035415
0.031376
0.031198
0.035713
0.030810
0.030410
0.031222
0.030059
0.030640
0.032013
0.029140
0.029017
0.029819
0.031297
0.029194
0.031221
0.031450
0.034500
0.030653
0.031620
0.031517
0.027200
0.034101
0.027527
0.026167
0.027839
0.029470
0.030819
0.027599
0.030009
0.029520
0.030353
0.026505
0.030466
0.030846
0.027928
0.030685
0.030229
0.031577
0.027436
0.026294
0.026617
0.028869
0.027188
0.030320
0.031347
0.028464
0.031635
0.028203
0.032214
0.030665
0.028543
0.033636
0.030717
0.027083
0.029498
0.028722
0.027512
0.031395
0.028030
0.026102
0.026554
0.025959
0.030378
0.028030
0.027544
0.029658
0.027135
0.025853
0.029073
0.032414
0.030939
0.029485
0.028899
0.027530
0.029618
0.027138
0.027687
0.027002
0.027843
0.031680
0.030583
0.028024
0.030147
0.031281
0.027382
0.031021
0.032674
0.031942
0.029699
0.034720
0.032118
0.032317
0.034240
0.033904
0.034779
0.032800
0.033975
0.032140
0.030330
0.029444
0.031899
0.028846
0.033077
0.031135
0.033516
0.030125
0.034135
0.030472
0.029736
0.032566
0.033367
0.031946
0.029594
0.026388
0.032465
0.027639
0.028274
0.031426
0.031068
0.031316
0.032238
0.031057
0.030568
0.027802
0.028657
0.029571
0.028734
0.029434
0.030029
0.030576
0.031886
0.031290
0.031366
0.032204
0.032387
0.029804
0.032850
0.030911
0.033155
0.028620
0.032560
0.031689
0.028357
0.030055
0.029801
0.033183
0.030260
0.032876
0.031021
0.031835
0.029059
0.031414
0.032336
0.026373
0.027126
0.029100
0.026915
0.025782
0.029828
0.027704
0.029478
0.027808
0.027556
0.028012
0.026257
0.026820
0.028608
0.024477
0.027445
0.027751
0.023989
0.025356
0.025610
0.023833
0.027299
0.029361
0.026373
0.028177
0.027597
0.028581
0.028246
0.028050
0.029776
0.029361
0.029486
0.029575
0.029953
0.030329
0.031938
0.029209
0.031012
0.029361
0.030737
0.031162
0.026188
0.030220
0.028355
0.029752
0.027529
0.029295
0.028566
0.029958
0.028793
0.028595
0.026171
0.028245
0.027395
0.027936
0.030216
0.027273
0.029866
0.027375
0.028584
0.028078
0.028261
0.030509
0.028502
0.028136
0.030141
0.033555
0.030792
0.030160
0.028910
0.030203
0.029473
0.032462
0.028804
0.029452
0.029582
0.027233
0.029182
0.028635
0.026889
0.030408
0.031825
0.026822
0.028164
0.030591
0.029332
0.030159
0.030090
0.028415
0.027232
0.029178
0.030062
0.031522
0.026990
0.027527
0.029312
0.031473
0.029941
0.027599
0.029251
0.028668
0.028110
0.026840
0.029194
0.030767
0.027364
0.025615
0.029384
0.026817
0.030055
0.028425
0.029384
0.025820
0.032347
0.029348
0.027870
0.027827
0.027987
0.027629
0.028496
0.027385
0.026735
0.026801
0.029377
0.027951
0.026989
0.029804
0.026441
0.028782
0.028181
0.028175
0.028696
0.028224
0.027507
0.026899
0.027722
0.028158
0.027619
0.024804
0.023893
0.025399
0.029376
0.024512
0.028497
0.026624
0.027329
0.028112
0.024774
0.026555
0.027826
0.024419
0.023101
0.026921
0.023068
0.025968
0.026540
0.027664
0.024469
0.029694
0.028401
0.025580
0.026063
0.028074
0.023345
0.025101
0.027341
0.028207
0.026873
0.027460
0.025253
0.027895
0.026779
0.025851
0.025627
0.023421
0.026149
0.026188
0.027506
0.025638
0.024287
0.022605
0.025695
0.025346
0.024570
0.027220
0.025696
0.026931
0.024549
0.023971
0.024401
0.026890
0.025688
0.025695
0.023583
0.025355
0.023824
0.026621
0.024808
0.024553
0.025356
0.023914
0.020008
0.025660
0.024132
0.023849
0.024869
0.021305
0.023453
0.023426
0.023841
0.024221
0.024031
0.026057
0.024671
0.023001
0.024972
0.026283
0.023588
0.022851
0.023602
0.027446
0.024725
0.026438
0.028091
0.027336
0.024734
0.025913
0.026397
0.027977
0.026861
0.030136
0.026971
0.026092
0.025895
0.028561
0.026447
0.027896
0.027373
0.026150
0.028278
0.027122
0.025769
0.028422
0.027642
0.028274
0.026753
0.026439
0.026931
0.026135
0.025826
0.024326
0.024833
0.025536
0.025670
0.024718
0.026757
0.025216
0.024037
0.027308
0.028841
0.026490
0.023002
0.024509
0.026086
0.022573
0.024613
0.027100
0.023225
0.025107
0.024597
0.022506
0.024461
0.027106
0.026034
0.026288
0.026766
0.025831
0.024497
0.025649
0.026304
0.025115
0.026882
0.026945
0.024955
0.025101
0.024303
0.027931
0.023547
0.029177
0.024864
0.024748
0.026479
0.024523
0.024594
0.023640
0.025653
0.025111
0.027329
0.026152
0.026938
0.027435
0.025850
0.023159
0.023246
0.023836
0.024818
0.023079
0.022727
0.026424
0.025713
0.024986
0.024107
0.025208
0.025887
0.023785
0.025217
0.025040
0.024599
0.025440
0.024368
0.023880
0.021729
0.022448
0.023237
0.025483
0.025635
0.021188
0.025087
0.026165
0.025438
0.023551
0.025168
0.024654
0.021260
0.022593
0.024984
0.024090
0.026335
0.023519
0.026035
0.023396
0.025533
0.025906
0.022514
0.023732
0.025668
0.024885
0.023423
0.024391
0.025659
0.023454
0.022906
0.025772
0.025686
0.023278
0.021780
0.023242
0.023110
0.022539
0.024710
0.022814
0.025001
0.023659
0.025343
0.024978
0.021602
0.024612
0.023628
0.021256
0.023852
0.025155
0.022241
0.022370
0.020048
0.023854
0.025439
0.023445
0.022706
0.024187
0.024785
0.023652
0.025974
0.024887
0.024449
0.023891
0.024896
0.022698
0.024837
0.023092
0.023897
0.022075
0.022600
0.025553
0.026167
0.024233
0.026207
0.023250
0.021328
0.024700
0.025306
0.025013
0.022499
0.024314
0.025803
0.022433
0.025746
0.025212
0.024437
0.024735
0.024960
0.022967
0.023416
0.022485
0.023146
0.026539
0.023060
0.022862
0.024916
0.022998
0.023963
0.024402
0.022878
0.022596
0.022044
0.024478
0.023451
0.022353
0.022494
0.024040
0.022945
0.023106
0.021139
0.024965
0.026692
0.023283
0.025504
0.026100
0.025306
0.023258
0.023643
0.023319
0.023505
0.022818
0.023769
0.024016
0.023245
0.022648
0.023910
0.024643
0.024250
0.024502
0.025610
0.023807
0.023251
0.021482
0.021687
0.026220
0.024563
0.021104
0.021615
0.021475
0.022538
0.021650
0.022791
0.022845
0.020472
0.025888
0.022591
0.023092
0.024441
0.023911
0.022219
0.026675
0.021504
0.024093
0.027284
0.027387
0.026897
0.024058
0.022097
0.020134
0.024783
0.022879
0.023696
0.024237
0.024926
0.021991
0.020859
0.024472
0.022323
0.024028
0.024871
0.025297
0.022706
0.024565
0.024278
0.022277
0.023305
0.021993
0.024562
0.022166
0.024656
0.022284
0.022041
0.023520
0.024325
0.025265
0.024425
0.024354
0.024262
0.023101
0.022545
0.022070
0.023463
0.024607
0.024251
0.021941
0.022592
0.021088
0.024899
0.022405
0.023992
0.023121
0.022588
0.022675
0.021181
0.023364
0.023689
0.022902
0.023038
0.021563
0.024049
0.023732
0.020399
0.022448
0.021216
0.023404
0.022020
0.023646
0.022080
0.022832
0.022225
0.023123
0.022822
0.020203
0.022169
0.020620
0.021509
0.021171
0.022524
0.019884
0.020325
0.020264
0.021416
0.021902
0.021626
0.022242
0.023468
0.023774
0.023428
0.022080
0.021141
0.021699
0.024148
0.022004
0.023401
0.023838
0.022267
0.023672
0.025322
0.023650
0.024041
0.023180
0.024039
0.023672
0.021573
0.021315
0.023642
0.021575
0.020136
0.023607
0.020078
0.019220
0.022289
0.022515
0.022279
0.022190
0.023254
0.022510
0.020999
0.023148
0.021386
0.022157
0.024986
0.020097
0.021490
0.019634
0.020843
0.020413
0.022915
0.020989
0.024317
0.022392
0.024931
0.021959
0.022223
0.023646
0.019143
0.022254
0.023452
0.024256
0.022010
0.020800
0.023292
0.021209
0.023280
0.023009
0.025033
0.023316
0.024014
0.023992
0.022186
0.024523
0.025002
0.024881
0.022532
0.024072
0.026056
0.025517
0.023143
0.021669
0.023891
0.023219
0.025055
0.022100
0.022622
0.022967
0.023404
0.024705
0.023946
0.025340
0.025405
0.026413
0.023562
0.023883
0.022890
0.024624
0.024321
0.024491
0.021926
0.024760
0.023637
0.023005
0.023191
0.022219
0.022207
0.021369
0.019526
0.020491
0.021607
0.023840
0.024198
0.025145
0.025101
0.024738
0.025443
0.022831
0.020682
0.020697
0.022320
0.023354
0.025653
0.024029
0.022896
0.025320
0.024033
0.023882
0.021193
0.023912
0.023699
0.022426
0.022162
0.025825
0.023490
0.022969
0.026713
0.025893
0.023615
0.023392
0.023273
0.023387
0.024104
0.023626
0.022058
0.025528
0.022500
0.024161
0.023302
0.025184
0.023124
0.023377
0.025371
0.022947
0.021664
0.023101
0.023106
0.023188
0.023334
0.023341
0.021081
0.024548
0.021773
0.025483
0.023190
0.022473
0.023937
0.023264
0.024758
0.022318
0.022113
0.021413
0.023437
0.022650
0.022112
0.023219
0.022821
0.020398
0.020269
0.021728
0.020295
0.022014
0.021445
0.021428
0.021960
0.020564
0.020914
0.020237
0.020513
0.020236
0.021268
0.019941
0.022326
0.020419
0.020093
0.019959
0.021655
0.021666
0.020299
0.021044
0.021531
0.020445
0.020963
0.020271
0.021638
0.018737
0.022223
0.019345
0.018855
0.018981
0.020581
0.018952
0.019185
0.020227
0.021137
0.020757
0.020504
0.019882
0.019816
0.020535
0.021086
0.020271
0.019973
0.023071
0.021025
0.020052
0.019202
0.021348
0.019818
0.021199
0.021365
0.020648
0.020432
0.017827
0.020298
0.022740
0.023165
0.018889
0.021081
0.016985
0.019145
0.017266
0.016438
0.017446
0.018692
0.020707
0.017138
0.016518
0.018407
0.017553
0.020157
0.019425
0.018103
0.017738
0.018214
0.020063
0.016334
0.018885
0.017360
0.020935
0.018008
0.016925
0.018332
0.019342
0.018020
0.020258
0.018503
0.017632
0.016349
0.017424
0.018309
0.019047
0.019157
0.019139
0.019411
0.018317
0.017642
0.016557
0.016707
0.018754
0.016436
0.016890
0.018491
0.017074
0.017572
0.019227
0.017194
0.016881
0.018728
0.020345
0.018936
0.019349
0.020327
0.019773
0.019102
0.017152
0.016299
0.016137
0.019101
0.017750
0.019055
0.018756
0.019485
0.016598
0.018710
0.016363
0.016278
0.017147
0.017644
0.017881
0.017538
0.017666
0.017568
0.016266
0.017336
0.016882
0.018746
0.016914
0.016378
0.016273
0.017586
0.017595
0.017164
0.016868
0.017552
0.018401
0.018693
0.016678
0.018184
0.019782
0.018762
0.017694
0.018956
0.017635
0.018342
0.017691
0.016769
0.015788
0.019353
0.016301
0.020178
0.019019
0.020096
0.019406
0.016100
0.016094
0.017724
0.018537
0.017286
0.016743
0.018387
0.016783
0.017699
0.018314
0.016547
0.018774
0.017151
0.018312
0.016381
0.017065
0.016889
0.018069
0.018484
0.016132
0.017305
0.017508
0.017311
0.015392
0.015908
0.016373
0.018053
0.015829
0.015556
0.016279
0.018020
0.015839
0.019110
0.018173
0.017484
0.016281
0.016014
0.018489
0.018580
0.017424
0.016501
0.017288
0.016958
0.018303
0.017226
0.017118
0.018050
0.016965
0.017087
0.016969
0.018993
0.018195
0.018339
0.015634
0.015582
0.017212
0.015983
0.015722
0.017714
0.017167
0.018124
0.016594
0.018163
0.017462
0.018766
0.019055
0.018319
0.018798
0.018134
0.017768
0.016845
0.017786
0.019323
0.018081
0.017141
0.018698
0.016078
0.016832
0.016884
0.017795
0.018175
0.017940
0.017507
0.018144
0.016629
0.015339
0.015937
0.014742
0.014667
0.015209
0.015126
0.015702
0.017085
0.015039
0.017417
0.017665
0.015690
0.016206
0.015388
0.016253
0.015651
0.016732
0.018196
0.018320
0.016568
0.018189
0.015995
0.016293
0.016685
0.017236
0.017408
0.014433
0.014550
0.016611
0.014805
0.015750
0.016212
0.018447
0.015656
0.017583
0.016404
0.016944
0.015765
0.016431
0.017702
0.016465
0.016730
0.016852
0.013632
0.015098
0.014580
0.015046
0.014719
0.013471
0.015690
0.014283
0.014432
0.016244
0.014733
0.016280
0.016367
0.013545
0.014751
0.015798
0.015556
0.016999
0.014272
0.014552
0.014377
0.014500
0.015204
0.014828
0.016202
0.017395
0.015667
0.014987
0.015860
0.015240
0.016425
0.016694
0.015311
0.015096
0.016144
0.015801
0.015180
0.016378
0.016621
0.016099
0.016046
0.016357
0.016626
0.017917
0.016243
0.015677
0.015803
0.014081
0.014149
0.014931
0.013874
0.014694
0.016712
0.017674
0.018525
0.016457
0.017451
0.016012
0.015887
0.015280
0.014648
0.015841
0.015865
0.015280
0.015419
0.016447
0.014989
0.016451
0.017125
0.016856
0.015320
0.016875
0.014959
0.016809
0.017329
0.017784
0.016549
0.017051
0.016586
0.018495
0.016560
0.015833
0.016586
0.017451
0.017055
0.017514
0.016731
0.016796
0.015760
0.016811
0.016481
0.017281
0.016791
0.016259
0.017344
0.015672
0.014717
0.015900
0.016649
0.014521
0.016079
0.014960
0.015858
0.015827
0.014613
0.016123
0.014676
0.015632
0.014850
0.015321
0.016491
0.017941
0.017114
0.016188
0.016235
0.015782
0.015926
0.016988
0.015940
0.017319
0.017172
0.018041
0.016704
0.015878
0.016582
0.017350
0.017123
0.016643
0.017584
0.016096
0.016008
0.016156
0.015112
0.015951
0.017327
0.016221
0.017839
0.017675
0.018258
0.016611
0.018541
0.018833
0.019248
0.018517
0.019029
0.017040
0.017948
0.015368
0.016753
0.016038
0.015770
0.015087
0.015732
0.015364
0.016182
0.015728
0.016282
0.015696
0.015517
0.017187
0.015809
0.018448
0.016242
0.015608
0.016890
0.017111
0.016842
0.016271
0.015647
0.016296
0.015050
0.015240
0.017131
0.014259
0.014800
0.014870
0.016161
0.015627
0.015348
0.015034
0.015546
0.014711
0.014791
0.013853
0.013238
0.015319
0.014378
0.013679
0.015865
0.016170
0.014338
0.015877
0.014982
0.013974
0.015682
0.016376
0.013592
0.016119
0.015537
0.016399
0.014923
0.016645
0.015543
0.014766
0.016413
0.014600
0.016483
0.017635
0.015856
0.015247
0.016768
0.016759
0.016821
0.017821
0.016906
0.016496
0.015551
0.016177
0.017127
0.016143
0.015546
0.015756
0.014623
0.016241
0.015674
0.017652
0.016943
0.016970
0.017189
0.017772
0.017127
0.016554
0.018231
0.016462
0.015388
0.017570
0.015513
0.016091
0.016090
0.015027
0.015674
0.017102
0.016986
0.014473
0.015084
0.015419
0.016444
0.015362
0.015762
0.016158
0.017269
0.017176
0.018496
0.015508
0.016674
0.015137
0.016345
0.016645
0.014767
0.016255
0.014678
0.015164
0.015742
0.016069
0.016083
0.017093
0.017966
0.015689
0.017335
0.015841
0.015613
0.015353
0.017216
0.017502
0.015378
0.018129
0.016223
0.017030
0.017582
0.018532
0.017495
0.017716
0.018187
0.016351
0.017209
0.016734
0.017273
0.018598
0.017634
0.017785
0.016074
0.015562
0.014773
0.017016
0.016532
0.015694
0.017007
0.014808
0.015028
0.016122
0.013513
0.014338
0.013964
0.015912
0.015700
0.015482
0.014428
0.015696
0.016236
0.016081
0.015133
0.013530
0.014034
0.013791
0.014276
0.013805
0.015182
0.013198
0.014795
0.015014
0.014111
0.015075
0.015331
0.014771
0.015196
0.013834
0.014154
0.014141
0.014850
0.015160
0.013694
0.013990
0.014362
0.014379
0.015210
0.013823
0.015333
0.013435
0.015112
0.013522
0.015409
0.014334
0.015139
0.014530
0.015324
0.017114
0.015159
0.014331
0.014619
0.013112
0.013662
0.013814
0.013808
0.015785
0.015603
0.014170
0.013876
0.014670
0.013154
0.013362
0.013562
0.013539
0.012793
0.013227
0.012910
0.013168
0.012872
0.014025
0.014798
0.013137
0.014303
0.014232
0.014615
0.015589
0.013531
0.014513
0.015420
0.014558
0.014871
0.014658
0.015133
0.014825
0.017035
0.014765
0.015053
0.015478
0.015244
0.016206
0.017058
0.015044
0.014692
0.013802
0.014512
0.014408
0.013790
0.013797
0.013960
0.013812
0.015979
0.015574
0.013572
0.015903
0.016239
0.013052
0.012991
0.014189
0.015368
0.014145
0.012881
0.013654
0.014457
0.013747
0.013713
0.013985
0.014119
0.013400
0.015172
0.015306
0.014529
0.014849
0.015237
0.014007
0.013874
0.013644
0.014423
0.014101
0.014005
0.015369
0.015198
0.015736
0.013546
0.015781
0.013020
0.014001
0.015184
0.016267
0.015869
0.014404
0.016711
0.016062
0.016037
0.016568
0.016932
0.015915
0.016946
0.014989
0.014740
0.015289
0.016334
0.014942
0.015658
0.016487
0.015568
0.014852
0.014500
0.014163
0.016399
0.014093
0.014615
0.014915
0.013864
0.015072
0.014784
0.014482
0.014548
0.015444
0.016684
0.015646
0.015093
0.015818
0.016897
0.016397
0.015262
0.015334
0.015703
0.016007
0.016804
0.016584
0.017053
0.017171
0.017027
0.015577
0.015881
0.015047
0.016505
0.015805
0.015316
0.016038
0.015772
0.016573
0.016010
0.016922
0.015998
0.016439
0.017626
0.015522
0.015756
0.016253
0.014985
0.017027
0.015203
0.015684
0.014945
0.014417
0.015172
0.014164
0.015746
0.014937
0.015435
0.015297
0.014482
0.014540
0.014870
0.015147
0.015841
0.015987
0.015665
0.017334
0.016921
0.017356
0.017607
0.017752
0.015408
0.015184
0.015499
0.015438
0.015525
0.014899
0.015807
0.015967
0.016517
0.016425
0.014902
0.015097
0.013823
0.015883
0.014005
0.016011
0.014228
0.014305
0.014345
0.015483
0.013584
0.014781
0.015606
0.014919
0.016303
0.016393
0.015615
0.016860
0.016402
0.015357
0.016318
0.014869
0.016831
0.016266
0.016970
0.015058
0.015383
0.015720
0.016214
0.015157
0.015932
0.016351
0.015922
0.014650
0.017278
0.016959
0.016949
0.015388
0.014837
0.015842
0.015680
0.014948
0.015687
0.014459
0.015051
0.015715
0.016182
0.014960
0.013689
0.015968
0.015605
0.013885
0.014712
0.014487
0.013610
0.013482
0.015684
0.015727
0.014976
0.015081
0.013969
0.014432
0.014595
0.013797
0.014895
0.015734
0.015455
0.015669
0.015249
0.013757
0.014597
0.016268
0.014537
0.014789
0.017231
0.014928
0.014172
0.015341
0.016499
0.014998
0.015585
0.015717
0.014871
0.015119
0.014245
0.013665
0.013581
0.014985
0.015920
0.014406
0.013100
0.014030
0.013368
0.015044
0.013169
0.014947
0.014380
0.014175
0.013698
0.013023
0.014254
0.015468
0.014968
0.013921
0.013870
0.014262
0.014288
0.013284
0.013855
0.015439
0.013747
0.015257
0.015708
0.014436
0.014125
0.016083
0.014429
0.015680
0.014109
0.014713
0.015719
0.015610
0.015284
0.014773
0.013597
0.014478
0.014610
0.015868
0.015383
0.016334
0.015359
0.015172
0.015762
0.015382
0.015029
0.015409
0.014791
0.013397
0.013584
0.013512
0.015260
0.015020
0.014613
0.013435
0.013480
0.013565
0.014883
0.015317
0.013793
0.016289
0.015940
0.014963
0.015439
0.015315
0.016005
0.013770
0.014868
0.014876
0.014658
0.014928
0.014946
0.013872
0.013618
0.014155
0.013312
0.014548
0.013853
0.014205
0.014673
0.014729
0.015281
0.015554
0.014515
0.014727
0.015052
0.013505
0.015177
0.013684
0.014661
0.015041
0.015377
0.013609
0.015398
0.015660
0.016141
0.014764
0.015093
0.012845
0.014554
0.015083
0.014619
0.013334
0.014209
0.012688
0.014598
0.013767
0.013690
0.013861
0.013395
0.012979
0.013650
0.014472
0.015568
0.013969
0.015472
0.014318
0.014772
0.013512
0.013658
0.013783
0.014543
0.013473
0.014286
0.013651
0.013642
0.014379
0.013895
0.013629
0.015620
0.014839
0.013843
0.015114
0.014166
0.014949
0.014981
0.015433
0.014218
0.015486
0.015656
0.014837
0.014477
0.015615
0.015137
0.015564
0.016587
0.015591
0.016342
0.015516
0.014472
0.015584
0.016609
0.015409
0.017031
0.016092
0.016617
0.015755
0.016359
0.014592
0.015389
0.015405
0.015323
0.014545
0.014932
0.015773
0.015460
0.015889
0.013888
0.014479
0.014988
0.015355
0.013760
0.014872
0.015154
0.013635
0.014751
0.013620
0.014415
0.015603
0.014564
0.015885
0.016013
0.014192
0.013972
0.013717
0.014255
0.014015
0.013523
0.014023
0.014185
0.014967
0.013481
0.013549
0.013688
0.014275
0.014500
0.013415
0.014940
0.014666
0.015372
0.013681
0.014366
0.013777
0.014177
0.014486
0.014761
0.014731
0.016427
0.016167
0.015983
0.014515
0.013709
0.014759
0.015935
0.015093
0.015921
0.014937
0.013155
0.013132
0.013564
0.015105
0.014562
0.014868
0.013845
0.014464
0.013306
0.014923
0.013810
0.014490
0.013966
0.013678
0.014211
0.014226
0.014895
0.015208
0.014019
0.014162
0.013961
0.013224
0.013841
0.013945
0.014973
0.015418
0.013734
0.014503
0.014650
0.013303
0.014288
0.014759
0.014071
0.013914
0.013334
0.014331
0.014268
0.014564
0.013759
0.013700
0.014747
0.013297
0.013497
0.013876
0.014457
0.014459
0.015037
0.016075
0.014964
0.014917
0.015077
0.015206
0.015510
0.014911
0.014177
0.015669
0.015711
0.015828
0.015686
0.015180
0.014333
0.015441
0.014493
0.014725
0.015283
0.015576
0.015115
0.015462
0.015413
0.015248
0.015561
0.015405
0.015832
0.015014
0.015047
0.015757
0.015704
0.014588
0.013861
0.014418
0.015176
0.014914
0.014747
0.014208
0.015681
0.015445
0.015320
0.015291
0.015636
0.016240
0.015280
0.015167
0.015718
0.017207
0.015831
0.017135
0.015594
0.014387
0.015075
0.013906
0.014273
0.013823
0.015257
0.014937
0.015240
0.014410
0.016060
0.016490
0.016341
0.015864
0.016334
0.016887
0.016496
0.015892
0.015117
0.015966
0.014923
0.014241
0.015357
0.014829
0.015190
0.014306
0.014216
0.015880
0.014775
0.013879
0.013589
0.013839
0.015040
0.013841
0.013729
0.014819
0.016401
0.015283
0.015280
0.014597
0.015173
0.014128
0.014001
0.014139
0.013616
0.013434
0.012818
0.014639
0.013183
0.013824
0.014184
0.014715
0.014109
0.014883
0.015481
0.015413
0.014218
0.016558
0.014568
0.014377
0.014127
0.013905
0.013846
0.013889
0.014104
0.013760
0.013862
0.013366
0.013513
0.013227
0.014224
0.013482
0.012984
0.013726
0.014042
0.015643
0.014656
0.013840
0.014082
0.013749
0.014005
0.014157
0.013604
0.013976
0.013004
0.014115
0.014900
0.013351
0.013252
0.013593
0.012919
0.014539
0.013966
0.013563
0.013179
0.014116
0.013025
0.013594
0.013487
0.012663
0.012949
0.014094
0.012505
0.013709
0.013182
0.013163
0.013173
0.013208
0.012825
0.013781
0.014007
0.013083
0.014274
0.012938
0.012745
0.012295
0.013084
0.011706
0.012664
0.012935
0.013521
0.013655
0.013064
0.013950
0.014246
0.013882
0.014799
0.013936
0.013533
0.013704
0.014999
0.012874
0.013270
0.012735
0.013204
0.013043
0.013201
0.013194
0.013370
0.013237
0.013206
0.012201
0.013108
0.013535
0.013621
0.012018
0.012680
0.012837
0.012949
0.012553
0.012312
0.013596
0.012972
0.015048
0.014295
0.012999
0.013712
0.012591
0.012597
0.012507
0.014119
0.013424
0.012665
0.011855
0.011983
0.013096
0.012105
0.014423
0.012357
0.012941
0.013729
0.012248
0.013079
0.013514
0.012757
0.011944
0.013093
0.013358
0.014162
0.014274
0.014116
0.014452
0.014284
0.014819
0.014132
0.014494
0.014857
0.015269
0.014206
0.013808
0.014260
0.013559
0.013323
0.014604
0.014175
0.013925
0.014155
0.013820
0.014406
0.013545
0.014070
0.013111
0.013141
0.014826
0.015301
0.013596
0.013809
0.014649
0.013557
0.014140
0.013677
0.012797
0.014693
0.013737
0.012868
0.013979
0.014054
0.013698
0.013932
0.013700
0.014133
0.014242
0.014807
0.013862
0.013175
0.013969
0.012930
0.014300
0.015531
0.014064
0.013367
0.013421
0.014117
0.014635
0.014331
0.014434
0.014140
0.015301
0.013980
0.013882
0.014354
0.014560
0.013941
0.014320
0.014433
0.013760
0.013600
0.013693
0.015049
0.015000
0.014077
0.014131
0.013724
0.013844
0.012616
0.012106
0.013011
0.012586
0.012999
0.013435
0.013758
0.013396
0.012875
0.013482
0.012414
0.014669
0.014518
0.015576
0.014459
0.013671
0.015135
0.014418
0.015157
0.014704
0.013657
0.014294
0.013550
0.012882
0.013721
0.012705
0.013974
0.014145
0.013958
0.013363
0.014717
0.013997
0.013366
0.014391
0.013436
0.014051
0.014270
0.013803
0.015308
0.014507
0.014577
0.013344
0.013549
0.013989
0.014954
0.014870
0.015124
0.014832
0.013871
0.014104
0.013174
0.015260
0.014468
0.013989
0.013518
0.013517
0.014817
0.014857
0.015404
0.014940
0.015357
0.014237
0.014365
0.015928
0.014933
0.013312
0.014573
0.014708
0.013736
0.014246
0.014362
0.013168
0.014098
0.013359
0.014187
0.014157
0.014457
0.014351
0.014971
0.014752
0.014856
0.015074
0.014849
0.014858
0.013692
0.013217
0.014417
0.012812
0.013341
0.014409
0.013591
0.013748
0.014355
0.015137
0.013892
0.013476
0.015000
0.014785
0.014604
0.014484
0.014227
0.014175
0.014061
0.014768
0.015390
0.013874
0.014602
0.015178
0.014021
0.013909
0.013472
0.014057
0.013869
0.014783
0.014712
0.013806
0.014096
0.014508
0.014571
0.015533
0.014723
0.014306
0.014553
0.014280
0.014746
0.014796
0.014984
0.014211
0.015156
0.014390
0.014809
0.014094
0.013234
0.012951
0.013113
0.013301
0.013609
0.013983
0.013573
0.013301
0.013775
0.012906
0.013800
0.013683
0.013533
0.012235
0.014061
0.014620
0.013211
0.013547
0.014491
0.014122
0.015001
0.014498
0.014338
0.013030
0.014552
0.014212
0.013399
0.013684
0.014634
0.013782
0.014286
0.014009
0.014959
0.015474
0.015145
0.014489
0.013433
0.014033
0.014943
0.014878
0.014421
0.014844
0.014722
0.013007
0.013262
0.014389
0.013626
0.013875
0.014315
0.013249
0.013754
0.014845
0.014263
0.015359
0.015066
0.014239
0.015431
0.014915
0.014499
0.014672
0.014455
0.015418
0.014696
0.014113
0.014026
0.014657
0.014106
0.013386
0.013962
0.014603
0.014574
0.013960
0.012501
0.012448
0.013467
0.012916
0.013501
0.013472
0.013732
0.013564
0.014089
0.013730
0.012915
0.013227
0.013956
0.013714
0.013993
0.012931
0.012986
0.012320
0.013137
0.013242
0.013626
0.014405
0.014259
0.014590
0.014356
0.013402
0.014169
0.015271
0.015879
0.015774
0.014535
0.014799
0.013991
0.013931
0.014026
0.014605
0.015040
0.015017
0.014377
0.014107
0.014059
0.013584
0.014133
0.013670
0.013847
0.013787
0.014105
0.013979
0.014765
0.013496
0.014596
0.014567
0.014953
0.014571
0.015400
0.015401
0.013942
0.014886
0.015033
0.014077
0.014229
0.015136
0.013917
0.014975
0.013940
0.014111
0.015866
0.015843
0.015071
0.015376
0.015523
0.015411
0.015114
0.015750
0.014933
0.015521
0.015477
0.015279
0.014650
0.014107
0.014364
0.013058
0.014263
0.014050
0.013870
0.013379
0.014303
0.013904
0.013206
0.014131
0.012910
0.014112
0.013367
0.013656
0.014073
0.013475
0.012945
0.013887
0.012993
0.013617
0.013424
0.014353
0.013869
0.013777
0.013504
0.013681
0.013428
0.012999
0.013150
0.013710
0.013571
0.013290
0.014640
0.015023
0.014318
0.013987
0.014303
0.013805
0.013827
0.013488
0.014426
0.014299
0.014618
0.014309
0.013847
0.013278
0.013304
0.013383
0.012343
0.012401
0.012801
0.014206
0.013543
0.013457
0.012621
0.014396
0.014478
0.014269
0.013642
0.014281
0.013659
0.013866
0.014196
0.013629
0.012857
0.013102
0.012937
0.014646
0.013761
0.014514
0.013956
0.014026
0.013841
0.014731
0.014212
0.013507
0.014543
0.014014
0.013438
0.013789
0.013862
0.013757
0.014237
0.013612
0.012584
0.013167
0.013159
0.012863
0.012753
0.013189
0.013081
0.013234
0.012680
0.013259
0.012403
0.013701
0.014048
0.013178
0.013940
0.012535
0.012745
0.012785
0.013240
0.013920
0.013496
0.013979
0.012472
0.013090
0.012067
0.012082
0.012253
0.011803
0.012267
0.012821
0.013422
0.014256
0.013772
0.014373
0.014221
0.014517
0.014546
0.013868
0.013551
0.013266
0.013877
0.013509
0.014156
0.013504
0.013619
0.014187
0.015293
0.014195
0.014397
0.014808
0.015343
0.015226
0.014235
0.014686
0.014022
0.014170
0.014624
0.014698
0.014356
0.014447
0.013701
0.014534
0.014717
0.014772
0.014242
0.013298
0.013534
0.013535
0.014527
0.013923
0.013374
0.013228
0.012764
0.013687
0.014329
0.014351
0.014211
0.014671
0.014966
0.014433
0.014381
0.015000
0.013889
0.014127
0.014456
0.013593
0.013433
0.013733
0.013744
0.013623
0.013329
0.014209
0.013989
0.014492
0.012931
0.012640
0.012945
0.012606
0.012518
0.013654
0.013244
0.012987
0.012438
0.014164
0.013291
0.012563
0.013176
0.012386
0.012503
0.012256
0.012882
0.012450
0.012303
0.013143
0.013960
0.013287
0.012763
0.013139
0.014133
0.014506
0.012939
0.013943
0.012168
0.011931
0.013269
0.012846
0.012718
0.012345
0.012062
0.013097
0.012405
0.013460
0.012719
0.012877
0.012710
0.012267
0.011379
0.012718
0.012620
0.012880
0.012161
0.013224
0.012757
0.012454
0.011085
0.012829
0.012758
0.013089
0.012458
0.012302
0.012902
0.013458
0.013787
0.014217
0.014126
0.013343
0.013233
0.013745
0.013478
0.013446
0.014199
0.013803
0.013606
0.013504
0.013193
0.014006
0.013234
0.013511
0.013646
0.013533
0.014490
0.014226
0.014227
0.014173
0.013891
0.013711
0.013851
0.013371
0.013694
0.013488
0.014301
0.014049
0.014800
0.014319
0.014786
0.014697
0.013973
0.014230
0.013659
0.014519
0.013621
0.014227
0.013969
0.014300
0.014515
0.015912
0.015414
0.014356
0.014291
0.013819
0.014079
0.014059
0.014310
0.014124
0.014346
0.014142
0.014643
0.014282
0.013656
0.013485
0.013562
0.012958
0.013795
0.013871
0.014746
0.013269
0.013693
0.014783
0.013478
0.013639
0.013682
0.013863
0.013348
0.014141
0.014603
0.014217
0.013699
0.013946
0.013400
0.013089
0.013959
0.013698
0.013397
0.013942
0.013927
0.013756
0.013507
0.014412
0.014791
0.013587
0.014169
0.014608
0.014261
0.014875
0.014427
0.013626
0.014246
0.012474
0.013302
0.013794
0.014694
0.013884
0.014684
0.013864
0.014584
0.013941
0.013280
0.014439
0.014813
0.015638
0.014281
0.014472
0.013967
0.014346
0.015525
0.014647
0.015238
0.013779
0.013577
0.012554
0.013413
0.013483
0.014038
0.013474
0.012985
0.013688
0.013612
0.013897
0.013228
0.013148
0.014100
0.012787
0.014306
0.013255
0.013637
0.014807
0.014341
0.014393
0.013976
0.013739
0.013562
0.014020
0.013712
0.013672
0.014318
0.012977
0.013826
0.014022
0.014278
0.013957
0.014328
0.014079
0.014589
0.014073
0.013443
0.014407
0.013813
0.014137
0.014968
0.013689
0.014007
0.013321
0.014021
0.014119
0.013990
0.013881
0.013792
0.013734
0.014031
0.013346
0.013400
0.013509
0.013669
0.013245
0.014439
0.012958
0.013310
0.012867
0.013482
0.012924
0.012599
0.014216
0.013372
0.013336
0.013296
0.014024
0.013986
0.013689
0.014236
0.013834
0.014502
0.014019
0.013121
0.013671
0.013470
0.014011
0.013273
0.012669
0.013559
0.013420
0.013587
0.013125
0.012952
0.012298
0.012315
0.012639
0.013266
0.012960
0.012636
0.012189
0.013245
0.012895
0.013170
0.013357
0.013811
0.013193
0.012568
0.012406
0.011850
0.012720
0.012332
0.012168
0.012539
0.012800
0.012554
0.011982
0.011500
0.011952
0.012493
0.011728
0.012725
0.011740
0.012293
0.011971
0.011748
0.011825
0.011754
0.011391
0.011423
0.011452
0.011841
0.011929
0.012445
0.012456
0.011900
0.011855
0.012212
0.013618
0.013024
0.013072
0.012856
0.013183
0.013232
0.013790
0.013124
0.012785
0.012504
0.013204
0.013145
0.012059
0.011693
0.012240
0.012012
0.013370
0.012507
0.013183
0.012227
0.013984
0.014995
0.015108
0.015395
0.014941
0.014439
0.013694
0.014348
0.014419
0.014559
0.014590
0.014930
0.014066
0.013737
0.013626
0.013348
0.012391
0.012685
0.012526
0.013228
0.012634
0.011852
0.012520
0.012880
0.012905
0.013361
0.013300
0.013292
0.012611
0.012505
0.012524
0.013028
0.013016
0.013577
0.014168
0.013937
0.014019
0.013016
0.014287
0.014064
0.013689
0.013466
0.012912
0.013707
0.013121
0.013786
0.013442
0.012164
0.012707
0.012484
0.012791
0.012985
0.012713
0.012382
0.013666
0.013531
0.012147
0.012112
0.012914
0.012681
0.012323
0.012200
0.011778
0.012389
0.012617
0.012319
0.013178
0.012949
0.012619
0.012291
0.012319
0.013435
0.013362
0.013310
0.012472
0.011711
0.012132
0.011856
0.012126
0.013042
0.012367
0.012681
0.013370
0.012952
0.013035
0.013666
0.013281
0.012775
0.013150
0.013071
0.013290
0.013139
0.012616
0.014081
0.013341
0.012653
0.013344
0.012628
0.012872
0.012396
0.012798
0.013154
0.012288
0.012420
0.012732
0.012601
0.012810
0.013056
0.013140
0.013125
0.013020
0.013243
0.012670
0.012905
0.012630
0.012221
0.012858
0.013381
0.012505
0.012855
0.011799
0.012770
0.012503
0.012992
0.012318
0.012608
0.012779
0.013387
0.013012
0.013246
0.012350
0.012789
0.012381
0.012157
0.013466
0.012835
0.013371
0.013822
0.013133
0.013020
0.013565
0.013275
0.013196
0.014271
0.013668
0.013953
0.012904
0.013728
0.013437
0.012360
0.012511
0.012455
0.012294
0.012387
0.011382
0.012297
0.011950
0.012376
0.012611
0.012341
0.013170
0.012683
0.012466
0.012469
0.012794
0.012411
0.012531
0.012802
0.013359
0.013097
0.013351
0.013986
0.013035
0.013214
0.013453
0.012984
0.013099
0.013957
0.014186
0.014257
0.013821
0.014109
0.014020
0.013846
0.014424
0.013574
0.012905
0.013208
0.012766
0.012881
0.013235
0.013331
0.014552
0.014002
0.014456
0.013313
0.013874
0.014366
0.014760
0.014258
0.013089
0.013671
0.012987
0.012629
0.013387
0.013862
0.014169
0.013726
0.014199
0.014049
0.014620
0.013973
0.014265
0.014905
0.014710
0.014410
0.013541
0.012173
0.012901
0.013931
0.013485
0.013573
0.013445
0.013276
0.013349
0.013610
0.014266
0.014000
0.014100
0.013711
0.013313
0.013496
0.013873
0.013353
0.013432
0.013397
0.013813
0.014237
0.013848
0.013745
0.012741
0.013606
0.013350
0.013666
0.013048
0.013503
0.014309
0.013760
0.013189
0.012667
0.012702
0.012800
0.012931
0.012642
0.013382
0.013968
0.014023
0.013500
0.013517
0.013556
0.013710
0.014197
0.013677
0.012307
0.012962
0.012690
0.012465
0.013161
0.012818
0.013484
0.013128
0.012837
0.012817
0.012085
0.012670
0.012181
0.011750
0.011931
0.011584
0.012031
0.012231
0.011762
0.011612
0.011701
0.011912
0.012874
0.012649
0.011580
0.013003
0.012219
0.013231
0.011702
0.011337
0.011297
0.011586
0.011326
0.011595
0.012280
0.012511
0.012821
0.012087
0.012124
0.012184
0.012842
0.013220
0.012782
0.013603
0.013730
0.012924
0.013096
0.013531
0.014174
0.013748
0.014148
0.014109
0.014213
0.013815
0.013991
0.014169
0.012827
0.012626
0.013185
0.013179
0.013306
0.013073
0.012770
0.013187
0.013644
0.013302
0.013487
0.013865
0.013283
0.013332
0.013182
0.012941
0.014016
0.013789
0.013958
0.013281
0.013933
0.012665
0.013967
0.013487
0.012764
0.013349
0.013031
0.013760
0.012769
0.013641
0.013601
0.012650
0.013387
0.013087
0.012792
0.013302
0.012558
0.012600
0.013159
0.013189
0.012623
0.013800
0.014074
0.013740
0.012863
0.014029
0.014327
0.013543
0.013267
0.014053
0.013700
0.014052
0.013934
0.014268
0.013530
0.014066
0.013716
0.013826
0.013175
0.013331
0.014090
0.013908
0.013569
0.013553
0.013739
0.013278
0.014028
0.013356
0.013052
0.013141
0.013168
0.012954
0.013242
0.013003
0.012748
0.013159
0.013338
0.013304
0.012776
0.012597
0.013156
0.013933
0.013593
0.013466
0.013224
0.012854
0.012405
0.013416
0.013301
0.012509
0.013051
0.013832
0.013395
0.012512
0.012490
0.013610
0.013991
0.013220
0.013412
0.014166
0.013232
0.013376
0.014333
0.014806
0.014268
0.013928
0.013873
0.013996
0.013396
0.012770
0.012485
0.012771
0.011878
0.012203
0.012489
0.012129
0.012486
0.012326
0.012757
0.012388
0.012251
0.013173
0.013043
0.012361
0.012489
0.012819
0.012343
0.012509
0.012165
0.012691
0.012404
0.012737
0.012580
0.012429
0.012392
0.012909
0.012526
0.012561
0.012292
0.011910
0.012266
0.012402
0.012375
0.012551
0.012582
0.012355
0.012669
0.013214
0.012428
0.012733
0.012963
0.012490
0.012814
0.012794
0.013598
0.013609
0.012844
0.012649
0.012589
0.012975
0.012925
0.012563
0.012904
0.013995
0.014072
0.014330
0.014680
0.014412
0.014569
0.014666
0.014027
0.013959
0.013641
0.014003
0.013214
0.012747
0.013258
0.012766
0.013547
0.012620
0.012579
0.012800
0.012556
0.011750
0.011915
0.012497
0.012821
0.012836
0.013620
0.012935
0.013411
0.012855
0.013544
0.012872
0.013003
0.013214
0.012670
0.012599
0.012315
0.012461
0.012577
0.013010
0.012299
0.011997
0.014092
0.014158
0.012583
0.012756
0.012876
0.013045
0.012933
0.012454
0.011941
0.012275
0.012897
0.012105
0.012233
0.011809
0.011630
0.012769
0.012184
0.013347
0.013576
0.013770
0.012915
0.013568
0.012476
0.012429
0.012385
0.012110
0.011973
0.012577
0.013533
0.012740
0.013026
0.013088
0.012611
0.012458
0.012486
0.011945
0.012823
0.011903
0.012803
0.012420
0.013421
0.012478
0.013059
0.012940
0.012698
0.013085
0.012823
0.012664
0.012268
0.013616
0.013209
0.012171
0.012597
0.012573
0.012565
0.012728
0.012030
0.011657
0.011907
0.010993
0.011098
0.011129
0.010980
0.012379
0.012481
0.012633
0.012192
0.012465
0.012919
0.012531
0.012611
0.012302
0.013064
0.013242
0.012526
0.013262
0.013175
0.012119
0.011324
0.011193
0.011948
0.012004
0.012483
0.012187
0.012661
0.012612
0.012486
0.012793
0.012485
0.013058
0.012863
0.012287
0.012234
0.011998
0.012687
0.011796
0.012888
0.012781
0.012462
0.012792
0.012629
0.013156
0.012059
0.012896
0.012123
0.012048
0.012440
0.011800
0.011541
0.011617
0.011692
0.011795
0.010792
0.010507
0.011679
0.011964
0.011873
0.012419
0.011815
0.011613
0.011415
0.011627
0.012044
0.012194
0.013191
0.013322
0.013631
0.013280
0.013611
0.014242
0.013485
0.013881
0.014329
0.014419
0.014333
0.013738
0.014162
0.013778
0.014279
0.014333
0.013434
0.014024
0.014215
0.014239
0.013682
0.013978
0.014922
0.015219
0.014351
0.014207
0.014276
0.014372
0.014151
0.013589
0.014058
0.012574
0.013588
0.012594
0.012792
0.013461
0.012883
0.012945
0.013748
0.013499
0.013574
0.014135
0.013194
0.013503
0.013381
0.012922
0.013155
0.013747
0.013431
0.013577
0.013009
0.012981
0.012918
0.013339
0.012788
0.013204
0.012370
0.012146
0.013206
0.012663
0.013502
0.013642
0.013644
0.014225
0.014350
0.013834
0.013687
0.014539
0.013918
0.013372
0.013717
0.013676
0.013647
0.012400
0.012382
0.011945
0.011698
0.012449
0.012402
0.012948
0.012661
0.012822
0.012430
0.011949
0.012292
0.012289
0.011886
0.011706
0.011284
0.012050
0.011723
0.012302
0.012140
0.011494
0.011251
0.011693
0.012366
0.012172
0.011914
0.011869
0.012358
0.012115
0.011990
0.012298
0.012694
0.012966
0.012349
0.012725
0.012388
0.012567
0.012738
0.013174
0.013162
0.013015
0.012843
0.013221
0.013834
0.014321
0.014528
0.014882
0.014531
0.012866
0.013594
0.013648
0.014360
0.014398
0.015673
0.015845
0.015043
0.014321
0.015390
0.013949
0.013379
0.013348
0.012929
0.012848
0.012923
0.013274
0.013160
0.013344
0.013264
0.012779
0.012582
0.013006
0.012920
0.012942
0.013118
0.013870
0.013851
0.012622
0.012663
0.013144
0.013371
0.013534
0.013686
0.013943
0.013353
0.012936
0.013128
0.012858
0.012456
0.012749
0.012829
0.013062
0.012336
0.012562
0.012581
0.012585
0.013426
0.012986
0.014276
0.013779
0.014162
0.013753
0.013687
0.014006
0.013788
0.014660
0.013900
0.013859
0.014797
0.013963
0.013849
0.013963
0.014614
0.013739
0.012743
0.012826
0.013226
0.014550
0.014947
0.015014
0.014173
0.013913
0.013115
0.012974
0.012958
0.012609
0.011876
0.011800
0.012255
0.013138
0.013614
0.014150
0.013026
0.013143
0.011844
0.012529
0.013000
0.012301
0.012841
0.012303
0.012976
0.012324
0.012262
0.012587
0.013132
0.013154
0.013022
0.013828
0.013889
0.013674
0.013963
0.014569
0.013443
0.014014
0.013469
0.013535
0.013435
0.013513
0.013671
0.013689
0.013812
0.013147
0.013409
0.012945
0.012943
0.012540
0.013461
0.012912
0.012260
0.012703
0.012354
0.013086
0.012782
0.012909
0.013218
0.013128
0.013450
0.013241
0.013397
0.013165
0.013694
0.013531
0.012967
0.013028
0.013443
0.013724
0.013624
0.013491
0.013409
0.012678
0.012537
0.013604
0.013938
0.013971
0.014759
0.014290
0.013948
0.014773
0.014552
0.014118
0.014295
0.014297
0.013847
0.013791
0.013268
0.013091
0.013068
0.013119
0.013742
0.012662
0.013197
0.013133
0.013491
0.014345
0.014609
0.014631
0.014717
0.014635
0.014560
0.013679
0.013154
0.013177
0.013517
0.013429
0.014462
0.013382
0.013361
0.012724
0.012714
0.012754
0.012947
0.013298
0.012805
0.013242
0.013389
0.013376
0.013263
0.012818
0.013196
0.012913
0.012630
0.012646
0.011971
0.013427
0.012778
0.012093
0.012222
0.013155
0.014334
0.013208
0.013088
0.013738
0.014438
0.014207
0.014380
0.013847
0.013626
0.014093
0.013712
0.014434
0.014094
0.014077
0.013675
0.013100
0.014049
0.013787
0.013734
0.014250
0.013526
0.013979
0.014361
0.013857
0.014175
0.013359
0.012867
0.014327
0.013940
0.012608
0.012761
0.012010
0.012419
0.011642
0.011882
0.013226
0.012548
0.013019
0.012407
0.012534
0.012836
0.013624
0.013571
0.013374
0.012784
0.012694
0.013282
0.014271
0.013603
0.013484
0.012802
0.013543
0.012955
0.012729
0.012811
0.011721
0.012314
0.012565
0.012622
0.012602
0.012662
0.013571
0.012128
0.013071
0.012127
0.013247
0.013517
0.012641
0.012661
0.012421
0.012691
0.013791
0.013561
0.013595
0.013659
0.013301
0.012067
0.013252
0.012634
0.012813
0.012542
0.013657
0.013306
0.012631
0.013018
0.012666
0.012660
0.012129
0.011626
0.011640
0.012095
0.011603
0.011364
0.011586
0.011113
0.011697
0.011589
0.011755
0.011356
0.011855
0.012766
0.012485
0.013374
0.013606
0.012969
0.013519
0.012637
0.013752
0.012827
0.013004
0.012270
0.013008
0.012989
0.013125
0.013090
0.014315
0.013559
0.014517
0.014011
0.014034
0.013611
0.013240
0.014251
0.014275
0.014264
0.014042
0.014117
0.013852
0.014114
0.012721
0.012970
0.012611
0.013246
0.012712
0.012260
0.012020
0.011950
0.013174
0.011866
0.013419
0.013471
0.013784
0.013402
0.013480
0.013601
0.013352
0.012824
0.012926
0.013378
0.012757
0.012291
0.012307
0.012131
0.012429
0.011898
0.011377
0.012070
0.012035
0.012101
0.012315
0.011591
0.012377
0.012465
0.013179
0.013397
0.012618
0.012738
0.012705
0.012931
0.013360
0.013202
0.012562
0.012478
0.012372
0.011946
0.012098
0.012876
0.012283
0.012063
0.011993
0.014094
0.013289
0.013599
0.013882
0.013741
0.013767
0.013724
0.014136
0.014545
0.014780
0.014586
0.014805
0.013894
0.014516
0.013161
0.012868
0.012984
0.012691
0.012387
0.012837
0.012598
0.012924
0.012929
0.012846
0.013341
0.013042
0.013312
0.013420
0.013815
0.014461
0.014584
0.014788
0.016288
0.014609
0.014358
0.013139
0.014023
0.013916
0.013987
0.014003
0.013448
0.013799
0.013680
0.013140
0.013670
0.012233
0.012892
0.013264
0.012522
0.012253
0.012626
0.013555
0.013283
0.013017
0.013742
0.013679
0.013674
0.013510
0.012876
0.013558
0.013884
0.013020
0.013293
0.013378
0.013603
0.013610
0.013500
0.013842
0.013540
0.013710
0.012800
0.012267
0.012611
0.012892
0.013056
0.012324
0.012172
0.011321
0.011393
0.012440
0.011732
0.012525
0.011593
0.011589
0.012038
0.012030
0.011941
0.012432
0.012388
0.012295
0.012865
0.012596
0.012741
0.012940
0.012829
0.013541
0.013443
0.013607
0.013359
0.013581
0.013911
0.013322
0.013583
0.013349
0.012612
0.013018
0.012167
0.012348
0.012337
0.012234
0.012707
0.012842
0.012286
0.012152
0.012853
0.012728
0.012946
0.012887
0.012957
0.013288
0.013066
0.013690
0.013327
0.013712
0.013946
0.013193
0.013387
0.013464
0.014689
0.014026
0.013711
0.014124
0.014575
0.013513
0.013574
0.013663
0.013658
0.013839
0.013928
0.014821
0.014966
0.015291
0.015022
0.014557
0.014100
0.014181
0.013206
0.012699
0.013394
0.013132
0.012701
0.013534
0.013076
0.013148
0.012699
0.012437
0.013189
0.012956
0.013232
0.012607
0.012442
0.012426
0.013159
0.013107
0.012861
0.013246
0.012691
0.012573
0.011775
0.011769
0.011504
0.011247
0.011684
0.011740
0.011965
0.011679
0.011690
0.012375
0.012516
0.012836
0.012062
0.013525
0.012958
0.013523
0.013193
0.013484
0.013726
0.013826
0.013700
0.013550
0.013628
0.014629
0.013948
0.013939
0.013901
0.013297
0.012635
0.012946
0.012217
0.012130
0.013192
0.012809
0.012547
0.012865
0.012620
0.012895
0.012881
0.012596
0.012786
0.011978
0.013013
0.012335
0.012408
0.012784
0.012654
0.012264
0.012657
0.012776
0.013120
0.013746
0.012806
0.013064
0.013332
0.012600
0.012586
0.012702
0.013477
0.012947
0.013087
0.012289
0.013207
0.012783
0.013202
0.014065
0.012740
0.013526
0.013614
0.013471
0.013693
0.013256
0.013550
0.013880
0.013715
0.013915
0.013672
0.013476
0.013396
0.013375
0.013750
0.013202
0.013934
0.013472
0.013250
0.013622
0.013286
0.012945
0.012842
0.012298
0.012171
0.011504
0.012101
0.012515
0.012734
0.012604
0.011793
0.012787
0.011949
0.013374
0.013098
0.012250
0.012903
0.012291
0.012506
0.011763
0.012866
0.011866
0.012855
0.012829
0.013070
0.012910
0.012678
0.012642
0.012730
0.012941
0.013082
0.012533
0.013011
0.012201
0.013270
0.013466
0.012921
0.013376
0.012821
0.013369
0.012045
0.012476
0.011932
0.012126
0.012112
0.012594
0.011750
0.012279
0.013094
0.013231
0.013706
0.012907
0.012337
0.013241
0.012807
0.013043
0.013933
0.014022
0.013413
0.013352
0.012959
0.012794
0.013204
0.012858
0.013283
0.013128
0.012802
0.013120
0.013453
0.013110
0.013727
0.013121
0.012435
0.012468
0.013467
0.012733
0.013056
0.013539
0.013713
0.014026
0.013253
0.013415
0.013477
0.012776
0.013074
0.012785
0.012680
0.012358
0.012378
0.012679
0.012452
0.012657
0.012943
0.013412
0.013147
0.013778
0.012900
0.012494
0.013214
0.013424
0.014081
0.014086
0.013675
0.013238
0.012638
0.013745
0.013703
0.014139
0.012947
0.014262
0.013773
0.013880
0.013486
0.013869
0.013828
0.013734
0.014427
0.013456
0.013984
0.014686
0.014844
0.014611
0.015458
0.014553
0.014115
0.013769
0.014221
0.013476
0.013696
0.013206
0.012883
0.012400
0.012462
0.012574
0.013154
0.012996
0.012347
0.012693
0.012039
0.012326
0.012528
0.013102
0.013108
0.011650
0.012750
0.011895
0.012502
0.012564
0.012505
0.013464
0.013591
0.013429
0.013211
0.013661
0.013056
0.012980
0.012267
0.012949
0.013812
0.012933
0.012887
0.012939
0.012321
0.012329
0.012775
0.012814
0.013671
0.012627
0.013784
0.012837
0.012927
0.013136
0.012721
0.012724
0.013475
0.013829
0.013888
0.014368
0.014175
0.013982
0.013596
0.013119
0.013243
0.013301
0.013253
0.013047
0.013679
0.013472
0.014242
0.013878
0.013468
0.013661
0.013247
0.014358
0.013146
0.014110
0.014226
0.013519
0.014582
0.014144
0.015205
0.014353
0.014714
0.014986
0.014446
0.014701
0.015099
0.014922
0.014333
0.015137
0.015274
0.014842
0.015078
0.015038
0.015133
0.014938
0.014253
0.013992
0.013134
0.013882
0.012943
0.013499
0.013780
0.013128
0.012548
0.012536
0.012861
0.012761
0.012861
0.012408
0.013573
0.012838
0.013387
0.013435
0.013439
0.013224
0.012385
0.013791
0.014071
0.013602
0.013530
0.012213
0.013157
0.012728
0.013727
0.014508
0.014579
0.015159
0.014971
0.014596
0.013214
0.013811
0.013600
0.013266
0.013609
0.014044
0.013529
0.013077
0.013794
0.013570
0.013503
0.014499
0.013947
0.013599
0.013775
0.012661
0.013085
0.012962
0.013169
0.012880
0.012420
0.012781
0.012859
0.012610
0.012432
0.013014
0.012618
0.013524
0.013439
0.014342
0.014147
0.013369
0.014036
0.013309
0.014030
0.012744
0.012943
0.013952
0.013400
0.012454
0.012663
0.012604
0.012243
0.011538
0.011700
0.012290
0.011369
0.011675
0.012034
0.012317
0.012780
0.012108
0.012292
0.012749
0.012273
0.012400
0.012017
0.011207
0.011970
0.011939
0.011723
0.011684
0.011463
0.011241
0.011486
0.012522
0.011889
0.012546
0.012202
0.013006
0.013443
0.013252
0.013991
0.013885
0.013671
0.014059
0.013854
0.013799
0.014351
0.014192
0.014883
0.014993
0.015504
0.015599
0.015254
0.014537
0.015912
0.015960
0.015054
0.014989
0.015322
0.014254
0.014481
0.014885
0.014385
0.014640
0.015227
0.014944
0.014572
0.014774
0.014536
0.014513
0.014667
0.012509
0.013013
0.014296
0.013008
0.012830
0.013470
0.013855
0.013543
0.013392
0.014025
0.013292
0.014234
0.013770
0.013632
0.013823
0.013348
0.013059
0.013417
0.013260
0.012883
0.013321
0.013783
0.013659
0.012806
0.012520
0.013051
0.012686
0.013240
0.012803
0.012685
0.013372
0.013682
0.012803
0.012669
0.013019
0.013502
0.013442
0.013016
0.012328
0.013036
0.012891
0.012699
0.012381
0.013612
0.014172
0.013624
0.014166
0.014727
0.014085
0.013672
0.014098
0.013660
0.013145
0.013748
0.013373
0.013649
0.013696
0.013749
0.012410
0.013226
0.013540
0.012951
0.012952
0.013876
0.014252
0.012332
0.013270
0.013277
0.013520
0.013327
0.013480
0.013065
0.014142
0.014062
0.013136
0.013189
0.012847
0.012658
0.013062
0.011666
0.012667
0.013557
0.013244
0.013459
0.013450
0.013058
0.012856
0.013064
0.013481
0.013050
0.013585
0.013210
0.012967
0.013173
0.013572
0.013358
0.013565
0.013315
0.012840
0.012835
0.012871
0.012424
0.013173
0.013203
0.013781
0.014018
0.014581
0.014314
0.013494
0.013769
0.013189
0.013356
0.013608
0.014522
0.013887
0.012987
0.013628
0.013423
0.013811
0.012811
0.013090
0.012948
0.012182
0.013076
0.012241
0.012420
0.012779
0.012468
0.011885
0.011749
0.012795
0.013200
0.013415
0.012719
0.012776
0.012571
0.012853
0.012695
0.012279
0.012206
0.012942
0.012867
0.012106
0.012168
0.012929
0.013720
0.012655
0.014045
0.013391
0.013833
0.013967
0.013907
0.014049
0.013454
0.013002
0.014000
0.012825
0.012896
0.012704
0.012706
0.012270
0.013764
0.012919
0.012792
0.012833
0.012900
0.012656
0.012549
0.013393
0.012677
0.012493
0.012618
0.012292
0.012041
0.011491
0.011406
0.012403
0.013007
0.012911
0.012761
0.012110
0.011734
0.011568
0.012662
0.011851
0.012304
0.012674
0.013144
0.012661
0.012379
0.012393
0.012831
0.012077
0.013513
0.013051
0.013270
0.013155
0.013585
0.012990
0.012533
0.012596
0.012349
0.012913
0.012906
0.012347
0.012839
0.012732
0.012686
0.013482
0.013623
0.013719
0.013146
0.013775
0.013985
0.013431
0.013179
0.013460
0.013584
0.013364
0.012476
0.012388
0.012806
0.012838
0.012716
0.012607
0.013214
0.012354
0.012362
0.011679
0.011868
0.012152
0.013041
0.012661
0.012205
0.013268
0.012851
0.013040
0.013627
0.014098
0.014077
0.013284
0.013622
0.013614
0.013745
0.013644
0.013578
0.013865
0.013735
0.013203
0.013539
0.014017
0.013718
0.013798
0.012884
0.013044
0.012195
0.012292
0.012208
0.012976
0.012004
0.012255
0.011315
0.011507
0.012315
0.012778
0.012884
0.012384
0.012959
0.012870
0.013624
0.012656
0.011980
0.012929
0.012933
0.012838
0.012155
0.012001
0.011872
0.011681
0.012038
0.012087
0.012279
0.012282
0.012202
0.012750
0.012830
0.012723
0.012249
0.012232
0.012674
0.012113
0.013129
0.012803
0.013737
0.013501
0.013093
0.012633
0.013688
0.014267
0.013501
0.012912
0.013164
0.012988
0.012852
0.013508
0.013734
0.013912
0.013515
0.012974
0.012785
0.013427
0.012192
0.012752
0.012043
0.012676
0.012898
0.012035
0.011846
0.011110
0.010714
0.010594
0.011416
0.011148
0.011493
0.011222
0.011421
0.011244
0.010659
0.011213
0.011886
0.012344
0.012063
0.012655
0.012918
0.012369
0.012345
0.012747
0.012721
0.012395
0.011564
0.011865
0.011442
0.011493
0.011279
0.012004
0.011846
0.011649
0.011835
0.012458
0.012521
0.012830
0.013197
0.012864
0.013368
0.012682
0.013093
0.013792
0.013591
0.013167
0.013440
0.013500
0.014203
0.013572
0.014080
0.014523
0.013432
0.013652
0.013705
0.013564
0.014204
0.013270
0.013019
0.013047
0.014118
0.013848
0.014130
0.014556
0.014065
0.013330
0.014015
0.013975
0.013296
0.013573
0.013349
0.014121
0.013938
0.014360
0.013369
0.013438
0.013931
0.013843
0.013810
0.013974
0.013560
0.012209
0.013309
0.012679
0.012647
0.013249
0.012731
0.012386
0.013548
0.012993
0.013123
0.013600
0.013513
0.012746
0.013505
0.012629
0.011976
0.013065
0.013303
0.013864
0.013120
0.013925
0.013974
0.012897
0.012861
0.012623
0.013170
0.012489
0.013006
0.013081
0.013182
0.013445
0.013204
0.013675
0.012767
0.012834
0.013346
0.012372
0.013151
0.013102
0.013182
0.012208
0.013077
0.013208
0.012461
0.012399
0.012525
0.012270
0.012198
0.012387
0.012326
0.012635
0.012558
0.012067
0.012754
0.012017
0.012530
0.012142
0.012368
0.011830
0.011852
0.012402
0.012969
0.012164
0.011923
0.011533
0.012481
0.012005
0.011276
0.012259
0.012569
0.012196
0.012094
0.012005
0.012127
0.012523
0.011998
0.012105
0.013090
0.012774
0.012941
0.012689
0.012788
0.012525
0.012060
0.012379
0.012190
0.013321
0.012346
0.013060
0.011842
0.013001
0.012872
0.012914
0.013273
0.012278
0.012149
0.011722
0.012113
0.012893
0.012779
0.012988
0.012724
0.012014
0.012143
0.012189
0.012261
0.012496
0.013010
0.012464
0.012584
0.012661
0.012189
0.012283
0.013129
0.013085
0.012683
0.012975
0.013385
0.013919
0.014014
0.013191
0.013558
0.013107
0.013689
0.012893
0.013107
0.012377
0.012201
0.013534
0.013301
0.013474
0.014144
0.013387
0.013499
0.013369
0.013571
0.014176
0.013343
0.012991
0.013333
0.012852
0.012847
0.012725
0.012994
0.013736
0.013685
0.014031
0.013585
0.013112
0.014385
0.013648
0.013964
0.013518
0.013189
0.013421
0.013175
0.013656
0.013217
0.013393
0.013363
0.013350
0.013650
0.013008
0.013690
0.013619
0.013227
0.013001
0.013194
0.012330
0.012259
0.012799
0.012598
0.013545
0.013509
0.013320
0.013333
0.012759
0.013279
0.012724
0.013168
0.013741
0.013227
0.012909
0.013222
0.012821
0.013051
0.013463
0.012895
0.013719
0.014287
0.013325
0.013847
0.013165
0.013002
0.013130
0.013628
0.013655
0.013833
0.013505
0.012863
0.014584
0.014072
0.014351
0.013332
0.012725
0.012900
0.012631
0.012805
0.012822
0.013321
0.012829
0.012999
0.013265
0.013470
0.013519
0.013687
0.014335
0.013981
0.014013
0.014583
0.013973
0.013984
0.013989
0.013706
0.013555
0.013666
0.013560
0.013410
0.013422
0.012890
0.012621
0.012641
0.012969
0.013107
0.012953
0.013448
0.012419
0.012898
0.012718
0.013072
0.013723
0.012980
0.013325
0.012668
0.013046
0.013025
0.012900
0.013059
0.012949
0.013374
0.012877
0.013148
0.012867
0.013185
0.013631
0.013313
0.013119
0.013264
0.012418
0.012367
0.012272
0.012400
0.012491
0.012473
0.013172
0.013259
0.012710
0.011771
0.012439
0.012591
0.013212
0.012808
0.013250
0.012599
0.012439
0.012472
0.012422
0.013624
0.012995
0.013072
0.012705
0.012364
0.013220
0.011857
0.012296
0.011969
0.012751
0.012414
0.012099
0.012949
0.013550
0.013776
0.013048
0.012679
0.012467
0.012533
0.012786
0.012764
0.012927
0.012997
0.013058
0.012559
0.012553
0.012829
0.012871
0.012169
0.012756
0.012766
0.012667
0.012843
0.012254
0.012628
0.012954
0.013351
0.012848
0.012527
0.012057
0.013004
0.012703
0.011951
0.012592
0.012278
0.012307
0.012219
0.013001
0.012581
0.013081
0.012745
0.013252
0.013238
0.013340
0.013706
0.013556
0.013736
0.013385
0.013906
0.013485
0.013296
0.012955
0.012334
0.013107
0.013060
0.012907
0.013319
0.013135
0.013045
0.012948
0.013200
0.012069
0.012450
0.012427
0.012506
0.011936
0.012065
0.012554
0.012623
0.012343
0.012405
0.012283
0.013645
0.013036
0.012689
0.012276
0.012981
0.012417
0.012621
0.013123
0.012699
0.013245
0.013337
0.013509
0.013716
0.012972
0.012902
0.012902
0.012381
0.013152
0.013238
0.012788
0.012668
0.012787
0.013329
0.012203
0.013188
0.012285
0.012001
0.012242
0.012417
0.012482
0.012352
0.011925
0.013517
0.012577
0.012451
0.012347
0.012216
0.012630
0.012157
0.012047
0.011622
0.011909
0.011728
0.012409
0.012853
0.012604
0.012909
0.012147
0.012635
0.012773
0.012788
0.013459
0.012420
0.012884
0.012005
0.012408
0.012701
0.012902
0.013504
0.013025
0.012342
0.011989
0.011684
0.011580
0.011210
0.012049
0.011911
0.012982
0.013004
0.012409
0.013508
0.013070
0.013958
0.013507
0.013653
0.013744
0.013084
0.013114
0.013448
0.013933
0.013337
0.013228
0.013222
0.013438
0.013831
0.013964
0.014176
0.013370
0.013535
0.013772
0.014237
0.013470
0.013392
0.013247
0.013072
0.014100
0.013673
0.013768
0.013471
0.014267
0.014127
0.013416
0.014138
0.013580
0.013228
0.013168
0.012968
0.013416
0.012758
0.012985
0.012756
0.012473
0.012898
0.013210
0.013370
0.013213
0.013007
0.014205
0.013757
0.013930
0.013825
0.014616
0.014895
0.013987
0.013764
0.013419
0.013913
0.014773
0.014531
0.013906
0.014728
0.014643
0.013798
0.014715
0.015124
0.013740
0.014259
0.013844
0.013631
0.013347
0.013284
0.013916
0.013525
0.013868
0.013717
0.012891
0.013408
0.013948
0.013434
0.014259
0.013301
0.013437
0.013695
0.012667
0.012763
0.013199
0.013634
0.012851
0.013275
0.012829
0.012811
0.013244
0.012735
0.012678
0.012796
0.012620
0.012104
0.011381
0.012058
0.012453
0.012343
0.011875
0.012268
0.012382
0.012086
0.011698
0.012431
0.012924
0.013042
0.012375
0.012753
0.012997
0.013494
0.013515
0.013600
0.012800
0.012603
0.011658
0.012020
0.012018
0.012961
0.012868
0.012611
0.012521
0.012159
0.012498
0.012324
0.012692
0.012843
0.013040
0.012819
0.012649
0.013755
0.013209
0.013553
0.013621
0.013639
0.013502
0.013394
0.013360
0.013300
0.013165
0.013865
0.013503
0.013431
0.012656
0.012530
0.012542
0.012240
0.012463
0.011975
0.012342
0.012913
0.011922
0.012715
0.012330
0.012212
0.012734
0.012439
0.012364
0.012016
0.012044
0.012282
0.012269
0.011923
0.012203
0.012235
0.012096
0.012097
0.012566
0.012168
0.012914
0.012122
0.011859
0.011635
0.011811
0.011703
0.011978
0.011895
0.012436
0.012469
0.012473
0.011732
0.012856
0.012576
0.012377
0.012115
0.012456
0.012242
0.013339
0.012764
0.013618
0.012934
0.013468
0.013037
0.013496
0.013469
0.012926
0.013540
0.012545
0.012601
0.012649
0.012175
0.012077
0.012945
0.013393
0.013333
0.013055
0.012468
0.012465
0.012301
0.011762
0.011729
0.011907
0.011746
0.011453
0.011253
0.011855
0.011826
0.012429
0.012853
0.012777
0.012653
0.012431
0.012858
0.013024
0.012941
0.012674
0.012667
0.012643
0.012179
0.013091
0.012596
0.013105
0.013594
0.012525
0.013153
0.013150
0.012907
0.013135
0.013201
0.012380
0.013220
0.012951
0.013449
0.012683
0.012542
0.012884
0.012284
0.012407
0.012816
0.012807
0.012535
0.012233
0.012786
0.012507
0.012660
0.012038
0.012577
0.012268
0.012752
0.012582
0.012352
0.011828
0.010836
0.011838
0.012139
0.011817
0.012418
0.012272
0.012574
0.012398
0.012425
0.012404
0.012408
0.012913
0.011863
0.012168
0.012004
0.012318
0.012985
0.012795
0.012840
0.012601
0.012887
0.012393
0.013504
0.013739
0.013199
0.012822
0.012446
0.012480
0.012486
0.011951
0.012803
0.012465
0.013103
0.013639
0.014019
0.013210
0.013788
0.013962
0.014527
0.014284
0.014246
0.013957
0.013333
0.012296
0.013465
0.013858
0.013181
0.012348
0.012894
0.012010
0.012227
0.012739
0.012398
0.012498
0.012653
0.013230
0.012448
0.012664
0.012819
0.011919
0.012454
0.012086
0.012855
0.013261
0.013026
0.013243
0.012921
0.013575
0.013562
0.014097
0.013022
0.013726
0.013907
0.014047
0.014207
0.014563
0.014482
0.013580
0.013046
0.012798
0.013340
0.013602
0.013901
0.014558
0.014035
0.014166
0.014927
0.015329
0.014306
0.013892
0.013640
0.014192
0.013825
0.013842
0.014551
0.014170
0.014530
0.014141
0.013759
0.014395
0.013858
0.013337
0.012926
0.012668
0.013516
0.013448
0.013383
0.013546
0.013185
0.013795
0.013356
0.013197
0.012987
0.012972
0.012752
0.013000
0.013569
0.014300
0.014238
0.013260
0.013241
0.013862
0.013052
0.013347
0.013196
0.012579
0.012901
0.012300
0.012891
0.013341
0.013332
0.013993
0.014586
0.013907
0.014020
0.014104
0.013673
0.013860
0.013297
0.014471
0.013895
0.013913
0.013913
0.013850
0.014024
0.013735
0.014763
0.013900
0.013604
0.013712
0.013130
0.013535
0.012352
0.012316
0.011992
0.012859
0.012250
0.011843
0.012261
0.012777
0.012984
0.012861
0.012915
0.013643
0.013487
0.013887
0.012482
0.013051
0.013086
0.012550
0.012641
0.012395
0.013333
0.012791
0.013224
0.013022
0.011611
0.012245
0.011838
0.012225
0.012192
0.012298
0.012612
0.012096
0.012564
0.013314
0.013095
0.011895
0.013037
0.013086
0.013429
0.013470
0.013236
0.013116
0.013126
0.013350
0.011871
0.011922
0.012982
0.012331
0.011397
0.011967
0.011652
0.012311
0.012530
0.012676
0.012485
0.012188
0.012427
0.012191
0.012285
0.012326
0.012446
0.012022
0.012891
0.013053
0.012828
0.012285
0.012127
0.013215
0.012753
0.012899
0.011379
0.012426
0.012467
0.013287
0.013933
0.013702
0.013968
0.013266
0.013690
0.013189
0.012610
0.013344
0.013195
0.013415
0.012662
0.012164
0.012675
0.013415
0.013098
0.013118
0.012710
0.012505
0.012439
0.011780
0.011907
0.012695
0.012184
0.012577
0.012067
0.012264
0.012299
0.011655
0.012426
0.013131
0.012729
0.012318
0.012136
0.012505
0.012589
0.012842
0.012893
0.012888
0.013291
0.012965
0.012883
0.012831
0.013227
0.012336
0.012800
0.012729
0.012897
0.012764
0.012564
0.013462
0.013047
0.013363
0.013012
0.013285
0.012760
0.012417
0.012080
0.012460
0.012464
0.011922
0.011801
0.012143
0.011840
0.012692
0.012042
0.011781
0.012866
0.012636
0.013567
0.012451
0.012917
0.012927
0.013289
0.012139
0.012088
0.011910
0.012612
0.012913
0.012712
0.013752
0.013430
0.013400
0.013668
0.013922
0.013421
0.014181
0.013668
0.013246
0.013506
0.013252
0.013220
0.013772
0.012838
0.013489
0.013666
0.013318
0.013390
0.014138
0.013830
0.013868
0.014948
0.013826
0.013323
0.013042
0.013412
0.013926
0.013163
0.013453
0.013458
0.012874
0.013133
0.013022
0.013608
0.012882
0.013125
0.013126
0.014190
0.012922
0.013154
0.013227
0.012386
0.012860
0.012749
0.012174
0.011855
0.012088
0.012019
0.011669
0.011770
0.012284
0.011857
0.011656
0.011800
0.012040
0.012406
0.012990
0.013234
0.013203
0.013456
0.012636
0.013855
0.013432
0.013646
0.013126
0.012786
0.013441
0.012783
0.013146
0.012923
0.012351
0.012478
0.013226
0.013099
0.012639
0.012435
0.012707
0.012434
0.012780
0.012371
0.012178
0.013335
0.013011
0.012908
0.012080
0.012075
0.012782
0.012987
0.012860
0.012977
0.013071
0.013544
0.012797
0.013248
0.013351
0.012857
0.013650
0.013897
0.013905
0.013632
0.013474
0.012832
0.013121
0.012995
0.013077
0.013546
0.014302
0.014032
0.013449
0.013898
0.013558
0.012434
0.013038
0.012592
0.013352
0.013207
0.013926
0.013424
0.013119
0.013546
0.013101
0.012982
0.012762
0.012354
0.012973
0.012748
0.012960
0.012804
0.012575
0.012307
0.011445
0.012706
0.011839
0.012648
0.012244
0.012567
0.012569
0.011872
0.012684
0.012478
0.012624
0.012101
0.013024
0.011734
0.012836
0.012602
0.013158
0.013564
0.013567
0.013481
0.013707
0.013118
0.014121
0.013518
0.013472
0.013714
0.013751
0.013661
0.014283
0.014553
0.014191
0.014470
0.013627
0.013127
0.011794
0.012117
0.011836
0.011987
0.012257
0.012993
0.012388
0.012352
0.012426
0.013049
0.012124
0.012421
0.012265
0.012231
0.012129
0.012005
0.012808
0.013055
0.013103
0.013395
0.012495
0.013112
0.012252
0.011963
0.012143
0.011765
0.011300
0.011935
0.011961
0.011223
0.011594
0.010980
0.011355
0.010473
0.010823
0.010737
0.011361
0.012935
0.011885
0.012641
0.012810
0.012296
0.012456
0.012684
0.012957
0.013400
0.014059
0.013557
0.012260
0.013252
0.012636
0.013653
0.013400
0.012845
0.013101
0.014378
0.014043
0.013646
0.013628
0.012686
0.013697
0.012470
0.012537
0.012551
0.013099
0.013458
0.013882
0.013506
0.013675
0.013200
0.013687
0.013698
0.013827
0.014024
0.014503
0.014909
0.016005
0.015519
0.015173
0.015131
0.015275
0.016093
0.015158
0.013760
0.014216
0.013464
0.014693
0.014040
0.014521
0.014969
0.013767
0.013468
0.013816
0.013426
0.013083
0.013514
0.013292
0.013484
0.013310
0.013879
0.013865
0.014425
0.014232
0.013819
0.013174
0.013556
0.013050
0.013227
0.013092
0.013312
0.013089
0.014351
0.013633
0.013069
0.012419
0.012679
0.012579
0.012268
0.012966
0.012498
0.012325
0.013289
0.013327
0.012097
0.012982
0.013079
0.012879
0.013301
0.012935
0.012788
0.013247
0.012712
0.013584
0.013094
0.013924
0.013861
0.013192
0.013662
0.013186
0.013483
0.013389
0.013879
0.013732
0.013759
0.013706
0.013652
0.013451
0.013223
0.013680
0.014215
0.013543
0.013779
0.013228
0.013655
0.012869
0.012955
0.013239
0.013246
0.013272
0.012951
0.013148
0.012991
0.013172
0.013274
0.013926
0.013947
0.013499
0.013832
0.013882
0.013590
0.014189
0.013214
0.013679
0.013028
0.012663
0.012724
0.012786
0.012433
0.012951
0.013545
0.013735
0.013233
0.013658
0.013629
0.012544
0.012680
0.013027
0.012334
0.012661
0.011661
0.011949
0.011601
0.012157
0.011732
0.011847
0.011790
0.011946
0.011672
0.012109
0.012547
0.012481
0.011892
0.012254
0.011337
0.011116
0.011346
0.011225
0.011714
0.011801
0.012266
0.011491
0.011868
0.011834
0.011426
0.011444
0.011565
0.011109
0.011126
0.011611
0.011175
0.011867
0.011582
0.010644
0.011255
0.010599
0.011603
0.011780
0.012236
0.012651
0.012060
0.011697
0.012272
0.012699
0.012762
0.012494
0.012520
0.013535
0.013570
0.013122
0.013024
0.013860
0.013659
0.013127
0.012481
0.013467
0.013448
0.012794
0.014007
0.013842
0.013171
0.013707
0.012991
0.013385
0.013953
0.013770
0.014599
0.014012
0.013970
0.012864
0.012939
0.012862
0.013563
0.013652
0.014248
0.012897
0.013613
0.013238
0.013195
0.013955
0.013061
0.013054
0.012616
0.012894
0.012130
0.012043
0.013265
0.012272
0.012549
0.012626
0.012949
0.013076
0.013161
0.014524
0.014140
0.013421
0.013823
0.014179
0.013638
0.013836
0.014402
0.013283
0.013699
0.013624
0.013990
0.013843
0.013843
0.013975
0.013454
0.012836
0.012167
0.013013
0.012951
0.013006
0.013446
0.012629
0.012694
0.012644
0.012835
0.013753
0.013170
0.012729
0.013264
0.013005
0.013576
0.013383
0.013197
0.012326
0.011966
0.012500
0.013265
0.012921
0.013478
0.013379
0.013820
0.013685
0.013950
0.014724
0.014034
0.013366
0.014402
0.013949
0.014287
0.014337
0.015008
0.014553
0.013949
0.013770
0.013421
0.013937
0.013807
0.013069
0.013086
0.013099
0.012507
0.012184
0.012492
0.011871
0.012920
0.012635
0.013068
0.012545
0.012904
0.013686
0.013437
0.013220
0.013384
0.013180
0.012950
0.012753
0.013723
0.013043
0.013342
0.013332
0.013221
0.014177
0.014188
0.014474
0.013744
0.013147
0.013611
0.014043
0.013220
0.013778
0.013748
0.013328
0.014009
0.013629
0.012869
0.012304
0.012189
0.012724
0.013222
0.013340
0.013478
0.013294
0.013140
0.013135
0.012807
0.013790
0.013490
0.012989
0.013221
0.013143
0.012670
0.012794
0.012812
0.013273
0.013344
0.013372
0.013395
0.012010
0.013208
0.013068
0.013592
0.013294
0.013341
0.013172
0.013330
0.012883
0.013918
0.013476
0.013900
0.014034
0.013861
0.014437
0.014237
0.013781
0.014239
0.013812
0.014324
0.013195
0.014059
0.014568
0.013851
0.014900
0.014474
0.015745
0.014249
0.014716
0.014193
0.014441
0.014627
0.013838
0.013788
0.013474
0.013790
0.014392
0.013689
0.013659
0.013910
0.013787
0.013870
0.013888
0.014586
0.014229
0.014623
0.014105
0.014869
0.014383
0.014209
0.013924
0.014085
0.014203
0.014025
0.014037
0.013415
0.012762
0.013373
0.012885
0.013887
0.014040
0.013577
0.014209
0.014560
0.014285
0.014017
0.014296
0.014248
0.014169
0.013834
0.014811
0.014275
0.013835
0.015220
0.014530
0.014749
0.014422
0.013578
0.013494
0.013768
0.014432
0.013892
0.014756
0.014284
0.014335
0.014827
0.014772
0.015190
0.015258
0.015241
0.014609
0.014860
0.016056
0.015241
0.014983
0.014846
0.015360
0.014683
0.013980
0.014357
0.014183
0.014492
0.014258
0.014326
0.013754
0.013574
0.013612
0.014602
0.013670
0.014224
0.014540
0.013571
0.013378
0.013493
0.012795
0.013462
0.013205
0.013891
0.012430
0.013093
0.013181
0.012313
0.012653
0.013001
0.011841
0.011486
0.011438
0.011424
0.011928
0.011252
0.011544
0.012417
0.013317
0.012990
0.012866
0.013018
0.012934
0.012408
0.012114
0.012088
0.011794
0.011858
0.012356
0.012544
0.012361
0.012139
0.012713
0.012652
0.011809
0.012020
0.011852
0.011867
0.012287
0.012479
0.012387
0.012491
0.013005
0.013553
0.012939
0.012789
0.013231
0.013311
0.014118
0.013637
0.013780
0.013071
0.013286
0.013443
0.012546
0.013403
0.013224
0.013289
0.012882
0.013230
0.012794
0.012732
0.013708
0.013615
0.013274
0.012620
0.013589
0.014046
0.012985
0.013204
0.013300
0.013407
0.012818
0.013355
0.012685
0.012982
0.013046
0.012707
0.013123
0.012795
0.013953
0.013590
0.013566
0.013872
0.013495
0.013864
0.012990
0.013357
0.014095
0.013728
0.013940
0.014552
0.014708
0.014312
0.013961
0.015166
0.014948
0.015027
0.014541
0.014931
0.013842
0.013814
0.014258
0.013631
0.013606
0.013943
0.013618
0.013029
0.014023
0.013274
0.013698
0.014014
0.014199
0.013514
0.014379
0.014132
0.014590
0.014458
0.014202
0.014036
0.014493
0.013193
0.013846
0.013471
0.013904
0.014362
0.013888
0.014435
0.013859
0.012954
0.013558
0.012198
0.013528
0.013053
0.012579
0.011802
0.012888
0.012388
0.012571
0.012745
0.013394
0.013539
0.013359
0.014152
0.013178
0.012923
0.012710
0.013253
0.013165
0.013145
0.013103
0.013332
0.013149
0.013679
0.013461
0.014057
0.013141
0.013611
0.012675
0.013687
0.013609
0.013311
0.014013
0.012603
0.013111
0.013788
0.013357
0.013291
0.013291
0.013488
0.014119
0.013599
0.013664
0.013629
0.014225
0.013528
0.013914
0.013563
0.014699
0.014392
0.014823
0.014716
0.013932
0.014520
0.014178
0.013644
0.013394
0.013316
0.013656
0.013506
0.013737
0.013669
0.013237
0.013287
0.013186
0.013021
0.013292
0.013385
0.013000
0.013121
0.012649
0.012751
0.012694
0.013926
0.013946
0.013387
0.013513
0.013168
0.013173
0.013140
0.012707
0.013673
0.012905
0.012966
0.013471
0.013358
0.013470
0.013615
0.013827
0.013734
0.013618
0.013968
0.014601
0.014870
0.013889
0.014384
0.013871
0.014150
0.013376
0.014839
0.014455
0.015271
0.015477
0.015256
0.014993
0.014570
0.013902
0.014577
0.014431
0.014959
0.014974
0.014015
0.014593
0.014381
0.015743
0.015374
0.014973
0.014473
0.014671
0.014103
0.014555
0.014056
0.014612
0.014874
0.013359
0.013925
0.013449
0.014166
0.013346
0.013295
0.012736
0.012913
0.013211
0.012909
0.012679
0.013092
0.012971
0.013005
0.012965
0.012503
0.011576
0.012227
0.012258
0.012842
0.012592
0.012637
0.012941
0.012727
0.012701
0.012482
0.013214
0.012847
0.012404
0.012838
0.012831
0.013070
0.012727
0.013860
0.013129
0.012959
0.013300
0.013094
0.012856
0.012983
0.013247
0.013369
0.012900
0.013829
0.013808
0.014444
0.013602
0.013848
0.014955
0.013560
0.013248
0.013496
0.013100
0.013298
0.013298
0.013395
0.013341
0.013455
0.013755
0.013120
0.013078
0.013745
0.013244
0.013169
0.013748
0.013778
0.013412
0.014242
0.013384
0.013928
0.013524
0.013719
0.012938
0.013220
0.013402
0.014068
0.014627
0.014133
0.014430
0.013513
0.014104
0.013646
0.013949
0.013610
0.013989
0.013836
0.012759
0.012606
0.012512
0.012012
0.013155
0.012766
0.012643
0.012714
0.013068
0.013126
0.012890
0.013389
0.013086
0.014447
0.013554
0.013544
0.013836
0.013512
0.012994
0.013689
0.014233
0.014196
0.013970
0.014894
0.014874
0.015066
0.013887
0.014662
0.015182
0.014294
0.014902
0.015076
0.014608
0.014959
0.014194
0.015109
0.014482
0.014465
0.014219
0.014846
0.014444
0.014638
0.014518
0.014742
0.014118
0.013634
0.013738
0.013397
0.012887
0.012824
0.012611
0.012571
0.013131
0.013175
0.013166
0.013617
0.013318
0.013361
0.012505
0.013627
0.013293
0.013192
0.012853
0.013123
0.012868
0.013245
0.012604
0.013118
0.012474
0.013203
0.012083
0.012917
0.012679
0.013750
0.013892
0.013910
0.014083
0.014078
0.014454
0.014906
0.014976
0.014863
0.014937
0.014731
0.014978
0.014912
0.015454
0.014384
0.014469
0.014104
0.014410
0.014033
0.013753
0.013389
0.013457
0.013445
0.013787
0.015070
0.013676
0.013417
0.013609
0.013280
0.013731
0.013211
0.014129
0.013198
0.012602
0.012844
0.013038
0.013300
0.013054
0.013250
0.012374
0.012685
0.013045
0.012519
0.012351
0.012901
0.012826
0.012524
0.013283
0.013045
0.013513
0.013926
0.012673
0.013356
0.012895
0.013081
0.012711
0.012827
0.013338
0.013182
0.013329
0.012724
0.013189
0.013252
0.013183
0.013924
0.013146
0.012908
0.012815
0.012137
0.012269
0.012267
0.012075
0.011535
0.011881
0.011574
0.011687
0.011144
0.011379
0.011549
0.011122
0.011854
0.012569
0.012400
0.012303
0.012874
0.012373
0.012602
0.012586
0.012733
0.012845
0.013177
0.012953
0.014016
0.012927
0.013578
0.014083
0.012419
0.012854
0.012815
0.012568
0.012731
0.013662
0.013952
0.013678
0.013335
0.013012
0.013651
0.013541
0.014610
0.014189
0.014059
0.015035
0.014314
0.013873
0.013721
0.013760
0.013699
0.014178
0.014365
0.013250
0.013748
0.013693
0.013903
0.012421
0.013609
0.013377
0.013718
0.013494
0.013269
0.014798
0.013803
0.014350
0.013674
0.014310
0.013992
0.013958
0.014275
0.014573
0.014324
0.014502
0.014015
0.014534
0.013959
0.013401
0.013079
0.013023
0.012634
0.013640
0.012741
0.013685
0.012890
0.012921
0.012694
0.012836
0.012973
0.013790
0.012846
0.013243
0.013038
0.012335
0.012779
0.012919
0.013383
0.013255
0.013659
0.014652
0.013220
0.013410
0.014033
0.013158
0.013766
0.013638
0.012970
0.013157
0.012875
0.012497
0.013268
0.012864
0.012384
0.013140
0.012867
0.013211
0.012496
0.012547
0.012977
0.012608
0.012446
0.012924
0.012746
0.012327
0.012594
0.012513
0.012745
0.012653
0.012589
0.013248
0.013090
0.013734
0.013303
0.013364
0.013289
0.012801
0.013001
0.012867
0.013259
0.013674
0.013616
0.013694
0.013851
0.014427
0.013626
0.013759
0.013226
0.012725
0.013028
0.013151
0.013711
0.013358
0.013698
0.013369
0.013581
0.014294
0.013298
0.013559
0.012757
0.013386
0.012135
0.012132
0.012676
0.012912
0.012195
0.012804
0.012798
0.012640
0.012959
0.012918
0.012757
0.013903
0.012912
0.012663
0.012314
0.013049
0.013007
0.012448
0.012984
0.011963
0.012745
0.012430
0.012674
0.012049
0.012039
0.011786
0.011801
0.012054
0.010988
0.011741
0.011957
0.012303
0.011441
0.012039
0.011817
0.011692
0.011600
0.011266
0.011065
0.011337
0.011661
0.012185
0.011782
0.011960
0.012956
0.012227
0.012673
0.012204
0.013077
0.012603
0.013121
0.012006
0.012142
0.011269
0.012673
0.012171
0.012104
0.011884
0.011338
0.012521
0.013142
0.012665
0.012563
0.012039
0.012341
0.012129
0.012214
0.013102
0.012039
0.012316
0.012861
0.012343
0.012460
0.012124
0.013010
0.012622
0.012454
0.013098
0.013127
0.012900
0.012637
0.011566
0.012047
0.012956
0.013239
0.012875
0.011663
0.012051
0.012143
0.012107
0.012778
0.011636
0.012648
0.012644
0.012644
0.014154
0.013869
0.013855
0.013521
0.013393
0.013304
0.012983
0.014142
0.012986
0.013600
0.013431
0.013224
0.013395
0.013245
0.013510
0.014176
0.013945
0.013493
0.012712
0.012793
0.012599
0.012020
0.012377
0.012425
0.011263
0.012514
0.011813
0.011541
0.012839
0.012039
0.012718
0.012795
0.013719
0.012529
0.013039
0.013596
0.012419
0.013455
0.012672
0.012984
0.013280
0.013098
0.013942
0.014240
0.014568
0.013714
0.013434
0.014197
0.013783
0.015239
0.014896
0.015076
0.014498
0.014830
0.014758
0.014057
0.014463
0.013837
0.015192
0.013999
0.014543
0.014272
0.014865
0.015202
0.014120
0.015013
0.014338
0.014970
0.014207
0.015045
0.015264
0.014882
0.014422
0.014691
0.014877
0.014326
0.014405
0.014401
0.014936
0.014786
0.013913
0.014066
0.014153
0.014242
0.015028
0.013855
0.014251
0.014215
0.013400
0.012859
0.013649
0.011904
0.012425
0.012347
0.012803
0.012616
0.012175
0.012849
0.013212
0.012936
0.012845
0.012505
0.012941
0.013013
0.012008
0.012428
0.013093
0.012264
0.012407
0.012328
0.013363
0.013358
0.013070
0.014040
0.014027
0.013414
0.012745
0.012321
0.012875
0.012312
0.012319
0.013043
0.012450
0.013471
0.013043
0.012760
0.012682
0.012587
0.013161
0.012383
0.011896
0.012403
0.012676
0.012925
0.012428
0.013322
0.013151
0.013383
0.012760
0.012469
0.013266
0.013889
0.012937
0.012901
0.013864
0.013369
0.013412
0.013563
0.012862
0.013195
0.013303
0.014617
0.014158
0.014022
0.014042
0.013477
0.013538
0.012915
0.013432
0.012988
0.012949
0.012781
0.012453
0.012509
0.012331
0.012161
0.011245
0.011910
0.012803
0.012878
0.013150
0.013274
0.013767
0.012877
0.012897
0.012695
0.013108
0.013467
0.013614
0.012519
0.012887
0.012299
0.013691
0.012758
0.013511
0.013349
0.013929
0.012960
0.013186
0.014255
0.013309
0.013908
0.013600
0.014431
0.014991
0.014141
0.014302
0.013344
0.014256
0.013494
0.012925
0.013041
0.013075
0.013689
0.012526
0.012762
0.012067
0.012159
0.012212
0.011337
0.012019
0.011302
0.011978
0.011728
0.011472
0.010929
0.011060
0.011608
0.011813
0.011974
0.011857
0.011533
0.012408
0.012848
0.013096
0.012659
0.012554
0.011413
0.012415
0.012477
0.012114
0.012098
0.012248
0.012487
0.012444
0.012892
0.012840
0.011957
0.012746
0.013045
0.013533
0.012914
0.013325
0.013086
0.012992
0.013029
0.013498
0.013624
0.013722
0.013321
0.012907
0.013262
0.013741
0.014017
0.014012
0.013888
0.014745
0.012948
0.014367
0.014304
0.014242
0.014452
0.014118
0.014010
0.014129
0.014146
0.014296
0.014193
0.014078
0.013809
0.013652
0.013071
0.013243
0.014060
0.013883
0.014509
0.013708
0.013914
0.013414
0.013464
0.014283
0.014548
0.014101
0.013951
0.013828
0.013835
0.014483
0.015172
0.014792
0.015324
0.015524
0.015238
0.013968
0.013943
0.014733
0.014686
0.014949
0.015060
0.015224
0.015115
0.014439
0.015074
0.015307
0.015568
0.014600
0.016172
0.015377
0.015400
0.015912
0.016181
0.016075
0.014942
0.015641
0.014985
0.014225
0.014773
0.013976
0.014645
0.013549
0.013527
0.012585
0.012476
0.013304
0.013045
0.012731
0.012430
0.012505
0.012831
0.012653
0.013506
0.013129
0.013852
0.013910
0.013723
0.014150
0.014105
0.013912
0.014829
0.014940
0.014219
0.014668
0.013274
0.013875
0.013838
0.012444
0.013081
0.012635
0.011993
0.012285
0.012808
0.012270
0.012699
0.013052
0.012732
0.013372
0.012840
0.012202
0.013180
0.012139
0.012913
0.012361
0.012612
0.012592
0.013269
0.013245
0.012908
0.013421
0.012074
0.012782
0.013263
0.013874
0.014058
0.013892
0.014248
0.013456
0.013882
0.014503
0.014058
0.013721
0.014302
0.014280
0.014076
0.014254
0.013719
0.014020
0.013798
0.013548
0.013748
0.013110
0.014090
0.012773
0.013261
0.014042
0.013563
0.014100
0.013685
0.015458
0.014263
0.014169
0.013406
0.013135
0.014115
0.013547
0.013264
0.014522
0.013321
0.013647
0.012933
0.013456
0.012842
0.012408
0.012383
0.011975
0.013197
0.012995
0.012968
0.012096
0.012742
0.012368
0.012978
0.013638
0.014056
0.013119
0.013130
0.013237
0.012931
0.013024
0.012552
0.012388
0.012275
0.012122
0.012622
0.012587
0.012076
0.012798
0.012512
0.012822
0.012377
0.012413
0.013191
0.012516
0.013360
0.013003
0.013212
0.012964
0.012964
0.013109
0.013188
0.012933
0.012926
0.013645
0.013601
0.013521
0.013617
0.013476
0.013746
0.012925
0.013946
0.014067
0.014423
0.013495
0.013962
0.014316
0.013936
0.014561
0.013670
0.013918
0.014262
0.013751
0.013932
0.014801
0.014687
0.014265
0.014363
0.014417
0.014875
0.014852
0.013711
0.013941
0.013680
0.013638
0.013941
0.013033
0.013344
0.013829
0.013732
0.013008
0.013106
0.012683
0.013951
0.013811
0.012862
0.013678
0.012949
0.013345
0.013385
0.012843
0.013264
0.012934
0.012651
0.012378
0.012246
0.012231
0.011662
0.012320
0.011897
0.011982
0.012651
0.011689
0.010650
0.011303
0.011327
0.011207
0.011408
0.011027
0.011439
0.011520
0.011265
0.011606
0.011508
0.011778
0.012007
0.011908
0.011519
0.012554
0.011639
0.011989
0.012035
0.012228
0.011860
0.011761
0.012110
0.012366
0.012997
0.012042
0.012156
0.011811
0.012824
0.011737
0.011705
0.011648
0.012671
0.012459
0.012692
0.012042
0.011579
0.011688
0.011521
0.012233
0.012180
0.012166
0.011786
0.011581
0.011721
0.012182
0.012400
0.012411
0.012374
0.012217
0.012342
0.012440
0.012353
0.012980
0.013289
0.013219
0.012251
0.014295
0.013886
0.013633
0.013339
0.014089
0.014097
0.014060
0.013852
0.013888
0.014210
0.013827
0.013414
0.013187
0.012633
0.013164
0.013738
0.013188
0.013511
0.013211
0.013441
0.013504
0.012616
0.012418
0.013148
0.013988
0.012938
0.012951
0.013820
0.013122
0.012987
0.013431
0.013718
0.013358
0.013526
0.012831
0.013021
0.013883
0.013187
0.012562
0.012394
0.013049
0.012059
0.012530
0.012984
0.012023
0.011899
0.011320
0.011627
0.011574
0.011906
0.012484
0.012837
0.013193
0.013668
0.013346
0.013462
0.012954
0.013865
0.012869
0.012504
0.013280
0.012975
0.012554
0.012406
0.012677
0.012486
0.012927
0.012487
0.012475
0.011828
0.012350
0.012733
0.012571
0.013045
0.012744
0.014028
0.013088
0.012911
0.012410
0.012496
0.012140
0.012421
0.012332
0.012074
0.011701
0.013203
0.012307
0.013313
0.012222
0.012696
0.012949
0.012475
0.013019
0.012826
0.013133
0.012772
0.012909
0.012445
0.012097
0.013219
0.012601
0.012725
0.012961
0.013077
0.012748
0.012828
0.012903
0.012083
0.012723
0.012467
0.012803
0.012140
0.012608
0.011979
0.011617
0.012725
0.011838
0.011988
0.011589
0.012765
0.012781
0.012421
0.012772
0.012862
0.013428
0.013033
0.013329
0.013636
0.013161
0.013553
0.012955
0.012837
0.013395
0.012851
0.013087
0.013314
0.013442
0.013886
0.013597
0.014628
0.013858
0.014259
0.013904
0.014101
0.013475
0.013053
0.013197
0.012836
0.013177
0.013355
0.013694
0.013114
0.013287
0.012696
0.013471
0.013891
0.013337
0.014339
0.013456
0.013553
0.012651
0.013199
0.012525
0.012175
0.013184
0.013153
0.013500
0.014123
0.013805
0.014181
0.014878
0.014881
0.015297
0.015042
0.014756
0.014618
0.014072
0.014259
0.014469
0.014129
0.014930
0.014025
0.013329
0.013629
0.013671
0.013728
0.013320
0.013649
0.013460
0.013847
0.013383
0.013656
0.014006
0.013856
0.013285
0.013703
0.012838
0.013142
0.013344
0.013906
0.013899
0.013722
0.013042
0.014352
0.014202
0.013496
0.014652
0.013442
0.013779
0.013424
0.012410
0.013151
0.012941
0.013320
0.013694
0.013926
0.013825
0.012777
0.012907
0.013228
0.013244
0.012809
0.012983
0.013400
0.012392
0.012821
0.012747
0.012457
0.012634
0.012820
0.013130
0.012546
0.013324
0.012561
0.013392
0.013521
0.013212
0.013246
0.012800
0.012511
0.012766
0.012490
0.012882
0.013094
0.012689
0.012513
0.012532
0.013078
0.014172
0.013719
0.014189
0.013488
0.013787
0.013493
0.012904
0.013523
0.012503
0.013323
0.013457
0.012759
0.013016
0.012170
0.013403
0.012632
0.012940
0.011915
0.012239
0.011975
0.012780
0.013262
0.012325
0.012574
0.012818
0.011918
0.011297
0.011958
0.012525
0.012684
0.012021
0.012722
0.013026
0.012526
0.012627
0.013199
0.012899
0.013156
0.013965
0.013606
0.012834
0.013594
0.013699
0.013289
0.012689
0.012851
0.013311
0.013442
0.013467
0.013511
0.012992
0.013272
0.012656
0.012597
0.012054
0.012742
0.012667
0.013121
0.012561
0.012224
0.012378
0.012704
0.012509
0.012627
0.012971
0.012320
0.012106
0.012859
0.012712
0.012681
0.013375
0.013637
0.013667
0.013737
0.014112
0.013303
0.014062
0.014089
0.014347
0.014322
0.013692
0.015168
0.014257
0.013437
0.014223
0.014430
0.013411
0.012966
0.013345
0.013247
0.013875
0.013644
0.012840
0.013395
0.012825
0.012071
0.012480
0.012793
0.013282
0.013160
0.013371
0.013413
0.013442
0.014871
0.015234
0.014103
0.015127
0.014650
0.013572
0.014248
0.014041
0.014242
0.015041
0.014697
0.014136
0.014189
0.013989
0.014707
0.014834
0.014352
0.014107
0.014043
0.014002
0.014407
0.014648
0.013884
0.014340
0.013449
0.013964
0.014868
0.014481
0.015066
0.014709
0.015411
0.014793
0.014758
0.014530
0.014309
0.014264
0.014116
0.013917
0.012928
0.013015
0.013235
0.012757
0.013093
0.012703
0.012944
0.013315
0.013722
0.013872
0.013975
0.013537
0.013039
0.013260
0.012783
0.012990
0.012276
0.012050
0.012658
0.011751
0.012411
0.012971
0.012581
0.012524
0.012255
0.013069
0.013296
0.012876
0.013070
0.013168
0.012236
0.012663
0.013358
0.012657
0.012605
0.012302
0.011417
0.011901
0.012409
0.013008
0.012619
0.012740
0.012044
0.012637
0.012346
0.013453
0.012749
0.012465
0.012960
0.013373
0.013713
0.012677
0.013613
0.013126
0.013709
0.014245
0.013778
0.013558
0.013631
0.013762
0.014120
0.014043
0.014015
0.014055
0.014490
0.014505
0.013925
0.013722
0.014241
0.014051
0.012874
0.012287
0.012615
0.011846
0.012281
0.011950
0.012628
0.012191
0.012926
0.012014
0.012501
0.013187
0.012561
0.012871
0.012902
0.013469
0.014172
0.014644
0.013686
0.014312
0.014338
0.014404
0.014471
0.014707
0.013710
0.014634
0.014009
0.014488
0.013641
0.014351
0.014100
0.013783
0.013547
0.013120
0.014171
0.012578
0.014736
0.013325
0.013374
0.013174
0.013696
0.013139
0.013025
0.013638
0.013103
0.013841
0.015475
0.015010
0.014738
0.014646
0.014840
0.014214
0.014667
0.014286
0.013871
0.014541
0.014091
0.013438
0.013270
0.013509
0.014548
0.013211
0.014045
0.014000
0.013388
0.012820
0.012655
0.013342
0.013326
0.012821
0.013151
0.013254
0.012838
0.013563
0.013222
0.012936
0.013307
0.013271
0.012836
0.012793
0.013029
0.013220
0.013020
0.013076
0.013092
0.012980
0.013140
0.013427
0.012751
0.012443
0.012806
0.012779
0.012413
0.012926
0.012158
0.012590
0.013617
0.012890
0.013259
0.012790
0.012913
0.012859
0.013467
0.013248
0.013397
0.013616
0.013335
0.012307
0.012287
0.013589
0.014144
0.013756
0.013784
0.013773
0.013813
0.013046
0.013534
0.013332
0.013561
0.013134
0.013675
0.012520
0.012883
0.012938
0.013393
0.013520
0.012525
0.012984
0.012700
0.013625
0.013049
0.013330
0.013016
0.012790
0.012626
0.013119
0.012868
0.012517
0.012597
0.012664
0.013388
0.013467
0.013562
0.013548
0.013994
0.013289
0.013445
0.013552
0.013317
0.012685
0.011929
