1.000000
0.997818
0.962099
0.963799
0.967683
0.938240
0.947903
0.922883
0.911718
0.887771
0.876067
0.884123
0.864048
0.895109
0.867331
0.878089
0.829721
0.793577
0.818059
0.789678
0.808891
0.795128
0.819767
0.795228
0.778998
0.794191
0.759170
0.776470
0.762394
0.750444
0.747648
0.735718
0.742036
0.746613
0.750789
0.741595
0.726715
0.705670
0.696383
0.706596
0.705873
0.718875
0.705632
0.695942
0.692536
0.670090
0.693931
0.665371
0.667463
0.647710
0.657319
0.648390
0.615431
0.638685
0.621281
0.634292
0.632839
0.626387
0.602341
0.601751
0.617550
0.604154
0.599314
0.576483
0.591792
0.589494
0.593142
0.596743
0.575988
0.584862
0.568739
0.571200
0.551839
0.530882
0.547920
0.530499
0.544612
0.534347
0.531713
0.524274
0.513389
0.540832
0.523332
0.542533
0.517708
0.534796
0.530055
0.508845
0.522039
0.523356
0.527112
0.507591
0.516029
0.514081
0.488560
0.501640
0.490895
0.505862
0.481938
0.498776
0.488675
0.472125
0.481652
0.481033
0.487564
0.471545
0.469469
0.457328
0.450418
0.452320
0.457656
0.468335
0.458203
0.470429
0.449577
0.440261
0.442685
0.439712
0.448995
0.441928
0.447651
0.443242
0.416778
0.434622
0.425589
0.431317
0.419835
0.435499
0.427947
0.415548
0.429005
0.422185
0.420316
0.420370
0.415294
0.412075
0.401561
0.414576
0.413070
0.420706
0.412037
0.416890
0.402456
0.408140
0.394731
0.382373
0.403729
0.389915
0.403707
0.383400
0.392576
0.384488
0.391990
0.392987
0.385664
0.396095
0.384165
0.366133
0.368674
0.360262
0.349418
0.352313
0.358582
0.352637
0.344337
0.353681
0.357726
0.371985
0.353997
0.358007
0.347892
0.331403
0.340870
0.341198
0.353311
0.331473
0.341878
0.331832
0.318780
0.317541
0.312639
0.310796
0.291878
0.298913
0.289573
0.283162
0.294256
0.301625
0.304488
0.288846
0.282615
0.282149
0.270906
0.278990
0.272793
0.268727
0.268334
0.260072
0.259471
0.265161
0.257349
0.252385
0.264235
0.258511
0.261553
0.254121
0.243309
0.244002
0.248135
0.242082
0.234285
0.237670
0.230460
0.221126
0.227402
0.229275
0.231924
0.232665
0.226997
0.230246
0.218567
0.222901
0.215396
0.224113
0.220097
0.221352
0.214589
0.200438
0.209014
0.208735
0.205456
0.204650
0.201036
0.198055
0.195875
0.195288
0.190689
0.188985
0.184695
0.189658
0.179949
0.184002
0.177286
0.178554
0.181412
0.169707
0.169562
0.163237
0.158699
0.163761
0.167040
0.171747
0.158995
0.153282
0.157615
0.152861
0.150098
0.151678
0.153206
0.144550
0.152605
0.140917
0.138749
0.139128
0.130312
0.136555
0.133651
0.139515
0.129834
0.131353
0.130855
0.126112
0.131240
0.132399
0.127757
0.126108
0.119152
0.123505
0.127335
0.122864
0.119038
0.124149
0.117977
0.113416
0.121817
0.114391
0.115906
0.114257
0.110672
0.109421
0.115775
0.116336
0.112581
0.114864
0.110344
0.110728
0.107815
0.110072
0.114551
0.110801
0.111462
0.105715
0.108823
0.102725
0.099910
0.103702
0.100182
0.103321
0.102762
0.096692
0.097512
0.095650
0.101238
0.100745
0.105247
0.099693
0.101472
0.099551
0.100376
0.098115
0.096580
0.102157
0.097480
0.101706
0.105400
0.098704
0.099462
0.097404
0.095944
0.101350
0.098307
0.091960
0.096024
0.091220
0.094682
0.096326
0.100170
0.094258
0.096689
0.096790
0.090826
0.092196
0.093824
0.088829
0.085647
0.087683
0.090657
0.084450
0.086751
0.090030
0.086539
0.095025
0.089688
0.087777
0.086356
0.083677
0.090259
0.093071
0.088351
0.085566
0.091268
0.084336
0.086043
0.081471
0.081117
0.080285
0.082185
0.082472
0.085399
0.087782
0.084364
0.082800
0.088115
0.087719
0.087414
0.085987
0.088721
0.092726
0.083605
0.087860
0.086605
0.088993
0.086494
0.088708
0.091812
0.085367
0.088986
0.089898
0.086933
0.084034
0.084722
0.084911
0.080957
0.083801
0.084459
0.083838
0.083022
0.084565
0.081967
0.083035
0.083372
0.076848
0.079568
0.082014
0.080744
0.084131
0.082879
0.085867
0.085886
0.082965
0.082251
0.084205
0.084231
0.083900
0.084044
0.086597
0.084461
0.088140
0.085435
0.091206
0.084315
0.084035
0.087861
0.088416
0.084718
0.084005
0.086669
0.088428
0.087432
0.085513
0.086900
0.088456
0.085193
0.081240
0.083456
0.086753
0.081010
0.079966
0.085026
0.080441
0.080314
0.087459
0.080669
0.083416
0.076479
0.079072
0.081375
0.084949
0.090920
0.084950
0.076524
0.079508
0.083238
0.083415
0.080654
0.083699
0.086090
0.080471
0.082944
0.088350
0.088005
0.083692
0.082911
0.084284
0.079645
0.083232
0.086120
0.082931
0.081525
0.082931
0.083637
0.084621
0.085392
0.084372
0.082549
0.083157
0.087652
0.085966
0.084696
0.080300
0.084351
0.083965
0.083365
0.084787
0.081677
0.082008
0.084846
0.088758
0.083332
0.086122
0.090123
0.086945
0.088365
0.084184
0.089893
0.085562
0.088820
0.088747
0.089008
0.086690
0.087137
0.089347
0.090061
0.088354
0.090569
0.089145
0.082464
0.093673
0.089386
0.095220
0.087338
0.090342
0.089503
0.087900
0.089827
0.088074
0.092578
0.087699
0.092726
0.089392
0.089285
0.087291
0.088185
0.093510
0.090371
0.089833
0.092459
0.087635
0.089383
0.090945
0.088355
0.085767
0.093469
0.093952
0.088824
0.091116
0.088684
0.089989
0.092291
0.092127
0.088957
0.087908
0.085548
0.083912
0.085434
0.089189
0.088869
0.094558
0.092131
0.084375
0.083023
0.086831
0.087036
0.086315
0.082744
0.083831
0.089261
0.091371
0.094180
0.092693
0.088964
0.092962
0.088349
0.089394
0.088385
0.088749
0.092998
0.088623
0.091729
0.088036
0.089499
0.091198
0.092892
0.092931
0.093739
0.096565
0.092444
0.084305
0.092145
0.089364
0.091228
0.086438
0.083021
0.086795
0.090716
0.090786
0.087386
0.096571
0.087927
0.085252
0.080151
0.086817
0.089393
0.086718
0.087756
0.082852
0.081414
0.077229
0.081960
0.078351
0.076011
0.082578
0.082003
0.078195
0.077978
0.077505
0.086213
0.087864
0.085373
0.084459
0.086667
0.082679
0.076568
0.081565
0.083706
0.079201
0.077774
0.076009
0.071665
0.076264
0.078861
0.078020
0.073694
0.073533
0.078979
0.075088
0.076908
0.077066
0.076968
0.079480
0.076212
0.077183
0.077020
0.074993
0.074595
0.077698
0.084052
0.081251
0.080228
0.082066
0.076873
0.075543
0.075305
0.076953
0.079881
0.078196
0.072521
0.076342
0.078158
0.078142
0.080856
0.083279
0.081190
0.082180
0.082432
0.083326
0.079411
0.083155
0.084168
0.082255
0.075997
0.079048
0.074086
0.074607
0.077845
0.078080
0.082466
0.077070
0.080294
0.081679
0.082641
0.089485
0.083231
0.078083
0.079005
0.080112
0.082563
0.081278
0.084857
0.084211
0.086693
0.080651
0.080564
0.087201
0.089849
0.089620
0.082744
0.083469
0.081051
0.080206
0.085455
0.082571
0.085865
0.085575
0.084211
0.082631
0.078731
0.090791
0.082341
0.085903
0.085676
0.085497
0.082283
0.081939
0.083025
0.076460
0.080534
0.082069
0.084983
0.083612
0.079554
0.086764
0.082738
0.087194
0.084348
0.090125
0.086434
0.082604
0.088523
0.083256
0.083868
0.086813
0.083066
0.081763
0.082904
0.085579
0.082463
0.083530
0.081248
0.083536
0.082986
0.081679
0.084142
0.082744
0.088004
0.090053
0.086523
0.089970
0.082213
0.085312
0.089714
0.084633
0.088254
0.086572
0.084861
0.082976
0.089095
0.090476
0.086899
0.085662
0.087958
0.084637
0.088084
0.087449
0.086655
0.085339
0.088679
0.091607
0.087381
0.081109
0.081677
0.078618
0.079480
0.077044
0.079124
0.074465
0.075601
0.074730
0.080663
0.082925
0.084733
0.082747
0.082990
0.078031
0.082226
0.080808
0.083369
0.080982
0.079447
0.079594
0.080269
0.080128
0.081573
0.081795
0.084461
0.084454
0.088315
0.083884
0.086872
0.083458
0.086505
0.088914
0.086172
0.082487
0.084339
0.086321
0.086544
0.089021
0.087933
0.085138
0.084227
0.082698
0.085942
0.085478
0.085647
0.083729
0.080043
0.080731
0.081857
0.086997
0.082878
0.085037
0.085078
0.084917
0.088691
0.085048
0.085885
0.086450
0.091560
0.092128
0.092419
0.093543
0.094198
0.090255
0.086733
0.089429
0.086147
0.085986
0.082347
0.084329
0.080266
0.079629
0.085247
0.082754
0.080635
0.078277
0.078941
0.083604
0.083106
0.083610
0.078527
0.081210
0.075753
0.073776
0.078516
0.078937
0.078760
0.079271
0.083747
0.073850
0.082918
0.084604
0.082107
0.082415
0.078989
0.080554
0.078249
0.075376
0.079607
0.079684
0.079158
0.080822
0.080826
0.080675
0.080532
0.082543
0.079515
0.080077
0.078062
0.077638
0.078702
0.078334
0.077251
0.080576
0.080410
0.078553
0.078842
0.073747
0.076265
0.073252
0.074820
0.080292
0.074425
0.080855
0.073233
0.075160
0.074248
0.077952
0.074461
0.077405
0.074956
0.072686
0.075574
0.076380
0.073677
0.078232
0.076920
0.075277
0.074229
0.071217
0.078209
0.075277
0.079827
0.080885
0.081452
0.080308
0.082353
0.079868
0.082737
0.085658
0.083460
0.081724
0.079106
0.078506
0.076657
0.075577
0.079086
0.079951
0.075943
0.073053
0.076297
0.078887
0.074802
0.078037
0.082632
0.077404
0.082704
0.084281
0.082464
0.087014
0.083148
0.081479
0.082407
0.081560
0.083459
0.079585
0.080812
0.081394
0.082389
0.082533
0.079657
0.085053
0.087834
0.080920
0.085684
0.088905
0.083398
0.078872
0.079135
0.081284
0.083671
0.082953
0.076243
0.080202
0.079589
0.084968
0.081902
0.080025
0.082951
0.077781
0.081403
0.075044
0.077000
0.073365
0.077132
0.074831
0.077696
0.072787
0.073651
0.074133
0.073423
0.073700
0.078252
0.074613
0.085815
0.080288
0.076985
0.078483
0.076911
0.081541
0.081300
0.079767
0.079589
0.076949
0.083965
0.078329
0.082738
0.080040
0.079267
0.081954
0.087502
0.081674
0.079386
0.083884
0.081748
0.079439
0.081846
0.085262
0.082542
0.081690
0.084520
0.081643
0.079384
0.076544
0.071135
0.075126
0.075904
0.078621
0.077334
0.076638
0.075514
0.075829
0.068949
0.069969
0.075580
0.076599
0.073052
0.068442
0.071936
0.071686
0.075488
0.074073
0.075949
0.074239
0.077970
0.073165
0.071110
0.069729
0.070458
0.075025
0.073861
0.075946
0.074110
0.072067
0.076756
0.074839
0.079346
0.075027
0.073592
0.075712
0.079455
0.077047
0.077914
0.081504
0.077493
0.077368
0.080047
0.076885
0.081705
0.083805
0.073899
0.080440
0.077156
0.075645
0.079437
0.078621
0.079416
0.077289
0.078109
0.080571
0.079149
0.085000
0.077675
0.080126
0.077795
0.080066
0.078636
0.078713
0.081685
0.082320
0.083282
0.074905
0.078966
0.079089
0.082338
0.078400
0.076872
0.079720
0.075338
0.076328
0.076521
0.077382
0.073556
0.075363
0.076875
0.078843
0.078887
0.076798
0.068739
0.074811
0.069639
0.074385
0.077780
0.071840
0.072119
0.075703
0.072668
0.071488
0.076975
0.073253
0.076941
0.069905
0.073513
0.073329
0.069597
0.077122
0.070390
0.078847
0.074605
0.068616
0.076467
0.076413
0.076321
0.071160
0.076951
0.073950
0.072709
0.074818
0.078363
0.075570
0.076411
0.078775
0.077632
0.080021
0.077626
0.081083
0.079051
0.079452
0.081188
0.078542
0.079732
0.076716
0.081975
0.081778
0.075784
0.079159
0.082215
0.084876
0.083180
0.078267
0.077768
0.080352
0.081399
0.078393
0.079831
0.084358
0.077887
0.079297
0.078361
0.074906
0.075250
0.072795
0.080858
0.079603
0.080332
0.079082
0.078239
0.074695
0.073052
0.077240
0.077063
0.076294
0.074935
0.080991
0.074413
0.075822
0.073524
0.073087
0.078785
0.077924
0.079028
0.075089
0.072243
0.075424
0.078486
0.079698
0.068106
0.074724
0.073852
0.072142
0.074057
0.070584
0.076688
0.077321
0.078447
0.071548
0.076108
0.074073
0.072653
0.073698
0.070661
0.071092
0.070643
0.067425
0.072434
0.070360
0.070956
0.073671
0.069573
0.067897
0.066956
0.069785
0.069520
0.070971
0.072217
0.073874
0.071999
0.066579
0.074499
0.066533
0.069950
0.072512
0.072904
0.073656
0.072128
0.066885
0.071168
0.068827
0.065208
0.067762
0.066125
0.067543
0.064136
0.068081
0.065849
0.065475
0.065098
0.067054
0.072214
0.071120
0.066161
0.072318
0.069997
0.072358
0.066130
0.067251
0.067372
0.067900
0.071007
0.067417
0.073250
0.064709
0.072361
0.071118
0.070306
0.076732
0.067968
0.071048
0.071025
0.069263
0.074046
0.072044
0.073458
0.067472
0.072006
0.068937
0.070068
0.072730
0.076080
0.071415
0.073629
0.072728
0.067232
0.065981
0.069751
0.069624
0.070771
0.069543
0.070227
0.070524
0.070578
0.066568
0.063673
0.069772
0.068250
0.064598
0.068526
0.064226
0.068620
0.063631
0.070115
0.068588
0.068523
0.065573
0.070449
0.069716
0.071645
0.072741
0.067875
0.067555
0.073002
0.069835
0.070184
0.066320
0.068164
0.064403
0.066095
0.063972
0.065360
0.067232
0.067184
0.064187
0.062483
0.064913
0.067733
0.066941
0.067023
0.067107
0.071951
0.072122
0.069140
0.068178
0.067822
0.066736
0.064845
0.069258
0.066858
0.060788
0.062453
0.068484
0.068909
0.066556
0.066380
0.067156
0.068598
0.065360
0.067324
0.064272
0.065451
0.068729
0.065876
0.067639
0.064515
0.064637
0.067810
0.069890
0.067540
0.067418
0.066276
0.062260
0.065922
0.067692
0.069153
0.069118
0.069653
0.065424
0.064267
0.061149
0.067050
0.065713
0.065885
0.066135
0.067350
0.066014
0.065466
0.064271
0.064392
0.063705
0.063832
0.060705
0.059439
0.061690
0.062039
0.064965
0.067491
0.064424
0.060898
0.068055
0.064462
0.060222
0.060237
0.060146
0.062335
0.060844
0.061856
0.060981
0.063402
0.060672
0.061524
0.062110
0.063203
0.060901
0.062394
0.060329
0.063605
0.069026
0.061883
0.066402
0.063388
0.058610
0.062362
0.062515
0.067570
0.062369
0.063419
0.064478
0.064110
0.064672
0.061750
0.064987
0.064992
0.065335
0.065620
0.066324
0.068052
0.066206
0.072090
0.066638
0.069682
0.066492
0.066949
0.064764
0.068975
0.068359
0.063315
0.067514
0.064557
0.067272
0.067204
0.063837
0.068387
0.068003
0.067409
0.063810
0.063491
0.063883
0.063383
0.064695
0.064121
0.062079
0.060856
0.065497
0.069964
0.064331
0.066963
0.067834
0.067827
0.065179
0.067558
0.067936
0.064748
0.067409
0.064375
0.069656
0.066179
0.068915
0.071376
0.067558
0.071184
0.069807
0.070543
0.066451
0.071559
0.071335
0.069290
0.070084
0.067297
0.073598
0.064285
0.071900
0.067256
0.069112
0.066203
0.066458
0.068299
0.069285
0.066085
0.069695
0.069743
0.076384
0.071142
0.073980
0.072438
0.071826
0.071783
0.068503
0.068697
0.073155
0.073548
0.069266
0.068382
0.072261
0.068641
0.069735
0.067759
0.068472
0.070346
0.071097
0.071337
0.066061
0.072260
0.067691
0.068039
0.066717
0.069674
0.071535
0.070271
0.075418
0.070806
0.069988
0.071779
0.070023
0.072167
0.065663
0.072011
0.070832
0.070602
0.072371
0.070217
0.068746
0.068279
0.070033
0.070350
0.069256
0.069752
0.066860
0.069490
0.068273
0.069820
0.068174
0.066929
0.068589
0.063414
0.065331
0.067158
0.067604
0.065868
0.068599
0.065415
0.066750
0.063354
0.068563
0.066150
0.063753
0.069511
0.066196
0.061628
0.065074
0.064221
0.066126
0.065670
0.062494
0.063632
0.059643
0.059119
0.059891
0.065422
0.064466
0.063977
0.064489
0.060839
0.065257
0.069866
0.068866
0.065531
0.066744
0.066987
0.067770
0.065000
0.063821
0.065125
0.066741
0.066960
0.064505
0.065189
0.067555
0.065265
0.072599
0.067494
0.072762
0.067718
0.065693
0.067825
0.068094
0.068763
0.064619
0.068726
0.068268
0.066374
0.070659
0.068982
0.070705
0.067894
0.068412
0.068691
0.070451
0.069950
0.064033
0.070548
0.070258
0.067970
0.069422
0.064888
0.066419
0.065954
0.067315
0.069028
0.064231
0.067087
0.064044
0.065904
0.066355
0.069293
0.067775
0.069220
0.066239
0.068831
0.066329
0.066439
0.069846
0.068085
0.068024
0.069041
0.068622
0.068026
0.066712
0.070565
0.065432
0.068669
0.067718
0.068006
0.069192
0.066119
0.070150
0.066081
0.068085
0.069847
0.063835
0.065652
0.063997
0.065420
0.066365
0.067767
0.063165
0.062531
0.063604
0.067796
0.065248
0.064771
0.066705
0.066610
0.064904
0.063372
0.065575
0.066844
0.061482
0.064403
0.060987
0.061290
0.064325
0.061535
0.065474
0.066271
0.064068
0.063637
0.063463
0.065620
0.070328
0.068063
0.066783
0.068124
0.066583
0.064396
0.067671
0.067988
0.070318
0.068033
0.069779
0.071601
0.070497
0.071573
0.068448
0.068622
0.070469
0.073963
0.069808
0.070055
0.070464
0.068515
0.070448
0.071629
0.071787
0.069362
0.070016
0.072330
0.069214
0.072235
0.070513
0.070882
0.070451
0.066084
0.071159
0.070204
0.070396
0.071487
0.072142
0.068942
0.066347
0.070946
0.070294
0.071413
0.065337
0.068480
0.069813
0.068568
0.068806
0.064761
0.067229
0.068004
0.070886
0.067175
0.064953
0.070251
0.067865
0.071405
0.071692
0.070208
0.071158
0.073276
0.072460
0.068226
0.072080
0.070062
0.071446
0.066668
0.068900
0.065528
0.065161
0.066374
0.068729
0.067974
0.068960
0.066961
0.068854
0.065711
0.069338
0.069124
0.071365
0.071086
0.070132
0.074275
0.070025
0.073464
0.068070
0.069452
0.070778
0.069079
0.068548
0.069220
0.068258
0.066210
0.070983
0.064538
0.064667
0.069989
0.067304
0.068147
0.067264
0.069862
0.064193
0.062983
0.064027
0.064571
0.067641
0.066187
0.064766
0.063550
0.062976
0.064842
0.060520
0.061391
0.058707
0.063874
0.063714
0.059023
0.061296
0.058405
0.059068
0.060419
0.059903
0.055676
0.052224
0.058182
0.056547
0.058582
0.058491
0.060559
0.060695
0.061450
0.063369
0.061698
0.063476
0.061820
0.063168
0.060849
0.061592
0.059674
0.060591
0.061660
0.057955
0.060354
0.062207
0.059939
0.063020
0.061921
0.064279
0.060123
0.059061
0.061368
0.062949
0.064417
0.061807
0.063221
0.062086
0.064143
0.058529
0.061207
0.068181
0.064469
0.061662
0.067683
0.062806
0.062684
0.061265
0.063793
0.062680
0.060526
0.058695
0.057606
0.056972
0.059175
0.056870
0.061613
0.061968
0.059143
0.062386
0.062692
0.063318
0.060571
0.060974
0.062923
0.059555
0.058290
0.056678
0.058485
0.057538
0.060420
0.063264
0.060827
0.062688
0.058469
0.061755
0.059919
0.058386
0.058642
0.059700
0.060172
0.059428
0.059975
0.063227
0.059889
0.060956
0.060299
0.061121
0.060951
0.060092
0.059453
0.062182
0.061912
0.058952
0.057373
0.058187
0.060222
0.061728
0.058818
0.061905
0.061584
0.058518
0.057649
0.057912
0.058026
0.060888
0.059408
0.061487
0.057388
0.059858
0.060363
0.062052
0.059052
0.061597
0.061212
0.062101
0.060181
0.059946
0.060446
0.060172
0.061902
0.060567
0.058473
0.056597
0.054696
0.059586
0.059334
0.059784
0.056998
0.057656
0.055554
0.056050
0.057474
0.057507
0.058743
0.059492
0.058871
0.055352
0.054777
0.058124
0.057447
0.058126
0.058337
0.059907
0.055963
0.058758
0.062569
0.063364
0.064959
0.062294
0.060779
0.063370
0.058828
0.058313
0.058802
0.058136
0.056538
0.060115
0.054785
0.056828
0.054977
0.055854
0.055209
0.053172
0.055803
0.055878
0.056521
0.053045
0.054783
0.056110
0.059248
0.054709
0.059355
0.056441
0.059195
0.056921
0.058928
0.057620
0.057177
0.056434
0.058668
0.056230
0.058229
0.056068
0.054733
0.059221
0.058198
0.059416
0.057138
0.056980
0.059966
0.056635
0.062751
0.058722
0.055682
0.059632
0.059803
0.062141
0.061373
0.061280
0.061205
0.058284
0.062962
0.064631
0.060353
0.062910
0.063280
0.059974
0.058659
0.060609
0.057729
0.060248
0.061636
0.059371
0.062266
0.064197
0.062838
0.063648
0.065921
0.060025
0.062858
0.062621
0.062949
0.063721
0.063196
0.068010
0.068496
0.069015
0.063352
0.064152
0.065334
0.064917
0.065323
0.064437
0.063994
0.063447
0.060400
0.063380
0.065833
0.066803
0.060431
0.067351
0.060870
0.063716
0.062067
0.065038
0.063106
0.062146
0.063549
0.060211
0.062460
0.061114
0.060099
0.060907
0.063991
0.060302
0.058206
0.059519
0.057897
0.058105
0.061996
0.060370
0.065342
0.060233
0.060314
0.059970
0.059751
0.063023
0.057864
0.060614
0.059757
0.060855
0.059732
0.057940
0.062627
0.059998
0.060951
0.058731
0.055818
0.056241
0.059049
0.059613
0.058245
0.060076
0.062835
0.060376
0.061108
0.060041
0.062744
0.063879
0.061120
0.057185
0.056616
0.057647
0.057467
0.057543
0.058892
0.056157
0.054445
0.055762
0.058496
0.058566
0.060502
0.055928
0.060083
0.061293
0.059512
0.064440
0.059772
0.062003
0.062717
0.065106
0.061135
0.058468
0.063591
0.061704
0.064624
0.058678
0.062383
0.060963
0.060713
0.061168
0.060503
0.060862
0.063270
0.064982
0.061334
0.061596
0.062032
0.063763
0.061859
0.064381
0.064862
0.060064
0.063708
0.063729
0.062709
0.064442
0.060151
0.060009
0.059106
0.059998
0.059833
0.058040
0.063444
0.059932
0.062092
0.059756
0.057900
0.062440
0.060923
0.061668
0.064275
0.065486
0.063376
0.062307
0.064149
0.060639
0.064662
0.063579
0.066759
0.065071
0.063092
0.064427
0.063686
0.066009
0.062818
0.064071
0.064438
0.061279
0.063130
0.060904
0.064579
0.063554
0.063167
0.060253
0.062170
0.060465
0.059924
0.058510
0.058234
0.060107
0.060268
0.060490
0.060946
0.062677
0.064132
0.060917
0.063993
0.061155
0.060604
0.063390
0.063219
0.064488
0.059430
0.061375
0.060910
0.061241
0.062820
0.061025
0.062838
0.061926
0.063054
0.057499
0.058652
0.064182
0.062740
0.062746
0.060204
0.061302
0.061316
0.062015
0.062464
0.060678
0.061671
0.061143
0.063260
0.060384
0.058286
0.062462
0.061553
0.063902
0.059463
0.063760
0.061156
0.059817
0.061212
0.058927
0.062323
0.061316
0.065832
0.061529
0.060520
0.058563
0.061527
0.060308
0.058427
0.059012
0.058516
0.054546
0.057876
0.060545
0.062467
0.058776
0.058848
0.059451
0.056985
0.059530
0.058913
0.057413
0.060600
0.059817
0.060489
0.057158
0.059507
0.058026
0.061585
0.058772
0.059389
0.062828
0.059891
0.057551
0.060768
0.060489
0.062201
0.060450
0.060308
0.059466
0.057632
0.058068
0.059487
0.058528
0.062571
0.060794
0.061835
0.060279
0.058802
0.062099
0.056494
0.060338
0.060223
0.061041
0.060455
0.059287
0.063957
0.063170
0.063332
0.064463
0.063829
0.065944
0.067891
0.065652
0.067089
0.066247
0.064848
0.062856
0.065279
0.063817
0.066183
0.066574
0.067440
0.062953
0.062912
0.065838
0.067595
0.068704
0.063666
0.066536
0.067829
0.066975
0.066547
0.061239
0.063208
0.064515
0.064063
0.063921
0.063387
0.064062
0.063428
0.063157
0.062489
0.063839
0.061762
0.061991
0.063066
0.062627
0.061310
0.064962
0.061961
0.060901
0.059646
0.064127
0.062629
0.061186
0.060947
0.064451
0.060790
0.061111
0.064675
0.061878
0.060698
0.061758
0.061755
0.059733
0.061690
0.062277
0.063741
0.067259
0.062249
0.059950
0.061407
0.062428
0.060014
0.056580
0.059772
0.057710
0.057773
0.063675
0.056598
0.060617
0.062030
0.059130
0.058924
0.058760
0.060446
0.059645
0.057698
0.055464
0.059627
0.056644
0.056458
0.057856
0.056211
0.055039
0.054486
0.052307
0.055818
0.057338
0.058978
0.058159
0.058033
0.057866
0.061847
0.058041
0.057277
0.054922
0.054599
0.055066
0.054239
0.057674
0.057718
0.053743
0.054254
0.054966
0.053072
0.054719
0.055417
0.055709
0.056042
0.055889
0.054759
0.055752
0.055117
0.056869
0.054316
0.056300
0.054476
0.054909
0.057056
0.053773
0.054457
0.057001
0.057913
0.056079
0.056065
0.054496
0.055872
0.056250
0.052171
0.055446
0.053553
0.056912
0.058835
0.061844
0.061713
0.061749
0.059874
0.061308
0.059139
0.065410
0.061327
0.059551
0.060037
0.057545
0.059924
0.060704
0.060314
0.058349
0.059827
0.059598
0.058661
0.055142
0.056848
0.059277
0.056388
0.059345
0.057987
0.059715
0.056832
0.057409
0.055123
0.055881
0.056753
0.056900
0.058619
0.056603
0.054652
0.052006
0.055917
0.058643
0.052744
0.053091
0.053171
0.049955
0.051364
0.052052
0.052976
0.053934
0.055476
0.055155
0.055604
0.056748
0.056733
0.056363
0.056727
0.059420
0.057800
0.058881
0.057681
0.060545
0.061495
0.058958
0.062103
0.059457
0.060155
0.061923
0.059491
0.061530
0.059287
0.059226
0.056900
0.058374
0.057182
0.057520
0.060746
0.055956
0.057346
0.056950
0.055745
0.055874
0.055327
0.055534
0.056323
0.058291
0.057925
0.057385
0.058898
0.057713
0.058863
0.055995
0.057489
0.055803
0.055405
0.056282
0.055938
0.055856
0.055089
0.056025
0.054518
0.055080
0.057518
0.057400
0.053116
0.054568
0.055273
0.053680
0.055771
0.057027
0.057000
0.059117
0.056236
0.060414
0.056190
0.055431
0.056476
0.054231
0.056013
0.055850
0.057418
0.056253
0.057209
0.058402
0.060357
0.059801
0.058830
0.060050
0.058040
0.057779
0.057276
0.055803
0.060609
0.058286
0.056474
0.056730
0.057485
0.058339
0.056186
0.056783
0.055411
0.060056
0.056726
0.057505
0.057798
0.058452
0.057624
0.056206
0.060393
0.059114
0.059310
0.060769
0.061182
0.061677
0.062572
0.062367
0.061016
0.063056
0.065933
0.060820
0.062785
0.059626
0.064034
0.060710
0.059311
0.059592
0.057376
0.058665
0.059917
0.059624
0.059821
0.058792
0.059055
0.059594
0.059961
0.060266
0.057875
0.060926
0.061132
0.063967
0.060623
0.060753
0.062168
0.061607
0.058206
0.057612
0.058550
0.057619
0.060468
0.062451
0.062382
0.063236
0.061335
0.061038
0.061564
0.061003
0.062489
0.060269
0.060388
0.061705
0.058478
0.060908
0.064929
0.063316
0.062501
0.059683
0.056931
0.060719
0.060218
0.060800
0.061107
0.065134
0.062943
0.061865
0.066586
0.061438
0.064341
0.062034
0.064078
0.060154
0.058374
0.057745
0.056982
0.061261
0.059095
0.058800
0.058383
0.058867
0.059973
0.061162
0.062651
0.057961
0.058398
0.059751
0.058248
0.060556
0.057487
0.061881
0.057563
0.060489
0.059604
0.059721
0.057910
0.056076
0.059747
0.059112
0.057954
0.058622
0.057588
0.059785
0.057671
0.059720
0.056887
0.058313
0.056961
0.058204
0.055639
0.056739
0.056384
0.057138
0.056801
0.056487
0.058033
0.060374
0.060600
0.062391
0.058861
0.062562
0.063357
0.064902
0.065445
0.065445
0.063683
0.066469
0.064746
0.065064
0.063391
0.064349
0.062726
0.066120
0.064342
0.063897
0.061313
0.063066
0.063530
0.063905
0.063895
0.063792
0.063332
0.060685
0.059006
0.064976
0.062439
0.064535
0.062017
0.061702
0.060614
0.058883
0.060123
0.060908
0.060756
0.060220
0.062444
0.056080
0.056369
0.055815
0.054718
0.058539
0.054776
0.058030
0.058405
0.055673
0.055603
0.055557
0.054891
0.052070
0.052745
0.057005
0.053414
0.053877
0.053688
0.052606
0.049307
0.048727
0.047723
0.047534
0.049742
0.049360
0.048889
0.047025
0.049532
0.048178
0.047666
0.050243
0.047975
0.050165
0.049709
0.048924
0.047864
0.053120
0.050579
0.053632
0.051182
0.050874
0.050120
0.051293
0.050744
0.052417
0.050106
0.055063
0.054145
0.053573
0.052967
0.051339
0.054313
0.055678
0.052803
0.054276
0.055676
0.051736
0.050345
0.051455
0.051141
0.054489
0.053707
0.052594
0.051688
0.052457
0.051989
0.052571
0.053386
0.054619
0.055028
0.054106
0.053037
0.053914
0.052603
0.056735
0.054782
0.057682
0.053015
0.055360
0.054961
0.052901
0.055228
0.053243
0.054635
0.055341
0.054394
0.053003
0.053096
0.055188
0.053605
0.051428
0.050935
0.051821
0.055752
0.053339
0.055744
0.052637
0.051106
0.051417
0.053365
0.056090
0.055857
0.052824
0.053010
0.054543
0.053858
0.053997
0.054161
0.055199
0.056547
0.057094
0.056528
0.055697
0.053712
0.054567
0.054471
0.054893
0.054271
0.054343
0.054597
0.053257
0.053738
0.052367
0.053454
0.049484
0.056821
0.053906
0.051194
0.054468
0.059237
0.059159
0.058160
0.059558
0.057807
0.056608
0.054175
0.057510
0.058912
0.058230
0.057863
0.053510
0.054491
0.053587
0.052012
0.052800
0.052383
0.053170
0.050900
0.052092
0.053404
0.054461
0.054826
0.052761
0.053306
0.052231
0.051405
0.051276
0.051100
0.048311
0.053029
0.050512
0.048118
0.047939
0.048587
0.048044
0.049912
0.049180
0.047328
0.048259
0.048619
0.050306
0.048838
0.052061
0.050162
0.049226
0.049337
0.049574
0.049000
0.051557
0.050896
0.052322
0.052601
0.049637
0.052168
0.054070
0.053196
0.055669
0.053788
0.053216
0.052565
0.052745
0.055564
0.052558
0.053819
0.053625
0.056883
0.058680
0.055282
0.058414
0.056112
0.057041
0.059138
0.058282
0.055996
0.054025
0.058079
0.051793
0.054550
0.053014
0.051677
0.052785
0.054962
0.054393
0.053174
0.055265
0.055099
0.055229
0.052364
0.053286
0.051971
0.051584
0.052788
0.049909
0.051353
0.051161
0.052878
0.052821
0.051738
0.052476
0.050569
0.050950
0.050649
0.048305
0.048972
0.048271
0.049313
0.048505
0.050109
0.050134
0.048852
0.051960
0.051112
0.054690
0.052841
0.052854
0.052156
0.049104
0.050348
0.046369
0.048202
0.047914
0.048483
0.046947
0.044187
0.044277
0.044699
0.042580
0.045631
0.045146
0.040365
0.040982
0.041662
0.042966
0.041043
0.041199
0.043161
0.042069
0.042682
0.045122
0.043824
0.043254
0.044947
0.046722
0.044456
0.043272
0.045452
0.046080
0.047071
0.047354
0.049513
0.047760
0.049284
0.048707
0.052009
0.052383
0.053112
0.052219
0.050976
0.050809
0.050846
0.050874
0.050735
0.046889
0.051125
0.050402
0.050350
0.051414
0.050071
0.050436
0.051969
0.050415
0.050615
0.051120
0.051569
0.050033
0.051752
0.052504
0.052586
0.053244
0.049543
0.052653
0.054088
0.056108
0.052480
0.052718
0.049229
0.050044
0.052271
0.053959
0.053854
0.052029
0.051595
0.049614
0.050184
0.049869
0.049386
0.050449
0.047727
0.054194
0.051454
0.050640
0.051796
0.053105
0.051648
0.051902
0.052417
0.052187
0.050617
0.054232
0.052299
0.053792
0.050560
0.052892
0.052327
0.051169
0.049138
0.051365
0.053232
0.051196
0.050612
0.050147
0.051857
0.050859
0.050688
0.052182
0.051402
0.053373
0.052146
0.051504
0.056030
0.053582
0.054386
0.055319
0.055342
0.055583
0.053258
0.054606
0.049934
0.051696
0.053134
0.051880
0.048019
0.050483
0.052572
0.051274
0.050445
0.053745
0.053165
0.050614
0.049993
0.049860
0.050036
0.051854
0.049361
0.049329
0.051753
0.048552
0.046714
0.047159
0.048293
0.047528
0.047665
0.045849
0.047324
0.048298
0.048025
0.048072
0.044818
0.046457
0.046197
0.047226
0.047550
0.047499
0.048356
0.047299
0.047248
0.048914
0.048107
0.045984
0.047429
0.047154
0.045242
0.042602
0.043003
0.043852
0.043586
0.044293
0.045661
0.045847
0.043667
0.042920
0.044031
0.044257
0.043480
0.044891
0.045271
0.044410
0.041042
0.041133
0.044586
0.043991
0.042500
0.044265
0.043619
0.044609
0.044756
0.046239
0.048645
0.046811
0.048343
0.045639
0.046265
0.051592
0.048295
0.046834
0.049714
0.046810
0.048549
0.048244
0.049495
0.047613
0.049949
0.050920
0.049829
0.050430
0.049867
0.048424
0.048041
0.048684
0.046939
0.048716
0.048492
0.048726
0.046702
0.047220
0.048404
0.048115
0.047741
0.047298
0.046563
0.046951
0.047979
0.049714
0.046485
0.045372
0.045669
0.046363
0.045151
0.044085
0.046776
0.048641
0.045287
0.047873
0.046913
0.045766
0.047274
0.045964
0.045730
0.045801
0.049277
0.049576
0.048605
0.046362
0.048063
0.047711
0.047314
0.047758
0.044850
0.046105
0.048758
0.050468
0.050443
0.048143
0.049303
0.048856
0.048674
0.047860
0.046345
0.048198
0.048767
0.046727
0.045804
0.050537
0.049232
0.049211
0.052135
0.048569
0.050223
0.051231
0.047759
0.050557
0.048977
0.049795
0.051224
0.053137
0.048212
0.049983
0.051332
0.053275
0.053973
0.050343
0.053272
0.053513
0.051088
0.049259
0.049269
0.049917
0.047967
0.051306
0.049855
0.049199
0.050955
0.050756
0.054123
0.052269
0.050230
0.050353
0.049926
0.050890
0.049346
0.052529
0.051809
0.051987
0.053000
0.049195
0.052572
0.051089
0.051925
0.051291
0.053319
0.051933
0.049246
0.049599
0.050389
0.049175
0.049609
0.049193
0.049962
0.049517
0.050631
0.049624
0.055017
0.052293
0.051207
0.050999
0.049488
0.052132
0.050236
0.053475
0.050118
0.051555
0.049468
0.050905
0.051849
0.051632
0.052650
0.052680
0.051275
0.046721
0.046463
0.047459
0.045564
0.050456
0.047825
0.049409
0.047477
0.048276
0.048061
0.048674
0.050425
0.050423
0.051230
0.051183
0.050334
0.052734
0.049542
0.051681
0.049218
0.047362
0.048930
0.048468
0.049820
0.047960
0.049801
0.050892
0.052602
0.049796
0.048150
0.050428
0.050763
0.051382
0.051459
0.048858
0.050841
0.051909
0.054690
0.051613
0.051969
0.048926
0.050527
0.049154
0.050136
0.047189
0.048654
0.049855
0.046553
0.048028
0.048731
0.048035
0.050706
0.050247
0.050088
0.049577
0.050369
0.047479
0.048043
0.049840
0.049928
0.051770
0.050292
0.047501
0.047490
0.049042
0.049728
0.050022
0.048900
0.051188
0.050601
0.052094
0.051207
0.052225
0.051916
0.052392
0.050273
0.050913
0.048366
0.047854
0.053610
0.053419
0.053131
0.051564
0.048716
0.047640
0.047057
0.046521
0.043864
0.045414
0.044851
0.046115
0.044870
0.045020
0.043971
0.043895
0.043146
0.042450
0.045403
0.042948
0.043262
0.045219
0.046168
0.046182
0.046090
0.047284
0.048762
0.048807
0.052423
0.051208
0.053853
0.051230
0.051894
0.050189
0.048229
0.048644
0.049391
0.051491
0.048479
0.050290
0.050606
0.048889
0.048889
0.050437
0.051309
0.051165
0.052207
0.050524
0.051233
0.054420
0.050699
0.055201
0.055467
0.054355
0.053774
0.053371
0.051293
0.052925
0.053024
0.053871
0.052501
0.050709
0.050360
0.053098
0.051892
0.054173
0.050561
0.051213
0.051783
0.051575
0.052196
0.052134
0.055622
0.052255
0.056547
0.055413
0.053321
0.052868
0.051898
0.054762
0.052550
0.053380
0.051964
0.052053
0.052580
0.051194
0.048459
0.048727
0.047088
0.047399
0.045362
0.049199
0.046433
0.047156
0.047415
0.045099
0.044235
0.047261
0.048166
0.049059
0.048802
0.046047
0.050036
0.046131
0.044849
0.046142
0.047167
0.045287
0.044788
0.047326
0.046722
0.044715
0.047560
0.046408
0.047942
0.047926
0.046365
0.046765
0.044772
0.044740
0.043759
0.046404
0.046471
0.046339
0.049599
0.049553
0.049136
0.047946
0.048256
0.046656
0.048085
0.046980
0.045263
0.049714
0.048689
0.047680
0.045614
0.047789
0.045030
0.044554
0.044199
0.045214
0.045211
0.044297
0.042688
0.044965
0.043466
0.045693
0.046908
0.047779
0.048172
0.047140
0.048789
0.048720
0.048699
0.048455
0.049135
0.048812
0.048916
0.047907
0.047625
0.047649
0.046055
0.047658
0.048582
0.048327
0.045576
0.047169
0.049625
0.048263
0.047408
0.047616
0.048191
0.048391
0.046620
0.049599
0.047200
0.048133
0.045028
0.047899
0.047045
0.048161
0.049888
0.048508
0.049266
0.045715
0.048448
0.048897
0.045514
0.045165
0.043951
0.045013
0.044977
0.045017
0.043686
0.045739
0.048411
0.047832
0.046298
0.045301
0.046043
0.046396
0.044169
0.047585
0.047437
0.048066
0.050100
0.051743
0.052121
0.047115
0.049865
0.044931
0.049027
0.047448
0.048339
0.047260
0.043723
0.046198
0.045748
0.047124
0.048980
0.046518
0.045982
0.047445
0.050331
0.051909
0.051379
0.050631
0.049479
0.048848
0.047298
0.046525
0.048046
0.049509
0.048519
0.048023
0.044623
0.044002
0.046091
0.044867
0.045842
0.047415
0.046033
0.045084
0.045382
0.047339
0.046433
0.048091
0.045579
0.045116
0.046437
0.050695
0.047699
0.046413
0.048745
0.047717
0.045399
0.047436
0.043952
0.045329
0.045884
0.045999
0.043431
0.044731
0.042462
0.046129
0.045542
0.046002
0.048238
0.044442
0.048366
0.043097
0.044047
0.043025
0.043792
0.044734
0.043299
0.047281
0.045245
0.043054
0.044253
0.043548
0.045011
0.047016
0.047155
0.046780
0.045174
0.046231
0.046780
0.045488
0.045470
0.047203
0.047096
0.045952
0.049943
0.046654
0.047823
0.048362
0.046243
0.044507
0.045115
0.044697
0.044665
0.045684
0.045624
0.046938
0.045191
0.045484
0.051239
0.051007
0.050204
0.048857
0.050993
0.048029
0.047062
0.050394
0.048329
0.051301
0.051423
0.049898
0.049276
0.049797
0.047662
0.047814
0.049376
0.045324
0.046289
0.046453
0.049246
0.050003
0.048939
0.050964
0.050654
0.052250
0.051184
0.049151
0.052290
0.054141
0.053618
0.050428
0.052349
0.051797
0.053130
0.052552
0.053271
0.052603
0.051026
0.051031
0.050583
0.049939
0.053776
0.053074
0.050331
0.051068
0.050470
0.051746
0.049722
0.049204
0.046346
0.050031
0.045406
0.047058
0.045029
0.045191
0.045528
0.044531
0.045931
0.044445
0.045379
0.045459
0.047706
0.049098
0.045359
0.048159
0.047524
0.047596
0.048347
0.047675
0.050720
0.049091
0.052680
0.051229
0.052839
0.048631
0.051789
0.049413
0.049296
0.048443
0.049027
0.049420
0.048902
0.048677
0.048775
0.048809
0.049613
0.049650
0.050753
0.050362
0.048717
0.048771
0.048913
0.049577
0.047877
0.049823
0.050068
0.050452
0.053661
0.049325
0.051405
0.052469
0.049941
0.052219
0.051755
0.050557
0.053819
0.054505
0.053341
0.052201
0.050415
0.049049
0.049698
0.049232
0.048021
0.047118
0.046216
0.047935
0.048310
0.048782
0.048724
0.049572
0.048808
0.048592
0.049375
0.050653
0.050792
0.050452
0.048329
0.048424
0.046721
0.049342
0.049424
0.050811
0.051637
0.048670
0.050094
0.050050
0.047363
0.047775
0.045493
0.048713
0.047626
0.048818
0.047745
0.046659
0.050314
0.049053
0.048911
0.051243
0.049266
0.049251
0.048344
0.048368
0.046938
0.048972
0.049070
0.047283
0.049467
0.047196
0.047185
0.047535
0.045057
0.049758
0.048319
0.046686
0.044088
0.044292
0.046080
0.046342
0.046596
0.048244
0.047960
0.050508
0.049332
0.050962
0.049073
0.051257
0.050545
0.052616
0.051838
0.048582
0.050559
0.047655
0.050056
0.048739
0.047917
0.048787
0.045820
0.048896
0.049705
0.047030
0.045602
0.047156
0.048800
0.047290
0.045979
0.047075
0.046519
0.047548
0.047496
0.049710
0.050120
0.049553
0.047570
0.046563
0.048892
0.048914
0.046989
0.044236
0.046482
0.045090
0.046576
0.045824
0.046097
0.044011
0.043632
0.042663
0.043652
0.044682
0.045218
0.046810
0.045317
0.043829
0.043315
0.045451
0.046922
0.046406
0.047101
0.045610
0.043416
0.044328
0.046180
0.045787
0.043084
0.045005
0.043652
0.045045
0.046905
0.045926
0.046253
0.046691
0.045559
0.046256
0.046755
0.046684
0.045520
0.047256
0.045955
0.045026
0.045449
0.046971
0.048264
0.045409
0.045891
0.048143
0.048217
0.048346
0.050904
0.049492
0.049055
0.048750
0.049058
0.049799
0.047336
0.046083
0.046779
0.045606
0.046963
0.048813
0.050365
0.049871
0.050569
0.050004
0.051339
0.051796
0.054363
0.052156
0.052613
0.051381
0.052200
0.050583
0.053117
0.050048
0.050433
0.049673
0.048774
0.049816
0.050887
0.052652
0.052155
0.053619
0.056613
0.053690
0.055700
0.055475
0.052261
0.051878
0.051446
0.050971
0.050081
0.048635
0.050533
0.049522
0.046720
0.048581
0.046813
0.048593
0.049355
0.048399
0.050470
0.050214
0.050378
0.048502
0.049694
0.051712
0.049627
0.049324
0.048945
0.049372
0.048005
0.050013
0.048637
0.047483
0.047864
0.046538
0.045399
0.047792
0.050385
0.049128
0.050415
0.050681
0.048976
0.048361
0.048600
0.047210
0.047850
0.049006
0.050490
0.047219
0.049360
0.048355
0.047464
0.051195
0.047245
0.047290
0.046407
0.047164
0.049342
0.050149
0.047623
0.047897
0.048457
0.046103
0.052223
0.049579
0.048227
0.050208
0.049029
0.050049
0.047909
0.048270
0.048193
0.046905
0.049385
0.046391
0.047392
0.046735
0.044847
0.046940
0.046499
0.045434
0.044750
0.045600
0.046366
0.047155
0.048270
0.047003
0.049331
0.048781
0.050888
0.050183
0.049264
0.046094
0.045585
0.047444
0.048423
0.046961
0.048307
0.048972
0.048483
0.050063
0.052661
0.051375
0.053472
0.052943
0.053283
0.050988
0.051948
0.053017
0.050522
0.051843
0.050773
0.051733
0.049900
0.051362
0.050966
0.051266
0.051210
0.049601
0.052260
0.050762
0.050797
0.051708
0.051476
0.052987
0.052128
0.052599
0.049666
0.050374
0.052005
0.051875
0.051687
0.051406
0.052466
0.051206
0.051603
0.049946
0.051628
0.051950
0.051127
0.053842
0.051394
0.051453
0.051968
0.049561
0.050398
0.051079
0.049425
0.050643
0.049406
0.047651
0.049265
0.049534
0.047969
0.049747
0.049201
0.048004
0.049569
0.049187
0.047439
0.047298
0.046265
0.047734
0.047135
0.046802
0.046571
0.047008
0.046228
0.046976
0.045432
0.044520
0.045368
0.047792
0.048778
0.048246
0.049492
0.047649
0.045320
0.045877
0.046306
0.045156
0.043609
0.045359
0.045131
0.045503
0.044621
0.044257
0.042930
0.043928
0.043012
0.043774
0.042661
0.043362
0.044974
0.043689
0.044310
0.041618
0.040982
0.043057
0.042454
0.040964
0.043759
0.044855
0.043742
0.042076
0.041112
0.042358
0.040812
0.041459
0.042084
0.042295
0.047146
0.043132
0.044048
0.042928
0.043400
0.044691
0.042629
0.043399
0.041988
0.045976
0.044547
0.045942
0.043314
0.046579
0.044010
0.044809
0.044820
0.043070
0.043616
0.043059
0.044722
0.042105
0.043808
0.043264
0.041269
0.043843
0.044324
0.043737
0.044133
0.043782
0.042741
0.042386
0.040037
0.042338
0.043707
0.043396
0.041334
0.043576
0.042851
0.046439
0.046886
0.045896
0.048266
0.047644
0.047928
0.045770
0.046404
0.049569
0.047864
0.046748
0.046947
0.045573
0.046288
0.046633
0.046743
0.048387
0.049470
0.050125
0.051473
0.050477
0.051042
0.050280
0.048484
0.048629
0.047411
0.050248
0.047447
0.050734
0.047778
0.050171
0.048790
0.050275
0.049605
0.049909
0.049448
0.048861
0.049625
0.048267
0.047421
0.048314
0.047826
0.047876
0.046540
0.045151
0.046474
0.044673
0.048265
0.047989
0.049098
0.046103
0.046463
0.047218
0.044730
0.047285
0.045707
0.045914
0.045527
0.043824
0.043201
0.044723
0.044501
0.044098
0.042191
0.044949
0.044159
0.043363
0.042369
0.047404
0.044136
0.045708
0.044879
0.046025
0.047283
0.048512
0.047114
0.047001
0.047644
0.047871
0.046193
0.046234
0.047831
0.046851
0.045708
0.045207
0.044786
0.047921
0.048376
0.045863
0.046803
0.048298
0.049708
0.050398
0.047208
0.048013
0.046705
0.047663
0.045898
0.047461
0.044774
0.045387
0.045933
0.043846
0.046639
0.044837
0.045768
0.046445
0.048365
0.046991
0.046400
0.048559
0.046856
0.050498
0.048751
0.051359
0.049148
0.049668
0.052472
0.053944
0.051947
0.050002
0.051156
0.050232
0.047725
0.049290
0.048463
0.051247
0.048486
0.050002
0.048501
0.048634
0.050917
0.048795
0.049425
0.049242
0.048656
0.046734
0.047070
0.047887
0.047461
0.045986
0.043710
0.043858
0.042935
0.042201
0.044825
0.042758
0.045541
0.048898
0.044590
0.044015
0.042471
0.043197
0.043206
0.042633
0.041832
0.043212
0.042075
0.042292
0.043333
0.045730
0.045092
0.044789
0.042646
0.043449
0.044006
0.041830
0.040988
0.045170
0.041687
0.039873
0.040322
0.043210
0.040570
0.042819
0.040308
0.040438
0.042347
0.043228
0.042604
0.044327
0.045215
0.044797
0.044902
0.043200
0.045753
0.043306
0.044937
0.044863
0.045375
0.044769
0.045229
0.043240
0.043405
0.043865
0.044114
0.046700
0.046148
0.044978
0.047078
0.046094
0.046347
0.043594
0.045004
0.043878
0.044949
0.044512
0.045271
0.044813
0.045528
0.047765
0.046966
0.042907
0.044102
0.044699
0.047256
0.046008
0.045540
0.047755
0.045742
0.044051
0.043988
0.045989
0.046226
0.047127
0.047219
0.045766
0.044312
0.043660
0.044493
0.043875
0.048611
0.048232
0.050583
0.050993
0.050138
0.049051
0.050074
0.051474
0.052743
0.051548
0.053304
0.051887
0.049689
0.051171
0.051608
0.050387
0.050107
0.047128
0.047938
0.048139
0.047982
0.049876
0.048189
0.048769
0.050745
0.048822
0.049518
0.051012
0.052485
0.049918
0.050055
0.055169
0.050877
0.055044
0.055631
0.057176
0.055126
0.053962
0.051728
0.052741
0.055011
0.053576
0.053289
0.051803
0.051895
0.051980
0.050954
0.052499
0.052171
0.052554
0.052366
0.051749
0.050312
0.050622
0.051570
0.049235
0.052841
0.053233
0.051688
0.052882
0.053666
0.055285
0.053233
0.055694
0.050820
0.051863
0.050275
0.050290
0.051805
0.052182
0.054623
0.052627
0.052966
0.050161
0.051048
0.052523
0.051181
0.052520
0.051370
0.049100
0.051936
0.052089
0.053649
0.051005
0.052760
0.052379
0.053194
0.050533
0.052894
0.053311
0.052448
0.054037
0.050501
0.051852
0.051778
0.049847
0.051830
0.051554
0.051701
0.049382
0.052711
0.050074
0.050605
0.047771
0.049826
0.049020
0.048918
0.049447
0.046641
0.048141
0.047200
0.045093
0.044234
0.044457
0.046838
0.045230
0.045204
0.047327
0.047436
0.046344
0.045600
0.044396
0.045096
0.045830
0.047227
0.045851
0.045500
0.044084
0.045602
0.043782
0.044503
0.046515
0.046035
0.045019
0.043155
0.045259
0.045295
0.046076
0.048305
0.049356
0.049478
0.047762
0.046294
0.044279
0.044464
0.044370
0.044480
0.047587
0.043574
0.045049
0.045325
0.045109
0.047748
0.046692
0.048528
0.044499
0.048359
0.049613
0.050842
0.050878
0.051525
0.051429
0.048020
0.048304
0.046688
0.045534
0.046664
0.048240
0.047722
0.046506
0.046530
0.044664
0.043784
0.043429
0.043713
0.044394
0.043864
0.042617
0.040825
0.043222
0.044848
0.044571
0.045444
0.045098
0.044776
0.043014
0.044118
0.044710
0.044618
0.044083
0.044307
0.044707
0.042749
0.040961
0.042680
0.041624
0.044842
0.044795
0.043528
0.042575
0.043899
0.044559
0.043627
0.042869
0.043199
0.040905
0.040859
0.042869
0.041882
0.039393
0.040810
0.039954
0.040289
0.041793
0.040206
0.043376
0.040846
0.042554
0.042720
0.043362
0.042038
0.041733
0.041985
0.040315
0.041186
0.040695
0.042830
0.040230
0.040491
0.042114
0.042426
0.045170
0.044308
0.042031
0.041667
0.041709
0.042746
0.041581
0.042291
0.041673
0.038787
0.040637
0.039434
0.041629
0.040449
0.041984
0.039280
0.039830
0.042857
0.042168
0.040352
0.041334
0.041722
0.042321
0.042534
0.041202
0.040933
0.044042
0.041010
0.043830
0.044106
0.043455
0.042976
0.042394
0.043013
0.041621
0.043719
0.041993
0.042999
0.041697
0.039528
0.042433
0.042219
0.045402
0.043434
0.047113
0.043994
0.043729
0.045883
0.044079
0.046310
0.044575
0.046414
0.045824
0.045225
0.047477
0.047803
0.048506
0.048435
0.046911
0.044801
0.046252
0.045511
0.044649
0.045870
0.045341
0.044067
0.041902
0.042388
0.045505
0.046339
0.044520
0.045867
0.044442
0.043927
0.043190
0.045074
0.044870
0.045988
0.044195
0.046221
0.043628
0.043623
0.042837
0.042022
0.045792
0.043005
0.044450
0.046200
0.045977
0.044282
0.044688
0.044299
0.043716
0.045683
0.046104
0.044066
0.044474
0.043897
0.043744
0.042437
0.045406
0.044579
0.043641
0.043417
0.042733
0.044033
0.042346
0.042525
0.043360
0.043384
0.041905
0.042996
0.043556
0.044524
0.043352
0.042037
0.044032
0.043022
0.041889
0.045633
0.042147
0.042988
0.043965
0.043241
0.043946
0.045960
0.046906
0.044608
0.043072
0.041775
0.042740
0.041413
0.042777
0.043535
0.042996
0.042853
0.042575
0.041810
0.041852
0.042588
0.041008
0.042888
0.041406
0.043284
0.043025
0.044469
0.045349
0.045278
0.045772
0.045833
0.047580
0.045172
0.047272
0.045745
0.048593
0.046903
0.047768
0.049316
0.046701
0.051167
0.049778
0.051275
0.050750
0.048663
0.047597
0.048994
0.050777
0.048976
0.051007
0.048499
0.048749
0.050291
0.048343
0.048978
0.048125
0.054485
0.053405
0.052288
0.051444
0.049042
0.052446
0.049565
0.051317
0.052926
0.054169
0.053730
0.050263
0.049657
0.050595
0.051329
0.050372
0.051295
0.051078
0.049113
0.051616
0.050497
0.051732
0.052394
0.052676
0.053092
0.049784
0.052002
0.051134
0.052828
0.052043
0.051049
0.048059
0.048797
0.049170
0.047766
0.050760
0.047094
0.046808
0.046748
0.045158
0.045310
0.043632
0.044984
0.045220
0.045560
0.046097
0.044386
0.045303
0.045116
0.045977
0.045384
0.048332
0.046564
0.046354
0.048498
0.045874
0.049798
0.046232
0.047696
0.047210
0.048374
0.047147
0.046462
0.048399
0.045493
0.047892
0.045723
0.045565
0.045396
0.046168
0.046355
0.045714
0.044972
0.045139
0.045142
0.046278
0.045065
0.044308
0.047595
0.047540
0.046838
0.047582
0.047939
0.047085
0.047543
0.048683
0.047055
0.046868
0.048807
0.048202
0.046423
0.046409
0.047121
0.046997
0.045201
0.045188
0.046549
0.043309
0.045326
0.046706
0.046561
0.046206
0.046525
0.045904
0.046994
0.046988
0.047493
0.047608
0.046118
0.046871
0.047571
0.044728
0.047075
0.046184
0.048175
0.048110
0.047523
0.048985
0.047124
0.046515
0.045717
0.047014
0.044652
0.044526
0.044789
0.044594
0.043906
0.044329
0.041797
0.043800
0.046001
0.047254
0.044572
0.046050
0.046776
0.046021
0.044479
0.047391
0.046807
0.045415
0.049668
0.049260
0.046645
0.049584
0.049095
0.049359
0.049897
0.050868
0.048563
0.046637
0.047408
0.047688
0.049490
0.045940
0.047082
0.046759
0.048082
0.044932
0.045891
0.048530
0.046044
0.045871
0.043706
0.047432
0.046951
0.045008
0.047351
0.045648
0.046046
0.047089
0.046838
0.044625
0.041588
0.044073
0.043741
0.046791
0.045537
0.048661
0.046654
0.046749
0.047274
0.045126
0.047575
0.045410
0.046165
0.048321
0.046317
0.050534
0.046932
0.050996
0.049026
0.048358
0.047062
0.048540
0.048824
0.046908
0.050262
0.048561
0.047750
0.047336
0.046682
0.045829
0.046728
0.045511
0.047030
0.048628
0.045926
0.043854
0.046531
0.047241
0.046430
0.045265
0.044028
0.043262
0.041610
0.043311
0.042560
0.041966
0.042136
0.044289
0.042546
0.041587
0.044992
0.043433
0.045804
0.047456
0.045570
0.043832
0.042876
0.043535
0.042791
0.047773
0.044266
0.044736
0.045870
0.044604
0.044637
0.043572
0.045777
0.044165
0.046103
0.044826
0.044732
0.043214
0.044279
0.044376
0.044046
0.043400
0.042659
0.041596
0.042519
0.041943
0.040476
0.039621
0.040644
0.039332
0.038700
0.040691
0.040913
0.041529
0.040593
0.041803
0.038340
0.041018
0.037983
0.039324
0.040163
0.040603
0.041379
0.042200
0.041261
0.040035
0.040400
0.041075
0.042637
0.040709
0.040506
0.040608
0.042882
0.041810
0.041097
0.041081
0.042152
0.040990
0.040597
0.041774
0.041651
0.042413
0.043704
0.044199
0.043115
0.044492
0.044820
0.043489
0.043369
0.041973
0.039545
0.040538
0.041246
0.040033
0.042203
0.043236
0.040598
0.045104
0.042354
0.042058
0.042030
0.044253
0.044383
0.043949
0.042537
0.044918
0.044550
0.046332
0.046253
0.046899
0.045296
0.043596
0.043060
0.041663
0.041882
0.040904
0.043116
0.040540
0.043290
0.043947
0.044460
0.042551
0.040643
0.042472
0.040416
0.042365
0.042613
0.044662
0.044904
0.045033
0.046382
0.042915
0.041626
0.042881
0.041936
0.041955
0.041178
0.042426
0.041882
0.042109
0.042901
0.043662
0.045475
0.044057
0.044923
0.043296
0.043668
0.046333
0.044859
0.046076
0.045114
0.044450
0.045334
0.045361
0.043575
0.044037
0.045083
0.044078
0.046267
0.044051
0.046290
0.043143
0.046875
0.048591
0.049118
0.051114
0.048585
0.050218
0.049319
0.048475
0.047996
0.045929
0.049956
0.049821
0.050197
0.049849
0.047349
0.047649
0.045939
0.048254
0.047904
0.046908
0.047908
0.048520
0.048122
0.047234
0.046240
0.047525
0.047917
0.044475
0.043967
0.045070
0.045132
0.043923
0.044524
0.046871
0.043566
0.042996
0.042711
0.042381
0.043126
0.042239
0.040989
0.040027
0.038264
0.039919
0.040200
0.042525
0.043468
0.041973
0.043348
0.042085
0.042152
0.042293
0.041051
0.041848
0.041333
0.040834
0.038114
0.038591
0.037884
0.040021
0.039677
0.037865
0.040491
0.041522
0.042439
0.042026
0.044624
0.041922
0.042936
0.040742
0.041494
0.042025
0.041764
0.041491
0.040601
0.040311
0.040770
0.041331
0.044146
0.042859
0.042321
0.043753
0.044157
0.044196
0.043973
0.043921
0.044834
0.045392
0.043936
0.043818
0.045467
0.045740
0.046229
0.044078
0.046961
0.043416
0.046985
0.045004
0.044822
0.047657
0.047198
0.049004
0.047149
0.048822
0.048826
0.046318
0.048384
0.048785
0.049296
0.048487
0.047343
0.049568
0.045304
0.046714
0.044313
0.045958
0.047635
0.047478
0.046550
0.048172
0.046935
0.048037
0.049198
0.047924
0.048614
0.044058
0.045031
0.046107
0.046577
0.046966
0.048655
0.048418
0.046678
0.046705
0.046176
0.046210
0.047070
0.046101
0.045539
0.044220
0.042750
0.044685
0.043645
0.045198
0.043966
0.044699
0.046303
0.044513
0.044554
0.046332
0.046583
0.044307
0.045418
0.044338
0.042661
0.045156
0.045201
0.046386
0.044142
0.044241
0.044409
0.045614
0.044427
0.047617
0.049283
0.048775
0.048409
0.048725
0.047826
0.051387
0.050855
0.050438
0.047539
0.050129
0.051873
0.049575
0.050063
0.050439
0.050150
0.050220
0.051496
0.050553
0.048679
0.049106
0.048044
0.048411
0.048662
0.049823
0.047551
0.046737
0.048646
0.047774
0.047695
0.047063
0.047955
0.045487
0.046634
0.047273
0.044658
0.046158
0.046164
0.044618
0.044583
0.043891
0.046623
0.046928
0.048418
0.048620
0.047734
0.046924
0.046698
0.046442
0.049500
0.049870
0.046405
0.046318
0.051117
0.051644
0.049351
0.047252
0.046812
0.049502
0.049680
0.050857
0.047687
0.049036
0.048092
0.051141
0.048766
0.046668
0.047807
0.045361
0.045925
0.047246
0.050399
0.046941
0.047931
0.048789
0.049545
0.050973
0.047928
0.049584
0.050032
0.048996
0.048161
0.047302
0.047297
0.047449
0.048076
0.048508
0.046015
0.047219
0.048204
0.050336
0.047615
0.049361
0.048771
0.048349
0.046929
0.045791
0.046326
0.046642
0.047215
0.046121
0.046003
0.045097
0.044623
0.045911
0.045403
0.046106
0.044496
0.045959
0.047134
0.044315
0.046793
0.045432
0.046079
0.046378
0.044346
0.043712
0.042716
0.044763
0.044677
0.045311
0.045317
0.047019
0.046570
0.046333
0.046149
0.047212
0.047344
0.046308
0.046728
0.045595
0.046534
0.047578
0.043904
0.045895
0.045999
0.046859
0.043321
0.043697
0.045001
0.045047
0.046501
0.047012
0.043505
0.042631
0.041446
0.042079
0.042268
0.043677
0.041112
0.042724
0.043411
0.042258
0.042578
0.040763
0.042366
0.040654
0.042090
0.039752
0.040263
0.041654
0.042071
0.040441
0.040820
0.042032
0.040240
0.041086
0.040483
0.042782
0.039545
0.038789
0.041043
0.040685
0.040216
0.042164
0.040236
0.041244
0.040687
0.040016
0.040004
0.040821
0.043667
0.042816
0.041855
0.044176
0.040731
0.043213
0.039629
0.041558
0.043563
0.044710
0.043243
0.043910
0.044574
0.044255
0.046787
0.045797
0.045146
0.044964
0.045172
0.043513
0.043724
0.042424
0.040036
0.041317
0.041127
0.041100
0.041119
0.040759
0.041926
0.043041
0.042398
0.042040
0.041857
0.042882
0.044813
0.044306
0.042607
0.043598
0.045337
0.046500
0.044214
0.043337
0.044894
0.043542
0.044999
0.043305
0.043775
0.042949
0.043886
0.046497
0.045102
0.045255
0.043435
0.044029
0.044492
0.044184
0.045419
0.042949
0.042616
0.041865
0.042666
0.042654
0.042140
0.043294
0.042152
0.041112
0.039284
0.042699
0.041159
0.040772
0.045913
0.044729
0.043659
0.041044
0.040762
0.041723
0.043328
0.042462
0.042894
0.041102
0.039710
0.041801
0.041029
0.040248
0.041135
0.039489
0.042095
0.040673
0.040774
0.040954
0.040455
0.042912
0.042560
0.044647
0.046399
0.044176
0.045184
0.042336
0.042971
0.043263
0.044928
0.042999
0.043875
0.042865
0.039873
0.043994
0.041567
0.041313
0.040952
0.040436
0.037916
0.037228
0.040785
0.038913
0.039664
0.041935
0.041149
0.041186
0.042840
0.042188
0.041494
0.041948
0.042115
0.043846
0.045947
0.044114
0.044462
0.046175
0.044772
0.043326
0.045995
0.046574
0.045724
0.046337
0.043846
0.046397
0.044602
0.044550
0.042841
0.044226
0.045177
0.044458
0.045523
0.045517
0.043206
0.042897
0.041144
0.043142
0.042846
0.041925
0.042071
0.043180
0.041918
0.042737
0.041129
0.040919
0.042775
0.040533
0.043171
0.041159
0.042010
0.042119
0.041934
0.041319
0.041533
0.041618
0.044688
0.044203
0.042454
0.042842
0.042771
0.040703
0.040321
0.038711
0.039359
0.038009
0.036389
0.037655
0.037721
0.039115
0.040771
0.038024
0.037994
0.038661
0.038713
0.040377
0.037458
0.036774
0.037859
0.037104
0.040069
0.041872
0.040329
0.042161
0.038912
0.041571
0.041050
0.042354
0.043153
0.042643
0.040840
0.038243
0.039465
0.039874
0.039026
0.041511
0.041675
0.041833
0.038857
0.040878
0.040123
0.039982
0.041324
0.038315
0.040361
0.040387
0.040507
0.040811
0.042829
0.043341
0.040862
0.039860
0.039521
0.041819
0.039705
0.040421
0.044107
0.042341
0.041872
0.041316
0.038457
0.039782
0.041190
0.041417
0.043321
0.041897
0.041829
0.041399
0.043749
0.043555
0.043642
0.044227
0.044311
0.041004
0.040165
0.042884
0.039713
0.040987
0.039905
0.040744
0.041993
0.042567
0.040813
0.042187
0.042384
0.041272
0.041652
0.039404
0.040311
0.040126
0.042619
0.041783
0.042696
0.044188
0.042638
0.042946
0.043290
0.043556
0.045227
0.044307
0.046661
0.045074
0.045336
0.046767
0.047759
0.045531
0.046070
0.046953
0.046603
0.045540
0.049578
0.046612
0.049651
0.047771
0.047184
0.043955
0.044836
0.046836
0.045518
0.043631
0.045064
0.044916
0.042436
0.041993
0.043504
0.044230
0.045162
0.047605
0.046766
0.047451
0.046566
0.046964
0.044412
0.047295
0.045917
0.045973
0.045488
0.046599
0.048000
0.047625
0.047675
0.048007
0.045343
0.046955
0.046860
0.046599
0.046338
0.048940
0.046947
0.046534
0.044229
0.045009
0.048146
0.045429
0.046290
0.044366
0.046913
0.044993
0.041606
0.043053
0.043564
0.041240
0.040697
0.043051
0.042901
0.041289
0.043253
0.042946
0.042125
0.042308
0.039452
0.039321
0.040517
0.042279
0.042154
0.041159
0.041854
0.043627
0.041064
0.041907
0.039048
0.038977
0.041053
0.039019
0.040456
0.039287
0.038385
0.040871
0.041917
0.043220
0.041990
0.042474
0.043804
0.042957
0.044897
0.044165
0.043625
0.043734
0.041591
0.041182
0.042961
0.042310
0.041634
0.042863
0.042194
0.043599
0.043033
0.043605
0.044937
0.043528
0.044138
0.043908
0.044679
0.046552
0.047557
0.049533
0.046969
0.047615
0.045060
0.046671
0.046787
0.047138
0.047837
0.046202
0.047582
0.046786
0.048330
0.048768
0.048117
0.049872
0.046727
0.051735
0.049481
0.049003
0.049004
0.046752
0.048685
0.046827
0.050299
0.045906
0.044236
0.046406
0.046397
0.044720
0.043791
0.044156
0.045900
0.045905
0.046063
0.043995
0.045836
0.045684
0.045205
0.045594
0.046695
0.044083
0.042809
0.043780
0.045144
0.044845
0.044823
0.042700
0.040719
0.039899
0.042321
0.043986
0.044105
0.044133
0.044044
0.042245
0.040585
0.042550
0.042243
0.043815
0.043235
0.043265
0.041656
0.041197
0.040144
0.041829
0.041493
0.041819
0.038005
0.038814
0.038834
0.039478
0.041480
0.040240
0.039613
0.042704
0.042940
0.042105
0.043349
0.042673
0.042813
0.043070
0.044788
0.042881
0.044343
0.045789
0.043793
0.044996
0.044545
0.044176
0.041607
0.040937
0.042675
0.043662
0.043232
0.041970
0.041649
0.041452
0.040193
0.041970
0.041992
0.042653
0.043444
0.045867
0.045046
0.046008
0.046265
0.046071
0.050164
0.048519
0.047409
0.047025
0.047929
0.046634
0.045433
0.048421
0.047344
0.047576
0.044351
0.046942
0.047926
0.046557
0.048638
0.050325
0.050240
0.048690
0.050554
0.048438
0.049239
0.050746
0.050608
0.051550
0.050596
0.049788
0.052653
0.051452
0.052815
0.053854
0.051592
0.050298
0.051376
0.049815
0.050403
0.052070
0.051955
0.051522
0.052538
0.051823
0.050315
0.051220
0.049882
0.049349
0.049294
0.048806
0.050226
0.052159
0.050647
0.051950
0.050383
0.050845
0.051735
0.052764
0.052471
0.051285
0.053370
0.050212
0.051341
0.050227
0.052392
0.051612
0.050350
0.052941
0.050328
0.052239
0.050770
0.050279
0.047724
0.047485
0.048992
0.045522
0.048046
0.046437
0.047703
0.048451
0.049563
0.048511
0.047708
0.048822
0.046066
0.045534
0.046235
0.044831
0.045175
0.044361
0.043290
0.043606
0.044236
0.044409
0.041310
0.045617
0.044449
0.045498
0.045204
0.043101
0.046001
0.045523
0.046342
0.043899
0.043650
0.044431
0.041183
0.041117
0.041941
0.041606
0.040204
0.040954
0.039189
0.038742
0.040501
0.040282
0.042660
0.039076
0.041737
0.040464
0.041106
0.045051
0.044628
0.044503
0.044499
0.043695
0.045687
0.044356
0.044257
0.045598
0.046624
0.044640
0.045728
0.042129
0.043855
0.044558
0.045656
0.045002
0.044841
0.044284
0.045579
0.044192
0.045560
0.044430
0.045205
0.044134
0.044612
0.042612
0.043800
0.043756
0.042366
0.045731
0.045225
0.046970
0.046086
0.046729
0.046684
0.046363
0.049324
0.048141
0.047212
0.044977
0.046100
0.046179
0.045290
0.044909
0.044929
0.044307
0.045996
0.046176
0.044510
0.045201
0.045894
0.045908
0.046265
0.045594
0.045695
0.046460
0.045720
0.046602
0.046105
0.047366
0.048507
0.048039
0.048789
0.048133
0.051089
0.048591
0.048117
0.047096
0.047642
0.049805
0.050226
0.049708
0.051902
0.052516
0.051703
0.051961
0.052954
0.051158
0.051719
0.047733
0.048374
0.046202
0.047177
0.048465
0.047511
0.050342
0.047355
0.047680
0.047471
0.047753
0.046144
0.045325
0.044107
0.044369
0.046557
0.046834
0.042931
0.044560
0.044113
0.043282
0.045307
0.044147
0.043775
0.041917
0.043320
0.043614
0.046673
0.047261
0.044529
0.042712
0.042600
0.042574
0.043015
0.043281
0.041932
0.045420
0.043303
0.043731
0.047844
0.044225
0.043760
0.043557
0.043505
0.043890
0.042098
0.042172
0.043260
0.042867
0.042631
0.043453
0.044657
0.044662
0.046294
0.045129
0.046156
0.044629
0.045484
0.046646
0.044989
0.045899
0.045635
0.046726
0.045675
0.046600
0.043870
0.044246
0.049124
0.046469
0.048796
0.047710
0.047963
0.044637
0.046335
0.047475
0.047006
0.045642
0.044070
0.046716
0.049995
0.045802
0.044567
0.043791
0.046421
0.044771
0.046689
0.047122
0.044290
0.048528
0.047215
0.048887
0.046626
0.046735
0.044620
0.044993
0.043680
0.045265
0.044636
0.045315
0.047073
0.048314
0.045675
0.047986
0.046618
0.044158
0.045190
0.045039
0.045771
0.045712
0.048519
0.049391
0.048834
0.047540
0.047681
0.048740
0.048918
0.049476
0.048543
0.048811
0.048205
0.050564
0.048217
0.048480
0.049730
0.047935
0.048972
0.049599
0.050458
0.049311
0.049475
0.046847
0.045799
0.047128
0.044949
0.046890
0.043106
0.043030
0.044915
0.043090
0.043417
0.042485
0.043093
0.041862
0.040263
0.040366
0.040484
0.041973
0.041165
0.042439
0.040949
0.040775
0.042242
0.042885
0.044989
0.044298
0.043856
0.042597
0.040147
0.043364
0.040970
0.041468
0.041452
0.042885
0.041700
0.041395
0.043117
0.041607
0.042147
0.042396
0.042811
0.040640
0.040658
0.041579
0.044061
0.044724
0.045212
0.043540
0.044063
0.043729
0.044672
0.044762
0.044937
0.044289
0.045445
0.044677
0.044060
0.046588
0.048105
0.046434
0.044894
0.045128
0.043667
0.044256
0.042199
0.041179
0.041848
0.042402
0.043591
0.042883
0.041435
0.041621
0.040042
0.040627
0.041520
0.042499
0.042996
0.042397
0.041650
0.042302
0.042508
0.041008
0.041583
0.041895
0.040345
0.040838
0.039282
0.040920
0.040311
0.040612
0.040297
0.039653
0.041244
0.042080
0.042513
0.040639
0.042278
0.041653
0.040653
0.041358
0.040260
0.042876
0.040711
0.043914
0.043242
0.044495
0.044139
0.042885
0.043228
0.042837
0.042934
0.041884
0.043390
0.045060
0.044216
0.042571
0.043120
0.042805
0.041492
0.040655
0.041282
0.042129
0.043394
0.042280
0.041617
0.040660
0.042852
0.042984
0.042323
0.042142
0.042163
0.040172
0.039969
0.040466
0.042165
0.039737
0.040155
0.039961
0.042136
0.041418
0.040300
0.042796
0.041748
0.044193
0.040171
0.041823
0.042931
0.041219
0.043008
0.041363
0.043362
0.042295
0.046027
0.041254
0.043514
0.046182
0.046900
0.047428
0.047634
0.046780
0.048917
0.048060
0.046852
0.047622
0.047240
0.046352
0.046534
0.048105
0.045869
0.046172
0.044413
0.048059
0.048049
0.046551
0.046616
0.045950
0.047164
0.047747
0.047268
0.048395
0.048832
0.047492
0.049320
0.047415
0.046766
0.047974
0.046299
0.048584
0.048303
0.049121
0.048934
0.048947
0.048392
0.046344
0.048404
0.045537
0.048138
0.047204
0.046900
0.046576
0.046229
0.047067
0.046275
0.046242
0.047908
0.048023
0.052062
0.049131
0.050981
0.049047
0.049698
0.050351
0.048820
0.048157
0.046356
0.046849
0.047863
0.047746
0.050087
0.048149
0.048492
0.048976
0.050196
0.048478
0.046929
0.048139
0.045171
0.047444
0.046804
0.045900
0.045005
0.046072
0.046730
0.047950
0.047670
0.046932
0.048005
0.045931
0.045215
0.047225
0.045101
0.046572
0.048100
0.047376
0.047368
0.046651
0.048823
0.048871
0.049571
0.048567
0.049026
0.045406
0.046067
0.047396
0.043547
0.045141
0.046702
0.046072
0.046013
0.043607
0.043543
0.044268
0.045628
0.042977
0.043934
0.044436
0.042553
0.044161
0.042916
0.045572
0.043768
0.042483
0.042951
0.042841
0.045154
0.042423
0.043487
0.044084
0.045138
0.044504
0.045579
0.046652
0.046053
0.047498
0.045358
0.046676
0.046412
0.045605
0.046423
0.046997
0.049083
0.047603
0.046883
0.045572
0.045873
0.046306
0.044881
0.047545
0.045925
0.044953
0.046468
0.044324
0.048424
0.046673
0.049713
0.046595
0.047439
0.048266
0.049917
0.048705
0.048864
0.049311
0.047963
0.048062
0.048792
0.045481
0.048686
0.046540
0.048123
0.047176
0.046528
0.046195
0.047152
0.050075
0.046679
0.049781
0.047306
0.046467
0.046815
0.044111
0.046258
0.044794
0.045418
0.044736
0.048250
0.045587
0.046616
0.047249
0.046390
0.048383
0.046742
0.046569
0.045792
0.046256
0.045222
0.047196
0.047865
0.047118
0.048506
0.048045
0.047876
0.048894
0.047763
0.048943
0.047865
0.048698
0.047606
0.048455
0.047749
0.046358
0.047723
0.047063
0.048043
0.045717
0.048167
0.049591
0.048168
0.048534
0.046118
0.048316
0.048950
0.047801
0.049422
0.048688
0.050155
0.046408
0.049356
0.047246
0.049840
0.047740
0.045976
0.047342
0.046310
0.045774
0.045246
0.045668
0.047778
0.045149
0.047677
0.046026
0.042993
0.044277
0.044579
0.044748
0.044602
0.043606
0.045900
0.046768
0.046891
0.044124
0.044104
0.041685
0.043149
0.042701
0.041424
0.040894
0.040523
0.041876
0.039327
0.042662
0.039871
0.040838
0.040187
0.040379
0.041142
0.039697
0.040054
0.040422
0.039742
0.039190
0.040242
0.042227
0.040227
0.044494
0.042946
0.042785
0.043108
0.042578
0.042205
0.042010
0.042767
0.040101
0.041861
0.043171
0.042815
0.044443
0.043025
0.045061
0.045122
0.042523
0.042003
0.043056
0.045102
0.043589
0.044926
0.044611
0.043676
0.044245
0.043880
0.046263
0.046479
0.045060
0.044308
0.045254
0.044266
0.043466
0.046002
0.044984
0.045356
0.043891
0.044629
0.044202
0.045372
0.042646
0.043599
0.043857
0.043365
0.043819
0.043652
0.044253
0.045698
0.044805
0.045793
0.042012
0.044844
0.042371
0.041886
0.041112
0.043371
0.041699
0.040468
0.043004
0.039370
0.041280
0.040965
0.041588
0.042226
0.041556
0.042373
0.042717
0.043347
0.043884
0.041187
0.043050
0.041364
0.041130
0.039943
0.041537
0.041591
0.041249
0.043194
0.041930
0.041221
0.040994
0.038241
0.039663
0.039224
0.040341
0.038348
0.040040
0.037982
0.039588
0.039699
0.038177
0.039974
0.040425
0.040621
0.040068
0.040169
0.039837
0.040569
0.042548
0.042477
0.042756
0.039104
0.041210
0.042236
0.039924
0.043138
0.037887
0.040135
0.036884
0.039058
0.037795
0.039591
0.041238
0.038777
0.038497
0.037588
0.036913
0.037366
0.038501
0.038974
0.039001
0.039787
0.042029
0.040272
0.041750
0.041818
0.041536
0.042090
0.042744
0.042692
0.044623
0.044539
0.041967
0.040110
0.040305
0.041373
0.040182
0.040874
0.041914
0.043572
0.043635
0.044639
0.042691
0.041493
0.039286
0.040495
0.041394
0.040159
0.039829
0.039761
0.039737
0.038314
0.040650
0.040549
0.040031
0.039034
0.039989
0.038915
0.037440
0.039237
0.038575
0.038720
0.037879
0.039735
0.039628
0.041380
0.042267
0.039639
0.041531
0.038773
0.040361
0.039041
0.038525
0.040245
0.039554
0.040087
0.039756
0.041016
0.039717
0.042013
0.040734
0.042024
0.041557
0.039986
0.041683
0.042650
0.041090
0.041442
0.041163
0.042022
0.040929
0.041446
0.042641
0.040602
0.041032
0.038730
0.040158
0.040701
0.042472
0.039458
0.041989
0.042087
0.042209
0.043501
0.042461
0.043217
0.041277
0.039559
0.043492
0.042772
0.044413
0.043375
0.042886
0.041787
0.040910
0.043647
0.041809
0.040401
0.041561
0.040729
0.041871
0.042211
0.042664
0.043157
0.045290
0.044900
0.044225
0.043393
0.041473
0.044660
0.042818
0.043433
0.043550
0.043814
0.043334
0.043585
0.044292
0.043232
0.045478
0.043620
0.044817
0.043464
0.045617
0.046921
0.046481
0.047722
0.048679
0.051577
0.048260
0.049109
0.049137
0.045983
0.047184
0.048235
0.048561
0.047415
0.047818
0.048828
0.048800
0.050595
0.049201
0.053070
0.049115
0.051965
0.051050
0.049608
0.049776
0.051595
0.050485
0.046765
0.047604
0.048662
0.047493
0.048198
0.047537
0.048519
0.046601
0.046500
0.046105
0.045802
0.047439
0.045776
0.045723
0.044813
0.045603
0.047132
0.046802
0.046278
0.045471
0.045805
0.044542
0.045243
0.046203
0.045265
0.046941
0.045696
0.045703
0.045824
0.047553
0.044667
0.045380
0.046885
0.042420
0.043917
0.043859
0.043674
0.042750
0.042695
0.046840
0.044692
0.047019
0.044177
0.042882
0.045969
0.045469
0.047322
0.044801
0.043273
0.041962
0.042529
0.043923
0.042452
0.044870
0.043867
0.045366
0.043522
0.043979
0.046703
0.046093
0.045723
0.044796
0.046728
0.045239
0.045704
0.046207
0.046264
0.046571
0.045471
0.046767
0.046474
0.045116
0.045480
0.046144
0.048080
0.045481
0.046540
0.045254
0.046270
0.045329
0.044498
0.043775
0.045463
0.045289
0.045222
0.045048
0.046226
0.045585
0.044597
0.044609
0.044354
0.042201
0.041187
0.044028
0.042906
0.044433
0.043450
0.044793
0.044311
0.042896
0.042972
0.043158
0.046574
0.046651
0.046454
0.046577
0.047809
0.047142
0.046329
0.047226
0.043366
0.045334
0.045210
0.045679
0.045117
0.046349
0.045555
0.046113
0.046460
0.041433
0.042691
0.043596
0.046308
0.045669
0.047996
0.044833
0.046347
0.044606
0.046780
0.044637
0.047221
0.046459
0.047485
0.047198
0.046948
0.048569
0.047270
0.047308
0.046412
0.049266
0.046005
0.046519
0.046359
0.047138
0.047943
0.045454
0.045714
0.045663
0.044126
0.044572
0.044519
0.046286
0.043216
0.043559
0.044588
0.043060
0.044416
0.042897
0.046062
0.044508
0.044745
0.043637
0.045790
0.045780
0.045091
0.048707
0.046323
0.047002
0.044652
0.043072
0.044560
0.047064
0.047261
0.046561
0.043908
0.045308
0.041809
0.044920
0.041705
0.041214
0.041253
0.041701
0.040562
0.041263
0.041909
0.042653
0.041554
0.041436
0.043302
0.041119
0.043393
0.044310
0.043287
0.043814
0.041636
0.040878
0.041359
0.041806
0.041488
0.041589
0.043421
0.043882
0.043547
0.043534
0.045121
0.043363
0.042718
0.045660
0.046696
0.045567
0.044411
0.043814
0.047003
0.045418
0.044819
0.042549
0.044050
0.045090
0.045850
0.046886
0.045198
0.046554
0.045691
0.046449
0.044090
0.044539
0.045957
0.043872
0.043926
0.044613
0.043311
0.044810
0.044902
0.045255
0.044936
0.045605
0.043820
0.043072
0.044996
0.046005
0.046692
0.046257
0.047598
0.044722
0.042789
0.044337
0.043964
0.042566
0.044875
0.047054
0.044317
0.042621
0.042033
0.041946
0.043562
0.042429
0.041407
0.043117
0.042098
0.041476
0.042005
0.041342
0.039783
0.039519
0.039894
0.040045
0.039776
0.040111
0.042534
0.041423
0.042239
0.043519
0.043955
0.040802
0.041862
0.044975
0.043242
0.046570
0.043020
0.044350
0.044870
0.045040
0.045546
0.043360
0.046033
0.044509
0.044862
0.045269
0.044519
0.046949
0.044492
0.045175
0.046546
0.046880
0.047378
0.048438
0.047927
0.050605
0.048957
0.050448
0.049620
0.049008
0.051129
0.047499
0.046080
0.045061
0.044634
0.045039
0.043091
0.043188
0.042536
0.045461
0.045060
0.046090
0.043975
0.046169
0.046482
0.044059
0.045791
0.046735
0.042056
0.043244
0.043630
0.042553
0.043885
0.047046
0.044470
0.043866
0.043005
0.044810
0.044898
0.046513
0.046642
0.049330
0.046363
0.047509
0.047197
0.045728
0.046703
0.043821
0.044340
0.042812
0.044867
0.041805
0.043429
0.042948
0.042266
0.043461
0.044234
0.044406
0.045677
0.044559
0.044939
0.046191
0.045488
0.043561
0.043957
0.042996
0.044108
0.047190
0.042585
0.046184
0.046204
0.046653
0.046236
0.046434
0.045198
0.046037
0.045566
0.044806
0.043613
0.042807
0.042066
0.045402
0.043266
0.044233
0.041597
0.043535
0.040714
0.041401
0.043787
0.042105
0.041614
0.040559
0.042390
0.040500
0.043509
0.045566
0.044422
0.045710
0.047387
0.048411
0.049058
0.051080
0.050844
0.050780
0.051177
0.050063
0.051468
0.050519
0.047667
0.049130
0.049992
0.049147
0.049032
0.047577
0.048990
0.048687
0.051906
0.048359
0.050474
0.050238
0.049557
0.047345
0.046409
0.046701
0.046377
0.045110
0.045895
0.046527
0.043928
0.044843
0.043974
0.045779
0.047028
0.047076
0.045764
0.047942
0.046763
0.046705
0.046477
0.046864
0.044222
0.045142
0.044912
0.043534
0.045136
0.043299
0.044980
0.044611
0.044815
0.045447
0.043867
0.044965
0.045963
0.046274
0.046341
0.045172
0.043055
0.045128
0.044148
0.043830
0.046565
0.046428
0.046833
0.044571
0.045127
0.044722
0.043960
0.045909
0.046555
0.045972
0.048399
0.044318
0.047185
0.046662
0.049201
0.044897
0.048370
0.049622
0.050246
0.050211
0.049210
0.048829
0.049485
0.051123
0.046907
0.047444
0.047967
0.046984
0.048239
0.046909
0.048448
0.048499
0.048654
0.049605
0.049161
0.048266
0.049304
0.046507
0.047550
0.048056
0.050749
0.045684
0.049580
0.048730
0.046679
0.046386
0.046131
0.046802
0.045359
0.044582
0.044250
0.045441
0.043624
0.040993
0.043780
0.043951
0.045923
0.045031
0.044016
0.045079
0.044628
0.045319
0.044138
0.043347
0.043955
0.048525
0.044522
0.042397
0.043620
0.044040
0.044019
0.044034
0.046870
0.044285
0.044938
0.044612
0.044203
0.041765
0.042175
0.042716
0.043008
0.046006
0.044598
0.046430
0.047532
0.044918
0.045553
0.044920
0.043844
0.044537
0.043891
0.048865
0.044919
0.043517
0.044378
0.043241
0.043708
0.044062
0.043857
0.042841
0.046396
0.044120
0.044350
0.044971
0.046067
0.048628
0.046851
0.047507
0.045845
0.044577
0.045072
0.047660
0.045920
0.047014
0.045509
0.046666
0.045623
0.049094
0.046332
0.047316
0.046412
0.046333
0.046237
0.048040
0.046150
0.045066
0.048416
0.046485
0.049282
0.046750
0.047561
0.047026
0.049884
0.051459
0.048541
0.049421
0.046343
0.044702
0.047367
0.048194
0.048333
0.043780
0.046687
0.044481
0.047211
0.047419
0.045889
0.046747
0.045150
0.044440
0.043755
0.045188
0.046660
0.043242
0.045327
0.042237
0.043338
0.042342
0.040552
0.042467
0.043403
0.042521
0.043512
0.042396
0.040287
0.043490
0.045299
0.043377
0.047301
0.043707
0.045274
0.041792
0.045360
0.043497
0.041888
0.046494
0.045670
0.043319
0.043258
0.041418
0.045352
0.043475
0.045532
0.043605
0.044923
0.044784
0.044909
0.043814
0.043910
0.044027
0.045384
0.045210
0.045755
0.045237
0.045022
0.044615
0.042222
0.042808
0.042781
0.041684
0.040780
0.043568
0.043624
0.045248
0.044941
0.045948
0.042361
0.044834
0.047412
0.046257
0.048342
0.049121
0.047844
0.047143
0.046343
0.046613
0.048411
0.048285
0.044817
0.046825
0.047193
0.046808
0.047758
0.047171
0.047023
0.047043
0.047049
0.045987
0.045183
0.048455
0.049622
0.051996
0.048673
0.049319
0.049811
0.048132
0.047253
0.047853
0.046682
0.046277
0.046478
0.045009
0.043371
0.046538
0.046453
0.045350
0.044258
0.043162
0.045091
0.044632
0.044790
0.043010
0.045142
0.045401
0.046620
0.046380
0.043430
0.044911
0.041909
0.041892
0.041598
0.041925
0.043305
0.042165
0.043733
0.042897
0.043286
0.043283
0.043941
0.042581
0.043933
0.044899
0.044335
0.044689
0.042325
0.043254
0.043889
0.045416
0.045499
0.043349
0.044843
0.044407
0.041374
0.043255
0.043618
0.045704
0.043654
0.045704
0.043012
0.045025
0.043644
0.042447
0.042919
0.044648
0.041952
0.042884
0.043809
0.041972
0.040288
0.041391
0.040801
0.040986
0.040090
0.042432
0.040864
0.041625
0.040483
0.039853
0.039840
0.039851
0.040434
0.040470
0.039954
0.040063
0.042174
0.041539
0.038945
0.041995
0.040949
0.040557
0.040827
0.042157
0.043305
0.039140
0.041395
0.039922
0.039747
0.042291
0.041272
0.040640
0.040742
0.041263
0.041898
0.041714
0.043448
0.041449
0.044064
0.043308
0.044327
0.044844
0.041582
0.042227
0.043697
0.045354
0.045328
0.045858
0.045610
0.046032
0.045962
0.043537
0.045655
0.043793
0.045096
0.043480
0.043806
0.045375
0.045028
0.045339
0.046733
0.046703
0.043560
0.044363
0.046096
0.046094
0.046517
0.044120
0.045293
0.042444
0.042357
0.046707
0.045158
0.046599
0.044467
0.046482
0.045206
0.046372
0.044876
0.042198
0.047305
0.043748
0.043875
0.045403
0.045882
0.046953
0.047422
0.048345
0.045592
0.047001
0.046644
0.045205
0.044943
0.042870
0.043817
0.045288
0.045255
0.044187
0.043969
0.047042
0.045983
0.045001
0.043768
0.043899
0.041189
0.042107
0.044508
0.041988
0.042743
0.042631
0.043582
0.044178
0.044411
0.043973
0.044015
0.044743
0.044317
0.044298
0.043349
0.041987
0.043389
0.041580
0.044591
0.046583
0.044711
0.044522
0.043048
0.043268
0.045155
0.044650
0.041496
0.045419
0.044267
0.041529
0.041895
0.041809
0.043385
0.043432
0.043822
0.043632
0.044052
0.044407
0.043948
0.045051
0.044382
0.044119
0.046583
0.046128
0.047877
0.045926
0.048436
0.046455
0.045977
0.043731
0.045706
0.045078
0.044280
0.046809
0.045108
0.046304
0.045670
0.043758
0.046207
0.044551
0.044020
0.042809
0.043604
0.043583
0.044226
0.045341
0.044951
0.044665
0.042823
0.044883
0.044441
0.043399
0.046529
0.042118
0.044342
0.042835
0.042849
0.040988
0.044239
0.042770
0.042827
0.043060
0.044006
0.041334
0.042442
0.042164
0.042199
0.041319
0.041944
0.041720
0.041192
0.043626
0.038196
0.041008
0.041940
0.042576
0.042112
0.043441
0.039676
0.037655
0.041857
0.039977
0.040726
0.040104
0.040587
0.038410
0.036698
0.037204
0.038088
0.037135
0.035678
0.035242
0.034953
0.035392
0.032965
0.035290
0.035601
0.037817
0.039133
0.036446
0.035288
0.034688
0.036448
0.035817
0.037675
0.036837
0.035179
0.035243
0.038562
0.039061
0.038197
0.039138
0.040875
0.038338
0.039210
0.040566
0.040885
0.041358
0.038603
0.040493
0.040560
0.039412
0.041494
0.040420
0.039777
0.041507
0.040072
0.040507
0.042752
0.045071
0.046622
0.044465
0.042845
0.044457
0.044439
0.045742
0.046399
0.044438
0.044654
0.042301
0.042762
0.043456
0.042481
0.042745
0.041885
0.041561
0.041956
0.041198
0.039806
0.042732
0.042920
0.043555
0.043595
0.042509
0.041484
0.040461
0.041080
0.043515
0.043873
0.046143
0.045165
0.044318
0.043947
0.043187
0.042336
0.040946
0.042926
0.041481
0.042346
0.042609
0.043640
0.043659
0.043422
0.042544
0.044068
0.043472
0.042079
0.042209
0.044183
0.042051
0.045237
0.043359
0.046093
0.043600
0.045105
0.046858
0.045409
0.045263
0.043584
0.043400
0.044946
0.042798
0.045199
0.045315
0.044788
0.044128
0.047748
0.044862
0.047577
0.045789
0.047021
0.049539
0.049621
0.050095
0.050678
0.050615
0.052432
0.051093
0.052137
0.051814
0.052010
0.050070
0.051174
0.052135
0.051929
0.052303
0.053196
0.052757
0.051240
0.051230
0.052228
0.049715
0.050922
0.051491
0.047608
0.047267
0.046369
0.046945
0.045133
0.048001
0.045973
0.046580
0.048265
0.048144
0.047933
0.046307
0.048561
0.046255
0.047022
0.044822
0.044995
0.046730
0.045006
0.044279
0.046166
0.047312
0.048647
0.044938
0.046426
0.045122
0.047293
0.046253
0.046205
0.043985
0.044443
0.045237
0.046028
0.043846
0.042963
0.041335
0.042740
0.041687
0.043584
0.040622
0.042515
0.041483
0.038821
0.040171
0.042895
0.041402
0.041327
0.043755
0.042764
0.043346
0.042287
0.042981
0.043403
0.041206
0.043320
0.043599
0.046263
0.044619
0.044910
0.043621
0.043035
0.045120
0.045121
0.044343
0.041452
0.043754
0.045942
0.044068
0.045756
0.043158
0.043520
0.043823
0.044901
0.045799
0.046838
0.046779
0.046855
0.045745
0.044373
0.043152
0.043794
0.044729
0.046067
0.044386
0.046620
0.045386
0.045062
0.046525
0.043468
0.045949
0.045967
0.048092
0.045326
0.043917
0.045855
0.044130
0.044168
0.046137
0.043863
0.044324
0.044979
0.044681
0.045510
0.046030
0.045391
0.047501
0.045550
0.045852
0.047630
0.046413
0.047444
0.045489
0.047634
0.045108
0.044739
0.047105
0.045503
0.049175
0.045535
0.046579
0.046008
0.045466
0.045353
0.043930
0.045937
0.046341
0.045743
0.045242
0.045314
0.048828
0.046054
0.048262
0.047381
0.048980
0.048303
0.048017
0.050240
0.050819
0.051203
0.051181
0.049751
0.051323
0.050574
0.050555
0.049485
0.048802
0.050077
0.051869
0.047959
0.047870
0.049880
0.047725
0.049274
0.051034
0.049787
0.050600
0.047240
0.047394
0.048272
0.048910
0.048054
0.050873
0.046447
0.045424
0.045754
0.043867
0.042331
0.042102
0.046389
0.044043
0.046424
0.044915
0.045191
0.046368
0.044771
0.045397
0.045480
0.047022
0.048022
0.046481
0.048654
0.049334
0.050856
0.047940
0.048512
0.046518
0.047952
0.047830
0.047869
0.048715
0.047137
0.046753
0.049133
0.045257
0.048471
0.047929
0.046018
0.046194
0.047887
0.046473
0.045359
0.046340
0.046834
0.047278
0.044624
0.044415
0.046856
0.046612
0.049489
0.048706
0.047829
0.048126
0.049765
0.050825
0.048848
0.050237
0.048624
0.049661
0.049500
0.048310
0.050335
0.047273
0.047644
0.047179
0.047213
0.048377
0.049361
0.048216
0.046247
0.047149
0.047076
0.045598
0.044489
0.044367
0.045868
0.045341
0.045083
0.045860
0.045917
0.048021
0.047889
0.048089
0.046149
0.048159
0.049531
0.048842
0.048991
0.048518
0.048828
0.049611
0.049125
0.048876
0.048854
0.048850
0.047467
0.046378
0.048447
0.049177
0.048467
0.046930
0.047808
0.045581
0.047160
0.049059
0.046253
0.046289
0.045099
0.045284
0.045290
0.046333
0.044517
0.046421
0.044157
0.042190
0.043808
0.040730
0.043146
0.044011
0.043010
0.045462
0.045735
0.042830
0.043531
0.045075
0.046515
0.044254
0.045756
0.044244
0.044531
0.043107
0.044216
0.043613
0.043806
0.043922
0.043439
0.044041
0.044726
0.044476
0.043258
0.045444
0.045078
0.043565
0.042172
0.040158
0.043233
0.044535
0.042708
0.041158
0.040971
0.040330
0.043404
0.044374
0.043567
0.044838
0.041419
0.041513
0.042651
0.040034
0.040848
0.040610
0.042148
0.041704
0.042489
0.040371
0.039588
0.040627
0.041637
0.042860
0.043130
0.043194
0.041870
0.041788
0.043180
0.043033
0.043042
0.040044
0.039897
0.040769
0.040161
0.040639
0.042130
0.041460
0.037560
0.040369
0.038308
0.038204
0.039767
0.038603
0.040799
0.040282
0.038823
0.039191
0.038997
0.039116
0.039178
0.039165
0.038629
0.041967
0.039673
0.041060
0.041419
0.040243
0.040729
0.038981
0.037776
0.038612
0.040088
0.039957
0.039581
0.040663
0.038906
0.037663
0.039118
0.038115
0.039314
0.038418
0.037277
0.037958
0.039345
0.038210
0.040480
0.039845
0.037804
0.038820
0.038432
0.039472
0.038808
0.037176
0.040181
0.041333
0.041404
0.040208
0.042712
0.042179
0.042311
0.043570
0.044237
0.045631
0.045658
0.045490
0.043673
0.041686
0.042981
0.045639
0.045448
0.045268
0.043066
0.047015
0.043372
0.045555
0.043492
0.046183
0.044488
0.044383
0.042806
0.042981
0.045444
0.043371
0.044508
0.043431
0.043861
0.044666
0.046126
0.045713
0.046845
0.046707
0.043764
0.044511
0.042075
0.040657
0.043036
0.041580
0.039780
0.041220
0.041777
0.041402
0.043068
0.042656
0.041383
0.043481
0.044226
0.043438
0.040872
0.043340
0.042452
0.042979
0.043388
0.040528
0.043969
0.042287
0.042604
0.046603
0.043174
0.046205
0.044481
0.046715
0.045635
0.043286
0.043976
0.042194
0.043419
0.043197
0.041967
0.041357
0.040823
0.041177
0.041875
0.043498
0.039500
0.041802
0.038588
0.039180
0.039645
0.039504
0.039262
0.038871
0.037244
0.038403
0.038670
0.039837
0.039356
0.039202
0.037922
0.038129
0.039827
0.040458
0.040752
0.042156
0.044895
0.042498
0.043890
0.042603
0.042018
0.040854
0.040586
0.042485
0.041786
0.043945
0.043947
0.042023
0.041821
0.041536
0.042528
0.039674
0.040614
0.042290
0.041076
0.040443
0.041296
0.041762
0.039541
0.040053
0.040144
0.039416
0.041032
0.040420
0.039780
0.040286
0.040317
0.040831
0.039290
0.040994
0.038886
0.041515
0.039557
0.042385
0.040327
0.038788
0.038723
0.037258
0.036395
0.036362
0.038660
0.039301
0.040995
0.041151
0.040917
0.040455
0.040683
0.040677
0.039256
0.038656
0.040562
0.039383
0.041931
0.040904
0.041915
0.041493
0.040829
0.045732
0.046441
0.046866
0.044857
0.047611
0.047029
0.048519
0.047499
0.047890
0.048539
0.047275
0.046171
0.045125
0.044357
0.045640
0.043473
0.046356
0.045318
0.045958
0.043843
0.045083
0.045093
0.042714
0.043895
0.042615
0.041444
0.042299
0.042595
0.043833
0.043165
0.044464
0.045577
0.042276
0.042753
0.042651
0.042977
0.042297
0.041527
0.040756
0.042775
0.041763
0.042481
0.041875
0.041475
0.042603
0.043119
0.043902
0.046568
0.043301
0.043433
0.043250
0.041599
0.040749
0.041434
0.041487
0.042092
0.041967
0.042483
0.040699
0.041066
0.040504
0.041049
0.042194
0.043181
0.042180
0.041979
0.043050
0.043890
0.043008
0.042341
0.039769
0.040312
0.042136
0.041131
0.042514
0.041685
0.040905
0.041024
0.039940
0.040997
0.040500
0.040075
0.039031
0.039818
0.040417
0.040281
0.039880
0.038677
0.041196
0.041889
0.039182
0.040673
0.039743
0.041083
0.039870
0.040619
0.039910
0.039859
0.040161
0.039731
0.040299
0.038761
0.039377
0.040097
0.041432
0.041092
0.039587
0.041521
0.039109
0.040437
0.039534
0.039998
0.042854
0.038876
0.040008
0.041005
0.042007
0.040489
0.040570
0.040793
0.040655
0.041317
0.040756
0.040666
0.039835
0.037558
0.038155
0.037659
0.038645
0.039616
0.040825
0.038723
0.039877
0.040007
0.040129
0.041203
0.041583
0.042611
0.043623
0.042716
0.043188
0.042361
0.041408
0.039992
0.042721
0.041282
0.040660
0.041411
0.042198
0.041537
0.041257
0.040291
0.040399
0.040761
0.039570
0.038487
0.040396
0.038060
0.041200
0.039499
0.038699
0.039703
0.038713
0.040073
0.039095
0.040219
0.039412
0.038208
0.039330
0.039769
0.040097
0.038775
0.040233
0.038436
0.039819
0.042464
0.041750
0.043163
0.041933
0.042449
0.044610
0.044654
0.044947
0.042550
0.044344
0.046668
0.045902
0.045399
0.044651
0.046928
0.043759
0.045518
0.043986
0.042824
0.041838
0.041319
0.045735
0.043050
0.042329
0.043276
0.043075
0.044629
0.046225
0.045399
0.044504
0.044801
0.044521
0.044372
0.043621
0.045779
0.045468
0.045899
0.044277
0.044262
0.044818
0.044670
0.043049
0.046958
0.046032
0.048145
0.046289
0.046000
0.046301
0.044615
0.046692
0.046502
0.044807
0.046236
0.047092
0.044700
0.043668
0.045089
0.044951
0.042398
0.042298
0.045228
0.044775
0.044009
0.044905
0.047155
0.044984
0.042466
0.042691
0.041554
0.041455
0.043469
0.040957
0.041877
0.041346
0.043070
0.043335
0.041445
0.042295
0.042791
0.043862
0.042183
0.042286
0.041310
0.041362
0.044042
0.041684
0.044746
0.046589
0.043304
0.039634
0.041358
0.042617
0.043283
0.041670
0.042828
0.043372
0.042896
0.042795
0.040932
0.040906
0.042397
0.041038
0.038047
0.039116
0.039521
0.037289
0.040157
0.043396
0.039903
0.039517
0.040867
0.041070
0.042372
0.041688
0.040822
0.040325
0.038932
0.040520
0.040900
0.042279
0.040965
0.039689
0.040947
0.043230
0.043323
0.044023
0.044280
0.042622
0.044998
0.044481
0.047311
0.045971
0.044855
0.046239
0.045128
0.045152
0.046707
0.043471
0.045565
0.043444
0.042766
0.042645
0.044613
0.043767
0.044723
0.044882
0.047514
0.050296
0.048520
0.047616
0.045850
0.048604
0.047503
0.046450
0.047060
0.045429
0.047537
0.044083
0.043905
0.045568
0.045069
0.047186
0.046598
0.050585
0.048642
0.047329
0.047431
0.045922
0.046202
0.044334
0.045127
0.044690
0.045639
0.043660
0.042076
0.044109
0.044915
0.045342
0.044884
0.044635
0.043381
0.042704
0.044525
0.041330
0.044526
0.043130
0.044073
0.041535
0.041392
0.040448
0.041417
0.042110
0.042985
0.045576
0.041955
0.042657
0.043783
0.043105
0.043363
0.044244
0.046561
0.047412
0.044750
0.047331
0.045022
0.044531
0.043765
0.046031
0.045940
0.047521
0.048122
0.046954
0.045117
0.044679
0.045686
0.044994
0.044032
0.045030
0.045662
0.046349
0.045936
0.045797
0.044213
0.044286
0.045685
0.043245
0.044116
0.043768
0.043493
0.040673
0.040442
0.039652
0.041291
0.042387
0.041366
0.041656
0.042131
0.041036
0.041457
0.040813
0.042635
0.042876
0.043258
0.041622
0.042310
0.041721
0.042649
0.043855
0.042641
0.042425
0.039721
0.039780
0.041100
0.043258
0.043277
0.041077
0.042066
0.045046
0.043577
0.043632
0.043095
0.044181
0.042217
0.044310
0.041098
0.042706
0.042377
0.041741
0.040421
0.041162
0.042503
0.042420
0.039949
0.041391
0.042513
0.043236
0.041893
0.039450
0.039413
0.039826
0.041989
0.039029
0.040853
0.042776
0.041483
0.040507
0.040978
0.041632
0.041145
0.042925
0.040884
0.040704
0.041031
0.041703
0.040448
0.037586
0.041970
0.039562
0.041059
0.041361
0.040248
0.042365
0.040388
0.041364
0.042542
0.042478
0.040500
0.039445
0.040520
0.040180
0.038274
0.038998
0.040294
0.039856
0.037924
0.040032
0.038253
0.039321
0.037901
0.037632
0.037661
0.039626
0.039201
0.039327
0.041538
0.040757
0.040285
0.040569
0.038256
0.039347
0.037424
0.039037
0.038533
0.041394
0.040129
0.039681
0.041149
0.039671
0.039796
0.040911
0.043164
0.040180
0.041500
0.041946
0.040007
0.041439
0.042360
0.042573
0.039272
0.041063
0.041172
0.040589
0.041450
0.039713
0.041399
0.041537
0.040264
0.039882
0.041999
0.040753
0.041460
0.043423
0.040452
0.039904
0.042391
0.042431
0.041925
0.040928
0.041877
0.040622
0.041041
0.041047
0.040746
0.041078
0.039473
0.041169
0.040045
0.040679
0.043632
0.041588
0.041693
0.041707
0.041671
0.042414
0.043240
0.042784
0.042020
0.042203
0.042822
0.044034
0.040196
0.040614
0.042874
0.040993
0.043505
0.041646
0.044385
0.043082
0.042522
0.044073
0.041839
0.042902
0.041120
0.040549
0.042032
0.043370
0.043328
0.042172
0.044650
0.043045
0.043079
0.044440
0.042553
0.043604
0.043308
0.044073
0.042281
0.044425
0.046957
0.044661
0.045563
0.043947
0.046659
0.045440
0.045803
0.041931
0.043001
0.043448
0.044087
0.045510
0.045617
0.046465
0.046726
0.044787
0.046225
0.046334
0.047847
0.045810
0.047114
0.047911
0.048826
0.049256
0.047125
0.047784
0.049025
0.050638
0.049065
0.048537
0.049771
0.047802
0.049073
0.050067
0.050249
0.049019
0.049734
0.048164
0.048327
0.049773
0.051333
0.050695
0.051460
0.049637
0.048622
0.048291
0.050503
0.047151
0.047087
0.045416
0.049301
0.048765
0.048664
0.051061
0.047477
0.048362
0.045819
0.044667
0.046310
0.045207
0.047346
0.046838
0.049019
0.046382
0.047558
0.047767
0.049708
0.048477
0.048003
0.049571
0.049552
0.047854
0.048631
0.048313
0.048975
0.049961
0.050834
0.050629
0.049957
0.050025
0.050280
0.051018
0.051088
0.050518
0.047968
0.049587
0.050951
0.051408
0.052064
0.049054
0.050487
0.049927
0.051169
0.049811
0.048712
0.050202
0.049947
0.046882
0.045361
0.046359
0.049053
0.047274
0.046159
0.045006
0.044957
0.048204
0.046208
0.044811
0.044010
0.046278
0.044798
0.044864
0.042675
0.043035
0.046425
0.044978
0.047327
0.046149
0.045547
0.043703
0.043020
0.043593
0.044852
0.045059
0.044062
0.047325
0.047709
0.044512
0.047999
0.048355
0.048809
0.047535
0.046582
0.046987
0.043928
0.043827
0.042980
0.045410
0.042013
0.042644
0.041862
0.044530
0.044503
0.045039
0.047656
0.043683
0.044331
0.045774
0.045433
0.047454
0.044612
0.047924
0.046035
0.047153
0.044430
0.044473
0.045417
0.048318
0.046503
0.045736
0.045790
0.046934
0.044657
0.046626
0.048270
0.048525
0.048066
0.046781
0.045284
0.046767
0.048546
0.047589
0.048665
0.046653
0.050605
0.047713
0.047443
0.046495
0.046437
0.044174
0.047023
0.046089
0.045739
0.045961
0.046084
0.048294
0.047959
0.047017
0.047946
0.048796
0.046135
0.048237
0.048692
0.047766
0.045973
0.048162
0.047030
0.045889
0.046951
0.045851
0.046563
0.043547
0.041516
0.041037
0.042786
0.044095
0.042415
0.043507
0.043440
0.045624
0.043602
0.043382
0.044195
0.044119
0.044657
0.045048
0.043364
0.041534
0.042643
0.042820
0.041990
0.044553
0.041868
0.041881
0.043040
0.043298
0.044276
0.044389
0.046999
0.042852
0.043684
0.045158
0.041496
0.040550
0.042616
0.045206
0.045322
0.043024
0.045501
0.046154
0.044715
0.042989
0.041949
0.043817
0.042730
0.041618
0.042693
0.045480
0.044998
0.046935
0.045174
0.043556
0.043126
0.041378
0.041832
0.043034
0.044191
0.043653
0.043036
0.044196
0.041600
0.040948
0.042141
0.044384
0.043553
0.042943
0.040801
0.040985
0.041570
0.040718
0.041835
0.041376
0.040358
0.041042
0.042638
0.041624
0.042032
0.041700
0.039761
0.042221
0.043269
0.042168
0.041969
0.040044
0.041730
0.042148
0.039440
0.039931
0.039914
0.040702
0.040512
0.039730
0.037715
0.041602
0.041262
0.038258
0.040531
0.040758
0.042355
0.043398
0.043102
0.040890
0.041703
0.045108
0.044447
0.044806
0.043205
0.043303
0.043386
0.042526
0.043311
0.043580
0.044957
0.044430
0.045630
0.046493
0.046611
0.047803
0.046508
0.047539
0.046614
0.048891
0.047191
0.045664
0.048788
0.046211
0.047600
0.048994
0.049077
0.045570
0.046057
0.049080
0.046612
0.045561
0.045296
0.045695
0.043824
0.042897
0.043856
0.044981
0.046607
0.044959
0.045965
0.045567
0.048797
0.048546
0.048910
0.047923
0.048352
0.047883
0.046210
0.046540
0.046555
0.046777
0.048913
0.048675
0.046917
0.046040
0.043668
0.043815
0.044519
0.045046
0.044737
0.045233
0.046329
0.045016
0.044752
0.044191
0.044909
0.044871
0.043802
0.044065
0.043514
0.044874
0.044241
0.045632
0.043831
0.043997
0.044422
0.044331
0.046239
0.046729
0.046753
0.045639
0.046281
0.046336
0.046429
0.045970
0.045913
0.046850
0.045644
0.046542
0.048001
0.047998
0.046360
0.047859
0.045736
0.045260
0.046186
0.045230
0.046405
0.045894
0.045360
0.046307
0.047898
0.047105
0.045186
0.044471
0.048144
0.046790
0.049782
0.045026
0.046512
0.044518
0.046782
0.047438
0.044873
0.048990
0.047296
0.047283
0.047229
0.045981
0.046762
0.045697
0.048394
0.045873
0.047173
0.046259
0.047011
0.049259
0.047067
0.049497
0.047996
0.048966
0.046720
0.046472
0.049236
0.047299
0.048064
0.046080
0.046939
0.044941
0.046786
0.046208
0.045652
0.046218
0.045114
0.046103
0.046327
0.046856
0.048339
0.045576
0.047515
0.048760
0.045420
0.045194
0.043471
0.045420
0.043320
0.044907
0.044845
0.044735
0.045634
0.045035
0.046330
0.044238
0.046584
0.046750
0.045671
0.044769
0.044417
0.043027
0.042509
0.044122
0.041932
0.042535
0.045294
0.044800
0.044420
0.042723
0.045371
0.042563
0.042865
0.044080
0.041521
0.045412
0.044654
0.043010
0.043182
0.046635
0.045719
0.046455
0.049014
0.046633
0.047934
0.046143
0.045431
0.044570
0.042614
0.046014
0.046194
0.045792
0.045322
0.043967
0.043999
0.043731
0.044813
0.045375
0.046395
0.046806
0.046698
0.047406
0.048877
0.047704
0.048550
0.047238
0.045324
0.048138
0.047978
0.046702
0.049302
0.049179
0.048104
0.048540
0.048527
0.046711
0.047284
0.048457
0.047990
0.050788
0.049612
0.049443
0.049044
0.046585
0.046049
0.047496
0.046995
0.048259
0.048593
0.047579
0.047370
0.048398
0.049246
0.048518
0.046463
0.048239
0.049030
0.046612
0.045802
0.046038
0.046235
0.044460
0.043278
0.041145
0.042019
0.042465
0.044670
0.044062
0.041327
0.039554
0.040524
0.039819
0.041236
0.041318
0.042280
0.040425
0.042542
0.040369
0.038367
0.037941
0.039852
0.039729
0.039911
0.042883
0.040791
0.041587
0.041579
0.044060
0.044551
0.040524
0.041452
0.041288
0.040683
0.041177
0.041151
0.040575
0.041679
0.040384
0.037633
0.038933
0.039641
0.040835
0.041922
0.041838
0.041214
0.043398
0.043680
0.042266
0.041917
0.041938
0.041414
0.041971
0.041039
0.039040
0.042246
0.039595
0.040725
0.039575
0.041475
0.039632
0.038445
0.039336
0.038269
0.038793
0.038813
0.037686
0.039419
0.038949
0.042522
0.043650
0.046618
0.043855
0.045596
0.042325
0.044989
0.046899
0.043550
0.043133
0.041367
0.042496
0.041159
0.040457
0.042785
0.043951
0.042654
0.042932
0.043843
0.042911
0.041703
0.042249
0.042703
0.044010
0.042447
0.042429
0.040461
0.038964
0.041379
0.042030
0.042477
0.041092
0.042524
0.041944
0.040930
0.040946
0.039077
0.041583
0.041226
0.042977
0.042698
0.042711
0.042877
0.042764
0.043131
0.042953
0.044157
0.042460
0.042773
0.042102
0.041851
0.043220
0.042410
0.044146
0.042410
0.043681
0.043195
0.045499
0.044246
0.043378
0.043882
0.042463
0.043921
0.043400
0.042173
0.042142
0.043712
0.043985
0.045298
0.046339
