1.000000
0.999164
0.975979
0.949274
0.981069
0.968078
0.986576
0.961447
0.979638
0.949167
0.948676
0.970492
0.952029
0.974642
0.939491
0.969705
0.945037
0.935164
0.953649
0.919997
0.949193
0.923392
0.945778
0.922185
0.904433
0.930571
0.914469
0.924968
0.902685
0.918911
0.885702
0.890625
0.903334
0.889949
0.899171
0.871966
0.892555
0.860020
0.860351
0.884512
0.851320
0.883387
0.867036
0.859056
0.842713
0.836831
0.848491
0.833717
0.844454
0.828669
0.833499
0.817818
0.806521
0.815617
0.798867
0.812802
0.785844
0.794005
0.786934
0.771488
0.781503
0.770389
0.757773
0.737294
0.745753
0.714449
0.712596
0.714294
0.706369
0.704703
0.680541
0.709656
0.657717
0.637588
0.653394
0.663430
0.650590
0.622239
0.596618
0.557650
0.559892
0.543844
0.539193
0.542968
0.541715
0.528125
0.501383
0.481740
0.464595
0.449713
0.436212
0.399651
0.397759
0.376482
0.362701
0.352007
0.345475
0.338505
0.336138
0.339144
0.313301
0.308386
0.305910
0.289373
0.285565
0.292415
0.292847
0.279328
0.291141
0.292192
0.258654
0.271140
0.249201
0.260408
0.228695
0.233524
0.222025
0.235873
0.234978
0.227272
0.237457
0.215506
0.203659
0.217492
0.213430
0.215855
0.214205
0.195279
0.186634
0.178690
0.177121
0.177501
0.178086
0.182998
0.181407
0.181385
0.181129
0.176139
0.176485
0.179658
0.182430
0.175887
0.185040
0.183548
0.190099
0.172480
0.170346
0.159635
0.170281
0.172469
0.162765
0.164440
0.154071
0.158447
0.158883
0.167460
0.158502
0.165712
0.165818
0.164285
0.145362
0.158540
0.165642
0.166528
0.152318
0.162779
0.140843
0.151887
0.155137
0.163527
0.153057
0.139350
0.143612
0.130180
0.142108
0.128887
0.133394
0.137031
0.134173
0.138539
0.121693
0.118796
0.126867
0.125097
0.126501
0.121893
0.112265
0.110384
0.107023
0.111474
0.128782
0.126714
0.122945
0.125223
0.117876
0.118801
0.117694
0.114811
0.106700
0.108735
0.108697
0.110496
0.099210
0.116364
0.118644
0.110148
0.097782
0.092030
0.095717
0.104731
0.099341
0.106717
0.095010
0.103357
0.098455
0.107115
0.102977
0.093524
0.097258
0.101516
0.098513
0.110493
0.096652
0.095313
0.090955
0.091176
0.080188
0.105872
0.089483
0.090264
0.090744
0.089570
0.088292
0.088430
0.088154
0.101488
0.097355
0.096355
0.103029
0.091559
0.096901
0.101848
0.094558
0.086544
0.090573
0.095457
0.102507
0.075548
0.075366
0.089394
0.088368
0.088503
0.080355
0.085146
0.086628
0.091764
0.080195
0.076018
0.087271
0.075228
0.087534
0.080682
0.078707
0.083685
0.075037
0.079628
0.074575
0.078698
0.077538
0.081863
0.093402
0.083012
0.089244
0.082691
0.084638
0.073902
0.073779
0.075036
0.080115
0.080422
0.074085
0.069218
0.083675
0.080237
0.078915
0.087028
0.082077
0.086337
0.078434
0.088024
0.087980
0.072954
0.081361
0.076920
0.082299
0.087448
0.077353
0.073575
0.091718
0.085668
0.088932
0.076355
0.085526
0.072948
0.091564
0.087344
0.081476
0.091867
0.077526
0.082610
0.087035
0.078799
0.084455
0.073554
0.087591
0.082459
0.078614
0.078984
0.082434
0.079679
0.078928
0.087768
0.093070
0.083086
0.087252
0.078812
0.081559
0.083312
0.091455
0.083906
0.086270
0.077524
0.086748
0.087371
0.090075
0.081923
0.098850
0.099613
0.096464
0.095754
0.090009
0.088627
0.088537
0.091635
0.097584
0.092687
0.083713
0.090447
0.088093
0.086143
0.076905
0.086717
0.092590
0.092556
0.095934
0.072952
0.095102
0.095154
0.095870
0.091663
0.090669
0.092530
0.090346
0.091314
0.090778
0.100431
0.095442
0.087749
0.092565
0.092035
0.087097
0.091820
0.087538
0.091831
0.100456
0.086912
0.091108
0.090873
0.096322
0.096645
0.100222
0.086277
0.092285
0.083510
0.089603
0.082679
0.083084
0.095923
0.094899
0.097888
0.091663
0.092264
0.096886
0.091098
0.092076
0.096516
0.098220
0.096037
0.091528
0.095474
0.101244
0.091240
0.091169
0.095392
0.095984
0.092248
0.087411
0.091121
0.093704
0.085685
0.080936
0.086039
0.077394
0.093030
0.087758
0.087945
0.096948
0.090241
0.086973
0.086351
0.090886
0.086039
0.081722
0.091687
0.072197
0.087080
0.088034
0.086664
0.086083
0.087480
0.086492
0.081166
0.096938
0.100183
0.086682
0.082633
0.080885
0.081760
0.087252
0.083751
0.081830
0.090690
0.092185
0.095517
0.095407
0.092308
0.096738
0.086473
0.089637
0.074376
0.083771
0.092392
0.096293
0.091884
0.088180
0.096446
0.103323
0.091642
0.096280
0.093029
0.087263
0.082095
0.088064
0.084249
0.077340
0.085725
0.077331
0.081760
0.086908
0.081678
0.082070
0.076792
0.092119
0.091615
0.091572
0.073780
0.078050
0.081878
0.082566
0.092687
0.087345
0.093511
0.087230
0.083085
0.083028
0.096444
0.088520
0.087115
0.086088
0.090041
0.072288
0.078396
0.073306
0.081685
0.092273
0.083348
0.072572
0.063476
0.086767
0.077725
0.068647
0.093297
0.083448
0.087623
0.082170
0.082778
0.081902
0.087863
0.097347
0.091983
0.092488
0.096608
0.091641
0.078006
0.083625
0.087564
0.082661
0.088053
0.086723
0.086385
0.086239
0.090917
0.100384
0.096585
0.083470
0.092612
0.095173
0.091355
0.091094
0.090341
0.090862
0.096150
0.091795
0.088751
0.082155
0.077668
0.101715
0.094377
0.094512
0.092184
0.087606
0.082772
0.084665
0.086306
0.093268
0.085771
0.091986
0.076508
0.080983
0.086530
0.086947
0.087122
0.096971
0.091389
0.082688
0.090598
0.091244
0.086550
0.091956
0.087047
0.086349
0.090639
0.091150
0.081937
0.092709
0.086015
0.090620
0.086384
0.082829
0.076006
0.081245
0.072470
0.085830
0.077887
0.087415
0.081071
0.082126
0.076877
0.077838
0.071178
0.076495
0.071277
0.082055
0.085730
0.077006
0.076661
0.074681
0.078536
0.067424
0.069884
0.073267
0.073898
0.068797
0.063812
0.072640
0.083936
0.082652
0.081106
0.072712
0.081943
0.078549
0.082017
0.088186
0.077258
0.072548
0.072440
0.081148
0.088669
0.077566
0.082402
0.082362
0.088489
0.087878
0.083009
0.069501
0.083739
0.078760
0.077954
0.082824
0.083285
0.084357
0.074792
0.069159
0.078384
0.069633
0.083133
0.088202
0.086086
0.078293
0.087407
0.087909
0.068286
0.073585
0.078011
0.082079
0.077372
0.091627
0.078209
0.087461
0.078660
0.086687
0.077384
0.083971
0.077361
0.087210
0.069172
0.068004
0.068089
0.078362
0.078238
0.077998
0.072855
0.082693
0.088251
0.081799
0.077489
0.082929
0.078705
0.072690
0.073632
0.073044
0.072653
0.073198
0.073968
0.083429
0.082348
0.068253
0.082334
0.068159
0.079397
0.078217
0.081278
0.076881
0.081251
0.078948
0.068761
0.073301
0.078155
0.085806
0.081570
0.079093
0.077683
0.086608
0.072817
0.072512
0.078618
0.063641
0.081405
0.077289
0.067947
0.082191
0.087407
0.079976
0.068048
0.077793
0.083752
0.072445
0.072112
0.081870
0.077414
0.076987
0.076921
0.087600
0.082068
0.088555
0.079229
0.092054
0.080979
0.078561
0.077667
0.086745
0.087373
0.081548
0.081646
0.078942
0.081334
0.077498
0.090794
0.080535
0.082220
0.082758
0.091476
0.091989
0.084069
0.082883
0.082943
0.086338
0.077546
0.077669
0.087496
0.089762
0.083240
0.086479
0.076877
0.087954
0.081109
0.082633
0.077159
0.090776
0.088986
0.083305
0.082915
0.077764
0.083275
0.072818
0.081546
0.068122
0.088567
0.078557
0.072458
0.060733
0.064343
0.060199
0.077379
0.069062
0.069427
0.064629
0.067959
0.080934
0.068748
0.077408
0.068361
0.078546
0.061149
0.073988
0.058537
0.063218
0.067984
0.063533
0.060216
0.053523
0.063548
0.064270
0.063185
0.063024
0.063458
0.059006
0.067670
0.067134
0.067580
0.076475
0.068141
0.067045
0.072734
0.077168
0.063611
0.063160
0.067974
0.062982
0.067710
0.067489
0.062988
0.070636
0.062927
0.066729
0.071143
0.067041
0.075329
0.067477
0.071127
0.071499
0.067827
0.068526
0.073195
0.062742
0.053383
0.071173
0.077577
0.062665
0.062571
0.075994
0.067591
0.071345
0.073505
0.076125
0.057872
0.066668
0.053490
0.064501
0.072496
0.068758
0.066651
0.077352
0.068136
0.073703
0.059492
0.063176
0.075873
0.078849
0.080362
0.078417
0.068630
0.063026
0.067484
0.063235
0.077335
0.072183
0.067650
0.058490
0.062992
0.059253
0.063283
0.062977
0.058834
0.068980
0.076504
0.079006
0.068358
0.074311
0.059291
0.069108
0.068287
0.073035
0.077889
0.079490
0.073266
0.068794
0.059323
0.072375
0.067999
0.069347
0.068339
0.077678
0.063218
0.067894
0.063367
0.067946
0.064346
0.068479
0.078409
0.072326
0.067962
0.067987
0.077924
0.058914
0.073919
0.063308
0.068492
0.072237
0.063114
0.077526
0.063173
0.072144
0.062943
0.080843
0.078590
0.072105
0.076735
0.077178
0.068261
0.067075
0.072486
0.073320
0.076441
0.071157
0.063480
0.064056
0.067713
0.073399
0.067210
0.072528
0.062895
0.063833
0.067656
0.067274
0.068592
0.058373
0.076937
0.073721
0.064536
0.059585
0.076938
0.058484
0.058913
0.067564
0.073330
0.058371
0.058525
0.068135
0.071818
0.068370
0.067440
0.071677
0.067638
0.072513
0.076774
0.059055
0.063928
0.073383
0.058970
0.064550
0.059735
0.064072
0.067742
0.063560
0.072960
0.063823
0.067846
0.065341
0.077871
0.078602
0.073653
0.073585
0.068770
0.078020
0.074290
0.064324
0.059985
0.068108
0.072828
0.068263
0.065033
0.083454
0.072313
0.072020
0.081623
0.072886
0.078272
0.079542
0.063775
0.073365
0.073189
0.067606
0.076499
0.058337
0.071647
0.070915
0.054592
0.067664
0.068857
0.073597
0.064201
0.063095
0.067263
0.053530
0.053837
0.064738
0.063050
0.058677
0.058370
0.067524
0.069255
0.062667
0.062489
0.062330
0.059568
0.067662
0.068592
0.068004
0.071046
0.058834
0.072743
0.063099
0.054474
0.067262
0.068662
0.069422
0.062729
0.064454
0.058452
0.068427
0.068421
0.062903
0.068345
0.072341
0.063509
0.074823
0.063709
0.076059
0.076588
0.067347
0.071877
0.080939
0.078289
0.063442
0.064872
0.063530
0.075030
0.067911
0.068073
0.073371
0.077181
0.068503
0.073555
0.072303
0.067249
0.076044
0.071830
0.081338
0.067962
0.068126
0.076552
0.067735
0.068448
0.076748
0.073653
0.072463
0.068318
0.067075
0.068021
0.073096
0.069329
0.068360
0.067396
0.072139
0.074236
0.068064
0.071782
0.072289
0.074112
0.063943
0.069039
0.067413
0.067673
0.076027
0.063275
0.074546
0.076576
0.068407
0.058026
0.072539
0.068139
0.062923
0.078707
0.071441
0.068015
0.077024
0.066613
0.071768
0.080659
0.071621
0.073053
0.073241
0.076247
0.072076
0.067237
0.072865
0.067596
0.068009
0.069171
0.077506
0.081912
0.073059
0.077312
0.063506
0.072145
0.072270
0.076078
0.067159
0.072139
0.062480
0.062976
0.072334
0.063306
0.059025
0.062952
0.076750
0.067777
0.067983
0.064243
0.063613
0.069089
0.074705
0.076690
0.068515
0.058990
0.063435
0.063412
0.071364
0.067314
0.077378
0.067859
0.059546
0.070176
0.073069
0.059551
0.068576
0.063865
0.060733
0.074333
0.068671
0.068984
0.059071
0.073868
0.076186
0.068083
0.078090
0.054620
0.073623
0.068809
0.054056
0.059499
0.069058
0.054608
0.064469
0.064826
0.058857
0.069473
0.074074
0.069480
0.072513
0.068625
0.069728
0.059074
0.064229
0.077290
0.072850
0.081118
0.073411
0.063845
0.063478
0.076932
0.078523
0.070337
0.069567
0.074070
0.068229
0.071861
0.077969
0.063784
0.072791
0.067910
0.068849
0.068675
0.072792
0.068605
0.068568
0.067731
0.076843
0.069700
0.072941
0.064045
0.072092
0.071746
0.062652
0.076855
0.069007
0.068646
0.071133
0.057763
0.071878
0.063008
0.067383
0.072164
0.068879
0.067438
0.072973
0.076289
0.058002
0.063514
0.072443
0.063922
0.064476
0.072656
0.068983
0.073690
0.076527
0.073256
0.067601
0.068197
0.068798
0.078164
0.068794
0.063657
0.076725
0.078762
0.072547
0.077287
0.072612
0.076585
0.067804
0.076753
0.069480
0.076334
0.076214
0.076960
0.067993
0.069639
0.059486
0.067735
0.075750
0.067114
0.059071
0.058524
0.069205
0.063221
0.077658
0.067722
0.053773
0.072333
0.068082
0.058831
0.067622
0.068952
0.067602
0.067500
0.059042
0.068026
0.074407
0.071546
0.073418
0.068825
0.063008
0.074488
0.076654
0.074972
0.082410
0.084380
0.072515
0.072871
0.071802
0.077700
0.073688
0.080823
0.065254
0.068690
0.073358
0.072942
0.067325
0.072612
0.072673
0.067917
0.073185
0.066617
0.079755
0.064387
0.068939
0.063090
0.069536
0.068435
0.062785
0.073280
0.064046
0.077006
0.068358
0.067623
0.072968
0.077027
0.081484
0.072795
0.073165
0.078932
0.072678
0.063083
0.064420
0.079188
0.079035
0.068103
0.068406
0.067313
0.071792
0.062956
0.067502
0.077466
0.073654
0.077382
0.083950
0.069399
0.068171
0.072532
0.079322
0.076853
0.063217
0.062494
0.063644
0.063590
0.077297
0.078292
0.073701
0.073263
0.067555
0.072366
0.068541
0.062900
0.073507
0.073636
0.067029
0.069003
0.076546
0.067946
0.074071
0.074129
0.077201
0.077521
0.069277
0.073663
0.078300
0.068723
0.065625
0.074324
0.059807
0.070112
0.079090
0.078714
0.077338
0.073456
0.069300
0.064944
0.061118
0.063776
0.064378
0.065711
0.064542
0.072896
0.068657
0.068635
0.073105
0.073639
0.078445
0.074890
0.069305
0.070229
0.074688
0.070242
0.059936
0.061360
0.073832
0.060376
0.072720
0.069245
0.064583
0.064191
0.067992
0.069115
0.073699
0.064017
0.067462
0.064080
0.058640
0.067732
0.069231
0.073873
0.072225
0.072467
0.066855
0.058509
0.064111
0.068451
0.059936
0.068433
0.058800
0.068314
0.058018
0.066621
0.063522
0.071846
0.067377
0.073237
0.059083
0.072218
0.081171
0.073842
0.072530
0.077033
0.076562
0.064319
0.059282
0.072859
0.073355
0.073012
0.082710
0.069212
0.068581
0.063149
0.071666
0.072086
0.073678
0.072518
0.077421
0.078582
0.071625
0.074345
0.063037
0.068708
0.067739
0.071762
0.062892
0.066717
0.053430
0.072392
0.069703
0.062944
0.068993
0.072903
0.072120
0.053707
0.062062
0.067917
0.063814
0.055288
0.059224
0.063278
0.053377
0.058051
0.068832
0.068734
0.068194
0.067527
0.062634
0.076858
0.072746
0.077756
0.072280
0.072410
0.063281
0.062238
0.064189
0.067875
0.058053
0.068535
0.063242
0.060121
0.072085
0.067724
0.072253
0.068532
0.059157
0.071691
0.068115
0.068425
0.072243
0.076322
0.073843
0.073626
0.066481
0.077582
0.057948
0.067239
0.071528
0.067369
0.067937
0.063547
0.076202
0.062656
0.076731
0.072010
0.067352
0.072295
0.077803
0.067996
0.066366
0.067092
0.075797
0.058861
0.067717
0.076708
0.072655
0.081417
0.066868
0.062965
0.072271
0.073786
0.068299
0.063393
0.078668
0.074648
0.069864
0.073664
0.074545
0.064247
0.064165
0.060374
0.065230
0.072396
0.069272
0.065539
0.063513
0.061055
0.069200
0.068310
0.076742
0.076944
0.068396
0.073199
0.062345
0.068517
0.063339
0.062811
0.058827
0.062601
0.075755
0.062392
0.067136
0.066437
0.062251
0.068642
0.068145
0.067656
0.071348
0.078337
0.067955
0.072308
0.067686
0.076823
0.072750
0.072051
0.072775
0.058359
0.071706
0.072145
0.071764
0.058450
0.071641
0.067523
0.071661
0.068157
0.067280
0.067494
0.057752
0.059517
0.058188
0.067939
0.059734
0.054229
0.063828
0.063116
0.063210
0.073532
0.078049
0.076532
0.071214
0.066102
0.057566
0.065870
0.061551
0.067119
0.076267
0.075459
0.066733
0.068196
0.066985
0.067412
0.073061
0.071357
0.071456
0.063458
0.071316
0.066995
0.073741
0.066220
0.072177
0.071625
0.072150
0.063507
0.076968
0.081027
0.067383
0.068156
0.067845
0.071885
0.071736
0.071809
0.072320
0.071139
0.070955
0.063249
0.067019
0.072100
0.076924
0.072174
0.067965
0.076257
0.072870
0.072397
0.072146
0.062812
0.063418
0.072179
0.072586
0.074460
0.078303
0.072208
0.071960
0.067811
0.073608
0.069312
0.073909
0.069224
0.072676
0.073289
0.069124
0.073909
0.072498
0.063391
0.063679
0.071780
0.067185
0.068074
0.076339
0.067372
0.072863
0.062591
0.068224
0.075936
0.062984
0.062714
0.072405
0.062909
0.062770
0.072385
0.067152
0.063483
0.053410
0.059375
0.067960
0.066637
0.066802
0.071624
0.065876
0.071566
0.063401
0.067085
0.071294
0.072694
0.070777
0.071587
0.072565
0.062651
0.068346
0.068268
0.057853
0.070935
0.066467
0.068044
0.076692
0.071447
0.067397
0.066597
0.072375
0.064955
0.063607
0.067787
0.073192
0.069438
0.068400
0.076638
0.072435
0.080894
0.071600
0.077827
0.068793
0.062318
0.072284
0.071394
0.072397
0.077511
0.076747
0.071102
0.072616
0.072722
0.067166
0.062444
0.059061
0.062401
0.061634
0.067418
0.062222
0.066644
0.071309
0.076302
0.067689
0.071894
0.062566
0.063074
0.063030
0.066682
0.067530
0.068187
0.071940
0.077428
0.067300
0.067997
0.072400
0.072560
0.067684
0.072049
0.068939
0.072685
0.058936
0.082677
0.071683
0.077342
0.078155
0.072008
0.076704
0.067273
0.071826
0.067669
0.058162
0.072185
0.058343
0.062372
0.071318
0.067369
0.068024
0.068457
0.081558
0.062757
0.058154
0.066803
0.062135
0.071933
0.067298
0.066837
0.063104
0.081327
0.067850
0.062422
0.066757
0.078131
0.066286
0.061657
0.072658
0.066485
0.075831
0.077551
0.076819
0.062584
0.068224
0.071260
0.072349
0.076555
0.075628
0.066500
0.072435
0.079478
0.067425
0.077366
0.067050
0.071613
0.071662
0.066973
0.071585
0.071340
0.061660
0.078167
0.067332
0.067998
0.068974
0.067347
0.068155
0.068224
0.072285
0.077873
0.062151
0.072741
0.068344
0.078208
0.080866
0.076663
0.063333
0.063750
0.076395
0.067594
0.076524
0.062520
0.073664
0.059471
0.071448
0.063016
0.068449
0.067478
0.067832
0.078094
0.062733
0.063073
0.054113
0.058375
0.061743
0.066862
0.072468
0.077866
0.062781
0.063026
0.066735
0.077282
0.067221
0.073830
0.062052
0.073695
0.068011
0.071992
0.068584
0.067522
0.071957
0.071703
0.071943
0.062905
0.063239
0.063751
0.071920
0.067138
0.053890
0.068490
0.072190
0.058312
0.049417
0.058914
0.063551
0.057679
0.063769
0.064153
0.059890
0.067758
0.067374
0.068909
0.068724
0.068992
0.069300
0.073487
0.072372
0.063058
0.069062
0.076435
0.067323
0.076435
0.069238
0.082898
0.069151
0.083252
0.074279
0.068121
0.067725
0.071258
0.071807
0.071461
0.063469
0.076363
0.073321
0.062842
0.073077
0.075368
0.061906
0.082444
0.071744
0.067462
0.072980
0.071957
0.071615
0.071148
0.078613
0.068005
0.063339
0.068092
0.071722
0.067404
0.062413
0.068851
0.063174
0.068118
0.058788
0.078591
0.072898
0.067652
0.071649
0.072288
0.071478
0.072300
0.071625
0.071738
0.071805
0.076380
0.076921
0.073686
0.072679
0.081071
0.072248
0.077041
0.073505
0.073137
0.063870
0.064746
0.068223
0.077315
0.064544
0.077099
0.063514
0.064251
0.073060
0.079362
0.064498
0.059947
0.068815
0.072453
0.078837
0.074732
0.075397
0.074797
0.064853
0.069795
0.080065
0.071164
0.077838
0.060656
0.078023
0.068270
0.064284
0.080873
0.065303
0.068541
0.068235
0.072651
0.073812
0.068386
0.068500
0.074157
0.073012
0.068550
0.068995
0.068701
0.072982
0.072917
0.068368
0.074235
0.074425
0.068993
0.070010
0.055115
0.064034
0.069000
0.063954
0.064736
0.074234
0.064930
0.065743
0.072416
0.069202
0.059701
0.064389
0.067746
0.072485
0.063412
0.072278
0.072881
0.064060
0.077065
0.073099
0.067933
0.068392
0.071819
0.071978
0.072508
0.067548
0.068499
0.062985
0.077695
0.076775
0.073219
0.072430
0.063807
0.072618
0.071528
0.062986
0.067262
0.063991
0.063941
0.068242
0.068234
0.063187
0.068130
0.054580
0.073065
0.072172
0.055047
0.059173
0.077044
0.069474
0.071700
0.073315
0.058525
0.071757
0.068572
0.076582
0.062489
0.067774
0.077066
0.077363
0.068264
0.061973
0.062538
0.067876
0.066605
0.064701
0.073188
0.066636
0.072345
0.072178
0.063179
0.063206
0.067767
0.068691
0.071826
0.071770
0.063076
0.064507
0.071917
0.064007
0.062956
0.072000
0.062905
0.062298
0.062678
0.062879
0.062566
0.063097
0.066397
0.062429
0.071050
0.072036
0.070990
0.058627
0.071785
0.068380
0.071614
0.071537
0.062667
0.062793
0.068476
0.066949
0.064958
0.077433
0.063628
0.064017
0.082299
0.068683
0.072532
0.078002
0.068487
0.076690
0.062306
0.071884
0.063489
0.072674
0.072876
0.077741
0.077409
0.068388
0.058507
0.077080
0.071748
0.062744
0.062761
0.067334
0.073482
0.063397
0.073055
0.064477
0.072360
0.071637
0.073623
0.069073
0.067295
0.068009
0.071050
0.073453
0.072738
0.063000
0.071721
0.071293
0.068346
0.068004
0.063257
0.059227
0.063315
0.063339
0.073716
0.063713
0.068965
0.066871
0.063964
0.062690
0.068268
0.063276
0.063411
0.073082
0.067904
0.068563
0.073663
0.067857
0.064071
0.067112
0.062504
0.073330
0.068002
0.068874
0.068211
0.081053
0.071933
0.071937
0.071969
0.072914
0.063663
0.062678
0.076459
0.077980
0.068001
0.072700
0.063014
0.068570
0.063329
0.078742
0.073223
0.067847
0.082014
0.062668
0.063887
0.078572
0.063484
0.054894
0.074302
0.070364
0.072457
0.063463
0.059472
0.060236
0.063744
0.059177
0.059636
0.068935
0.068558
0.060033
0.073565
0.064984
0.063238
0.064403
0.068479
0.063508
0.068561
0.073174
0.074495
0.064424
0.059743
0.068074
0.072114
0.072079
0.072991
0.067945
0.067629
0.073570
0.062941
0.063116
0.073527
0.063444
0.072437
0.067938
0.078638
0.058541
0.080955
0.067886
0.076717
0.073085
0.073771
0.063056
0.067593
0.072054
0.076664
0.071262
0.076869
0.082014
0.069275
0.058398
0.066761
0.072000
0.063432
0.076094
0.077290
0.076400
0.072122
0.066444
0.062519
0.076073
0.076486
0.072126
0.072458
0.067274
0.063062
0.067797
0.071260
0.067145
0.071564
0.067596
0.073204
0.062828
0.071898
0.072714
0.058969
0.068598
0.072995
0.063672
0.068276
0.072891
0.054783
0.069002
0.077333
0.068461
0.064384
0.072875
0.068057
0.064055
0.063679
0.077547
0.068422
0.072343
0.069002
0.064523
0.063464
0.066922
0.076287
0.071765
0.067251
0.067052
0.069182
0.067708
0.078433
0.074014
0.072148
0.067772
0.071823
0.072415
0.062279
0.066953
0.075759
0.077647
0.066875
0.053116
0.066342
0.070762
0.071856
0.063296
0.068998
0.071579
0.069306
0.058242
0.062570
0.062822
0.073488
0.072400
0.071649
0.071479
0.068214
0.068061
0.068837
0.067603
0.078269
0.067614
0.067445
0.077031
0.069006
0.068458
0.064315
0.058746
0.064468
0.071819
0.067449
0.063525
0.070388
0.063956
0.072846
0.067915
0.071401
0.072598
0.067606
0.071418
0.068563
0.081430
0.077570
0.072100
0.063935
0.077769
0.068821
0.077305
0.072472
0.070425
0.063594
0.073105
0.069409
0.073089
0.073486
0.078885
0.078713
0.083987
0.074773
0.076858
0.070190
0.074126
0.072891
0.068603
0.072391
0.069495
0.069541
0.078776
0.074593
0.078994
0.073020
0.064755
0.073734
0.063508
0.074467
0.073085
0.064137
0.069344
0.072261
0.069127
0.063443
0.075347
0.068620
0.064084
0.069479
0.072409
0.072445
0.083290
0.064744
0.070725
0.077690
0.067982
0.064782
0.063708
0.059125
0.063874
0.072202
0.072201
0.072464
0.068701
0.062905
0.077653
0.078720
0.076719
0.068879
0.073796
0.063487
0.072102
0.068089
0.072732
0.077314
0.074035
0.072966
0.062906
0.078107
0.059205
0.068852
0.073003
0.068798
0.063277
0.068588
0.063603
0.073800
0.073014
0.073322
0.068877
0.072355
0.077401
0.072130
0.073492
0.077623
0.078573
0.074286
0.072641
0.073090
0.064000
0.059296
0.060635
0.077623
0.068114
0.075984
0.062786
0.067122
0.062841
0.072569
0.077053
0.073004
0.072498
0.067562
0.063164
0.073782
0.063060
0.063459
0.063807
0.067725
0.071884
0.072077
0.071687
0.067973
0.062709
0.062690
0.076765
0.076935
0.071721
0.076127
0.071625
0.073911
0.075669
0.072380
0.073563
0.067433
0.067803
0.071359
0.071712
0.073622
0.071333
0.071538
0.062761
0.067336
0.072861
0.062910
0.062594
0.063625
0.063043
0.068173
0.062778
0.062649
0.062513
0.062161
0.067407
0.068847
0.068086
0.058619
0.072430
0.067746
0.073465
0.071815
0.075925
0.064135
0.063710
0.068196
0.058535
0.071964
0.063690
0.071821
0.077231
0.068667
0.059292
0.068005
0.071927
0.071622
0.063080
0.077002
0.075917
0.071834
0.072144
0.073172
0.058799
0.072022
0.073832
0.074277
0.067925
0.063641
0.067814
0.059104
0.059195
0.059584
0.068459
0.063252
0.068226
0.068773
0.067545
0.071635
0.069290
0.062555
0.076570
0.067226
0.072941
0.059097
0.049804
0.049965
0.054338
0.059966
0.074440
0.060467
0.064894
0.062686
0.072912
0.077433
0.079242
0.067922
0.068666
0.071972
0.071023
0.073491
0.073734
0.067849
0.072206
0.069228
0.075885
0.072786
0.063261
0.065788
0.068529
0.072231
0.069190
0.069586
0.072364
0.073472
0.069552
0.059317
0.063946
0.077712
0.069288
0.068268
0.064531
0.074249
0.068105
0.068521
0.070280
0.073697
0.069255
0.060266
0.073365
0.068427
0.073449
0.059061
0.068954
0.063240
0.069439
0.068024
0.064286
0.068196
0.072786
0.077360
0.078846
0.072766
0.078265
0.069191
0.067215
0.074004
0.082041
0.072971
0.082516
0.072864
0.062924
0.067388
0.072069
0.067811
0.073597
0.064383
0.059716
0.069064
0.071791
0.067785
0.073494
0.068214
0.072952
0.078544
0.077736
0.071421
0.073592
0.072293
0.062866
0.064473
0.067196
0.075232
0.068082
0.072772
0.072567
0.067606
0.073110
0.063611
0.074230
0.067725
0.072408
0.063950
0.072638
0.072368
0.068116
0.072042
0.068212
0.068617
0.073366
0.063736
0.069857
0.073021
0.063868
0.068494
0.067778
0.058508
0.067655
0.073528
0.069766
0.067492
0.063312
0.073890
0.068324
0.078171
0.064063
0.072929
0.068088
0.060203
0.068297
0.063099
0.068126
0.072577
0.072994
0.067763
0.077808
0.067476
0.083256
0.078101
0.074236
0.071799
0.068243
0.063886
0.074707
0.072775
0.064485
0.063786
0.063421
0.067562
0.063489
0.058286
0.053516
0.058979
0.049447
0.072683
0.067947
0.050851
0.058141
0.066755
0.062518
0.048849
0.053537
0.062120
0.063460
0.053275
0.071553
0.059010
0.067267
0.059002
0.059345
0.049204
0.058637
0.068767
0.072705
0.058273
0.063469
0.054248
0.058322
0.058524
0.053643
0.049188
0.043985
0.053726
0.053882
0.049534
0.044761
0.057822
0.053330
0.048607
0.053139
0.054146
0.057986
0.057145
0.056775
0.057073
0.063468
0.058197
0.049254
0.054072
0.066911
0.058690
0.062458
0.066711
0.058204
0.058125
0.057888
0.062371
0.053874
0.062843
0.054099
0.058679
0.049603
0.053725
0.054343
0.053863
0.053931
0.059945
0.055355
0.045381
0.045143
0.040611
0.045185
0.049644
0.050095
0.051055
0.036590
0.049819
0.041122
0.049623
0.049887
0.045569
0.049477
0.049906
0.058943
0.054159
0.054224
0.050747
0.050087
0.045365
0.055358
0.050274
0.046729
0.045410
0.045821
0.046020
0.049995
0.054788
0.050294
0.045747
0.049955
0.050899
0.050023
0.049834
0.050175
0.050072
0.051194
0.045114
0.045138
0.059178
0.049901
0.054766
0.050052
0.054790
0.054623
0.055027
0.049943
0.050076
0.050624
0.046096
0.055673
0.050130
0.045200
0.050907
0.059009
0.050454
0.050103
0.051811
0.045718
0.050214
0.054779
0.050100
0.050350
0.055252
0.054732
0.059478
0.054862
0.045459
0.050085
0.050053
0.063737
0.044956
0.035734
0.044772
0.049216
0.049402
0.045434
0.054640
0.054312
0.050756
0.040398
0.050862
0.040339
0.040895
0.041986
0.045643
0.060074
0.054653
0.059308
0.046383
0.054276
0.054287
0.054963
0.045272
0.049947
0.049901
0.049911
0.063949
0.045481
0.054633
0.054947
0.050041
0.049960
0.045382
0.045349
0.055670
0.041355
0.049590
0.050939
0.040678
0.050130
0.050499
0.045499
0.050657
0.050131
0.045348
0.056011
0.051295
0.055041
0.050255
0.064011
0.045585
0.055507
0.045426
0.049823
0.049951
0.049936
0.055255
0.049956
0.054097
0.044931
0.046219
0.041021
0.040741
0.054594
0.060236
0.045775
0.055887
0.046101
0.041380
0.054946
0.041105
0.046738
0.040447
0.049994
0.040828
0.040994
0.059053
0.051189
0.045321
0.045303
0.054546
0.050133
0.054828
0.045284
0.049838
0.054409
0.054154
0.049995
0.049665
0.054530
0.050284
0.059550
0.055227
0.058583
0.049996
0.050787
0.050162
0.049876
0.045471
0.045092
0.051180
0.063987
0.054955
0.059628
0.049984
0.050224
0.060475
0.054625
0.050147
0.051351
0.055008
0.046142
0.050121
0.049975
0.045664
0.049973
0.055727
0.040981
0.054416
0.049855
0.045173
0.045647
0.050133
0.054393
0.055544
0.046301
0.041462
0.055696
0.050002
0.055813
0.045407
0.055482
0.050892
0.040805
0.045348
0.045561
0.050189
0.050289
0.054798
0.054685
0.045591
0.050422
0.045851
0.051047
0.050463
0.060937
0.059688
0.055615
0.060741
0.055312
0.050896
0.050669
0.050964
0.054964
0.045946
0.059862
0.050482
0.056394
0.045702
0.050879
0.050609
0.054933
0.050582
0.045963
0.054964
0.060675
0.041501
0.059608
0.055176
0.063989
0.059065
0.051456
0.060176
0.054901
0.054842
0.059558
0.051326
0.050052
0.045465
0.049823
0.059362
0.063510
0.049937
0.054779
0.049941
0.051141
0.054182
0.050406
0.058713
0.054662
0.050056
0.050947
0.054561
0.054517
0.059631
0.045447
0.054581
0.050079
0.055727
0.045637
0.054814
0.051443
0.055746
0.055188
0.050346
0.050392
0.041677
0.050749
0.046490
0.050752
0.052028
0.056224
0.050260
0.054891
0.050138
0.064099
0.050225
0.050388
0.050207
0.055819
0.055933
0.045737
0.050733
0.050294
0.050969
0.041091
0.049963
0.046004
0.055730
0.041498
0.051326
0.060164
0.049872
0.055316
0.058917
0.051113
0.045565
0.049817
0.054527
0.051147
0.060201
0.050619
0.046497
0.050266
0.054551
0.049978
0.049781
0.050093
0.049840
0.045008
0.045190
0.054249
0.045177
0.054299
0.054563
0.054893
0.063718
0.059633
0.045441
0.046011
0.058987
0.046490
0.050041
0.055794
0.045812
0.049992
0.054524
0.050279
0.059139
0.051389
0.050425
0.050264
0.060240
0.045642
0.049837
0.045144
0.046422
0.049923
0.050170
0.045539
0.050083
0.045394
0.044996
0.040380
0.054149
0.049521
0.040335
0.054462
0.044856
0.045700
0.044905
0.045376
0.049477
0.045806
0.044744
0.040034
0.040419
0.049146
0.039993
0.039897
0.040091
0.054267
0.049166
0.039962
0.035581
0.040572
0.045185
0.050799
0.055663
0.045205
0.050511
0.054247
0.049324
0.049196
0.053969
0.050653
0.040171
0.049773
0.045000
0.049736
0.045342
0.040268
0.054150
0.035565
0.044791
0.053627
0.058112
0.044856
0.049391
0.049299
0.053974
0.049411
0.045076
0.049364
0.049696
0.044915
0.049465
0.044914
0.054486
0.044795
0.058463
0.050294
0.049389
0.044552
0.040502
0.044634
0.055000
0.053950
0.049491
0.049274
0.054285
0.049414
0.053846
0.053791
0.058569
0.055157
0.040745
0.049470
0.044623
0.045115
0.054043
0.059196
0.045540
0.049180
0.044572
0.039663
0.044411
0.039535
0.048605
0.053502
0.048573
0.053183
0.048830
0.054474
0.039507
0.048932
0.053699
0.053546
0.048957
0.034942
0.044017
0.039752
0.039433
0.058124
0.048941
0.035136
0.039261
0.053645
0.048877
0.040274
0.053766
0.044466
0.049129
0.039669
0.053489
0.049060
0.044679
0.054986
0.049436
0.045147
0.053682
0.062676
0.045613
0.058432
0.044826
0.058348
0.049458
0.049458
0.039754
0.054266
0.053952
0.054058
0.053861
0.053613
0.049441
0.044582
0.049368
0.050433
0.044825
0.044860
0.058680
0.049248
0.049199
0.049571
0.053966
0.049717
0.059624
0.049166
0.059309
0.053403
0.049562
0.049302
0.049352
0.046037
0.055259
0.049439
0.054044
0.045372
0.049766
0.045509
0.054182
0.054142
0.040216
0.059728
0.045140
0.045808
0.050095
0.045437
0.040454
0.058739
0.044985
0.049576
0.040320
0.036734
0.045668
0.049907
0.054301
0.049486
0.045102
0.054161
0.049737
0.045066
0.058648
0.049232
0.049519
0.058741
0.054017
0.045352
0.044496
0.044596
0.049203
0.044834
0.054306
0.049362
0.049664
0.035709
0.054044
0.049299
0.040073
0.045396
0.049896
0.045568
0.045849
0.041255
0.045375
0.045264
0.045578
0.041252
0.045964
0.055735
0.045391
0.040906
0.046007
0.045304
0.058796
0.040554
0.054774
0.054677
0.051079
0.064032
0.054736
0.054632
0.050360
0.054820
0.049950
0.050818
0.059781
0.063430
0.054846
0.041326
0.050231
0.049716
0.054477
0.054346
0.055614
0.059752
0.040567
0.040811
0.054527
0.054082
0.049778
0.049761
0.054455
0.051025
0.054305
0.050013
0.049541
0.044883
0.049651
0.058738
0.049949
0.054485
0.040367
0.049541
0.044783
0.040484
0.035420
0.049395
0.053884
0.044739
0.049573
0.053721
0.064218
0.049564
0.054044
0.049398
0.054011
0.049068
0.049082
0.044555
0.058175
0.053797
0.053608
0.053982
0.053840
0.049408
0.054103
0.053745
0.049431
0.049547
0.062843
0.059480
0.053967
0.049494
0.045186
0.050055
0.041202
0.045625
0.054741
0.050475
0.054270
0.045187
0.054442
0.050646
0.049556
0.054071
0.053992
0.049438
0.050254
0.058921
0.058599
0.045215
0.054339
0.050535
0.049418
0.053897
0.049829
0.050737
0.049459
0.045734
0.044522
0.058545
0.044477
0.040111
0.053651
0.053647
0.058462
0.050261
0.049250
0.048962
0.053886
0.044475
0.049352
0.062858
0.045255
0.049144
0.048650
0.050164
0.044510
0.053742
0.048689
0.054608
0.049070
0.049307
0.054958
0.049361
0.054027
0.053958
0.054011
0.045304
0.050459
0.049431
0.049196
0.044615
0.049252
0.058021
0.044905
0.044346
0.058646
0.053955
0.044469
0.058704
0.053645
0.040322
0.054183
0.040554
0.059773
0.054155
0.045819
0.058306
0.045672
0.053868
0.054936
0.049406
0.053488
0.053204
0.057911
0.053949
0.043929
0.049209
0.053327
0.048578
0.052866
0.049283
0.048848
0.052950
0.043922
0.044016
0.052887
0.052943
0.043727
0.054008
0.057429
0.054412
0.053059
0.053014
0.048545
0.057640
0.039537
0.053546
0.049268
0.044659
0.048747
0.053124
0.048648
0.048743
0.044333
0.044338
0.050145
0.044143
0.058851
0.044017
0.049258
0.057934
0.053397
0.049676
0.048803
0.052992
0.053197
0.048496
0.044290
0.048871
0.048265
0.043740
0.039334
0.048618
0.049737
0.058069
0.044447
0.049854
0.044135
0.053113
0.048707
0.057694
0.053067
0.048949
0.057769
0.044411
0.044769
0.044682
0.048657
0.053160
0.044583
0.063376
0.043832
0.058704
0.053094
0.043671
0.058330
0.057714
0.058696
0.057663
0.052750
0.048412
0.039813
0.048480
0.043856
0.039170
0.052807
0.048801
0.052620
0.053213
0.048139
0.048662
0.044156
0.048622
0.058734
0.048316
0.048887
0.062498
0.049399
0.044610
0.054411
0.044656
0.053356
0.044192
0.044020
0.053264
0.054102
0.057658
0.053821
0.052861
0.043706
0.058686
0.039542
0.043635
0.057784
0.053862
0.052603
0.048112
0.052746
0.043632
0.054251
0.054048
0.048047
0.048560
0.048239
0.044229
0.058948
0.048595
0.048684
0.052972
0.048521
0.043946
0.048715
0.053773
0.044004
0.053161
0.058049
0.054485
0.058714
0.053442
0.050184
0.048980
0.053867
0.048962
0.053407
0.044016
0.048881
0.045198
0.044427
0.054766
0.045548
0.044205
0.054860
0.048910
0.049883
0.049273
0.053848
0.059407
0.049226
0.045205
0.044751
0.050133
0.049419
0.053751
0.048932
0.049920
0.039744
0.048668
0.040209
0.049876
0.057925
0.048497
0.048746
0.054515
0.053422
0.049806
0.048555
0.043941
0.053955
0.043623
0.057619
0.048607
0.048645
0.043711
0.039212
0.057500
0.048180
0.043720
0.044019
0.039699
0.034883
0.048789
0.044144
0.053280
0.058076
0.044325
0.049312
0.048974
0.049099
0.044214
0.058991
0.044193
0.053252
0.053422
0.048378
0.053018
0.058237
0.048491
0.039521
0.048606
0.062284
0.053458
0.054448
0.044691
0.044400
0.049041
0.048700
0.044255
0.049026
0.053774
0.053501
0.049230
0.053949
0.049019
0.058323
0.045374
0.035398
0.054671
0.039971
0.039584
0.035209
0.049004
0.044204
0.039632
0.044293
0.043858
0.053312
0.053334
0.048758
0.049881
0.048833
0.049006
0.053460
0.048532
0.049634
0.043825
0.057523
0.048321
0.052758
0.043459
0.057793
0.048259
0.048306
0.049336
0.044094
0.048566
0.048652
0.044269
0.043987
0.050031
0.049064
0.053436
0.054013
0.039865
0.054894
0.053581
0.049327
0.053839
0.045657
0.048955
0.040159
0.044538
0.048597
0.049048
0.049706
0.049083
0.054190
0.054137
0.053395
0.043732
0.054055
0.053088
0.052831
0.048203
0.058350
0.048865
0.048316
0.048699
0.048570
0.057891
0.049572
0.043864
0.053106
0.049510
0.052918
0.049156
0.048678
0.039365
0.039090
0.048466
0.043694
0.053102
0.053954
0.039816
0.048426
0.044710
0.048246
0.043525
0.048921
0.052732
0.043844
0.043320
0.048381
0.047787
0.043405
0.048201
0.052878
0.043986
0.043683
0.053012
0.044797
0.047963
0.063319
0.052768
0.049305
0.043513
0.057380
0.053464
0.057114
0.057493
0.061739
0.047865
0.043244
0.048867
0.048142
0.052669
0.057393
0.052632
0.052310
0.044099
0.057881
0.049049
0.048045
0.052996
0.061654
0.056845
0.047620
0.038673
0.052424
0.047804
0.043578
0.048009
0.048011
0.042919
0.048571
0.043043
0.056774
0.047537
0.047897
0.042672
0.048298
0.038298
0.057877
0.047323
0.056668
0.047499
0.053493
0.038255
0.043228
0.038534
0.047638
0.038560
0.043145
0.038730
0.043330
0.043214
0.043575
0.048309
0.039042
0.038934
0.047998
0.049139
0.048727
0.057622
0.043633
0.043713
0.057490
0.053235
0.057144
0.043567
0.048324
0.047821
0.038895
0.048079
0.043245
0.038692
0.047645
0.047862
0.047975
0.043625
0.043185
0.052613
0.044165
0.052499
0.043346
0.052381
0.057428
0.049305
0.043597
0.034405
0.038725
0.034354
0.048164
0.043704
0.043648
0.049346
0.052739
0.052385
0.047918
0.047566
0.049141
0.038741
0.043449
0.043327
0.047830
0.047894
0.043471
0.057248
0.062787
0.048016
0.039132
0.047655
0.043093
0.042873
0.047676
0.047841
0.043042
0.043388
0.052079
0.043300
0.043265
0.044573
0.047933
0.058586
0.053675
0.057219
0.053017
0.048005
0.043987
0.044094
0.058823
0.048282
0.048155
0.043511
0.058152
0.058431
0.047855
0.048166
0.043018
0.052711
0.043764
0.053670
0.052843
0.048237
0.048238
0.052592
0.058197
0.048084
0.061851
0.043448
0.049109
0.038693
0.048898
0.047590
0.033626
0.057811
0.061576
0.056915
0.047377
0.052565
0.051979
0.038711
0.043444
0.047784
0.047916
0.042883
0.047125
0.037754
0.047141
0.048327
0.042705
0.042714
0.047457
0.047458
0.047593
0.047361
0.047334
0.047555
0.056646
0.047700
0.038333
0.043478
0.047643
0.056728
0.052643
0.043475
0.047762
0.057999
0.053623
0.043296
0.053759
0.052753
0.052402
0.048104
0.047787
0.052519
0.043260
0.053417
0.048813
0.056893
0.056912
0.043103
0.052407
0.043336
0.052307
0.047728
0.048813
0.057910
0.051977
0.052866
0.038082
0.052236
0.047884
0.047775
0.043366
0.057479
0.052335
0.043519
0.056670
0.042875
0.056692
0.052130
0.047466
0.053091
0.056959
0.056484
0.052410
0.052157
0.043296
0.047764
0.057255
0.043571
0.052700
0.043676
0.044273
0.053882
0.052658
0.043445
0.048035
0.048148
0.043360
0.047766
0.039056
0.052440
0.052505
0.052731
0.053716
0.048324
0.043531
0.039273
0.044533
0.048294
0.043936
0.043458
0.043351
0.043993
0.053778
0.053785
0.048136
0.039182
0.057116
0.047850
0.052728
0.052712
0.052126
0.052023
0.056610
0.047471
0.044111
0.052021
0.051636
0.048447
0.052009
0.043025
0.048323
0.047233
0.047193
0.042684
0.056346
0.037891
0.037782
0.051819
0.047314
0.047137
0.047393
0.051508
0.042580
0.042736
0.047001
0.042883
0.042758
0.038213
0.047329
0.053058
0.051875
0.047168
0.056680
0.047333
0.047800
0.042892
0.047257
0.047431
0.039335
0.057937
0.042875
0.052220
0.038377
0.052151
0.047595
0.042951
0.048837
0.043242
0.047370
0.042824
0.033629
0.042739
0.052012
0.053337
0.047365
0.042740
0.042877
0.051746
0.042201
0.047613
0.042742
0.042713
0.052084
0.043823
0.061166
0.043038
0.051997
0.043099
0.047526
0.038674
0.052336
0.034017
0.043291
0.049005
0.038724
0.047805
0.043255
0.047803
0.047863
0.049284
0.047940
0.048076
0.052591
0.052203
0.047431
0.048112
0.052132
0.048263
0.042767
0.042843
0.053004
0.042600
0.042877
0.042581
0.042673
0.052081
0.047015
0.056558
0.052286
0.043163
0.056454
0.052766
0.042740
0.042759
0.048504
0.048439
0.056471
0.052028
0.037934
0.047418
0.047193
0.056458
0.047300
0.052950
0.053100
0.047270
0.056560
0.052568
0.047531
0.052129
0.047482
0.061199
0.051872
0.052179
0.043211
0.047402
0.042723
0.051625
0.042398
0.042431
0.042625
0.037711
0.056138
0.055921
0.056007
0.042067
0.041951
0.046812
0.051952
0.042293
0.046679
0.042159
0.051808
0.047052
0.051689
0.046978
0.042357
0.047071
0.046874
0.042394
0.057231
0.043616
0.048095
0.047244
0.051831
0.047112
0.042728
0.046987
0.047086
0.047023
0.042352
0.046969
0.042277
0.042250
0.046921
0.051609
0.047285
0.057067
0.051833
0.048107
0.051894
0.052687
0.051679
0.056213
0.047034
0.051511
0.037744
0.047161
0.057402
0.042505
0.042944
0.051784
0.051961
0.052706
0.042675
0.042744
0.043233
0.042930
0.042466
0.042468
0.047008
0.047157
0.051502
0.042402
0.037666
0.042368
0.046680
0.037480
0.042240
0.052774
0.037792
0.046902
0.051758
0.051479
0.047025
0.043354
0.051486
0.047068
0.052571
0.042315
0.042004
0.048107
0.047096
0.052125
0.053188
0.042666
0.042763
0.038705
0.057036
0.043334
0.053453
0.052268
0.042989
0.043136
0.048691
0.052091
0.052318
0.047719
0.052280
0.043400
0.052609
0.047686
0.048475
0.052568
0.044436
0.043311
0.048874
0.052848
0.043099
0.042855
0.051845
0.052981
0.053156
0.048457
0.052062
0.052469
0.053142
0.048514
0.051959
0.047708
0.047829
0.047786
0.056615
0.047159
0.056409
0.051767
0.042659
0.047256
0.047192
0.042585
0.047245
0.046981
0.042216
0.047028
0.047138
0.043418
0.042435
0.046934
0.042410
0.043450
0.048288
0.047464
0.043555
0.051632
0.042085
0.042149
0.047732
0.042131
0.057036
0.056817
0.051139
0.051437
0.046850
0.042551
0.042441
0.042941
0.042369
0.042210
0.046875
0.046951
0.051865
0.043947
0.042673
0.042715
0.043474
0.047100
0.051783
0.042221
0.057009
0.046522
0.037470
0.042051
0.056024
0.046716
0.055912
0.046626
0.046750
0.051621
0.043514
0.038106
0.042388
0.051356
0.051673
0.042275
0.046890
0.046905
0.037724
0.042595
0.042104
0.042069
0.037332
0.042152
0.047511
0.042066
0.052341
0.037335
0.037621
0.042083
0.042495
0.056843
0.041710
0.042107
0.042632
0.042192
0.046397
0.051191
0.051116
0.046636
0.047024
0.042253
0.043410
0.047964
0.051249
0.041678
0.055406
0.041423
0.050989
0.046473
0.052027
0.037075
0.046273
0.041689
0.047527
0.037155
0.046473
0.046548
0.047139
0.041888
0.051839
0.055475
0.050608
0.056600
0.050757
0.051036
0.047302
0.051034
0.041931
0.052346
0.037351
0.046679
0.046419
0.051165
0.037325
0.046730
0.047671
0.046790
0.046956
0.047022
0.042164
0.046877
0.043554
0.051818
0.056603
0.047290
0.047188
0.043382
0.048020
0.042364
0.046915
0.047222
0.042018
0.042865
0.037507
0.051731
0.042535
0.042467
0.047125
0.042593
0.042570
0.056266
0.042968
0.048092
0.056373
0.052885
0.047145
0.051801
0.051608
0.042246
0.037830
0.051409
0.042414
0.037586
0.046813
0.046647
0.041875
0.051193
0.046728
0.042099
0.041608
0.055543
0.042225
0.041840
0.050974
0.050814
0.032413
0.037224
0.046588
0.051073
0.043053
0.036969
0.041744
0.041590
0.041530
0.032251
0.041512
0.047425
0.038284
0.041514
0.047293
0.037074
0.037298
0.051112
0.032806
0.051369
0.051249
0.051339
0.046792
0.051175
0.052589
0.037484
0.042242
0.042116
0.051542
0.056034
0.056087
0.051438
0.056377
0.051666
0.042251
0.046988
0.051496
0.048109
0.052462
0.056065
0.047767
0.046900
0.056272
0.051709
0.047120
0.047211
0.037818
0.042297
0.046815
0.037616
0.046924
0.047298
0.052635
0.051483
0.051670
0.042466
0.057652
0.062218
0.051811
0.052040
0.042596
0.038770
0.056785
0.051942
0.056650
0.056608
0.047473
0.051965
0.043042
0.052981
0.042931
0.052245
0.057965
0.052345
0.043156
0.052266
0.047548
0.051927
0.048353
0.052147
0.052053
0.051813
0.052055
0.052922
0.051742
0.057528
0.043431
0.042262
0.051530
0.051429
0.055789
0.047041
0.052422
0.041776
0.051277
0.041933
0.055996
0.056778
0.046620
0.055923
0.051017
0.046188
0.041495
0.051031
0.051235
0.046473
0.050986
0.055527
0.061471
0.051006
0.052017
0.051796
0.046318
0.059988
0.047282
0.051154
0.055447
0.041710
0.055573
0.051018
0.046874
0.041670
0.046338
0.041863
0.042570
0.046639
0.046491
0.037409
0.055888
0.050828
0.046489
0.051086
0.047732
0.037349
0.052333
0.047681
0.046422
0.032428
0.046442
0.042956
0.046418
0.052120
0.046600
0.041986
0.041807
0.046598
0.037224
0.037234
0.047543
0.032456
0.046255
0.041836
0.037694
0.046409
0.050983
0.051125
0.041807
0.041835
0.046919
0.046335
0.055374
0.041756
0.046048
0.046405
0.046362
0.051109
0.046609
0.046437
0.052292
0.052215
0.051054
0.051166
0.037030
0.050749
0.038283
0.051043
0.041491
0.041554
0.046265
0.041507
0.046196
0.047276
0.050875
0.051070
0.051287
0.046560
0.050832
0.046234
0.041540
0.050624
0.041087
0.055233
0.041063
0.032274
0.042213
0.036974
0.046285
0.045990
0.055243
0.045699
0.045997
0.041677
0.046075
0.041757
0.046569
0.037366
0.046625
0.036996
0.046245
0.032446
0.037087
0.041590
0.041776
0.046162
0.046767
0.050822
0.050797
0.046404
0.046513
0.051232
0.051119
0.046631
0.051002
0.055636
0.051772
0.050730
0.045876
0.050486
0.050569
0.060041
0.046239
0.041868
0.041941
0.046283
0.042134
0.046181
0.046279
0.046280
0.042127
0.046686
0.050828
0.041614
0.041773
0.046174
0.050596
0.041831
0.046451
0.046274
0.050936
0.041722
0.041602
0.041802
0.041891
0.055610
0.046324
0.050787
0.036993
0.046254
0.051907
0.052054
0.050562
0.041365
0.056444
0.045964
0.045843
0.036624
0.045789
0.032001
0.045836
0.046154
0.046023
0.055491
0.046121
0.050647
0.045739
0.045707
0.042302
0.046814
0.046019
0.047113
0.041140
0.041897
0.036630
0.041304
0.045624
0.041286
0.036893
0.032674
0.050575
0.041814
0.046538
0.036755
0.041787
0.050284
0.041260
0.045552
0.050368
0.041210
0.041730
0.036690
0.041134
0.037387
0.041221
0.042242
0.042353
0.037340
0.037317
0.036748
0.032590
0.036519
0.041296
0.047266
0.047198
0.041585
0.046407
0.046194
0.041412
0.041743
0.046067
0.045985
0.041891
0.046334
0.050801
0.046391
0.051111
0.052302
0.046399
0.055622
0.046053
0.046140
0.041701
0.050621
0.045994
0.036597
0.055554
0.041821
0.050915
0.051988
0.055676
0.060068
0.050914
0.055400
0.050899
0.041554
0.041623
0.041572
0.046173
0.055381
0.042546
0.046121
0.036878
0.036883
0.050871
0.046194
0.046030
0.036898
0.046177
0.041434
0.050382
0.036873
0.050780
0.042568
0.036990
0.037079
0.032590
0.041597
0.050665
0.041554
0.045994
0.050824
0.051561
0.050969
0.052116
0.046415
0.041920
0.041616
0.046475
0.041768
0.037034
0.046322
0.041833
0.036849
0.046245
0.041606
0.036768
0.045981
0.050495
0.036771
0.041260
0.046083
0.050742
0.046121
0.059743
0.050706
0.055357
0.050596
0.036795
0.050879
0.050937
0.051062
0.046109
0.050931
0.041630
0.050867
0.046114
0.055164
0.041605
0.041586
0.050775
0.041805
0.046372
0.050925
0.051031
0.046332
0.046326
0.041854
0.052295
0.051084
0.056046
0.047910
0.051295
0.042308
0.051420
0.052607
0.042175
0.051787
0.050918
0.055538
0.060240
0.051879
0.050956
0.041810
0.051463
0.055978
0.037508
0.055734
0.055858
0.046496
0.046279
0.051150
0.046329
0.037100
0.050752
0.050837
0.046154
0.050759
0.055682
0.047428
0.052312
0.047748
0.047534
0.055662
0.047416
0.047462
0.047298
0.047637
0.050830
0.046056
0.047554
0.055505
0.050593
0.041577
0.055227
0.056421
0.041628
0.046268
0.046443
0.055789
0.047227
0.050827
0.046219
0.050976
0.041810
0.050973
0.046278
0.042068
0.046183
0.055146
0.041205
0.045798
0.050525
0.050669
0.050487
0.045805
0.050626
0.046259
0.056274
0.041394
0.036859
0.036894
0.041606
0.036540
0.046014
0.041602
0.046206
0.041501
0.046208
0.041328
0.050685
0.046149
0.055112
0.041229
0.050474
0.041550
0.050703
0.045891
0.041455
0.046104
0.041483
0.041416
0.045992
0.055423
0.046036
0.051482
0.036715
0.046076
0.041541
0.056554
0.050975
0.055636
0.051028
0.046183
0.031975
0.041453
0.046153
0.051055
0.060300
0.046649
0.046439
0.050931
0.041800
0.046298
0.050921
0.046147
0.046296
0.041705
0.046330
0.037558
0.046344
0.046280
0.046282
0.046348
0.046995
0.050984
0.041597
0.041728
0.041717
0.037751
0.052174
0.042051
0.051673
0.055307
0.055266
0.042867
0.046248
0.046520
0.041559
0.041475
0.060077
0.055499
0.046215
0.046291
0.046220
0.051977
0.046314
0.046563
0.046168
0.051061
0.046507
0.056735
0.046383
0.050694
0.051927
0.055272
0.055340
0.046226
0.041413
0.051887
0.051814
0.041669
0.051996
0.046107
0.045931
0.036991
0.052019
0.056458
0.041587
0.045959
0.046356
0.055437
0.052135
0.059839
0.055065
0.050736
0.041690
0.046407
0.041173
0.050794
0.036933
0.055383
0.055416
0.050974
0.046808
0.041682
0.041730
0.041505
0.046146
0.037274
0.052208
0.041994
0.041918
0.052435
0.056933
0.051862
0.047606
0.042092
0.037447
0.041797
0.051339
0.050890
0.050842
0.051233
0.042892
0.042692
0.050691
0.051032
0.050824
0.041620
0.051980
0.050737
0.050354
0.047017
0.045994
0.050821
0.045843
0.055811
0.045920
0.046076
0.046030
0.051789
0.042488
0.046490
0.050855
0.047294
0.036785
0.046224
0.051926
0.046130
0.056429
0.046476
0.050864
0.051777
0.041586
0.046354
0.050659
0.056363
0.041519
0.041340
0.046324
0.050924
0.046173
0.041289
0.045681
0.045940
0.045852
0.050584
0.041233
0.045531
0.045617
0.050088
0.046493
0.036182
0.040978
0.040945
0.040861
0.045327
0.045681
0.041066
0.050538
0.050424
0.054847
0.059597
0.050567
0.045823
0.050499
0.056030
0.051494
0.046680
0.059692
0.045788
0.036531
0.045947
0.055291
0.041583
0.046301
0.041496
0.045959
0.046398
0.046154
0.047255
0.046265
0.047245
0.046325
0.047301
0.055214
0.041279
0.045840
0.055183
0.045950
0.036687
0.045835
0.047135
0.041779
0.055097
0.046144
0.046119
0.042574
0.046465
0.051043
0.051064
0.046399
0.046185
0.041420
0.050960
0.050864
0.041501
0.036963
0.037000
0.042244
0.041596
0.046828
0.036956
0.032264
0.041402
0.046235
0.036940
0.042023
0.042040
0.032613
0.032732
0.032533
0.032620
0.037289
0.032453
0.032619
0.037114
0.037298
0.037361
0.032355
0.041715
0.051011
0.037206
0.041476
0.036691
0.041543
0.027730
0.037022
0.027756
0.032405
0.036906
0.032167
0.036617
0.036835
0.031986
0.050662
0.036358
0.045774
0.036387
0.036713
0.036639
0.027520
0.036899
0.041480
0.027616
0.036872
0.037212
0.041676
0.041712
0.041928
0.027975
0.037093
0.051148
0.041653
0.027770
0.027833
0.032548
0.037153
0.041816
0.041803
0.032601
0.032416
0.032563
0.032210
0.028058
0.032677
0.041507
0.041744
0.032346
0.041622
0.037045
0.041375
0.036757
0.036690
0.036862
0.045860
0.031947
0.046008
0.036820
0.027586
0.032095
0.041049
0.031859
0.031971
0.041041
0.040970
0.041430
0.041170
0.041131
0.031826
0.041560
0.027602
0.041573
0.041472
0.027763
0.032243
0.036989
0.041318
0.046148
0.036869
0.046198
0.036908
0.046260
0.037246
0.046341
0.037174
0.032439
0.046195
0.032444
0.032498
0.037111
0.042224
0.042017
0.027981
0.027850
0.028037
0.037314
0.028038
0.037393
0.032599
0.027883
0.041867
0.032478
0.032334
0.041841
0.032616
0.032463
0.037173
0.027559
0.037135
0.027456
0.050853
0.032392
0.041604
0.032554
0.032171
0.041443
0.027300
0.036672
0.036887
0.036534
0.036733
0.027455
0.036584
0.032124
0.027249
0.032266
0.036280
0.040859
0.040884
0.031389
0.027175
0.041094
0.031612
0.036768
0.041455
0.027244
0.032055
0.041377
0.036754
0.027385
0.041286
0.041117
0.036370
0.036671
0.031919
0.041337
0.036707
0.027361
0.032097
0.031678
0.036668
0.036607
0.045875
0.036676
0.041526
0.036632
0.036607
0.036985
0.032165
0.041703
0.041648
0.032087
0.046093
0.041216
0.045822
0.036923
0.041577
0.041657
0.036574
0.032015
0.032243
0.031764
0.036866
0.036644
0.031905
0.036549
0.027133
0.032051
0.031939
0.032182
0.041234
0.041316
0.050265
0.031634
0.031758
0.036338
0.036474
0.036409
0.036471
0.050372
0.036694
0.041327
0.027179
0.045577
0.036344
0.040840
0.027146
0.036558
0.045754
0.027126
0.036547
0.036446
0.031739
0.036500
0.036710
0.041122
0.036506
0.036207
0.045794
0.036582
0.036366
0.031916
0.027202
0.036292
0.036426
0.031823
0.026923
0.040783
0.026800
0.036305
0.027112
0.045884
0.036546
0.036659
0.045921
0.045895
0.036868
0.036647
0.027506
0.032167
0.032141
0.027371
0.032105
0.032031
0.027173
0.031771
0.027107
0.036455
0.036702
0.031967
0.036285
0.041226
0.032011
0.046027
0.036776
0.027660
0.036904
0.041716
0.032160
0.036914
0.032507
0.041755
0.046145
0.032341
0.041545
0.032391
0.032565
0.036797
0.036805
0.031991
0.031964
0.036454
0.050521
0.036606
0.027377
0.036776
0.046012
0.036823
0.036862
0.027787
0.037116
0.037064
0.037008
0.032605
0.037046
0.027746
0.032447
0.028092
0.037062
0.046255
0.032441
0.032309
0.041709
0.046349
0.032135
0.032131
0.041473
0.036938
0.036686
0.036839
0.027578
0.032036
0.037041
0.027672
0.036539
0.046018
0.046164
0.036617
0.036617
0.032053
0.036799
0.041350
0.041192
0.041260
0.041121
0.037037
0.041368
0.032097
0.036795
0.041620
0.032239
0.032321
0.037025
0.032145
0.041430
0.032359
0.032329
0.032298
0.037352
0.046370
0.041597
0.037021
0.041767
0.036758
0.041570
0.046111
0.032139
0.036853
0.032349
0.041573
0.041587
0.041665
0.041408
0.027642
0.032552
0.041798
0.037018
0.041655
0.032160
0.041483
0.027559
0.041409
0.027801
0.036991
0.032093
0.027558
0.037001
0.041556
0.036967
0.041503
0.036977
0.032056
0.041184
0.036979
0.041444
0.041234
0.031888
0.036666
0.046046
0.041098
0.031574
0.036643
0.027232
0.041387
0.032031
0.031881
0.036505
0.036378
0.041064
0.040958
0.036571
0.031934
0.036549
0.036575
0.036597
0.032119
0.032074
0.041423
0.027506
0.046168
0.041330
0.036610
0.041486
0.036814
0.041591
0.046047
0.027757
0.036990
0.032264
0.041485
0.036910
0.037135
0.037294
0.037150
0.041608
0.027823
0.037058
0.041833
0.037411
0.037402
0.041992
0.032513
0.037008
0.037161
0.027795
0.041767
0.041944
0.037279
0.028184
0.032666
0.046388
0.027717
0.032366
0.037033
0.036774
0.037032
0.041367
0.031965
0.031730
0.036306
0.036480
0.031693
0.027095
0.036548
0.046103
0.027824
0.036988
0.036623
0.045937
0.027587
0.045935
0.045858
0.041022
0.036526
0.036294
0.036522
0.031863
0.032088
0.031985
0.031770
0.036490
0.041212
0.041232
0.041287
0.036530
0.045844
0.036369
0.036481
0.045760
0.041255
0.045768
0.036525
0.036606
0.036726
0.036735
0.036527
0.027294
0.031712
0.041140
0.041325
0.036543
0.041275
0.031786
0.036622
0.041662
0.036571
0.036665
0.045878
0.036604
0.036330
0.050558
0.040940
0.045970
0.036460
0.031996
0.041440
0.036534
0.032152
0.036819
0.036442
0.027467
0.027579
0.032210
0.041635
0.045968
0.036672
0.031891
0.036682
0.036561
0.041348
0.031944
0.027405
0.036739
0.036542
0.036996
0.036723
0.036648
0.036907
0.036790
0.031761
0.031973
0.041561
0.032032
0.036685
0.031867
0.041224
0.045608
0.036225
0.041020
0.036276
0.031654
0.040877
0.040950
0.045564
0.036382
0.036224
0.041053
0.036332
0.036537
0.041207
0.046084
0.041406
0.046252
0.041414
0.036823
0.036788
0.027623
0.032451
0.041744
0.041282
0.036920
0.041519
0.036802
0.036740
0.036725
0.041315
0.036757
0.041368
0.045985
0.036670
0.041325
0.041277
0.041100
0.027479
0.036534
0.036348
0.027016
0.036312
0.035829
0.031260
0.036185
0.036155
0.031654
0.040997
0.036435
0.036349
0.045794
0.041290
0.027434
0.027377
0.036704
0.036748
0.041442
0.031919
0.041457
0.041310
0.036846
0.041003
0.036255
0.045426
0.041098
0.036449
0.031896
0.032163
0.036728
0.036806
0.041125
0.036424
0.041306
0.036654
0.041447
0.036487
0.036511
0.032052
0.036484
0.046198
0.041408
0.036746
0.046021
0.027442
0.036711
0.041459
0.032366
0.036744
0.032373
0.041337
0.041541
0.032144
0.032325
0.036900
0.036473
0.036480
0.036529
0.032142
0.036602
0.041107
0.036714
0.041318
0.027407
0.041286
0.031945
0.031579
0.040830
0.036065
0.031734
0.036111
0.031602
0.036555
0.031627
0.036537
0.041376
0.031958
0.041589
0.041562
0.036961
0.037293
0.041816
0.032540
0.037252
0.041726
0.036997
0.027542
0.032200
0.041500
0.037075
0.037096
0.045858
0.027480
0.032135
0.036790
0.031934
0.041208
0.041159
0.041367
0.036750
0.037019
0.045902
0.045700
0.031753
0.036504
0.036758
0.041312
0.046040
0.031680
0.036193
0.040824
0.045465
0.036074
0.031548
0.036444
0.031923
0.031573
0.031884
0.031628
0.045602
0.041073
0.036517
0.027129
0.036636
0.036710
0.045858
0.027246
0.045643
0.036248
0.031755
0.032104
0.036984
0.036914
0.037172
0.041686
0.036949
0.037078
0.041795
0.036891
0.037097
0.051045
0.032418
0.032422
0.032652
0.041259
0.041714
0.036879
0.037347
0.027726
0.027789
0.037257
0.037244
0.037235
0.037167
0.041583
0.032252
0.032301
0.032204
0.032233
0.036916
0.036684
0.041413
0.032079
0.032225
0.032133
0.027309
0.041171
0.045838
0.032022
0.031845
0.041148
0.041050
0.036242
0.036613
0.041110
0.041156
0.041142
0.036608
0.041227
0.027008
0.027367
0.036791
0.031991
0.031914
0.041097
0.031891
0.045780
0.031745
0.032056
0.027430
0.032102
0.027511
0.036825
0.032015
0.036855
0.036620
0.046068
0.037048
0.032418
0.036528
0.032380
0.041329
0.050810
0.032139
0.041253
0.045921
0.041331
0.046257
0.036832
0.027141
0.041118
0.045598
0.036517
0.036836
0.036540
0.041390
0.032132
0.036935
0.041631
0.036580
0.031842
0.031947
0.027307
0.027461
0.036673
0.036677
0.036381
0.045949
0.031982
0.031909
0.041209
0.036556
0.031617
0.031676
0.032075
0.031839
0.036459
0.036411
0.045941
0.036650
0.036597
0.036514
0.036309
0.036740
0.041337
0.036594
0.027131
0.041230
0.031795
0.031715
0.045576
0.036231
0.031811
0.031755
0.045597
0.040764
0.036289
0.036209
0.036516
0.041036
0.045654
0.031740
0.026848
0.036253
0.041196
0.027309
0.036423
0.031911
0.027422
0.036608
0.041062
0.036549
0.027447
0.031841
0.031697
0.036348
0.036533
0.031604
0.031603
0.036087
0.040784
0.036146
0.031598
0.040936
0.041116
0.036920
0.032296
0.036558
0.036737
0.041038
0.036095
0.031490
0.027185
0.036595
0.027455
0.036599
0.031850
0.027251
0.045886
0.031945
0.041399
0.041183
0.036504
0.041175
0.050433
0.027253
0.032119
0.046070
0.041552
0.041521
0.041534
0.041675
0.051173
0.037254
0.041789
0.041845
0.032187
0.032290
0.032491
0.032393
0.041484
0.027478
0.036735
0.041240
0.031724
0.031549
0.036562
0.036657
0.036441
0.036576
0.041198
0.041255
0.032078
0.031950
0.041315
0.046009
0.041346
0.036940
0.036672
0.027314
0.041207
0.036598
0.036671
0.041347
0.036586
0.036543
0.041424
0.036699
0.027227
0.031706
0.036307
0.036247
0.031590
0.041060
0.036324
0.045751
0.041141
0.036500
0.031588
0.040851
0.031564
0.031256
0.031679
0.036156
0.036226
0.031454
0.040998
0.040810
0.031602
0.041235
0.036483
0.036224
0.041156
0.027431
0.036796
0.036729
0.036660
0.032286
0.032159
0.041255
0.041288
0.036841
0.041391
0.032091
0.032097
0.036911
0.041464
0.045666
0.041103
0.031804
0.031856
0.036652
0.036963
0.041421
0.027474
0.036483
0.045734
0.036379
0.027322
0.041193
0.031587
0.027330
0.036651
0.031746
0.027279
0.041222
0.041410
0.036576
0.036763
0.032091
0.036799
0.036669
0.027208
0.036606
0.031929
0.045911
0.041139
0.031936
0.032175
0.031922
0.036771
0.036692
0.041604
0.036362
0.036577
0.032111
0.032093
0.041306
0.032072
0.041291
0.027403
0.027448
0.036840
0.036810
0.041561
0.041362
0.041286
0.031607
0.036415
0.036381
0.036235
0.031700
0.031539
0.031539
0.031704
0.045429
0.036346
0.041132
0.041066
0.036532
0.027197
0.036495
0.036538
0.036610
0.045795
0.031687
0.036045
0.040905
0.026896
0.026892
0.031279
0.031478
0.031451
0.045328
0.027022
0.031578
0.026955
0.045805
0.045611
0.036447
0.031738
0.027029
0.036269
0.036105
0.045452
0.031497
0.036010
0.040620
0.031477
0.036300
0.031777
0.036425
0.040821
0.036609
0.036583
0.041443
0.041228
0.036520
0.036387
0.036496
0.036700
0.036406
0.036524
0.031774
0.036370
0.036494
0.041051
0.031710
0.036216
0.041075
0.041083
0.050339
0.036144
0.031648
0.027080
0.031545
0.036340
0.036284
0.031624
0.036444
0.041038
0.036450
0.027176
0.045940
0.031764
0.036526
0.031845
0.031835
0.036434
0.027405
0.031868
0.036495
0.036559
0.031788
0.041089
0.036518
0.036266
0.041149
0.045736
0.031810
0.036335
0.036327
0.045706
0.041242
0.036565
0.045534
0.045661
0.040893
0.031522
0.040890
0.036524
0.031908
0.050670
0.031941
0.031956
0.036673
0.036489
0.041042
0.036358
0.031759
0.045371
0.031311
0.031403
0.040669
0.026610
0.040806
0.040885
0.040470
0.041082
0.045454
0.031402
0.040639
0.031495
0.036162
0.031464
0.040909
0.045557
0.045261
0.040564
0.036156
0.045697
0.031833
0.041298
0.045793
0.041307
0.036786
0.036784
0.036317
0.031920
0.031993
0.036430
0.036704
0.041245
0.041247
0.031980
0.036336
0.031827
0.041406
0.046076
0.036628
0.041077
0.036432
0.036267
0.041128
0.036149
0.045545
0.031662
0.036549
0.032061
0.037079
0.036833
0.041403
0.027634
0.036710
0.036830
0.036659
0.046413
0.032532
0.046170
0.036921
0.032159
0.036975
0.036744
0.041631
0.041151
0.031979
0.041367
0.031915
0.036684
0.031884
0.041426
0.041496
0.041270
0.036825
0.036823
0.036939
0.027593
0.041332
0.046302
0.036701
0.046470
0.032434
0.046398
0.037220
0.037056
0.036748
0.041518
0.041558
0.036892
0.036901
0.027544
0.036635
0.037138
0.041620
0.041444
0.032308
0.036673
0.041264
0.032028
0.032011
0.032053
0.032062
0.041382
0.041401
0.027490
0.045937
0.036752
0.031770
0.031931
0.036556
0.036598
0.031737
0.032040
0.027301
0.027362
0.032046
0.046101
0.045939
0.041179
0.036620
0.036698
0.027447
0.041545
0.036773
0.041307
0.032106
0.032122
0.032263
0.036730
0.027084
0.036681
0.036733
0.036625
0.036640
0.045802
0.036678
0.036751
0.045955
0.032076
0.031896
0.036519
0.041435
0.041428
0.032217
0.031958
0.036870
0.032423
0.037065
0.027556
0.041303
0.036522
0.032027
0.031774
0.026930
0.031485
0.036323
0.027124
0.036462
0.045588
0.045579
0.036280
0.031743
0.041205
0.041235
0.027369
0.031968
0.036530
0.027151
0.041090
0.027211
0.050378
0.036560
0.036628
0.041294
0.031897
0.036589
0.036602
0.032064
0.027650
0.041537
0.032352
0.027541
0.032099
0.036666
0.041161
0.036530
0.031677
0.036173
0.045557
0.036146
0.036148
0.041017
0.040912
0.031558
0.041038
0.040775
0.031850
0.036648
0.031867
0.036623
0.036574
0.036487
0.031897
0.036487
0.045728
0.031986
0.027018
0.045671
0.036443
0.036218
0.036270
0.031781
0.036269
0.031917
0.036546
0.026973
0.036464
0.036687
0.032077
0.036676
0.041346
0.031917
0.041259
0.036591
0.040971
0.036711
0.031836
0.045746
0.036664
0.041308
0.031900
0.041264
0.027446
0.041552
0.041547
0.041733
0.027824
0.027744
0.037270
0.037138
0.028047
0.041837
0.041569
0.037019
0.032347
0.036999
0.032359
0.041471
0.032171
0.036968
0.036568
0.045729
0.041554
0.036486
0.041438
0.036497
0.036675
0.040971
0.036510
0.027306
0.032164
0.032108
0.036577
0.032224
0.041176
0.027439
0.027351
0.045589
0.040964
0.041024
0.036065
0.045625
0.027290
0.031954
0.041535
0.036657
0.041359
0.050750
0.036774
0.032020
0.032105
0.036643
0.032062
0.045920
0.041253
0.045667
0.036674
0.040878
0.045425
0.036020
0.031650
0.045420
0.036357
0.036252
0.031789
0.036614
0.031827
0.045801
0.041236
0.041363
0.036244
0.036413
0.036489
0.032115
0.036859
0.036882
0.041266
0.041409
0.027283
0.032192
0.041266
0.036545
0.045724
0.040994
0.036335
0.040980
0.041070
0.041096
0.041186
0.041188
0.036196
0.031564
0.036216
0.031634
0.026968
0.031653
0.040751
0.036136
0.036059
0.036204
0.040518
0.045419
0.040809
0.036349
0.040927
0.036230
0.036119
0.027109
0.036516
0.027174
0.027153
0.036405
0.036570
0.045700
0.041062
0.036502
0.036718
0.041281
0.027320
0.045862
0.031731
0.036551
0.041243
0.031975
0.040895
0.036154
0.031749
0.036355
0.036451
0.036772
0.031864
0.045840
0.040811
0.031719
0.036265
0.036228
0.045688
0.041171
0.031709
0.031794
0.041381
0.031713
0.036734
0.031805
0.036408
0.040953
0.027089
0.026987
0.031932
0.036433
0.041403
0.040957
0.031600
0.040915
0.027154
0.031940
0.031873
0.040941
0.036249
0.031706
0.031765
0.026793
0.027325
0.041012
0.036513
0.041174
0.031851
0.031637
0.031797
0.041229
0.036433
0.045799
0.036558
0.031882
0.032090
0.041369
0.032075
0.041449
0.032259
0.027505
0.036588
0.045844
0.036831
0.036760
0.032375
0.041632
0.037037
0.032122
0.032280
0.036547
0.041474
0.037037
0.046147
0.041689
0.041356
0.027476
0.036600
0.046053
0.027586
0.036807
0.027363
0.036661
0.031750
0.045629
0.036534
0.027191
0.031816
0.041395
0.050541
0.032045
0.032180
0.036552
0.031902
0.041112
0.032446
0.036778
0.036900
0.027448
0.032033
0.036845
0.032124
0.041451
0.036643
0.036793
0.036716
0.032244
0.045781
0.036480
0.041195
0.041231
0.036529
0.031645
0.041103
0.036641
0.036507
0.036822
0.027172
0.032080
0.031913
0.036832
0.036777
0.027419
0.041631
0.041309
0.041013
0.036485
0.036529
0.036465
0.027410
0.036691
0.036436
0.041048
0.041153
0.041400
0.036548
0.041435
0.036679
0.036596
0.045875
0.036162
0.036556
0.031863
0.027455
0.036836
0.037078
0.046290
0.036998
0.032222
0.041518
0.036900
0.032329
0.036678
0.036579
0.041305
0.041295
0.041271
0.031964
0.036703
0.041334
0.027331
0.036949
0.041287
0.050479
0.032085
0.032283
0.031916
0.041206
0.045642
0.031936
0.041012
0.041023
0.032023
0.041226
0.031951
0.045765
0.036267
0.036520
0.032052
0.032145
0.036549
0.041042
0.036315
0.036223
0.031651
0.036242
0.026948
0.050108
0.026947
0.040939
0.040887
0.031594
0.031612
0.040788
0.036053
0.040911
0.040906
0.036099
0.041028
0.040941
0.036320
0.031837
0.031551
0.036151
0.031937
0.041011
0.031833
0.031763
0.031774
0.036472
0.036421
0.045457
0.036136
0.045507
0.031457
0.040734
0.035908
0.031376
0.040838
0.036337
0.040948
0.036281
0.031634
0.040956
0.031713
0.031596
0.040866
0.031778
0.031830
0.041032
0.031660
0.031718
0.036531
0.027338
0.036557
0.036502
0.027114
0.032041
0.045781
0.041351
0.036806
0.041162
0.041377
0.036842
0.032203
0.027673
0.046057
0.036863
0.041502
0.032517
0.036841
0.041397
0.027581
0.036859
0.036673
0.041284
0.036375
0.041428
0.041507
0.041186
0.027238
0.041295
0.041269
0.041623
0.032192
0.041215
0.032148
0.036795
0.032088
0.041292
0.041389
0.045989
0.027176
0.045571
0.036575
0.027109
0.031735
0.041058
0.036232
0.036474
0.031654
0.040704
0.041017
0.036265
0.036231
0.040979
0.045760
0.036372
0.041106
0.031936
0.041223
0.041106
0.036447
0.045969
0.045822
0.036330
0.032067
0.036303
0.036244
0.045651
0.036509
0.036381
0.041113
0.045988
0.031937
0.036326
0.036515
0.045944
0.036578
0.036637
0.041148
0.031877
0.040872
0.036613
0.040934
0.036305
0.041138
0.036666
0.036418
0.031906
0.031903
0.031917
0.036593
0.036459
0.027298
0.032293
0.032120
0.036601
0.032247
0.027539
0.036640
0.036919
0.036920
0.037045
0.041488
0.032143
0.041340
0.036874
0.046320
0.032486
0.028105
0.042037
0.032763
0.037009
0.041191
0.041362
0.031990
0.032046
0.031588
0.031582
0.045428
0.031834
0.036199
0.041039
0.031924
0.036613
0.036490
0.031767
0.027414
0.036336
0.045583
0.050469
0.040954
0.031598
0.036590
0.032263
0.032389
0.027667
0.032187
0.036526
0.041358
0.026995
0.031737
0.041112
0.036387
0.036571
0.036673
0.041175
0.032117
0.036729
0.036878
0.036750
0.041603
0.036817
0.036799
0.036707
0.041628
0.036622
0.041363
0.046177
0.036734
0.036768
0.032238
0.041390
0.041369
0.036946
0.041660
0.041557
0.036916
0.041444
0.027070
0.032102
0.046221
0.041404
0.041361
0.032337
0.041544
0.032320
0.036871
0.041458
0.032155
0.041695
0.045964
0.031988
0.036746
0.036849
0.036700
0.032345
0.041265
0.036705
0.041266
0.036564
0.032150
0.031935
0.046288
0.046085
0.031686
0.027179
0.031886
0.032165
0.032438
0.036849
0.041310
0.036249
0.027096
0.032037
0.036670
0.027354
0.036513
0.036401
0.027162
0.036463
0.031934
0.041065
0.036591
0.041188
0.027224
0.036540
0.036472
0.036636
0.032223
0.046175
0.032193
0.032141
0.036936
0.046064
0.032259
0.036686
0.050750
0.036934
0.041392
0.041588
0.032171
0.036621
0.041349
0.036868
0.032448
0.041633
0.041817
0.037292
0.036680
0.032263
0.032155
0.046232
0.032152
0.032197
0.027462
0.036308
0.031914
0.036865
0.032100
0.031688
0.041050
0.036023
0.031776
0.041213
0.036463
0.031890
0.031832
0.031668
0.036152
0.045446
0.036212
0.031620
0.031804
0.031707
0.036373
0.031511
0.036124
0.041188
0.036306
0.036496
0.050297
0.045697
0.045898
0.041093
0.036866
0.041044
0.045672
0.041357
0.041118
0.031963
0.045765
0.036436
0.031639
0.045686
0.036318
0.041021
0.041323
0.036698
0.036726
0.027447
0.041220
0.031911
0.041300
0.041274
0.041258
0.036922
0.041491
0.041725
0.041429
0.036687
0.032111
0.036935
0.036952
0.041747
0.041899
0.027571
0.041817
0.037004
0.041468
0.032205
0.036967
0.036837
0.041417
0.041449
0.036813
0.032227
0.041547
0.036897
0.036857
0.036814
0.032396
0.037085
0.036933
0.036774
0.046199
0.041232
0.031860
0.036496
0.041209
0.027144
0.036534
0.031846
0.031672
0.045639
0.032035
0.027222
0.031908
0.036431
0.041119
0.031985
0.031945
0.036719
0.041272
0.032163
0.032090
0.041244
0.036647
0.036427
0.027078
0.036328
0.027018
0.045675
0.036462
0.045762
0.040950
0.045693
0.031711
0.041002
0.036267
0.036680
0.031873
0.041338
0.041125
0.041044
0.036614
0.041085
0.041055
0.031854
0.040880
0.036213
0.036537
0.036419
0.036356
0.045836
0.036549
0.031763
0.036308
0.036773
0.041155
0.036425
0.041091
0.027340
0.041133
0.036825
0.031871
0.027311
0.045651
0.036432
0.036247
0.031739
0.027080
0.041044
0.036380
0.045441
0.040717
0.036370
0.040874
0.031876
0.031796
0.031806
0.045910
0.041001
0.036292
0.031973
0.031828
0.041114
0.027361
0.036646
0.041207
0.050552
0.031829
0.036365
0.036710
0.027250
0.027425
0.036430
0.050235
0.041255
0.041066
0.041200
0.036374
0.036458
0.036800
0.036706
0.031767
0.036321
0.040964
0.036730
0.041309
0.041183
0.046127
0.027379
0.027191
0.031802
0.036651
0.041191
0.036474
0.041311
0.036438
0.036552
0.031977
0.036541
0.045798
0.036293
0.036093
0.036036
0.031714
0.041221
0.036751
0.041125
0.036364
0.041148
0.036208
0.036593
0.031621
0.036678
0.036547
0.045790
0.031848
0.050423
0.036545
0.050511
0.031816
0.036530
0.036501
0.041188
0.031866
0.036479
0.036330
0.031548
0.031766
0.036337
0.041145
0.036601
0.027473
0.041365
0.032035
0.036535
0.036616
0.036618
0.036665
0.041271
0.036618
0.036566
0.027422
0.031990
0.036575
0.040749
0.036089
0.036176
0.045463
0.031553
0.040828
0.036450
0.036567
0.027238
0.036546
0.031816
0.041070
0.027195
0.027452
0.036539
0.027404
0.036637
0.031773
0.041109
0.036727
0.036833
0.036858
0.027692
0.036731
0.031988
0.031797
0.027139
0.036463
0.031879
0.036198
0.045647
0.031487
0.036303
0.031656
0.036296
0.026953
0.040904
0.041033
0.031688
0.031549
0.031934
0.031984
0.036401
0.036594
0.036567
0.041271
0.027137
0.036395
0.041052
0.045347
0.049998
0.031426
0.036253
0.026811
0.045341
0.036223
0.031451
0.036110
0.041027
0.026947
0.031577
0.036146
0.031536
0.036398
0.036550
0.045829
0.036477
0.036311
0.036201
0.036349
0.031654
0.036292
0.036375
0.041097
0.036350
0.035966
0.036007
0.035907
0.031580
0.045471
0.036055
0.031655
0.031374
0.036116
0.031403
0.045286
0.035984
0.040503
0.031327
0.031041
0.031385
0.035964
0.031256
0.031181
0.031239
0.036311
0.036229
0.036201
0.036242
0.045597
0.040948
0.036337
0.045818
0.041115
0.032090
0.031896
0.036963
0.041458
0.036680
0.046534
0.027704
0.036971
0.036849
0.037164
0.041877
0.037173
0.032385
0.032143
0.041490
0.041323
0.041358
0.036679
0.032021
0.036802
0.032155
0.032061
0.031821
0.041058
0.031839
0.041010
0.041237
0.027197
0.031641
0.036362
0.036456
0.036435
0.031813
0.045958
0.036423
0.031665
0.040982
0.040859
0.045469
0.036248
0.036021
0.031509
0.036391
0.031336
0.045177
0.031417
0.036203
0.031659
0.031802
0.032082
0.041174
0.036622
0.036494
0.041259
0.036851
0.036567
0.032180
0.045894
0.036527
0.036598
0.036495
0.036622
0.031773
0.031916
0.036255
0.031583
0.031694
0.031603
0.031674
0.031716
0.027055
0.036384
0.041113
0.036240
0.031723
0.031846
0.032136
0.032104
0.031873
0.027522
0.027456
0.041067
0.036393
0.027295
0.036493
0.036460
0.040892
0.040822
0.031747
0.036265
0.041042
0.027248
0.031779
0.031674
0.036793
0.036705
0.027647
0.036634
0.036290
0.041349
0.036611
0.032103
0.027430
0.031895
0.045883
0.036796
0.036453
0.041209
0.045948
0.041309
0.036687
0.036782
0.032140
0.050788
0.037154
0.041667
0.041359
0.046086
0.036808
0.041375
0.036942
0.037073
0.027536
0.041785
0.046268
0.032405
0.036965
0.041470
0.036590
0.041170
0.036602
0.032044
0.041345
0.036605
0.031779
0.027203
0.031698
0.036332
0.036499
0.036612
0.027422
0.041048
0.036132
0.031346
0.031608
0.036498
0.036271
0.036231
0.031583
0.026810
0.045560
0.036331
0.036270
0.026894
0.036235
0.031782
0.036490
0.036093
0.045555
0.036276
0.036431
0.040961
0.041138
0.045603
0.031768
0.031590
0.041114
0.031953
0.031806
0.032151
0.045989
0.036598
0.036607
0.032074
0.031814
0.041354
0.041483
0.032264
0.036515
0.041207
0.031995
0.027419
0.036600
0.041383
0.027191
0.031912
0.031867
0.036450
0.027160
0.031798
0.041225
0.036584
0.036477
0.045758
0.036482
0.036562
0.045998
0.036375
0.036709
0.036561
0.041271
0.027470
0.032473
0.032530
0.041371
0.027379
0.046086
0.041446
0.041536
0.041359
0.037065
0.032083
0.031824
0.041062
0.031672
0.040892
0.036498
0.041236
0.036567
0.031929
0.045631
0.041135
0.041253
0.036574
0.032025
0.041142
0.036516
0.036266
0.031741
0.036452
0.031768
0.040794
0.040879
0.036324
0.027063
0.036421
0.041043
0.036550
0.031853
0.036459
0.045675
0.036530
0.036520
0.036249
0.036111
0.045583
0.026982
0.036285
0.035997
0.036318
0.041154
0.041049
0.041028
0.036480
0.041365
0.031830
0.027260
0.041057
0.040933
0.045928
0.036468
0.041322
0.036484
0.040996
0.036382
0.026884
0.040758
0.031497
0.045185
0.031397
0.040721
0.036279
0.040907
0.040963
0.040692
0.036328
0.045771
0.031568
0.036357
0.050282
0.036452
0.036429
0.027396
0.036636
0.032065
0.036530
0.041192
0.041162
0.045437
0.031489
0.035845
0.045226
0.036278
0.040942
0.027207
0.040983
0.036385
0.036016
0.031411
0.031748
0.036217
0.040931
0.031530
0.045703
0.041185
0.036647
0.032403
0.036909
0.037183
0.036865
0.032417
0.027299
0.031850
0.027387
0.031719
0.036564
0.041292
0.031961
0.031964
0.031905
0.027341
0.041222
0.036432
0.045687
0.041159
0.041175
0.045694
0.036449
0.026874
0.031733
0.031711
0.031475
0.036323
0.041049
0.026908
0.045707
0.041200
0.040967
0.031811
0.041202
0.032176
0.041169
0.031918
0.036591
0.036387
0.041113
0.031688
0.036183
0.036298
0.026973
0.026963
0.036109
0.040902
0.036242
0.040890
0.036235
0.036553
0.036227
0.045742
0.031800
0.031828
0.036608
0.031917
0.036795
0.027619
0.036758
0.041260
0.036942
0.032315
0.032470
0.041664
0.036770
0.050820
0.036875
0.037017
0.037096
0.037019
0.046063
0.041412
0.036945
0.032186
0.045859
0.050565
0.032069
0.045963
0.036476
0.041098
0.036831
0.036435
0.032059
0.041040
0.041126
0.036502
0.036603
0.046019
0.036809
0.041585
0.036770
0.036944
0.041455
0.041393
0.036850
0.027534
0.041401
0.041537
0.031996
0.027096
0.027118
0.041028
0.032068
0.036821
0.027289
0.036529
0.031965
0.041141
0.041114
0.045964
0.027414
0.032006
0.050314
0.036334
0.036349
0.036391
0.036353
0.027078
0.036381
0.036608
0.036916
0.041297
0.032049
0.041365
0.036696
0.032091
0.036637
0.036518
0.041091
0.045870
0.036490
0.027434
0.036748
0.045969
0.032145
0.036606
0.036573
0.032010
0.036571
0.031751
0.041236
0.031917
0.041326
0.036668
0.031896
0.041271
0.031927
0.045748
0.036436
0.032052
0.041210
0.036770
0.032116
0.032173
0.036410
0.032033
0.027332
0.036614
0.032144
0.032032
0.041498
0.036622
0.036675
0.031957
0.031922
0.032085
0.031831
0.045681
0.036388
0.036571
0.032129
0.032071
0.041270
0.027321
0.036927
0.032026
0.032015
0.036678
0.036639
0.036343
0.036262
0.036645
0.027185
0.041174
0.031674
0.027297
0.036507
0.041190
0.031590
0.036752
0.041278
0.036618
0.036809
0.032163
0.031693
0.027456
0.036549
0.027238
0.040968
0.041248
0.041269
0.036733
0.041412
0.041395
0.032154
0.036701
0.041388
0.041163
0.036969
0.041449
0.032028
0.027600
0.045843
0.031831
0.031665
0.050228
0.036112
0.031901
0.031943
0.036435
0.041295
0.041242
0.045860
0.036550
0.036473
0.036681
0.027207
0.036268
0.036705
0.027363
0.041315
0.031832
0.036774
0.036538
0.031747
0.036763
0.041521
0.031969
0.041143
0.041257
0.036800
0.036800
0.041246
0.036381
0.031528
0.036173
0.031808
0.041089
0.036302
0.040987
0.026907
0.026835
0.040556
0.040515
0.040490
0.044928
0.031314
0.031244
0.031339
0.040736
0.036296
0.036408
0.040910
0.036392
0.027244
0.036293
0.036538
0.036227
0.031795
0.036388
0.040878
0.027290
0.031747
0.036374
0.031705
0.050231
0.036499
0.036458
0.036277
0.041298
0.041088
0.036308
0.036666
0.036621
0.041243
0.041311
0.036563
0.031671
0.036350
0.040908
0.031747
0.031571
0.045652
0.027188
0.031882
0.036584
0.031757
0.041064
0.045787
0.027154
0.041434
0.032000
0.032024
0.032357
0.032281
0.036977
0.032368
0.036628
0.036603
0.027559
0.032146
0.027463
0.036685
0.036532
0.027474
0.041112
0.036905
0.036584
0.036685
0.032128
0.041298
0.036399
0.036721
0.045941
0.041428
0.027436
0.031826
0.036375
0.027452
0.032298
0.032003
0.036711
0.027353
0.027323
0.045664
0.045821
0.036483
0.032154
0.036748
0.032095
0.045747
0.036431
0.045737
0.036391
0.045845
0.041025
0.041180
0.036433
0.041249
0.031970
0.045803
0.036707
0.045866
0.036533
0.036566
0.032077
0.041486
0.036547
0.036600
0.036694
0.036676
0.036453
0.027159
0.041063
0.036305
0.041079
0.036390
0.036552
0.031963
0.036514
0.036580
0.041320
0.041152
0.031822
0.040948
0.036420
0.031614
0.041067
0.040966
0.036527
0.040883
0.045702
0.031848
0.027162
0.036350
0.045601
0.026820
0.040715
0.050245
0.026997
0.045666
0.036512
0.041077
0.036689
0.036467
0.031947
0.032205
0.041598
0.041162
0.041203
0.036388
0.040918
0.045572
0.036244
0.040949
0.031579
0.036101
0.027040
0.036244
0.031750
0.036157
0.036396
0.036402
0.036619
0.041014
0.040968
0.041104
0.050146
0.040895
0.036437
0.031816
0.036446
0.036651
0.036739
0.036792
0.041319
0.032087
0.032061
0.041467
0.036778
0.041371
0.041347
0.027264
0.041167
0.045873
0.036544
0.041292
0.036713
0.031989
0.036739
0.027311
0.036526
0.031934
0.045926
0.041166
0.027067
0.031771
0.036374
0.031649
0.036609
0.036427
0.036494
0.031985
0.031760
0.031919
0.031925
0.031995
0.032117
0.032027
0.036929
0.036959
0.032346
0.037050
0.036812
0.036714
0.036662
0.036702
0.041015
0.041058
0.027051
0.031826
0.041130
0.031454
0.040791
0.036320
0.036381
0.045644
0.036767
0.041174
0.041421
0.031923
0.031924
0.027199
0.031858
0.040991
0.036477
0.045601
0.026951
0.031645
0.041003
0.041010
0.041165
0.031786
0.031762
0.031817
0.031823
0.036578
0.041148
0.040911
0.040926
0.031588
0.036142
0.036260
0.036347
0.045510
0.036282
0.040902
0.031433
0.040949
0.036435
0.036532
0.031919
0.041136
0.032005
0.036456
0.036395
0.036132
0.036160
0.031524
0.036138
0.031594
0.040531
0.040798
0.041012
0.045728
0.027239
0.041282
0.041349
0.045805
0.036672
0.041208
0.032143
0.041429
0.032217
0.037057
0.032272
0.041596
0.032145
0.036897
0.041390
0.036848
0.032226
0.032146
0.036566
0.032003
0.045803
0.032054
0.032281
0.036793
0.041250
0.045756
0.040900
0.045595
0.036162
0.045613
0.036546
0.041022
0.027308
0.036359
0.045599
0.041005
0.041024
0.031786
0.031939
0.045690
0.041297
0.045827
0.041110
0.031794
0.040927
0.031884
0.040876
0.031647
0.031719
0.050125
0.041121
0.036295
0.041116
0.031786
0.045377
0.041232
0.040892
0.031785
0.036269
0.036494
0.045673
0.031754
0.032053
0.032336
0.036929
0.036981
0.027559
0.032186
0.031900
0.036591
0.031857
0.031671
0.031799
0.031939
0.031882
0.041149
0.036653
0.031842
0.036523
0.031548
0.031654
0.031779
0.026943
0.031375
0.031485
0.031806
0.036496
0.036444
0.036241
0.041176
0.031641
0.031406
0.031478
0.040837
0.031792
0.026998
0.027059
0.036400
0.041447
0.036460
0.045991
0.032025
0.036446
0.041423
0.036858
0.036551
0.032076
0.041123
0.031783
0.026914
0.036460
0.036200
0.031526
0.031697
0.041072
0.031960
0.031887
0.036219
0.041008
0.041066
0.041132
0.027474
0.032334
0.041557
0.032378
0.032258
0.032256
0.037090
0.036853
0.046392
0.036730
0.041589
0.045896
0.041491
0.036783
0.036584
0.041243
0.036384
0.040886
0.036296
0.031693
0.041096
0.031776
0.045701
0.036364
0.036335
0.036441
0.050356
0.041162
0.031764
0.045836
0.031575
0.031462
0.036503
0.036409
0.031772
0.036415
0.031871
0.031959
0.041111
0.036493
0.036363
0.036041
0.040722
0.045559
0.041106
0.032092
0.027154
0.031741
0.041257
0.031812
0.027342
0.040976
0.031587
0.040940
0.031600
0.041070
0.045743
0.045857
0.036473
0.036622
0.041147
0.031973
0.032149
0.040954
0.036532
0.026869
0.036072
0.040986
0.041052
0.031849
0.036477
0.045813
0.040923
0.036436
0.041047
0.036425
0.036430
0.031503
0.031674
0.041341
0.036366
0.027016
0.045702
0.036496
0.040902
0.036278
0.036329
0.031622
0.036653
0.036485
0.036605
0.040995
0.036557
0.041050
0.040973
0.036331
0.027082
0.045982
0.036808
0.036588
0.036569
0.032007
0.041501
0.050746
0.041358
0.036835
0.032366
0.031994
0.031769
0.041073
0.031702
0.027135
0.031883
0.036554
0.041319
0.041034
0.031578
0.041112
0.050161
0.036389
0.036020
0.031541
0.040798
0.031792
0.041013
0.031711
0.031599
0.031645
0.036472
0.031788
0.027240
0.040956
0.027260
0.036147
0.045698
0.036472
0.031791
0.041186
0.031968
0.036662
0.036615
0.036356
0.041124
0.036425
0.031813
0.031733
0.036593
0.036082
0.031533
0.026861
0.040992
0.031769
0.036303
0.031637
0.031484
0.031653
0.031322
0.036072
0.036267
0.035922
0.040998
0.036148
0.027141
0.031398
0.035874
0.045453
0.040781
0.031688
0.040526
0.045449
0.035840
0.035949
0.035795
0.040911
0.027013
0.036237
0.026974
0.036513
0.041030
0.031832
0.031954
0.031831
0.031722
0.027250
0.041092
0.036549
0.036738
0.036856
0.036724
0.036673
0.041024
0.041117
0.027132
0.031944
0.041296
0.027303
0.032286
0.041390
0.032157
0.027480
0.027526
0.032356
0.036757
0.041363
0.045935
0.032128
0.046234
0.041326
0.031807
0.031547
0.040713
0.041056
0.036338
0.031500
0.036474
0.041070
0.045743
0.045656
0.041140
0.036487
0.031748
0.036722
0.036417
0.041231
0.045891
0.045769
0.031704
0.036396
0.041173
0.045712
0.036454
0.041243
0.031834
0.040827
0.045503
0.045564
0.036416
0.031777
0.041205
0.041329
0.027183
0.036644
0.032108
0.036746
0.031964
0.036714
0.036616
0.036346
0.031744
0.031669
0.040829
0.045669
0.040963
0.031586
0.050606
0.045740
0.036489
0.036280
0.036368
0.041050
0.031919
0.036542
0.031876
0.027307
0.036617
0.036678
0.041290
0.032255
0.027453
0.041236
0.031983
0.022748
0.032243
0.027364
0.027380
0.032201
0.032106
0.041401
0.027346
0.027688
0.036762
0.032199
0.032008
0.037077
0.032260
0.027634
0.036870
0.027504
0.036798
0.027406
0.027442
0.031977
0.032129
0.031887
0.036462
0.031847
0.027221
0.031732
0.022767
0.031876
0.031627
0.027128
0.031848
0.040951
0.031511
0.022260
0.031910
0.036452
0.031931
0.032051
0.027502
0.027268
0.027367
0.031985
0.022503
0.027055
0.031822
0.027322
0.027369
0.031841
0.032088
0.022554
0.022377
0.031806
0.036370
0.022558
0.022423
0.031876
0.031621
0.031559
0.036404
0.031811
0.026988
0.022536
0.031764
0.031987
0.031821
0.031641
0.031897
0.031794
0.031835
0.022625
0.027477
0.027561
0.027733
0.031753
0.022513
0.027215
0.031790
0.032009
0.036618
0.027675
0.032124
0.027410
0.022569
0.041406
0.041386
0.032000
0.036559
0.027018
0.022706
0.031971
0.032163
0.027538
0.027261
0.027166
0.022725
0.032148
0.032032
0.032182
0.032081
0.031826
0.036392
0.027190
0.032224
0.027323
0.027366
0.027475
0.027346
0.022703
0.027225
0.031969
0.022904
0.027594
0.027624
0.031869
0.032127
0.027599
0.032228
0.032242
0.027412
0.027386
0.031939
0.031806
0.031739
0.031716
0.031857
0.031966
0.027627
0.036618
0.027354
0.027268
0.032153
0.027228
0.036783
0.027467
0.027589
0.022911
0.032076
0.022629
0.027735
0.027613
0.032253
0.032151
0.022961
0.036526
0.036884
0.037074
0.023023
0.023375
0.032459
0.023064
0.027832
0.032403
0.037144
0.032377
0.036945
0.036994
0.027528
0.027344
0.031859
0.027288
0.027354
0.041278
0.032053
0.027102
0.022554
0.036487
0.027129
0.022511
0.022522
0.022653
0.036542
0.027379
0.027170
0.027198
0.031583
0.036420
0.022397
0.026844
0.026835
0.031435
0.022486
0.026798
0.036347
0.031759
0.027087
0.022391
0.031553
0.022322
0.031629
0.031748
0.036091
0.031500
0.031373
0.026843
0.026896
0.036182
0.027075
0.031561
0.036373
0.031873
0.027059
0.027456
0.031853
0.027021
0.031626
0.041155
0.022277
0.026990
0.027064
0.027132
0.031791
0.031814
0.026991
0.036238
0.022099
0.026858
0.031586
0.026893
0.031557
0.022316
0.022279
0.031796
0.027310
0.022401
0.022632
0.036530
0.031914
0.027156
0.040591
0.031635
0.031709
0.031649
0.031623
0.031932
0.031901
0.027386
0.027523
0.032077
0.032298
0.032025
0.027323
0.036527
0.031990
0.027478
0.041350
0.027427
0.031832
0.027178
0.036286
0.027123
0.031822
0.027170
0.036539
0.022702
0.022482
0.027101
0.036449
0.032095
0.027644
0.032299
0.027556
0.027662
0.032266
0.022954
0.032029
0.036389
0.022815
0.031864
0.031978
0.031815
0.031651
0.031668
0.027110
0.027343
0.040905
0.027090
0.036349
0.026883
0.031746
0.027090
0.036305
0.031620
0.022706
0.027195
0.036604
0.032231
0.027353
0.032140
0.031787
0.027400
0.036257
0.022144
0.027071
0.027039
0.031887
0.036369
0.027282
0.026976
0.031769
0.036538
0.022698
0.027374
0.031868
0.036631
0.032053
0.027256
0.022908
0.027400
0.041491
0.027618
0.027621
0.022814
0.032015
0.036782
0.027249
0.036533
0.032183
0.027255
0.031914
0.031798
0.036450
0.027236
0.027300
0.027269
0.036534
0.031985
0.022756
0.031876
0.027532
0.022836
0.031854
0.027403
0.036927
0.032021
0.031963
0.032018
0.027600
0.032159
0.027584
0.032358
0.036870
0.032566
0.032143
0.036825
0.027390
0.032275
0.032481
0.032544
0.027761
0.022817
0.036715
0.031890
0.031928
0.027237
0.031918
0.027449
0.022686
0.036579
0.031904
0.027504
0.027541
0.032119
0.022974
0.032017
0.031796
0.036406
0.027441
0.031701
0.031792
0.036506
0.031916
0.027105
0.036207
0.036209
0.036185
0.041094
0.026956
0.036628
0.027401
0.036517
0.027068
0.031767
0.031505
0.027027
0.031700
0.031856
0.036526
0.022438
0.031622
0.036276
0.026900
0.027276
0.027134
0.027137
0.031921
0.022423
0.031842
0.031870
0.032033
0.031988
0.031925
0.031920
0.027321
0.032101
0.027300
0.027198
0.022693
0.031823
0.027095
0.022751
0.022698
0.027459
0.036798
0.031829
0.031901
0.031732
0.027490
0.032245
0.023066
0.027639
0.027878
0.032206
0.027676
0.027617
0.036988
0.037031
0.027641
0.032356
0.027498
0.032092
0.031820
0.027404
0.036977
0.027598
0.027904
0.032304
0.027743
0.041412
0.041400
0.032131
0.027547
0.032137
0.027295
0.032138
0.031984
0.032263
0.023290
0.037115
0.027802
0.027627
0.036935
0.036862
0.027572
0.032174
0.032303
0.036706
0.027399
0.031989
0.027391
0.041452
0.041464
0.032050
0.032447
0.027603
0.032444
0.032338
0.032245
0.027259
0.027270
0.031896
0.031566
0.022371
0.027617
0.032049
0.036746
0.027369
0.022928
0.027374
0.032179
0.027694
0.032143
0.032322
0.032276
0.036799
0.027174
0.027436
0.032077
0.027125
0.036633
0.036592
0.031678
0.026963
0.026907
0.036255
0.031723
0.022367
0.036514
0.041130
0.027091
0.031544
0.031691
0.026997
0.026900
0.026809
0.027034
0.031621
0.031624
0.027104
0.026927
0.022341
0.026911
0.027053
0.031716
0.031588
0.031855
0.036440
0.027423
0.036530
0.027521
0.032008
0.027649
0.031997
0.027573
0.032136
0.027475
0.027406
0.022846
0.022722
0.031799
0.026917
0.031621
0.031596
0.031569
0.026848
0.036245
0.026850
0.027123
0.031370
0.031594
0.031779
0.031534
0.031603
0.031712
0.031710
0.036577
0.032072
0.031844
0.022692
0.032026
0.036451
0.022595
0.027586
0.022867
0.032035
0.027257
0.032032
0.027185
0.027030
0.031781
0.027185
0.027084
0.022343
0.036149
0.026902
0.031612
0.031684
0.031735
0.036374
0.027152
0.031972
0.022472
0.036359
0.027273
0.027346
0.027105
0.036293
0.031806
0.036511
0.031806
0.036873
0.022723
0.031872
0.027450
0.031878
0.032013
0.027473
0.032197
0.032309
0.022938
0.036956
0.036847
0.027465
0.022643
0.027412
0.022757
0.032094
0.022816
0.032109
0.036349
0.032073
0.022871
0.027529
0.032185
0.031976
0.027628
0.027481
0.027318
0.036212
0.027370
0.027472
0.032046
0.027439
0.032099
0.027354
0.022936
0.027627
0.027834
0.027639
0.027619
0.022635
0.027401
0.027513
0.027281
0.031863
0.031935
0.031799
0.027176
0.032213
0.032377
0.032141
0.022823
0.027385
0.036659
0.027787
0.037067
0.032311
0.036761
0.036538
0.027255
0.031416
0.026594
0.026768
0.022435
0.031946
0.027198
0.036221
0.027422
0.027560
0.027484
0.036537
0.031725
0.036352
0.026843
0.031692
0.036440
0.027296
0.036561
0.036555
0.036649
0.027284
0.031652
0.026993
0.026973
0.027088
0.031866
0.031728
0.026851
0.027364
0.022462
0.022864
0.022501
0.036236
0.027174
0.031467
0.031589
0.026909
0.022134
0.022453
0.031650
0.031591
0.031696
0.036234
0.027024
0.027110
0.027218
0.031790
0.031428
0.031391
0.026893
0.031368
0.026829
0.026767
0.036277
0.040897
0.036195
0.027319
0.031652
0.026770
0.022487
0.027059
0.027051
0.031577
0.022645
0.027084
0.032105
0.022866
0.022927
0.027292
0.032024
0.027536
0.022817
0.031878
0.041420
0.027468
0.036628
0.026975
0.031679
0.031437
0.031445
0.031672
0.031791
0.031499
0.031557
0.026885
0.022210
0.036036
0.031817
0.031721
0.031669
0.031906
0.027482
0.027334
0.036421
0.031636
0.027114
0.027521
0.022715
0.027237
0.022938
0.032184
0.027859
0.027699
0.032319
0.036919
0.032167
0.027679
0.036839
0.032474
0.023418
0.028139
0.023192
0.032411
0.027877
0.031987
0.032148
0.027697
0.032334
0.032115
0.041456
0.031918
0.036334
0.027046
0.031971
0.032210
0.022734
0.022595
0.031981
0.022973
0.022964
0.027317
0.032008
0.027417
0.022953
0.031936
0.032356
0.027611
0.027650
0.032327
0.027721
0.032060
0.032414
0.032687
0.027734
0.027659
0.031980
0.027472
0.041509
0.032421
0.036994
0.027539
0.032095
0.027505
0.031971
0.027453
0.027411
0.027318
0.037158
0.032321
0.027569
0.022592
0.027483
0.027313
0.022783
0.032066
0.027418
0.022983
0.027751
0.032280
0.036702
0.032047
0.032259
0.036970
0.032361
0.032239
0.027312
0.031974
0.027380
0.036920
0.032138
0.032228
0.027606
0.022816
0.027717
0.027721
0.023228
0.027721
0.032456
0.036905
0.027555
0.022819
0.032225
0.027501
0.032070
0.023102
0.032382
0.032629
0.027901
0.027902
0.032498
0.028191
0.027541
0.036766
0.036892
0.031973
0.022620
0.036455
0.026908
0.022567
0.036318
0.027138
0.031813
0.031830
0.031946
0.031810
0.027420
0.022681
0.027344
0.036745
0.036546
0.031862
0.022518
0.041367
0.036650
0.027545
0.027538
0.032013
0.032125
0.032233
0.027697
0.032276
0.037092
0.032052
0.041111
0.022522
0.027036
0.027142
0.031828
0.036551
0.041146
0.041017
0.022490
0.027011
0.027183
0.027096
0.022388
0.027112
0.031531
0.031711
0.036641
0.022582
0.031944
0.022453
0.027230
0.031695
0.027141
0.031630
0.027304
0.031856
0.027220
0.036423
0.031614
0.027062
0.031799
0.031710
0.031795
0.022652
0.027387
0.036786
0.037018
0.027172
0.022665
0.036469
0.031863
0.031719
0.031659
0.040968
0.027151
0.031934
0.036413
0.027094
0.027290
0.027227
0.031965
0.041414
0.022790
0.027474
0.027443
0.027295
0.032042
0.032154
0.027578
0.032158
0.022849
0.022639
0.027513
0.027462
0.027524
0.027543
0.036836
0.031975
0.027113
0.036504
0.027273
0.036477
0.031768
0.027216
0.036490
0.026996
0.022409
0.027248
0.036573
0.022428
0.027409
0.027401
0.027551
0.027217
0.022703
0.027168
0.022471
0.036434
0.031652
0.027339
0.027207
0.031912
0.031921
0.022645
0.036669
0.036619
0.032036
0.031657
0.036617
0.031874
0.027169
0.027401
0.041344
0.031958
0.031859
0.031680
0.031882
0.022661
0.027291
0.036322
0.031785
0.022454
0.031631
0.026918
0.031731
0.027070
0.031553
0.031806
0.022465
0.027150
0.027024
0.031629
0.031655
0.036358
0.031884
0.027352
0.027432
0.023065
0.023049
0.022944
0.041451
0.032153
0.032195
0.022749
0.032134
0.036696
0.032263
0.027597
0.031789
0.027345
0.036051
0.026864
0.027193
0.026950
0.031599
0.031508
0.026898
0.026803
0.036003
0.031582
0.022156
0.031676
0.031932
0.031780
0.031748
0.027150
0.022858
0.031998
0.031901
0.032226
0.022626
0.027214
0.027403
0.022675
0.022585
0.027138
0.031715
0.031878
0.027267
0.036644
0.036871
0.027752
0.027653
0.022994
0.027691
0.022879
0.032151
0.032197
0.036817
0.031901
0.032025
0.031986
0.036597
0.032202
0.027394
0.032167
0.032289
0.036689
0.027436
0.036494
0.027386
0.031897
0.031883
0.027331
0.036647
0.036483
0.031866
0.031831
0.027293
0.027464
0.032041
0.031801
0.031879
0.027235
0.041184
0.032052
0.027530
0.036647
0.036732
0.027428
0.022845
0.036747
0.036780
0.027700
0.022686
0.032159
0.031690
0.022603
0.022766
0.022755
0.032162
0.032391
0.027666
0.032396
0.027358
0.032231
0.032348
0.023126
0.027742
0.032535
0.032326
0.032524
0.032360
0.032698
0.037006
0.032674
0.032264
0.041444
0.022882
0.027536
0.032059
0.036746
0.032080
0.027585
0.027375
0.036316
0.022591
0.027119
0.022455
0.031867
0.031844
0.036544
0.036157
0.031729
0.027073
0.027388
0.027453
0.032238
0.027476
0.027219
0.027612
0.027397
0.031801
0.031988
0.022871
0.027588
0.032238
0.027696
0.027730
0.032275
0.022845
0.036632
0.036743
0.031872
0.036524
0.036565
0.032066
0.027285
0.036637
0.031689
0.031935
0.022980
0.027250
0.036610
0.022478
0.031705
0.031398
0.031754
0.027140
0.022413
0.036591
0.036628
0.027262
0.027145
0.027153
0.036409
0.022452
0.027264
0.032126
0.032030
0.036509
0.031985
0.041116
0.027335
0.032270
0.031973
0.022762
0.027110
0.027226
0.031872
0.022665
0.022642
0.031667
0.027156
0.041036
0.027573
0.022582
0.027534
0.027389
0.031935
0.022513
0.031724
0.027118
0.027127
0.036537
0.041032
0.031736
0.027295
0.032151
0.027359
0.032149
0.036561
0.032003
0.031890
0.022429
0.036659
0.027100
0.031804
0.027415
0.027217
0.031749
0.032006
0.027121
0.027423
0.023241
0.027481
0.022993
0.027512
0.031909
0.041144
0.027291
0.022552
0.036369
0.022794
0.032003
0.022756
0.036520
0.027251
0.032107
0.036829
0.027451
0.023034
0.032136
0.037000
0.032282
0.032015
0.032103
0.036746
0.032104
0.036845
0.032335
0.036787
0.032051
0.027092
0.041184
0.036513
0.027477
0.027526
0.032256
0.036827
0.036532
0.031837
0.031858
0.022744
0.036652
0.032020
0.032143
0.032227
0.041345
0.032257
0.027452
0.032184
0.036526
0.027570
0.022839
0.036755
0.036590
0.027628
0.031739
0.026963
0.026980
0.031971
0.023012
0.027576
0.031779
0.026999
0.036380
0.027115
0.022490
0.031924
0.027399
0.022942
0.027251
0.036504
0.027293
0.031933
0.031713
0.031613
0.031573
0.022485
0.041339
0.032102
0.027350
0.032055
0.023041
0.027672
0.027441
0.036827
0.036557
0.027226
0.036493
0.027546
0.036743
0.036509
0.027130
0.027207
0.027160
0.036641
0.031932
0.032081
0.027218
0.036736
0.027455
0.027498
0.027377
0.032149
0.027640
0.022843
0.027637
