1.000000
0.988039
0.979578
0.974641
0.975590
0.970937
0.977041
0.963504
0.971094
0.944344
0.944905
0.965077
0.955176
0.972357
0.959579
0.961996
0.951477
0.948634
0.945637
0.935540
0.942118
0.929813
0.943189
0.921741
0.904819
0.912411
0.907814
0.922411
0.902560
0.910723
0.910456
0.890832
0.912940
0.904036
0.911609
0.894631
0.906057
0.893638
0.890250
0.900311
0.890897
0.894770
0.883814
0.877668
0.867476
0.865980
0.880062
0.877637
0.892655
0.874863
0.882202
0.846903
0.860714
0.873835
0.870839
0.881786
0.874871
0.876446
0.879588
0.865337
0.873812
0.872731
0.883072
0.868002
0.865022
0.848989
0.848334
0.844792
0.834545
0.855514
0.844098
0.841017
0.819587
0.819095
0.833586
0.832545
0.844431
0.815263
0.837838
0.823585
0.818248
0.818386
0.818757
0.834111
0.834953
0.826305
0.808152
0.807361
0.803906
0.789893
0.818572
0.806724
0.814565
0.810952
0.797159
0.812145
0.800389
0.816596
0.808197
0.806126
0.784289
0.791023
0.792211
0.779364
0.806885
0.786954
0.788550
0.783955
0.784075
0.792651
0.789773
0.797681
0.789546
0.774423
0.775991
0.766081
0.772494
0.767426
0.768999
0.767060
0.776327
0.755897
0.747635
0.764567
0.748696
0.761533
0.746423
0.754877
0.746493
0.740873
0.753979
0.744830
0.747342
0.732439
0.737636
0.725916
0.720607
0.729171
0.725190
0.733239
0.721073
0.716583
0.709511
0.695620
0.719817
0.709951
0.712444
0.695519
0.713504
0.700712
0.684406
0.683748
0.671358
0.695412
0.674364
0.678415
0.660491
0.639309
0.659454
0.642906
0.673432
0.653661
0.657887
0.642729
0.633729
0.651916
0.623746
0.644286
0.616647
0.615199
0.602656
0.607168
0.615841
0.596849
0.621415
0.605517
0.597943
0.587028
0.589596
0.587561
0.580661
0.586013
0.563726
0.576377
0.558632
0.535613
0.536313
0.532740
0.546246
0.527370
0.525137
0.515286
0.509278
0.500626
0.486405
0.485460
0.469268
0.469404
0.444777
0.441227
0.436011
0.421764
0.430643
0.420955
0.412238
0.392083
0.383884
0.386386
0.375628
0.376239
0.369536
0.367254
0.353398
0.341643
0.345963
0.336131
0.339093
0.333479
0.335325
0.325965
0.307607
0.310923
0.304983
0.305337
0.296983
0.298129
0.279833
0.279430
0.284421
0.276139
0.275565
0.265282
0.273754
0.255542
0.249001
0.249949
0.246877
0.248076
0.247694
0.247597
0.238330
0.233316
0.232446
0.224811
0.230237
0.221387
0.219368
0.212040
0.216778
0.218962
0.209652
0.218555
0.208360
0.217474
0.204276
0.207926
0.204047
0.203303
0.206664
0.204034
0.197726
0.196004
0.195848
0.189362
0.196716
0.192234
0.188253
0.182760
0.177736
0.179606
0.178101
0.175642
0.177250
0.175560
0.183307
0.178409
0.177791
0.178960
0.182230
0.184098
0.179401
0.181032
0.176213
0.176504
0.177135
0.176032
0.180667
0.178481
0.183421
0.170351
0.173876
0.178093
0.172831
0.175104
0.169216
0.170588
0.171837
0.164481
0.166623
0.163991
0.173301
0.169169
0.168693
0.165979
0.162504
0.164538
0.160573
0.164679
0.158200
0.155262
0.157589
0.151789
0.152995
0.152770
0.159769
0.156684
0.165203
0.164432
0.158746
0.157096
0.157988
0.162800
0.160579
0.167796
0.162376
0.163825
0.164919
0.158886
0.165536
0.163030
0.167723
0.163096
0.158741
0.161059
0.160859
0.162168
0.161456
0.165229
0.163421
0.161447
0.158068
0.158329
0.163134
0.151672
0.155881
0.153313
0.146976
0.150998
0.148674
0.152666
0.145206
0.154452
0.152951
0.149487
0.153790
0.149687
0.152081
0.147699
0.149576
0.144133
0.153432
0.153984
0.149343
0.153445
0.143314
0.143361
0.139719
0.139504
0.140057
0.145015
0.143585
0.144040
0.146306
0.147186
0.142616
0.144886
0.143067
0.149045
0.140624
0.142407
0.142088
0.135300
0.142898
0.140718
0.144615
0.143179
0.141756
0.139680
0.136163
0.130353
0.137962
0.143202
0.137348
0.141508
0.145080
0.135929
0.136486
0.134999
0.139185
0.139604
0.139695
0.139672
0.138657
0.140751
0.140923
0.142707
0.141948
0.146015
0.146431
0.140231
0.140697
0.142112
0.146437
0.143103
0.142962
0.137577
0.139143
0.146618
0.143231
0.141697
0.138923
0.142420
0.136251
0.133883
0.143474
0.133075
0.137605
0.133716
0.133881
0.132815
0.133172
0.138262
0.133604
0.134539
0.132849
0.132702
0.128713
0.130091
0.133010
0.132561
0.128683
0.124200
0.126749
0.125724
0.126259
0.125948
0.125912
0.135401
0.130529
0.128234
0.131677
0.128440
0.137231
0.134471
0.135583
0.133185
0.133430
0.127824
0.136644
0.140435
0.140934
0.148966
0.140139
0.146389
0.135351
0.135773
0.139556
0.135348
0.139544
0.141956
0.136265
0.139724
0.139014
0.139537
0.134170
0.133878
0.132394
0.138185
0.133026
0.137833
0.137810
0.140387
0.135910
0.135523
0.135871
0.126675
0.128935
0.134160
0.138993
0.136938
0.135094
0.140598
0.139125
0.134410
0.145880
0.148162
0.141867
0.141010
0.143361
0.139372
0.138552
0.137236
0.138808
0.143509
0.146504
0.142856
0.137507
0.135525
0.135124
0.133933
0.138207
0.138347
0.141804
0.137202
0.134854
0.135953
0.135680
0.138123
0.134907
0.137990
0.134686
0.131004
0.138856
0.136960
0.142112
0.139508
0.140196
0.139304
0.133529
0.139908
0.134321
0.139086
0.140623
0.144095
0.137843
0.136910
0.138480
0.139987
0.145372
0.142485
0.141748
0.132605
0.136495
0.136485
0.136157
0.134021
0.135102
0.133299
0.133866
0.135310
0.131421
0.135172
0.136048
0.133606
0.139683
0.138782
0.131828
0.136738
0.137770
0.136843
0.136066
0.134246
0.137710
0.130861
0.132005
0.128051
0.128264
0.129735
0.131331
0.123263
0.128029
0.129820
0.129005
0.129040
0.130001
0.139360
0.137139
0.134095
0.140370
0.135390
0.138948
0.133797
0.136173
0.128652
0.127889
0.126182
0.130896
0.135536
0.132053
0.132925
0.128162
0.126699
0.127597
0.126149
0.128339
0.126792
0.127886
0.130312
0.127506
0.131460
0.129543
0.129465
0.123911
0.129462
0.124086
0.128574
0.125273
0.124708
0.129374
0.126211
0.124582
0.127939
0.127501
0.131694
0.129298
0.134362
0.129826
0.129552
0.132404
0.133487
0.136553
0.139650
0.137209
0.140680
0.143019
0.141437
0.138637
0.142087
0.140100
0.139861
0.140276
0.144791
0.142463
0.142391
0.141670
0.138579
0.140983
0.144827
0.143429
0.136155
0.136895
0.140761
0.138641
0.143457
0.146112
0.140509
0.142424
0.144994
0.145351
0.146439
0.146520
0.147064
0.146776
0.142408
0.142533
0.146347
0.147019
0.147303
0.143307
0.143896
0.144511
0.141353
0.148478
0.145271
0.141936
0.143178
0.149163
0.144285
0.145182
0.145556
0.139225
0.141783
0.137114
0.139534
0.132931
0.133440
0.135308
0.134547
0.137393
0.139337
0.135228
0.133033
0.132405
0.133765
0.137259
0.135297
0.138387
0.134815
0.135012
0.130022
0.132920
0.132991
0.137415
0.136896
0.137320
0.141957
0.139913
0.139255
0.140049
0.143172
0.138957
0.138298
0.130332
0.134018
0.137095
0.142147
0.143531
0.133553
0.132040
0.135344
0.129227
0.128162
0.128725
0.129428
0.125610
0.134896
0.128671
0.126725
0.124963
0.131114
0.131722
0.135443
0.135313
0.133397
0.135692
0.136708
0.134562
0.138317
0.138567
0.137984
0.133444
0.132769
0.128221
0.135731
0.142110
0.135361
0.140284
0.138765
0.136315
0.132504
0.133365
0.140260
0.135587
0.135605
0.128144
0.128341
0.133239
0.133017
0.132600
0.135355
0.131836
0.130045
0.130969
0.132112
0.130036
0.138751
0.136889
0.133531
0.137136
0.144018
0.135655
0.136078
0.137774
0.130697
0.130794
0.133474
0.127604
0.131691
0.131642
0.133494
0.131589
0.132163
0.124884
0.127415
0.132475
0.130736
0.134196
0.132553
0.130242
0.127876
0.128715
0.123298
0.120669
0.124041
0.118545
0.126341
0.128940
0.128117
0.131549
0.124581
0.133508
0.128390
0.131259
0.130472
0.132557
0.131525
0.132735
0.132258
0.128713
0.126308
0.122371
0.122936
0.123711
0.122069
0.130469
0.124844
0.124083
0.128561
0.131145
0.127234
0.128909
0.128990
0.129071
0.126754
0.125578
0.122226
0.128329
0.134844
0.132285
0.137895
0.139311
0.137108
0.140974
0.136992
0.136565
0.137740
0.133301
0.139328
0.133192
0.129744
0.133508
0.138174
0.134798
0.138463
0.139982
0.136096
0.129027
0.139655
0.131555
0.136223
0.134906
0.133363
0.130496
0.134341
0.134327
0.133697
0.132736
0.131268
0.130904
0.128823
0.129448
0.133581
0.134969
0.129619
0.128893
0.138952
0.132013
0.133047
0.127565
0.133760
0.133217
0.134195
0.133123
0.126764
0.123531
0.129065
0.125751
0.125609
0.122181
0.128715
0.121905
0.120090
0.128818
0.126127
0.127842
0.127988
0.129232
0.124479
0.127493
0.132054
0.134078
0.137810
0.134486
0.131692
0.127349
0.133138
0.130103
0.126806
0.130768
0.126065
0.124882
0.125919
0.125975
0.123742
0.128425
0.126756
0.124675
0.124032
0.120826
0.116156
0.118892
0.124308
0.126385
0.121478
0.122691
0.124033
0.126867
0.121664
0.118687
0.125289
0.120643
0.119019
0.115972
0.119863
0.121250
0.120657
0.121309
0.117456
0.119856
0.121477
0.121076
0.120736
0.127480
0.129793
0.126864
0.122783
0.124505
0.122427
0.128736
0.124446
0.125169
0.123640
0.126744
0.127545
0.123765
0.126809
0.125438
0.125439
0.127013
0.124588
0.127258
0.126976
0.133099
0.135283
0.134471
0.131556
0.126331
0.127135
0.126258
0.131535
0.124362
0.128493
0.130749
0.124652
0.121572
0.127375
0.124040
0.128057
0.128093
0.124725
0.123799
0.125998
0.126416
0.127418
0.124943
0.127580
0.124173
0.129605
0.122037
0.126514
0.131130
0.131085
0.133648
0.129665
0.131245
0.131266
0.125964
0.130235
0.127845
0.131472
0.125260
0.127428
0.122029
0.119853
0.129002
0.125691
0.131311
0.127030
0.122669
0.127296
0.128934
0.126786
0.124752
0.125674
0.125801
0.128596
0.126091
0.126748
0.127366
0.130660
0.131455
0.129288
0.128401
0.132496
0.124046
0.129483
0.122552
0.129604
0.121941
0.124148
0.115367
0.119915
0.129673
0.127713
0.127502
0.122396
0.127174
0.128565
0.128091
0.130485
0.126300
0.132476
0.125684
0.124082
0.120735
0.119991
0.120432
0.119475
0.117895
0.118062
0.126243
0.124753
0.126710
0.128372
0.134352
0.129353
0.127082
0.129617
0.126813
0.132202
0.136935
0.131957
0.134254
0.134041
0.136069
0.129263
0.137381
0.137744
0.135232
0.138898
0.132802
0.139342
0.134089
0.133457
0.130773
0.125842
0.130397
0.128612
0.124181
0.129026
0.127363
0.123491
0.125749
0.126436
0.128861
0.131640
0.125303
0.127835
0.129433
0.131577
0.134636
0.133701
0.125550
0.123752
0.124279
0.129696
0.133713
0.126691
0.123061
0.125181
0.119714
0.114873
0.122064
0.123555
0.129029
0.127365
0.127258
0.123433
0.121339
0.125742
0.128333
0.124243
0.122659
0.122036
0.121139
0.120141
0.121706
0.119152
0.118517
0.117366
0.115553
0.123791
0.125341
0.127819
0.128314
0.132031
0.132925
0.130430
0.131673
0.138540
0.135458
0.135161
0.136032
0.131258
0.127964
0.129936
0.124731
0.125448
0.126029
0.127382
0.127864
0.128731
0.122648
0.121074
0.126648
0.127050
0.124266
0.123789
0.123263
0.121056
0.122430
0.122045
0.128998
0.133247
0.133890
0.129671
0.126039
0.128128
0.131972
0.128026
0.131040
0.126265
0.128606
0.124037
0.123251
0.131842
0.130237
0.134307
0.130625
0.128024
0.128286
0.126285
0.124151
0.125154
0.129389
0.127832
0.130460
0.125511
0.123559
0.122603
0.124626
0.126661
0.124538
0.124538
0.123924
0.119344
0.125519
0.124540
0.125730
0.126310
0.129090
0.127560
0.125993
0.129794
0.127320
0.126747
0.127169
0.131616
0.129186
0.131417
0.132675
0.124566
0.124206
0.117229
0.127909
0.131359
0.126923
0.125928
0.122109
0.124718
0.120413
0.128000
0.125147
0.122514
0.124681
0.123331
0.125858
0.124637
0.127894
0.124142
0.128923
0.127511
0.128893
0.131380
0.131946
0.135178
0.133846
0.132526
0.137380
0.133009
0.134734
0.130303
0.131509
0.127004
0.130129
0.130984
0.134930
0.132443
0.132475
0.134962
0.132086
0.134078
0.138250
0.135185
0.136710
0.136950
0.133941
0.134585
0.130808
0.128035
0.128538
0.126449
0.124868
0.123706
0.123071
0.121034
0.122405
0.121631
0.119196
0.118198
0.125889
0.119796
0.119822
0.122506
0.118232
0.120026
0.121403
0.121154
0.122707
0.124101
0.122884
0.126804
0.131439
0.121209
0.127088
0.119570
0.121767
0.122072
0.125581
0.127942
0.127329
0.130712
0.128005
0.125819
0.129838
0.127812
0.134795
0.127343
0.124263
0.125438
0.123468
0.125040
0.124010
0.124871
0.121738
0.121940
0.122077
0.120554
0.127043
0.122478
0.126111
0.126450
0.124492
0.127543
0.126226
0.129096
0.129386
0.131683
0.124151
0.130801
0.123423
0.123887
0.122436
0.124657
0.124314
0.123174
0.122126
0.118153
0.116164
0.119884
0.118708
0.119403
0.122955
0.117446
0.121332
0.115557
0.117458
0.122443
0.126174
0.124064
0.121031
0.120860
0.125340
0.127130
0.126348
0.137123
0.128454
0.137467
0.134605
0.133488
0.135228
0.137865
0.137335
0.134417
0.131854
0.133698
0.133396
0.132525
0.131272
0.135625
0.135272
0.132746
0.132163
0.131155
0.135408
0.135430
0.137690
0.137108
0.136900
0.136078
0.138234
0.142352
0.140683
0.142780
0.140005
0.138532
0.131196
0.128891
0.131751
0.132315
0.124367
0.122861
0.125058
0.126587
0.125359
0.123633
0.128108
0.127641
0.130672
0.133869
0.130723
0.132954
0.133585
0.126914
0.135119
0.127511
0.131752
0.127340
0.123815
0.138012
0.132321
0.129594
0.128928
0.129912
0.128184
0.127801
0.126479
0.126689
0.126598
0.130329
0.131890
0.128761
0.131643
0.133375
0.133757
0.133804
0.137560
0.139086
0.130746
0.127944
0.134111
0.132522
0.134649
0.125641
0.132218
0.132748
0.129378
0.136678
0.135117
0.138995
0.131837
0.133229
0.130967
0.128119
0.132390
0.130099
0.132687
0.134271
0.127077
0.127813
0.132531
0.130342
0.133030
0.128720
0.131708
0.131752
0.127287
0.121227
0.118167
0.116946
0.119169
0.116138
0.118346
0.116725
0.120694
0.122694
0.126624
0.125012
0.119350
0.123983
0.118705
0.120471
0.119177
0.121250
0.119494
0.119649
0.119891
0.119968
0.120688
0.118170
0.120069
0.124298
0.122865
0.123616
0.123551
0.122542
0.123149
0.125253
0.123680
0.122167
0.123610
0.127734
0.130135
0.126136
0.123779
0.128851
0.125464
0.125504
0.122501
0.125047
0.130354
0.125735
0.132774
0.130529
0.134347
0.129696
0.129362
0.131082
0.132985
0.133290
0.135563
0.130763
0.126127
0.125112
0.127980
0.126005
0.127554
0.126183
0.130260
0.123413
0.125429
0.127373
0.125972
0.125465
0.125784
0.123206
0.125209
0.123282
0.124375
0.126072
0.126035
0.130993
0.131141
0.130439
0.126796
0.125690
0.126316
0.129553
0.131782
0.131140
0.127385
0.128092
0.127658
0.127088
0.127631
0.125300
0.132927
0.127563
0.128595
0.133602
0.129488
0.135490
0.136357
0.130769
0.125524
0.126230
0.130019
0.126295
0.134640
0.128408
0.130012
0.131985
0.132918
0.130060
0.134255
0.133833
0.134373
0.134897
0.134602
0.131887
0.134675
0.129778
0.132731
0.133203
0.134221
0.137147
0.134497
0.127319
0.136836
0.133555
0.131776
0.132780
0.131980
0.125518
0.126958
0.126178
0.128013
0.129574
0.127797
0.127386
0.131131
0.132538
0.133339
0.139074
0.134219
0.133316
0.134989
0.131476
0.131312
0.126222
0.131574
0.123525
0.133809
0.125590
0.125885
0.129086
0.128324
0.131690
0.126536
0.128886
0.126542
0.128563
0.130013
0.132983
0.131086
0.129550
0.135109
0.132730
0.132404
0.141657
0.132058
0.140829
0.135256
0.136617
0.134088
0.137680
0.135862
0.135466
0.135857
0.132745
0.139605
0.135106
0.128939
0.131467
0.134389
0.137304
0.136352
0.131381
0.126559
0.128445
0.129243
0.129763
0.129542
0.129041
0.130524
0.128869
0.126331
0.127748
0.130060
0.125038
0.126685
0.120919
0.122346
0.124196
0.121180
0.124878
0.130205
0.132781
0.133420
0.129343
0.128328
0.121851
0.123898
0.124656
0.123714
0.121087
0.119102
0.114970
0.115242
0.117821
0.119346
0.115161
0.123330
0.121933
0.119423
0.120085
0.119678
0.114300
0.114070
0.111714
0.112259
0.114650
0.114918
0.115194
0.114378
0.113503
0.114043
0.113956
0.113935
0.116041
0.113633
0.116091
0.117216
0.117601
0.109997
0.117222
0.117735
0.119673
0.121077
0.120987
0.119755
0.121647
0.122003
0.127114
0.126697
0.129351
0.122675
0.123967
0.119531
0.116666
0.122486
0.117908
0.118816
0.117206
0.123043
0.120117
0.118789
0.119377
0.119818
0.124002
0.120339
0.125218
0.124387
0.127340
0.127125
0.130670
0.133666
0.125439
0.128441
0.126624
0.124873
0.124400
0.126281
0.126294
0.122220
0.131566
0.123917
0.124016
0.128035
0.121976
0.126591
0.124110
0.124380
0.125235
0.123573
0.124769
0.121550
0.125867
0.124367
0.127680
0.123171
0.121464
0.122531
0.126173
0.132752
0.124736
0.129910
0.130546
0.125474
0.122560
0.118303
0.121913
0.118828
0.119080
0.120707
0.119293
0.121369
0.119791
0.125501
0.121264
0.123946
0.119651
0.120443
0.119180
0.124333
0.124519
0.121348
0.121725
0.117385
0.118848
0.122377
0.117600
0.121868
0.124079
0.126916
0.123705
0.119206
0.122708
0.124287
0.124889
0.128258
0.128409
0.127389
0.127047
0.125499
0.127836
0.131292
0.129700
0.131265
0.128246
0.130450
0.128506
0.131110
0.132165
0.133807
0.136860
0.129197
0.130157
0.121949
0.122684
0.123134
0.119734
0.119766
0.123648
0.123589
0.124524
0.127096
0.128911
0.125288
0.129269
0.129280
0.130484
0.125732
0.126093
0.131750
0.133838
0.132005
0.129857
0.132010
0.137243
0.135915
0.138226
0.134204
0.131090
0.128289
0.129098
0.129380
0.129982
0.132228
0.126092
0.126099
0.120626
0.126352
0.131146
0.119396
0.123697
0.119867
0.123890
0.118014
0.127701
0.128387
0.125280
0.122178
0.124310
0.123886
0.129579
0.124637
0.123206
0.128047
0.127954
0.125343
0.131923
0.125833
0.126068
0.128988
0.127070
0.131656
0.132015
0.133900
0.127251
0.124703
0.121757
0.125422
0.130898
0.128890
0.126841
0.125269
0.125009
0.130038
0.129099
0.128405
0.129407
0.134512
0.132262
0.127554
0.141144
0.136316
0.139121
0.137944
0.137070
0.134584
0.131128
0.139055
0.134101
0.132042
0.130260
0.131623
0.126406
0.129464
0.131495
0.128248
0.136272
0.132531
0.131775
0.125467
0.133435
0.137899
0.132697
0.133037
0.131613
0.131962
0.133648
0.133257
0.135358
0.127946
0.133879
0.131669
0.136888
0.131244
0.125477
0.137241
0.134253
0.135415
0.128857
0.132580
0.127715
0.122923
0.127761
0.126289
0.123694
0.124869
0.122215
0.116643
0.119376
0.125476
0.125900
0.128295
0.124111
0.126670
0.129280
0.131777
0.138065
0.132540
0.133309
0.126662
0.131638
0.131248
0.129450
0.127050
0.127332
0.131070
0.127032
0.134627
0.130010
0.131921
0.135934
0.132040
0.132768
0.127688
0.132008
0.131667
0.136720
0.139331
0.133482
0.134308
0.133405
0.135699
0.125401
0.135153
0.139997
0.135339
0.136913
0.134512
0.135767
0.136785
0.133324
0.132609
0.126932
0.127247
0.126722
0.130267
0.127222
0.127187
0.122722
0.123771
0.128735
0.126039
0.128478
0.128862
0.122491
0.124424
0.127111
0.128509
0.125478
0.124619
0.122174
0.120901
0.121139
0.123476
0.122891
0.122348
0.124796
0.126071
0.124333
0.126324
0.125076
0.132543
0.131850
0.128513
0.123557
0.123811
0.128123
0.124444
0.125097
0.121919
0.122094
0.121754
0.120391
0.126794
0.122407
0.122238
0.118838
0.128660
0.131000
0.127069
0.130491
0.130748
0.129710
0.128009
0.129311
0.126729
0.124236
0.127227
0.130405
0.131816
0.126582
0.127419
0.130580
0.130497
0.135996
0.133317
0.129593
0.135846
0.134996
0.137871
0.137273
0.136077
0.137647
0.137370
0.133489
0.136076
0.133419
0.131092
0.130487
0.127334
0.129947
0.131758
0.129909
0.134296
0.132250
0.133037
0.129259
0.127487
0.126736
0.127576
0.127843
0.128051
0.126982
0.128702
0.131361
0.132747
0.128797
0.124918
0.125593
0.131185
0.128830
0.131930
0.129161
0.126393
0.130205
0.131395
0.131680
0.124462
0.125724
0.119035
0.121091
0.121114
0.122507
0.125589
0.126061
0.126585
0.122317
0.123922
0.122239
0.126924
0.133324
0.129994
0.126752
0.129029
0.130266
0.126515
0.127358
0.126546
0.121802
0.126008
0.123457
0.125640
0.127526
0.120045
0.123802
0.121721
0.126834
0.121614
0.117513
0.123526
0.120799
0.119483
0.119147
0.120677
0.118549
0.114388
0.113251
0.116746
0.120532
0.120623
0.125491
0.119250
0.123689
0.129151
0.125454
0.130844
0.122776
0.129116
0.120717
0.119650
0.119406
0.121712
0.129645
0.124553
0.128137
0.120991
0.127228
0.124048
0.124932
0.128853
0.128611
0.130861
0.124325
0.131605
0.134742
0.127768
0.137043
0.126763
0.131647
0.129201
0.125617
0.127337
0.124774
0.125916
0.124997
0.125707
0.124595
0.128182
0.123628
0.124701
0.127350
0.124236
0.128170
0.121304
0.124520
0.118189
0.123998
0.131185
0.127852
0.129123
0.130112
0.127888
0.122662
0.122065
0.127445
0.124061
0.125634
0.127710
0.128305
0.129654
0.126584
0.124514
0.127330
0.130377
0.125898
0.122202
0.120083
0.116858
0.126884
0.122241
0.121055
0.125457
0.121375
0.122166
0.128879
0.130591
0.130118
0.130874
0.128771
0.132049
0.129153
0.129912
0.135482
0.134551
0.127287
0.127162
0.123789
0.124059
0.117960
0.119876
0.121820
0.124557
0.123165
0.118380
0.120950
0.116474
0.116763
0.116650
0.117881
0.117812
0.114934
0.118856
0.115393
0.118325
0.117972
0.121972
0.118621
0.124026
0.122511
0.130635
0.128411
0.124017
0.127368
0.130610
0.125356
0.126188
0.122475
0.124113
0.127317
0.128637
0.124033
0.124669
0.128218
0.121492
0.120807
0.121011
0.122967
0.124671
0.126526
0.126951
0.122876
0.126398
0.123556
0.127925
0.125417
0.130087
0.127222
0.122346
0.126818
0.123441
0.124795
0.125515
0.124023
0.125683
0.131449
0.128260
0.129468
0.131227
0.134776
0.132819
0.125563
0.124920
0.128646
0.128311
0.132084
0.131544
0.134077
0.133093
0.130935
0.134523
0.133143
0.133720
0.131373
0.128341
0.132087
0.125420
0.126299
0.127191
0.128862
0.125491
0.123103
0.124306
0.119279
0.121676
0.120609
0.127935
0.125286
0.127815
0.123448
0.122590
0.125673
0.123384
0.129664
0.122567
0.121408
0.121669
0.118736
0.117457
0.116461
0.122469
0.116643
0.116771
0.120129
0.114927
0.113647
0.112652
0.113718
0.115202
0.117201
0.110111
0.115407
0.110483
0.108928
0.113370
0.109754
0.116191
0.112673
0.112181
0.116250
0.110585
0.113944
0.112063
0.111722
0.106457
0.110364
0.110686
0.108884
0.115327
0.119028
0.114289
0.113841
0.113175
0.111813
0.115119
0.118187
0.117366
0.117843
0.117171
0.114259
0.120887
0.115191
0.119991
0.115211
0.122201
0.123279
0.121844
0.129227
0.124464
0.126593
0.121895
0.121072
0.119176
0.118204
0.120966
0.116578
0.121119
0.126106
0.123963
0.118117
0.119426
0.121130
0.118034
0.119105
0.119047
0.121726
0.116037
0.110497
0.114139
0.112613
0.116592
0.117747
0.119135
0.120010
0.114527
0.116992
0.116022
0.121365
0.119240
0.119103
0.123819
0.120498
0.123767
0.125495
0.121685
0.117154
0.120708
0.120210
0.114401
0.119229
0.118025
0.117896
0.118020
0.122973
0.118739
0.116248
0.121807
0.116206
0.120235
0.118593
0.126215
0.114371
0.120221
0.117097
0.123666
0.123627
0.119914
0.129423
0.123150
0.125444
0.127671
0.127875
0.130136
0.128873
0.130075
0.128140
0.122871
0.129784
0.128993
0.131516
0.123707
0.127300
0.126049
0.122163
0.124810
0.116326
0.124865
0.120545
0.120551
0.121982
0.121018
0.118304
0.116840
0.124720
0.122576
0.129963
0.132733
0.131410
0.132329
0.130625
0.136281
0.132061
0.134928
0.130105
0.128128
0.125905
0.123580
0.129569
0.124269
0.123258
0.118363
0.118814
0.121089
0.118556
0.119796
0.126532
0.121944
0.126441
0.124156
0.126021
0.121277
0.129362
0.125250
0.125036
0.124283
0.123290
0.127368
0.123495
0.128338
0.129057
0.127244
0.126506
0.127808
0.133076
0.126857
0.133980
0.132935
0.131906
0.130194
0.131792
0.132466
0.127913
0.128145
0.133213
0.132172
0.130161
0.128460
0.132770
0.130249
0.135155
0.131980
0.133993
0.128459
0.128587
0.131670
0.130529
0.131131
0.127924
0.129790
0.128200
0.126078
0.125995
0.123599
0.124897
0.123834
0.129211
0.122859
0.120035
0.127201
0.123246
0.123095
0.122252
0.119375
0.120441
0.119429
0.124986
0.121574
0.122074
0.120249
0.120716
0.117959
0.113203
0.113305
0.118846
0.121939
0.120302
0.118949
0.121503
0.123934
0.130538
0.128424
0.136270
0.133970
0.133573
0.135731
0.130274
0.134148
0.130860
0.131716
0.128979
0.132896
0.124636
0.121587
0.130350
0.122055
0.125887
0.124943
0.122472
0.119263
0.124787
0.120666
0.123521
0.125823
0.124348
0.123584
0.130718
0.129671
0.128194
0.127472
0.128993
0.124987
0.126831
0.122364
0.126224
0.133778
0.129830
0.136294
0.132231
0.131763
0.128672
0.126169
0.134432
0.130069
0.127281
0.128083
0.130766
0.125768
0.121987
0.122965
0.123044
0.124069
0.121867
0.127886
0.128479
0.131826
0.130003
0.124855
0.126744
0.127159
0.133148
0.129797
0.130814
0.126561
0.127380
0.125530
0.126398
0.125560
0.128249
0.119879
0.120843
0.119436
0.127729
0.127058
0.121721
0.123797
0.119832
0.126390
0.126548
0.126338
0.128744
0.124766
0.126720
0.125331
0.126038
0.120410
0.128676
0.120549
0.113740
0.117024
0.116967
0.116015
0.114773
0.114422
0.112137
0.114795
0.114525
0.120729
0.117867
0.127425
0.129373
0.123371
0.126800
0.122979
0.120810
0.124609
0.123365
0.124510
0.124256
0.125074
0.124376
0.122457
0.123136
0.118579
0.124855
0.123261
0.125855
0.127615
0.125662
0.128658
0.125851
0.121381
0.117228
0.119565
0.121100
0.116573
0.117472
0.120275
0.119273
0.116502
0.123124
0.123764
0.117964
0.120829
0.128482
0.121208
0.126182
0.128022
0.129907
0.127561
0.129606
0.126031
0.134719
0.132635
0.136980
0.133853
0.127639
0.132007
0.129079
0.127338
0.122978
0.125001
0.122862
0.123549
0.126780
0.126899
0.126057
0.121268
0.121334
0.113558
0.121225
0.123309
0.126257
0.125548
0.121709
0.125401
0.123844
0.121743
0.125149
0.123390
0.126925
0.120836
0.120334
0.122276
0.122308
0.124804
0.120470
0.128653
0.121756
0.119407
0.114135
0.119876
0.116286
0.123617
0.120471
0.115816
0.120735
0.124614
0.119692
0.121181
0.118852
0.123572
0.124170
0.125971
0.116769
0.118561
0.119053
0.123531
0.125846
0.124101
0.123953
0.123709
0.122077
0.123288
0.127901
0.130072
0.122645
0.124623
0.122096
0.122214
0.121591
0.124646
0.131952
0.131422
0.131304
0.124649
0.126503
0.127704
0.126591
0.127260
0.126301
0.125457
0.127300
0.125972
0.128921
0.126785
0.133240
0.132112
0.126299
0.127674
0.122188
0.120456
0.124978
0.126064
0.127033
0.126449
0.123354
0.120122
0.123335
0.123910
0.130497
0.123235
0.133462
0.131783
0.128663
0.128382
0.129412
0.132238
0.128056
0.128216
0.126165
0.121969
0.124821
0.124782
0.126981
0.127114
0.123997
0.119684
0.127153
0.127732
0.124757
0.120671
0.124358
0.127077
0.120547
0.125438
0.125263
0.123813
0.125480
0.123033
0.127735
0.120317
0.122218
0.122666
0.119335
0.125128
0.123253
0.127252
0.123163
0.117430
0.122640
0.117912
0.127745
0.120937
0.121310
0.121142
0.117996
0.121136
0.125866
0.129234
0.121059
0.126327
0.125549
0.126050
0.129113
0.133889
0.131406
0.132548
0.135170
0.130945
0.129893
0.130977
0.130253
0.130645
0.129938
0.127394
0.126218
0.127756
0.126825
0.128050
0.129306
0.128311
0.126865
0.125139
0.130282
0.127589
0.129138
0.129048
0.122986
0.127738
0.131161
0.127112
0.126882
0.123538
0.123731
0.127413
0.127208
0.119352
0.118817
0.122672
0.123311
0.123597
0.119791
0.125003
0.116310
0.127499
0.122988
0.124808
0.127016
0.125647
0.124038
0.121496
0.125011
0.127066
0.122405
0.128988
0.120054
0.123600
0.119310
0.120139
0.122570
0.119228
0.123133
0.120540
0.122108
0.120103
0.122865
0.124429
0.123277
0.122763
0.117835
0.123893
0.120212
0.118325
0.127312
0.121970
0.123638
0.119052
0.119659
0.119211
0.125964
0.122234
0.126958
0.128640
0.125524
0.131608
0.128608
0.128263
0.126776
0.131970
0.135744
0.126886
0.126664
0.128876
0.133072
0.134309
0.132811
0.135974
0.132403
0.135281
0.130942
0.132571
0.132346
0.131764
0.137721
0.131879
0.137509
0.136430
0.131413
0.130932
0.132216
0.133343
0.128014
0.131016
0.123650
0.126775
0.129117
0.124233
0.128436
0.122327
0.127789
0.129336
0.128199
0.126868
0.125221
0.126554
0.122851
0.122254
0.123131
0.119753
0.118130
0.116119
0.118404
0.115978
0.118312
0.117637
0.115751
0.118125
0.119437
0.128867
0.122721
0.125848
0.127885
0.128094
0.122537
0.126865
0.122983
0.121048
0.119780
0.118115
0.118493
0.120570
0.127788
0.128785
0.122769
0.123885
0.123803
0.127443
0.126555
0.126539
0.129085
0.127875
0.124439
0.119103
0.113344
0.117886
0.119599
0.125895
0.125199
0.123747
0.121481
0.116178
0.122386
0.122238
0.126001
0.116985
0.120279
0.117258
0.119433
0.123074
0.127945
0.128864
0.125229
0.132074
0.124983
0.126259
0.126499
0.129962
0.128749
0.127718
0.127551
0.124959
0.122505
0.126936
0.124293
0.126500
0.125409
0.125546
0.121879
0.124063
0.125357
0.125088
0.130957
0.133879
0.129429
0.130074
0.127771
0.138219
0.133958
0.136264
0.128403
0.129559
0.124842
0.124602
0.129877
0.125496
0.123968
0.127037
0.126414
0.121531
0.122121
0.124317
0.125013
0.129814
0.125836
0.126170
0.122213
0.124084
0.127650
0.129812
0.128840
0.127947
0.132232
0.121869
0.123756
0.126291
0.127086
0.127444
0.129740
0.125089
0.128227
0.123265
0.124554
0.127723
0.134363
0.130315
0.128281
0.131791
0.126894
0.134629
0.128160
0.128923
0.129243
0.128790
0.120207
0.121558
0.123528
0.120671
0.124550
0.126102
0.130020
0.125253
0.118927
0.117420
0.112521
0.115629
0.121926
0.120201
0.121519
0.123908
0.124081
0.121017
0.122886
0.124679
0.124273
0.120285
0.122716
0.123671
0.124623
0.127604
0.126640
0.129684
0.123534
0.121563
0.122475
0.125364
0.124010
0.123172
0.121637
0.119988
0.122760
0.129567
0.123342
0.124780
0.125204
0.127982
0.121021
0.116122
0.124849
0.120627
0.122323
0.122266
0.124947
0.122208
0.126873
0.125996
0.125755
0.128266
0.126082
0.125475
0.123659
0.124969
0.129702
0.132393
0.130103
0.129675
0.126031
0.126563
0.134982
0.134672
0.133712
0.132029
0.131304
0.128974
0.130468
0.128667
0.123765
0.126345
0.126145
0.126127
0.126503
0.124907
0.131775
0.132156
0.131253
0.130388
0.130886
0.129497
0.130721
0.126449
0.130778
0.127352
0.129676
0.121591
0.126674
0.126998
0.131374
0.132153
0.129473
0.134172
0.131283
0.137463
0.131632
0.126801
0.133463
0.133019
0.135936
0.130085
0.123095
0.129927
0.125768
0.122939
0.119990
0.126378
0.121781
0.118616
0.123695
0.122066
0.127621
0.125615
0.127972
0.123892
0.120311
0.122652
0.122274
0.123180
0.132047
0.128051
0.133760
0.133317
0.130217
0.130615
0.133441
0.131135
0.136559
0.138496
0.136874
0.132811
0.128217
0.128036
0.132357
0.133203
0.133234
0.122980
0.128307
0.121249
0.126487
0.124944
0.131797
0.124101
0.130720
0.129758
0.125627
0.124064
0.123562
0.127426
0.127648
0.126934
0.125022
0.129188
0.132212
0.133415
0.134318
0.125675
0.125410
0.135600
0.135469
0.138286
0.137824
0.139462
0.139717
0.134746
0.132055
0.130390
0.130260
0.134063
0.134128
0.127135
0.128126
0.132322
0.127363
0.126355
0.124749
0.130400
0.129404
0.128529
0.122911
0.120087
0.125137
0.126297
0.126246
0.117062
0.116770
0.116859
0.118637
0.127158
0.127093
0.121930
0.123921
0.118970
0.119708
0.121093
0.121955
0.122429
0.120861
0.116115
0.123581
0.120216
0.124010
0.123644
0.122610
0.129078
0.125383
0.127035
0.123398
0.128172
0.124758
0.126042
0.128665
0.118377
0.128316
0.127604
0.126409
0.130613
0.124799
0.127548
0.127012
0.129541
0.128585
0.129375
0.130382
0.131949
0.135114
0.137093
0.135597
0.131862
0.133368
0.137044
0.132592
0.135920
0.136162
0.136256
0.135661
0.133475
0.140892
0.135250
0.134442
0.131025
0.126500
0.126553
0.125502
0.131432
0.125326
0.132273
0.132011
0.132416
0.126770
0.130775
0.135168
0.130020
0.133247
0.125541
0.125743
0.125335
0.125086
0.125574
0.126103
0.128898
0.127508
0.134771
0.130396
0.133373
0.132771
0.128443
0.140865
0.137140
0.137876
0.136612
0.138778
0.138102
0.133356
0.133797
0.139454
0.134843
0.133311
0.129470
0.132986
0.130465
0.133144
0.129186
0.128402
0.130274
0.125485
0.125540
0.122989
0.127393
0.119734
0.121379
0.119192
0.118291
0.121501
0.122550
0.124606
0.121236
0.121301
0.118576
0.115359
0.115647
0.122249
0.117100
0.117040
0.114518
0.114155
0.108195
0.111286
0.112535
0.118225
0.114534
0.119602
0.118387
0.116556
0.118188
0.120310
0.124719
0.123127
0.127692
0.121890
0.122023
0.118834
0.124228
0.126013
0.123865
0.121784
0.120720
0.121823
0.127355
0.129027
0.135471
0.128422
0.132810
0.125588
0.125308
0.122999
0.129700
0.129999
0.131400
0.130367
0.131174
0.130196
0.129862
0.131049
0.131192
0.125913
0.124311
0.124534
0.121858
0.119673
0.119114
0.121073
0.116007
0.117035
0.119747
0.125997
0.125764
0.123072
0.121015
0.123206
0.124937
0.123117
0.129346
0.129781
0.126257
0.123621
0.125147
0.126977
0.121947
0.125030
0.122321
0.120707
0.122686
0.121186
0.120561
0.116191
0.117756
0.123706
0.127030
0.125879
0.124182
0.120585
0.120682
0.121704
0.120525
0.120001
0.119081
0.122577
0.116825
0.116079
0.119351
0.114231
0.118382
0.122012
0.116688
0.116728
0.119427
0.123004
0.125411
0.124445
0.124504
0.125652
0.123180
0.122569
0.128995
0.126031
0.122032
0.126137
0.124627
0.130935
0.131757
0.132163
0.128836
0.132003
0.135864
0.131724
0.134171
0.134119
0.129601
0.137501
0.133648
0.133293
0.129314
0.127037
0.123640
0.125803
0.124406
0.131872
0.125755
0.122481
0.128036
0.122749
0.117640
0.126950
0.124419
0.126096
0.128069
0.128631
0.120545
0.116478
0.118323
0.113867
0.116692
0.117317
0.115644
0.122846
0.117241
0.114945
0.119741
0.123972
0.122629
0.123579
0.126501
0.122685
0.119509
0.116214
0.119122
0.113615
0.122440
0.121508
0.124005
0.125054
0.126556
0.134564
0.128162
0.124838
0.119528
0.120978
0.126410
0.125707
0.125415
0.124119
0.127300
0.122219
0.118352
0.116818
0.121289
0.116925
0.115640
0.118714
0.122457
0.121894
0.123619
0.126023
0.122386
0.119373
0.119750
0.120814
0.114039
0.125944
0.119511
0.125693
0.123220
0.125875
0.129010
0.124788
0.124912
0.123887
0.124146
0.123453
0.129499
0.122513
0.117902
0.119404
0.120320
0.119294
0.117089
0.128262
0.124270
0.125876
0.124785
0.128706
0.126988
0.122995
0.125421
0.122887
0.120041
0.128608
0.123512
0.128437
0.127839
0.122323
0.121051
0.121922
0.128643
0.124015
0.133986
0.123738
0.122147
0.125641
0.126007
0.127615
0.130754
0.126826
0.119718
0.129107
0.125926
0.124179
0.128409
0.123110
0.125053
0.130921
0.127401
0.126171
0.126526
0.132678
0.124223
0.125143
0.125594
0.123511
0.121554
0.120206
0.118908
0.115121
0.124598
0.117735
0.122932
0.120048
0.120512
0.123084
0.121666
0.119564
0.115370
0.117229
0.122959
0.120286
0.127206
0.125347
0.128639
0.121160
0.127111
0.119422
0.120852
0.129782
0.123344
0.129982
0.125771
0.128770
0.124591
0.127170
0.126744
0.127388
0.129723
0.127497
0.131650
0.130888
0.130905
0.128904
0.127787
0.126101
0.124830
0.122906
0.121312
0.122618
0.131596
0.127395
0.131742
0.129429
0.130324
0.132638
0.125677
0.133897
0.130681
0.130900
0.129527
0.125648
0.130408
0.127307
0.126144
0.127854
0.132339
0.128568
0.133620
0.131712
0.133335
0.130963
0.127726
0.124799
0.126789
0.122860
0.114718
0.122101
0.125735
0.124902
0.128884
0.128176
0.129539
0.124107
0.127971
0.125957
0.127549
0.132767
0.133265
0.128621
0.122522
0.118751
0.127954
0.123204
0.124286
0.130053
0.128632
0.129924
0.117664
0.122330
0.124103
0.127885
0.123336
0.127633
0.128745
0.125246
0.125176
0.121264
0.122955
0.119223
0.119475
0.118085
0.113449
0.114923
0.115601
0.119669
0.121360
0.123152
0.117412
0.118995
0.121920
0.118343
0.120811
0.124931
0.124020
0.125243
0.126791
0.128492
0.128995
0.129229
0.124596
0.124823
0.125673
0.127903
0.132016
0.128563
0.131982
0.125185
0.122208
0.121640
0.127833
0.128686
0.128090
0.132814
0.130208
0.130058
0.127197
0.126781
0.123426
0.129565
0.120610
0.119247
0.120929
0.120743
0.121553
0.123545
0.123639
0.123261
0.126213
0.128161
0.124682
0.118590
0.122658
0.118434
0.123622
0.125976
0.123476
0.117063
0.119892
0.118477
0.116544
0.117128
0.115232
0.113564
0.118675
0.116735
0.117767
0.119155
0.120600
0.119490
0.125322
0.125181
0.128425
0.124450
0.128799
0.130806
0.127319
0.133797
0.127023
0.129264
0.129648
0.130843
0.132126
0.135381
0.133698
0.130591
0.134982
0.132812
0.134409
0.128510
0.130816
0.131129
0.127006
0.126496
0.125647
0.134841
0.131420
0.131774
0.133433
0.127771
0.132301
0.135354
0.129214
0.138148
0.139229
0.141589
0.142094
0.141668
0.139547
0.135444
0.133341
0.130756
0.129110
0.127580
0.129813
0.134822
0.126109
0.126736
0.131051
0.124119
0.128345
0.127192
0.135285
0.130975
0.136132
0.134396
0.134037
0.131122
0.126799
0.128595
0.132532
0.128311
0.125405
0.129402
0.135730
0.131548
0.127556
0.131046
0.132887
0.132632
0.134029
0.130607
0.131332
0.130832
0.128962
0.125211
0.126785
0.126625
0.124612
0.129857
0.130003
0.131114
0.133456
0.132224
0.129766
0.124532
0.122593
0.126164
0.126716
0.129523
0.121731
0.122693
0.126598
0.128292
0.129429
0.125091
0.128607
0.121696
0.132309
0.129577
0.127741
0.128761
0.127380
0.131247
0.130317
0.125987
0.130799
0.129772
0.133949
0.124186
0.130375
0.134900
0.132959
0.127724
0.130870
0.132198
0.129104
0.130614
0.130683
0.132088
0.129224
0.126227
0.130217
0.131075
0.136030
0.128620
0.126872
0.127960
0.121073
0.128774
0.127549
0.126949
0.126886
0.123480
0.128009
0.124162
0.128774
0.122116
0.128320
0.129383
0.125879
0.126473
0.134186
0.131523
0.133844
0.131835
0.129114
0.128132
0.124339
0.129838
0.131445
0.133308
0.138968
0.132474
0.133978
0.124368
0.129017
0.129295
0.130645
0.135928
0.132103
0.135405
0.131732
0.126750
0.130084
0.128416
0.135378
0.133519
0.132723
0.127565
0.132462
0.134080
0.134900
0.138573
0.137400
0.130783
0.129175
0.132280
0.132731
0.134229
0.135837
0.131214
0.131337
0.130412
0.125918
0.130356
0.131214
0.130826
0.128885
0.131324
0.127801
0.129754
0.135724
0.129821
0.134111
0.126594
0.129298
0.131857
0.125287
0.128533
0.124726
0.130096
0.128659
0.128175
0.122558
0.118496
0.124596
0.123867
0.124886
0.121462
0.130590
0.119128
0.118972
0.126801
0.126268
0.127373
0.122691
0.128106
0.126518
0.126309
0.130991
0.128628
0.129269
0.119831
0.125340
0.123568
0.118863
0.126139
0.126494
0.122818
0.120230
0.115379
0.115630
0.119509
0.125930
0.119640
0.125298
0.120940
0.126176
0.127916
0.126748
0.129104
0.131760
0.132318
0.128182
0.132601
0.128866
0.134327
0.131239
0.122546
0.131101
0.128957
0.131028
0.132156
0.124640
0.131999
0.129189
0.132187
0.133141
0.131445
0.123442
0.124928
0.130176
0.129576
0.128993
0.130503
0.121911
0.125805
0.128416
0.128894
0.128101
0.132428
0.127258
0.128574
0.130707
0.134602
0.132947
0.132697
0.136770
0.132463
0.136456
0.134842
0.127477
0.128922
0.128587
0.126488
0.125582
0.132537
0.128325
0.125083
0.127812
0.129412
0.124883
0.127007
0.134436
0.132242
0.123820
0.133480
0.134268
0.133871
0.133926
0.132144
0.130024
0.130046
0.131902
0.133398
0.130766
0.124427
0.126618
0.126709
0.126782
0.129784
0.129403
0.128340
0.126131
0.125688
0.119686
0.121169
0.126186
0.122170
0.130377
0.127814
0.127924
0.125242
0.123476
0.129313
0.126185
0.135735
0.129068
0.138572
0.127829
0.127944
0.122970
0.121326
0.118303
0.123038
0.120490
0.118676
0.119522
0.121695
0.125239
0.127290
0.117381
0.116343
0.116534
0.118060
0.119879
0.119042
0.116832
0.119619
0.120900
0.112065
0.107966
0.114016
0.112172
0.120755
0.116238
0.117135
0.115779
0.116013
0.118270
0.121408
0.128816
0.124058
0.123157
0.123809
0.125275
0.127283
0.130765
0.136464
0.132713
0.133341
0.130004
0.127270
0.126439
0.128579
0.134140
0.132652
0.134249
0.127699
0.125696
0.128619
0.127443
0.132829
0.133066
0.133231
0.129026
0.126848
0.129350
0.123492
0.132207
0.129456
0.127184
0.126978
0.124549
0.129782
0.131473
0.130370
0.123149
0.128369
0.125795
0.132052
0.124841
0.128905
0.124993
0.121983
0.133544
0.134405
0.131473
0.131976
0.130815
0.131124
0.128625
0.135930
0.132134
0.130370
0.129138
0.132347
0.136157
0.133782
0.133670
0.124569
0.123963
0.128717
0.127422
0.127514
0.125978
0.129780
0.130629
0.132851
0.132310
0.127486
0.128934
0.131716
0.123149
0.130069
0.127707
0.127343
0.125292
0.127205
0.121505
0.124816
0.123038
0.123532
0.121505
0.125197
0.124934
0.125658
0.128735
0.129302
0.125713
0.124654
0.129234
0.129257
0.130562
0.132119
0.129858
0.125898
0.129226
0.124481
0.132122
0.130138
0.133902
0.129489
0.129999
0.130760
0.131159
0.133252
0.141796
0.140968
0.132979
0.131963
0.133034
0.133743
0.136246
0.128839
0.128635
0.134681
0.127110
0.130088
0.134320
0.134893
0.135294
0.134730
0.134547
0.130428
0.133347
0.135919
0.131429
0.130564
0.135468
0.132446
0.130605
0.131647
0.127371
0.129912
0.133800
0.128829
0.128910
0.136276
0.132018
0.126816
0.130554
0.127343
0.126898
0.123330
0.123413
0.122476
0.130091
0.130940
0.127195
0.125336
0.123106
0.120596
0.117504
0.119788
0.121170
0.121097
0.121238
0.114470
0.116502
0.112567
0.117816
0.117347
0.116260
0.112362
0.113021
0.112464
0.110016
0.111587
0.112679
0.111989
0.116108
0.113062
0.112699
0.118302
0.123127
0.122388
0.120771
0.119738
0.119053
0.117517
0.125021
0.126613
0.133504
0.127263
0.128619
0.123520
0.122119
0.130320
0.132582
0.129449
0.128816
0.130618
0.131160
0.130352
0.130507
0.132656
0.134502
0.133101
0.131256
0.135327
0.131095
0.133469
0.131768
0.139544
0.135930
0.134836
0.130799
0.130583
0.131482
0.125948
0.131890
0.132119
0.125781
0.127212
0.125446
0.128092
0.128427
0.131735
0.129262
0.128997
0.121607
0.129253
0.134403
0.131625
0.129007
0.131135
0.135796
0.130665
0.121264
0.120816
0.123700
0.128193
0.124274
0.129525
0.125558
0.122922
0.125491
0.128403
0.126392
0.126824
0.129443
0.131150
0.125280
0.127339
0.125271
0.128117
0.125152
0.132633
0.130323
0.125956
0.127643
0.134330
0.132421
0.132143
0.134394
0.137522
0.129040
0.132896
0.129781
0.140431
0.127456
0.130515
0.130969
0.131172
0.134696
0.131071
0.135675
0.132282
0.129511
0.127500
0.129391
0.131188
0.133805
0.134355
0.130935
0.134390
0.127078
0.128823
0.130517
0.131041
0.136960
0.136553
0.133145
0.137177
0.133954
0.133710
0.132941
0.133047
0.127093
0.129156
0.126579
0.123201
0.129907
0.134708
0.135019
0.132942
0.137181
0.123029
0.126009
0.124301
0.129796
0.128281
0.123430
0.125230
0.126659
0.123681
0.126887
0.123175
0.125295
0.119250
0.121977
0.119808
0.115449
0.120588
0.123314
0.125282
0.125989
0.125377
0.119823
0.123059
0.128953
0.131284
0.125567
0.121236
0.121348
0.119015
0.120624
0.122218
0.118239
0.124471
0.118477
0.122515
0.121385
0.120701
0.121211
0.122712
0.127788
0.121457
0.125252
0.126663
0.128379
0.130707
0.127822
0.130166
0.132081
0.133096
0.124493
0.126105
0.124410
0.126172
0.130754
0.129141
0.127741
0.126421
0.118316
0.119702
0.121796
0.128443
0.127413
0.131729
0.125586
0.129628
0.140239
0.140162
0.141436
0.136129
0.136106
0.135503
0.132571
0.131191
0.129879
0.134128
0.132325
0.135617
0.133812
0.128950
0.134196
0.131446
0.132811
0.133135
0.135298
0.129160
0.127191
0.134470
0.128720
0.129933
0.131410
0.132421
0.131814
0.125856
0.130938
0.128838
0.133283
0.128192
0.133232
0.128861
0.126619
0.130618
0.129393
0.128727
0.125914
0.129655
0.131986
0.130828
0.127841
0.131080
0.127324
0.124899
0.129375
0.126480
0.128194
0.124590
0.118749
0.115237
0.116851
0.123497
0.123128
0.119357
0.116893
0.116442
0.117422
0.119581
0.125652
0.121803
0.123272
0.127711
0.127427
0.122768
0.121509
0.123912
0.124977
0.124720
0.128154
0.127829
0.132499
0.126258
0.133870
0.125748
0.126117
0.129435
0.132613
0.134108
0.133211
0.128807
0.129717
0.129673
0.126254
0.131871
0.127104
0.123102
0.129578
0.121506
0.121940
0.126465
0.125008
0.124322
0.124572
0.123150
0.129417
0.124882
0.125534
0.122121
0.125764
0.126456
0.125356
0.124951
0.118855
0.120262
0.121261
0.125454
0.121761
0.120015
0.119608
0.114820
0.117728
0.115658
0.123329
0.119779
0.120846
0.126202
0.126857
0.129601
0.127433
0.130300
0.128342
0.130181
0.127014
0.136482
0.134207
0.131011
0.130480
0.133311
0.137289
0.129280
0.128252
0.129544
0.128560
0.131545
0.126602
0.127719
0.122385
0.119692
0.120115
0.126626
0.127646
0.123784
0.120579
0.120428
0.121088
0.125031
0.124129
0.125826
0.125639
0.127449
0.133175
0.123695
0.124915
0.129973
0.125315
0.124649
0.125059
0.119188
0.123666
0.124373
0.124541
0.131062
0.128776
0.129868
0.123959
0.122089
0.121116
0.123002
0.134927
0.130025
0.125958
0.122134
0.127996
0.132015
0.126711
0.132684
0.136068
0.136377
0.139289
0.139207
0.143584
0.137830
0.136200
0.139365
0.131296
0.134317
0.132920
0.137764
0.135378
0.135949
0.130593
0.133098
0.134275
0.132418
0.131615
0.127366
0.127201
0.122397
0.129314
0.123178
0.124982
0.128077
0.127373
0.126607
0.126276
0.127966
0.126687
0.130994
0.125926
0.130204
0.130522
0.126523
0.127639
0.129564
0.129492
0.133544
0.129543
0.134182
0.124918
0.126485
0.123519
0.124443
0.124671
0.123909
0.125187
0.125903
0.133953
0.135426
0.133688
0.134387
0.134383
0.141505
0.133958
0.138952
0.135339
0.132060
0.130869
0.125862
0.136443
0.130748
0.131368
0.131942
0.128068
0.129678
0.128186
0.129718
0.128044
0.131073
0.121824
0.117428
0.118699
0.116833
0.119750
0.119838
0.124036
0.120158
0.121553
0.125647
0.123807
0.127521
0.125772
0.126782
0.126253
0.124934
0.125819
0.128346
0.126923
0.125312
0.125271
0.124247
0.124109
0.126283
0.124215
0.123010
0.120807
0.128024
0.122234
0.121859
0.119348
0.119645
0.124340
0.124160
0.122093
0.118422
0.119708
0.124555
0.124590
0.123117
0.123918
0.121281
0.123459
0.119287
0.121472
0.119142
0.121366
0.120444
0.125182
0.122299
0.124197
0.127492
0.126116
0.128315
0.126036
0.128484
0.126890
0.124767
0.127328
0.127320
0.123708
0.127289
0.126397
0.124857
0.119809
0.124867
0.129129
0.128631
0.130505
0.127466
0.126451
0.123593
0.129263
0.137455
0.135810
0.132941
0.134661
0.131230
0.133893
0.129600
0.129333
0.126743
0.126545
0.124857
0.127830
0.121097
0.128633
0.121054
0.127022
0.122716
0.124141
0.120711
0.118773
0.131072
0.126125
0.125111
0.123631
0.123399
0.123572
0.129214
0.128600
0.123228
0.123108
0.121420
0.125343
0.121956
0.120489
0.119593
0.118217
0.120975
0.119563
0.121613
0.119421
0.118524
0.116344
0.117669
0.121484
0.117280
0.115310
0.107719
0.109699
0.110863
0.116441
0.117504
0.113484
0.114760
0.116294
0.116051
0.118880
0.112551
0.124822
0.115287
0.109675
0.108607
0.115149
0.116042
0.120111
0.119188
0.116647
0.122973
0.122866
0.116234
0.118852
0.118807
0.120328
0.115350
0.116882
0.113594
0.112709
0.119378
0.123829
0.120877
0.115629
0.113078
0.114572
0.110292
0.118837
0.117076
0.125231
0.121582
0.117199
0.115205
0.118035
0.120619
0.117093
0.116464
0.121758
0.128888
0.121533
0.120288
0.128151
0.125411
0.126595
0.125941
0.121585
0.114988
0.124699
0.127135
0.128452
0.128457
0.125258
0.125976
0.120767
0.121603
0.121844
0.122619
0.124673
0.121971
0.123143
0.117472
0.121346
0.125221
0.120093
0.125781
0.125571
0.129390
0.122447
0.122344
0.126702
0.122255
0.123592
0.119309
0.119909
0.118565
0.120983
0.122437
0.117638
0.121475
0.117090
0.121191
0.122272
0.115973
0.124020
0.122900
0.120497
0.128358
0.126344
0.125785
0.122783
0.124474
0.125530
0.124862
0.116968
0.128089
0.121300
0.121589
0.128583
0.129746
0.130720
0.127715
0.125737
0.118172
0.122862
0.128378
0.131233
0.131000
0.129714
0.129860
0.124688
0.126628
0.126337
0.124556
0.125289
0.121753
0.119967
0.119325
0.118085
0.121524
0.118660
0.120035
0.117824
0.117977
