20.744292
20.678199
20.678170
20.638488
20.479489
20.462294
20.428907
20.350381
20.306847
20.283617
20.277203
20.131813
20.106784
20.106784
20.093163
19.996342
19.996342
19.966652
19.949016
19.938870
19.918097
19.816010
19.798518
19.628073
19.577459
19.551655
19.546115
19.519216
19.472374
19.411145
19.328957
19.256213
18.987969
18.957927
18.879776
18.679228
18.662236
18.513968
18.476168
18.443641
18.373524
18.373524
18.278766
18.252213
18.175083
18.060154
18.060154
17.977152
17.927596
17.918292
17.872469
17.814673
17.766496
17.756914
17.609434
17.523211
17.479617
17.417159
17.417159
17.306987
17.300010
17.275986
17.217249
17.180507
17.127878
17.060509
17.032959
16.966200
16.966200
16.926099
16.910243
16.845825
16.845825
16.778199
16.765586
16.758483
16.687773
16.679334
16.662162
16.610601
16.546651
16.396189
16.370899
16.312673
16.268435
16.224394
16.224394
16.187556
16.187556
16.134124
16.134124
16.115601
16.084813
16.074822
16.037515
15.959213
15.942809
15.929243
15.883220
15.883220
15.849799
15.835914
15.810955
15.792534
15.764183
15.757049
15.688980
15.622342
15.622342
15.566648
15.527206
15.489147
15.465838
15.433143
15.433143
15.396218
15.385134
15.260526
15.228097
15.228097
15.181038
15.130149
15.087467
15.030356
15.030356
15.024719
15.005674
15.004247
14.952482
14.868422
14.863932
14.782494
14.737992
14.737992
14.703185
14.703185
14.696144
14.683138
14.654555
14.636088
14.533536
14.473915
14.370015
14.335385
14.308974
14.257423
14.192299
14.192299
14.161603
14.152448
14.144897
14.124318
14.092110
14.070899
14.045706
13.984023
13.969743
13.950290
13.811845
13.791942
13.755256
13.754288
13.741621
13.735605
13.680344
13.668944
13.631949
13.611603
13.568933
13.533613
13.501469
13.429650
13.429650
13.424711
13.416929
13.393376
13.367710
13.340679
13.317233
13.263083
13.196836
13.189054
13.184642
13.130249
13.128049
13.058704
13.029462
12.996131
12.982838
12.960440
12.947402
12.939828
12.931826
12.921692
12.861863
12.838946
12.809859
12.786231
12.766740
12.756858
12.721371
12.714509
12.641247
12.557878
12.534472
12.515175
12.497499
12.463563
12.424313
12.424313
12.406073
12.370983
12.334140
12.325476
12.291154
12.285642
12.243002
12.234892
12.221866
12.207400
12.187385
12.162893
12.141790
12.123278
12.115822
12.111931
12.073969
12.072791
12.068976
12.060484
12.027873
12.008376
11.993643
11.981700
11.963837
11.935949
11.935949
11.911890
11.882186
11.882186
11.882186
11.872952
11.838179
11.838179
11.838179
11.827662
11.816496
11.772544
11.745991
11.735972
11.705696
11.700221
11.698263
11.682903
11.681388
11.675586
11.661629
11.647692
11.644407
11.624203
11.619456
11.605760
11.603777
11.590072
11.558524
11.558524
11.508381
11.499257
11.499257
11.496553
11.490658
11.479749
11.475367
11.445070
11.445070
11.444345
11.438394
11.426256
11.420045
11.414901
11.409857
11.408588
11.397856
11.390716
11.367666
11.367666
11.355974
11.354585
11.341527
11.336594
11.333545
11.331994
11.330653
11.316531
11.310940
11.297686
11.284920
11.277055
11.263170
11.260717
11.260717
11.259060
11.220720
11.217946
11.215311
11.213368
11.203548
11.200170
11.189237
11.189193
11.184871
11.170445
11.164552
11.160426
11.157115
11.127034
11.103523
11.098789
11.092360
11.079301
11.076629
11.076629
11.068637
11.067164
11.058673
11.049589
11.041132
11.031778
11.025920
11.023231
11.018544
11.014257
11.011398
10.971613
10.968447
10.949977
10.949977
10.949977
10.941086
10.941086
10.940708
10.938515
10.925229
10.925229
10.910454
10.905844
10.903654
10.897602
10.893839
10.888782
10.878792
10.872428
10.863809
10.853796
10.839146
10.839146
10.836146
10.835892
10.830570
10.828461
10.821138
10.815578
10.814822
10.798773
10.778470
10.765784
10.764121
10.751445
10.743012
10.736399
10.736399
10.733019
10.733019
10.726560
10.725150
10.719851
10.697509
10.690654
10.688925
10.673523
10.670698
10.670698
10.670698
10.665220
10.652928
10.610799
10.610684
10.602219
10.602219
10.588851
10.585568
10.581652
10.577975
10.573446
10.555728
10.551972
10.531914
10.520841
10.520841
10.513251
10.500236
10.499718
10.499718
10.489371
10.478181
10.463572
10.463572
10.461459
10.460660
10.452569
10.443676
10.438809
10.435113
10.419563
10.419563
10.411779
10.408417
10.400822
10.382264
10.371407
10.367046
10.350444
10.350444
10.348328
10.348328
10.346826
10.331716
10.328748
10.314473
10.312131
10.306160
10.301557
10.297768
10.291877
10.290561
10.290383
10.276024
10.273114
10.262530
10.261899
10.261410
10.257597
10.256905
10.247278
10.239815
10.239807
10.233207
10.230163
10.212201
10.209588
10.209163
10.207354
10.200112
10.184779
10.177419
10.171248
10.171248
10.165405
10.158347
10.149842
10.145134
10.122083
10.121969
10.120043
10.088580
10.087612
10.082447
10.081535
10.080481
10.078982
10.078332
10.069371
10.068403
10.059822
10.057255
10.057255
10.055863
10.039205
10.027958
10.027958
10.017625
10.017625
10.006410
10.006410
10.005960
10.004690
10.002224
9.991069
9.988371
9.987972
9.987172
9.982068
9.979752
9.979752
9.976680
9.972543
9.963644
9.952538
9.952538
9.940896
9.935244
9.933242
9.924149
9.910782
9.910782
9.910782
9.910782
9.908351
9.908351
9.904107
9.893675
9.875780
9.874059
9.870580
9.870580
9.865122
9.864273
9.864163
9.859182
9.851906
9.851906
9.844515
9.831181
9.831181
9.822536
9.822536
9.802678
9.799738
9.796434
9.790383
9.779190
9.772385
9.751400
9.751400
9.747552
9.735333
9.731209
9.727917
9.724957
9.724957
9.724957
9.724848
9.724848
9.708355
9.707623
9.690072
9.685263
9.685114
9.683605
9.683605
9.669270
9.666781
9.662253
9.661341
9.661341
9.661341
9.656028
9.655546
9.655546
9.655546
9.651920
9.649601
9.638616
9.636104
9.634688
9.632575
9.628138
9.623960
9.618918
9.617934
9.606268
9.606268
9.603065
9.588764
9.587339
9.587339
9.571708
9.556594
9.556594
9.548658
9.540549
9.526785
9.523788
9.522051
9.513271
9.497464
9.485629
9.478680
9.467737
9.461618
9.455603
9.452851
9.449254
9.447564
9.434331
9.430557
9.426604
9.425856
9.425856
9.424136
9.417640
9.415198
9.411626
9.407298
9.398178
9.397513
9.393881
9.389790
9.389790
9.387059
9.387059
9.374994
9.373618
9.371861
9.361931
9.361552
9.361552
9.335385
9.330245
9.328089
9.328089
9.322789
9.319023
9.317888
9.317888
9.315590
9.314903
9.309242
9.305131
9.298922
9.297108
9.296951
9.292645
9.291083
9.284474
9.262424
9.260493
9.255914
9.252919
9.246805
9.233504
9.233504
9.220520
9.220520
9.220520
9.216971
9.197937
9.176592
9.154446
9.150719
9.150049
9.124765
9.114247
9.107744
9.105170
9.101176
9.094655
9.079116
9.060242
9.057539
9.055812
9.041664
9.037658
9.036575
9.028226
9.026266
9.019681
9.011596
9.011596
9.008329
9.005777
9.004111
8.998631
8.998385
8.986446
8.983409
8.970062
8.962417
8.961923
8.959887
8.959887
8.958268
8.939245
8.937990
8.937990
8.937767
8.936068
8.927673
8.919182
8.916871
8.914599
8.886454
8.870570
8.868627
8.860492
8.852293
8.850310
8.845454
8.842203
8.827525
8.821814
8.811425
8.806821
8.806821
8.806328
8.802584
8.799387
8.782880
8.764438
8.763173
8.757844
8.756145
8.756145
8.751559
8.748876
8.739214
8.710880
8.710830
8.710529
8.693657
8.688121
8.675262
8.672604
8.672604
8.669608
8.664570
8.660013
8.650991
8.640696
8.640696
8.634497
8.633363
8.633363
8.633316
8.633316
8.601214
8.593172
8.593172
8.588448
8.577180
8.567628
8.566633
8.566633
8.556572
8.545905
8.526500
8.509844
8.504190
8.483276
8.465170
8.465170
8.463448
8.463448
8.463139
8.462016
8.451620
8.447326
8.446752
8.441969
8.441969
8.437630
8.430760
8.430760
8.399148
8.396536
8.396536
8.393538
8.378928
8.377118
8.375127
8.364779
8.353986
8.353129
8.351320
8.335554
8.328623
8.324637
8.321376
8.319048
8.309857
8.303073
8.291153
8.279162
8.279162
8.276377
8.272975
8.268426
8.266362
8.248308
8.243686
8.234361
8.234007
8.228594
8.228594
8.220431
8.219281
8.210829
8.205941
8.203782
8.201721
8.187678
8.160942
8.137880
8.135043
8.131421
8.127081
8.117090
8.111263
8.093237
8.086301
8.086301
8.074109
8.072021
8.066862
8.062132
8.060904
8.043547
8.034501
8.032314
8.027503
8.027503
8.012137
7.989539
7.989539
7.985161
7.979683
7.970166
7.969590
7.960474
7.956822
7.937881
7.937109
7.934567
7.927906
7.912871
7.912291
7.900526
7.898625
7.882968
7.874874
7.870854
7.868313
7.860089
7.848695
7.846893
7.837251
7.828394
7.822741
7.812792
7.812792
7.810758
7.797061
7.797061
7.792626
7.792626
7.783617
7.783617
7.783617
7.783028
7.783028
7.778970
7.778205
7.758636
7.734797
7.734797
7.725712
7.718564
7.716687
7.716687
7.716687
7.712271
7.707761
7.705104
7.704033
7.682101
7.679643
7.663216
7.657168
7.657168
7.651075
7.638551
7.615215
7.613688
7.601416
7.601416
7.586223
7.583544
7.583544
7.582575
7.576051
7.565369
7.564271
7.563332
7.550535
7.547165
7.543325
7.537599
7.520623
7.506277
7.501141
7.487031
7.475184
7.474491
7.470087
7.455699
7.455699
7.441367
7.434279
7.434279
7.419084
7.411984
7.411984
7.404968
7.404968
7.375365
7.365473
7.361298
7.345962
7.331665
7.331665
7.326685
7.320669
7.318863
7.316056
7.305433
7.305433
7.305433
7.303850
7.303011
7.287927
7.287597
7.278667
7.263464
7.240968
7.239884
7.227746
7.227746
7.226088
7.213890
7.208549
7.208298
7.206156
7.184225
7.165716
7.161003
7.161003
7.157533
7.156796
7.150566
7.147390
7.144594
7.141596
7.140432
7.119561
7.097708
7.097671
7.096179
7.088084
7.045026
7.044746
7.044451
7.012739
6.988450
6.986462
6.968954
6.968954
6.960067
6.960067
6.952775
6.949952
6.949952
6.935731
6.930622
6.926806
6.926806
6.926516
6.926268
6.907086
6.902961
6.893186
6.883909
6.865751
6.864580
6.859672
6.852671
6.829159
6.818722
6.817381
6.799110
6.799110
6.798153
6.781309
6.779998
6.752980
6.748850
6.748299
6.748299
6.748299
6.738689
6.737176
6.737176
6.726866
6.719830
6.715966
6.701318
6.701318
6.696562
6.696562
6.695944
6.691547
6.681056
6.674726
6.674726
6.668358
6.655729
6.644931
6.644112
6.636985
6.621033
6.614184
6.601907
6.590549
6.585741
6.579676
6.578615
6.572507
6.565162
6.563300
6.563300
6.558877
6.547835
6.547835
6.545123
6.540153
6.537874
6.522080
6.517743
6.513306
6.512457
6.511001
6.494515
6.444655
6.444655
6.440444
6.428356
6.423908
6.412276
6.390420
6.387512
6.370746
6.370746
6.370746
6.370173
6.369366
6.369366
6.367951
6.323558
6.321195
6.307518
6.296610
6.286446
6.286446
6.275739
6.274218
6.267445
6.256469
6.256469
6.255870
6.252972
6.249710
6.235788
6.235788
6.230711
6.230463
6.214082
6.207061
6.203633
6.203633
6.201077
6.183690
6.182119
6.141204
6.137184
6.113235
6.111988
6.089547
6.077111
6.077111
6.054598
6.054598
6.054598
6.054151
6.052539
6.046806
6.038830
6.038830
6.028859
6.018400
6.018400
6.011751
6.005163
5.999124
5.994886
5.987396
5.987396
5.987396
5.986449
5.975322
5.971205
5.961650
5.960736
5.957065
5.953544
5.950378
5.939457
5.925817
5.909522
5.888423
5.875790
5.871681
5.861744
5.849749
5.849182
5.847621
5.838736
5.838163
5.838163
5.838163
5.832613
5.832613
5.821159
5.801609
5.788011
5.788011
5.769698
5.766299
5.759430
5.753858
5.752536
5.748413
5.743534
5.728475
5.707133
5.697817
5.696948
5.696352
5.689749
5.689749
5.688874
5.678359
5.663813
5.663813
5.663240
5.656172
5.655468
5.655468
5.648292
5.641096
5.641096
5.635256
5.635256
5.603636
5.599983
5.593985
5.577054
5.555453
5.537604
5.530480
5.521735
5.521642
5.517746
5.517746
5.516477
5.514151
5.513296
5.503124
5.488240
5.482520
5.481716
5.481427
5.481427
5.481427
5.470618
5.441972
5.431649
5.420095
5.420095
5.411674
5.411674
5.404999
5.404999
5.400796
5.388638
5.381263
5.378829
5.378829
5.378829
5.375366
5.365374
5.360989
5.359314
5.356327
5.356327
5.309189
5.288357
5.288146
5.282928
5.279877
5.275197
5.269122
5.249328
5.249328
5.248150
5.236727
5.232512
5.218506
5.186420
5.168308
5.159652
5.156572
5.156572
5.153332
5.153332
5.148950
5.144464
5.099717
5.087621
5.083720
5.080140
5.071656
5.061540
5.057369
5.006053
5.001951
5.001951
4.999053
4.980200
4.968974
4.959369
4.942568
4.922367
4.917544
4.909754
4.879366
4.879366
4.871647
4.869466
4.862609
4.860597
4.859522
4.848135
4.843848
4.843848
4.832926
4.815869
4.815869
4.795184
4.785107
4.777326
4.768834
4.764121
4.756835
4.754456
4.733714
4.733714
4.715255
4.709350
4.706235
4.696620
4.686217
4.682020
4.668499
4.658621
4.649830
4.649830
4.626657
4.614353
4.602599
4.586175
4.586175
4.575392
4.572276
4.572276
4.535075
4.531189
4.489854
4.480472
4.480472
4.455247
4.447451
4.429117
4.417653
4.417653
4.415766
4.375701
4.374895
4.371328
4.366354
4.366354
4.366354
4.362709
4.345377
4.336511
4.336511
4.316954
4.308340
4.306694
4.296427
4.296427
4.282925
4.270556
4.268413
4.268413
4.259715
4.231984
4.231102
4.192553
4.173101
4.173101
4.173101
4.172103
4.170344
4.169320
4.169048
4.143738
4.126621
4.124311
4.123767
4.099411
4.094671
4.081570
4.074959
4.052667
4.040375
4.033187
4.027794
4.003650
3.993987
3.987891
3.966579
3.963938
3.956867
3.954651
3.943867
3.943867
3.941314
3.938594
3.930411
3.924432
3.896071
3.890117
3.886373
3.886373
3.882858
3.867311
3.867311
3.855709
3.828185
3.810484
3.810484
3.810484
3.810484
3.794721
3.773650
3.773650
3.773650
3.773650
3.764853
3.752437
3.752236
3.745506
3.720728
3.712902
3.663001
3.658845
3.658845
3.656798
3.656798
3.655546
3.632256
3.628394
3.624749
3.621784
3.621784
3.600426
3.598310
3.586820
3.586820
3.579298
3.554852
3.548779
3.548779
3.539310
3.538075
3.512908
3.508972
3.502847
3.499918
3.496404
3.466389
3.450757
3.450757
3.448634
3.442952
3.440235
3.440235
3.437619
3.436394
3.390020
3.390020
3.389896
3.346495
3.335869
3.331670
3.331540
3.331540
3.315394
3.273261
3.270952
3.270177
3.267460
3.254512
3.254512
3.254512
3.251088
3.249396
3.249396
3.238521
3.231679
3.229103
3.222983
3.220300
3.220299
3.212777
3.204859
3.203369
3.199413
3.194822
3.193967
3.193967
3.191823
3.181283
3.181283
3.168139
3.164642
3.160736
3.140781
3.138613
3.138613
3.134091
3.114713
3.114713
3.099138
3.097014
3.077302
3.076315
3.075895
3.075895
3.070080
3.068541
3.068541
3.064268
3.062247
3.038324
3.030240
3.026419
3.024783
3.024783
3.004790
3.002179
2.998827
2.998827
2.995955
2.985050
2.979875
2.968692
2.968650
2.964890
2.964890
2.962590
2.962174
2.962174
2.962174
2.962174
2.954203
2.953506
2.948755
2.944669
2.934690
2.930465
2.928158
2.891653
2.891653
2.883177
2.875569
2.854810
2.842886
2.842886
2.842886
2.838144
2.838144
2.832281
2.832125
2.796932
2.796239
2.796239
2.796239
2.757466
2.745879
2.731199
2.679086
2.655118
2.648633
2.648633
2.642491
2.625957
2.625957
2.623742
2.623742
2.623742
2.623742
2.617116
2.616812
2.616812
2.592213
2.577946
2.572220
2.561947
2.555567
2.548676
2.523563
2.515490
2.515490
2.512615
2.483596
2.483293
2.469027
2.469027
2.469027
2.469027
2.464130
2.452288
2.452288
2.435000
2.432320
2.432320
2.432320
2.432320
2.430012
2.430012
2.412846
2.412846
2.412846
2.412846
2.412846
2.404693
2.401096
2.400683
2.400683
2.400683
2.395955
2.395955
2.390984
2.388720
2.388720
2.387055
2.369513
2.369362
2.369362
2.369362
2.369362
2.366435
2.366435
2.331849
2.331517
2.331517
2.331517
2.331517
2.327241
2.327241
2.320852
2.320852
2.320852
2.319286
2.319286
2.319286
2.319286
2.316186
2.316186
2.313652
2.310071
2.310071
2.307383
2.307383
2.307383
2.307383
2.304913
2.304913
2.284247
2.284247
2.231661
2.231661
2.231468
2.231296
2.231296
2.230188
2.220378
2.211203
2.210728
2.209637
2.208751
2.193793
2.193610
2.193610
2.169745
2.169745
2.164280
2.164280
2.164280
2.150847
2.146543
2.146346
2.141244
2.141244
2.139263
2.136186
2.136186
2.134110
2.134110
2.131550
2.128531
2.120867
2.109398
2.107277
2.107277
2.105867
2.105795
2.091348
2.091348
2.084136
2.080582
2.079567
2.079456
2.076431
2.076311
2.074194
2.074194
2.058075
2.048743
2.042167
2.042167
2.042167
2.042167
2.042167
2.042167
2.034632
2.034632
2.034632
2.027671
2.027671
2.027634
2.026737
2.026737
2.026737
2.022479
2.009987
2.009987
2.009987
2.009987
2.008684
2.004241
2.004241
2.002529
2.001834
1.991802
1.991802
1.991685
1.991685
1.991666
1.991666
1.989965
1.987660
1.987660
1.978131
1.978131
1.975701
1.959481
1.959481
1.951569
1.950430
1.947112
1.944145
1.943595
1.943479
1.943479
1.940921
1.939679
1.936437
1.928841
1.914838
1.914838
1.902758
1.902758
1.896531
1.896531
1.893752
1.893752
1.893752
1.892388
1.886920
1.885815
1.885691
1.880104
1.880104
1.873386
1.869052
1.868561
1.858366
1.847124
1.845325
1.833176
1.829042
1.824290
1.821285
1.821285
1.817701
1.817338
1.817338
1.811167
1.811099
1.811099
1.810469
1.807548
1.796656
1.788107
1.788107
1.781618
1.781618
1.770031
1.759393
1.719037
1.719037
1.717552
1.715675
1.713733
1.709837
1.703762
1.690887
1.690887
1.690805
1.688571
1.675414
1.668618
1.667163
1.666976
1.666976
1.666976
1.653683
1.653252
1.644988
1.643414
1.633387
1.632246
1.630310
1.630310
1.621327
1.621327
1.621327
1.621327
1.620501
1.602413
1.591787
1.590814
1.590814
1.590496
1.590496
1.574354
1.574354
1.573274
1.573274
1.573274
1.573219
1.560214
1.553642
1.552797
1.552797
1.552528
1.552528
1.547856
1.547215
1.547215
1.547215
1.527833
1.527833
1.527777
1.527777
1.527777
1.517860
1.515801
1.515721
1.515070
1.515070
1.514231
1.514231
1.512897
1.512897
1.502254
1.502254
1.502254
1.494924
1.494773
1.494648
1.494608
1.494568
1.494016
1.486666
1.486560
1.486560
1.481032
1.471288
1.471288
1.471288
1.471288
1.471288
1.465289
1.464300
1.454780
1.453302
1.453302
1.453302
1.445034
1.445034
1.440558
1.440558
1.440558
1.434389
1.434389
1.433450
1.426491
1.424345
1.424345
1.422323
1.421826
1.421826
1.421826
1.405193
1.405193
1.405193
1.398148
1.395525
1.395525
1.368981
1.368981
1.368981
1.367075
1.366766
1.354393
1.354393
1.354393
1.352508
1.348863
1.348863
1.340972
1.340972
1.335979
1.334952
1.334606
1.329848
1.323739
1.317824
1.317600
1.316926
1.316926
1.316797
1.314193
1.313427
1.313427
1.304659
1.289895
1.289895
1.289895
1.286170
1.286170
1.280774
1.280774
1.280774
1.267566
1.258144
1.255905
1.239900
1.239900
1.212936
1.202030
1.183452
1.174946
1.174946
1.172444
1.172444
1.172444
1.168727
1.168727
1.158512
1.141527
1.141335
1.140658
1.140278
1.123137
1.123137
1.123137
1.122217
1.122217
1.120173
1.110797
1.108877
1.108877
1.102711
1.102711
1.102711
1.093248
1.093248
1.088281
1.078208
1.078208
1.078208
1.078208
1.078208
1.074209
1.074209
1.059030
1.059030
1.035315
1.034049
1.034049
1.034049
1.034049
1.034049
1.026511
1.026511
1.026511
1.026511
1.026511
1.026511
1.015866
1.005951
0.993944
0.993944
0.993934
0.993934
0.975345
0.972804
0.955982
0.955982
0.949204
0.949204
0.945924
0.945924
0.945514
0.945514
0.942806
0.938137
0.934846
0.934846
0.934846
0.934846
0.934846
0.934433
0.934433
0.932848
0.930166
0.927352
0.925765
0.923539
0.923515
0.923515
0.902150
0.902150
0.902150
0.902150
0.902150
0.902150
0.902150
0.893735
0.893735
0.893735
0.883398
0.860743
0.854468
0.854468
0.854468
0.854468
0.854065
0.854065
0.854065
0.854065
0.854065
0.854065
0.854065
0.852001
0.852001
0.852001
0.840438
0.823487
0.823487
0.810863
0.810863
0.797538
0.797538
0.791023
0.790590
0.790590
0.788345
0.788345
0.779749
0.777045
0.777045
0.774433
0.774433
0.774433
0.774433
0.774433
0.774253
0.773810
0.773810
0.773810
0.773810
0.760315
0.760315
0.760135
0.759223
0.759223
0.743721
0.743721
0.735938
0.733507
0.733507
0.733507
0.733507
0.718392
0.716431
0.716431
0.715329
0.715209
0.715209
0.702754
0.702510
0.702510
0.702038
0.696554
0.696554
0.696554
0.674982
0.674982
0.674982
0.674701
0.674701
0.674701
0.674701
0.674701
0.674701
0.673803
0.673803
0.673803
0.673803
0.666109
0.666109
0.666109
0.666109
0.660649
0.660649
0.660053
0.660053
0.659484
0.653866
0.653866
0.653866
0.653866
0.653866
0.631928
0.629258
0.629258
0.627938
0.627938
0.627938
0.627938
0.627350
0.609458
0.609458
0.605406
0.596951
0.596951
0.596951
0.594840
0.594840
0.594190
0.594190
0.594190
0.594190
0.593453
0.588388
0.588388
0.588388
0.588388
0.588388
0.588152
0.588152
0.583808
0.583808
0.583808
0.583808
0.574271
0.574271
0.573758
0.564031
0.564031
0.564031
0.551875
0.551875
0.551875
0.541632
0.541632
0.541632
0.524909
0.524909
0.524909
0.524909
0.516265
0.514745
0.512709
0.512414
0.512414
0.511650
0.507592
0.507592
0.502777
0.502777
0.502160
0.502160
0.502160
0.502160
0.502160
0.502160
0.496303
0.496303
0.496303
0.496303
0.496303
0.496303
0.496303
0.496303
0.490973
0.490973
0.490973
0.490973
0.490973
0.490973
0.475345
0.475345
0.449128
0.443990
0.436667
0.435472
0.435472
0.435472
0.434197
0.430483
0.428815
0.428815
0.427576
0.426050
0.425508
0.425508
0.425508
0.425508
0.425508
0.425508
0.425508
0.425508
0.425508
0.425508
0.425508
0.425508
0.425508
0.425508
0.421502
0.421502
0.421502
0.418445
0.413131
0.410372
0.410372
0.410372
0.410372
0.410372
0.410372
0.410131
0.410131
0.408034
0.408034
0.403225
0.403225
0.403225
0.400994
0.400994
0.400994
0.400994
0.400994
0.399912
0.398352
0.398352
0.398352
0.398352
0.397574
0.397574
0.397574
0.397574
0.397574
0.397072
0.396603
0.396288
0.364522
0.364522
0.364522
0.364522
0.364522
0.364522
0.364270
0.362347
0.362347
0.361735
0.358329
0.358329
0.358329
0.358329
0.357555
0.357555
0.357555
0.357555
0.355660
0.355660
0.355660
0.355303
0.355303
0.355303
0.355012
0.355012
0.355012
0.355012
0.355012
0.350963
0.350963
0.350963
0.350963
0.350963
0.350963
0.350963
0.350963
0.350963
0.350963
0.350963
0.350963
0.350963
0.350963
0.350963
0.350421
0.350421
0.350421
0.348882
0.348882
0.348882
0.348882
0.346623
0.346623
0.346296
0.345037
0.344036
0.344036
0.344036
0.343825
0.343825
0.343823
0.343823
0.343823
0.343823
0.338404
0.337267
0.337267
0.337117
0.337117
0.337117
0.337117
0.337117
0.336148
0.336148
0.336148
0.336148
0.336148
0.336148
0.335787
0.334885
0.334885
0.334885
0.334885
0.334885
0.334885
0.334885
0.330836
0.330836
0.330836
0.330836
0.330836
0.330836
0.330836
0.330836
0.330836
0.330287
0.330287
0.330287
0.330287
0.330287
0.330287
0.330287
0.330287
0.329223
0.329223
0.328280
0.328280
0.328280
0.328280
0.328280
0.328280
0.328280
0.328280
0.328280
0.328280
0.325507
0.325507
0.325507
0.325507
0.325507
0.325507
0.322564
0.321911
0.321911
0.321911
0.321911
0.315907
0.315907
0.315907
0.315907
0.315637
0.315452
0.315452
0.308563
0.306473
0.305239
0.305239
0.305239
0.304716
0.304716
0.304716
0.304716
0.276661
0.276661
0.274675
0.274675
0.274675
0.274675
0.273503
0.273503
0.273503
0.273503
0.273503
0.273503
0.273503
0.273503
0.272202
0.272202
0.272202
0.270664
0.270664
0.270664
0.270664
0.270664
0.270664
0.270664
0.270664
0.270664
0.270664
0.269918
0.269918
0.269027
0.269027
0.264044
0.263511
0.263511
0.263487
0.263487
0.263487
0.263487
0.263487
0.263487
0.263487
0.263487
0.263487
0.263487
0.263487
0.263487
0.262317
0.261904
0.261904
0.261904
0.261904
0.261904
0.261904
0.261904
0.261370
0.261370
0.261370
0.261370
0.261370
0.261370
0.261370
0.261370
0.261370
0.261370
0.261370
0.261370
0.260560
0.260560
0.260560
0.260560
0.260271
0.260271
0.260271
0.260271
0.259863
0.259863
0.259863
0.259863
0.259863
0.259863
0.257428
0.257428
0.257428
0.257403
0.257403
0.257403
0.257403
0.257403
0.257403
0.257403
0.257403
0.257403
0.257403
0.256329
0.256329
0.256329
0.256329
0.256329
0.255387
0.255387
0.255387
0.255387
0.249494
0.249494
0.249079
0.249079
0.249079
0.249079
0.249079
0.249079
0.249079
0.249079
0.249079
0.249079
0.249079
0.247616
0.247061
0.247061
0.247061
0.247061
0.247061
0.247061
0.247061
0.247061
0.244607
0.244607
0.244607
0.244607
0.244607
0.244607
0.244607
0.244607
0.244607
0.244607
0.244607
0.244607
0.244607
0.243095
0.243095
0.243095
0.240858
0.240858
0.240178
0.240178
0.239177
0.239177
0.239177
0.239177
0.238179
0.236896
0.236896
0.234044
0.234044
0.229234
0.229234
0.229234
0.224198
0.224118
0.224118
0.224118
0.224118
0.223925
0.223925
0.223925
0.223925
0.222491
0.222491
0.222491
0.222491
0.222491
0.222491
0.222491
0.222491
0.222491
0.222491
0.221763
0.221763
0.221763
0.221173
0.221173
0.220850
0.216664
0.216178
0.216098
0.216098
0.216098
0.216098
0.216098
0.216098
0.216098
0.215053
0.215053
0.215053
0.215053
0.214850
0.214850
0.214850
0.210235
0.210235
0.210235
0.210235
0.210235
0.210235
0.208017
0.207935
0.207935
0.207392
0.207392
0.207392
0.207392
0.207392
0.207392
0.207392
0.207392
0.207392
0.207392
0.207392
0.207392
0.207392
0.207392
0.207392
0.206766
0.206766
0.206766
0.206766
0.206766
0.206766
0.206766
0.206766
0.206766
0.206766
0.206766
0.204955
0.204955
0.204955
0.204955
0.204955
0.204955
0.204955
0.204955
0.204955
0.202849
0.202849
0.202174
0.202174
0.202174
0.202174
0.202174
0.202174
0.202174
0.200645
0.199750
0.199103
0.199103
0.199103
0.199103
0.198584
0.191336
0.190831
0.189319
0.187456
0.187374
0.187374
0.186057
0.186057
0.185297
0.185202
0.185202
0.184744
0.184744
0.184744
0.184744
0.184744
0.184744
0.184744
0.184744
0.183620
0.183620
0.183449
0.183132
0.183132
0.183132
0.183132
0.183132
0.183132
0.182052
0.182052
0.182052
0.181895
0.181865
0.181865
0.181735
0.181096
0.181096
0.180687
0.179968
0.178533
0.178523
0.178011
0.177327
0.177327
0.177327
0.177327
0.177327
0.177327
0.177327
0.177251
0.177251
0.177251
0.177251
0.177251
0.177251
0.177251
0.177251
0.177251
0.177251
0.177251
0.177251
0.177251
0.177251
0.165055
0.165055
0.165055
0.165055
0.164777
0.164777
0.164777
0.164777
0.164777
0.164623
0.164623
0.164623
0.164623
0.164623
0.164623
0.163668
0.163668
0.163668
0.163318
0.162813
0.162813
0.162697
0.162583
0.162583
0.162583
0.162583
0.162583
0.162583
0.162583
0.162583
0.162583
0.162583
0.162583
0.162583
0.162583
0.162583
0.162583
0.162583
0.162583
0.162209
0.162209
0.162209
0.162209
0.162209
0.162209
0.162209
0.161405
0.159998
0.159998
0.158994
0.158994
0.157626
0.157626
0.157129
0.157117
0.156225
0.156225
0.156225
0.156225
0.156225
0.156225
0.154792
0.154792
0.154792
0.154792
0.154792
0.154792
0.154792
0.154792
0.154792
0.154792
0.153944
0.153944
0.153944
0.153944
0.153944
0.153538
0.153538
0.153538
0.153538
0.153538
0.153538
0.153538
0.153538
0.153538
0.153538
0.153538
0.153538
0.153538
0.153538
0.153538
0.153538
0.153538
0.153538
0.153538
0.153538
0.153538
0.153538
0.152180
0.152180
0.152180
0.152077
0.152077
0.152077
0.152077
0.152077
0.152077
0.152077
0.152077
0.152077
0.152077
0.152077
0.152077
0.151699
0.151699
0.151699
0.149838
0.149838
0.149838
0.149838
0.149838
0.149838
0.149397
0.149397
0.149334
0.149334
0.149334
0.149229
0.149143
0.148733
0.148733
0.148733
0.148733
0.148733
0.148733
0.148733
0.148733
0.148733
0.148733
0.148733
0.148733
0.148733
0.148291
0.148291
0.148291
0.148291
0.148291
0.148291
0.148291
0.148291
0.148097
0.148097
0.147983
0.147927
0.147831
0.147831
0.147831
0.145028
0.145028
0.145028
0.145028
0.144095
0.144056
0.143847
0.143847
0.143847
0.143847
0.143847
0.143791
0.143666
0.143666
0.143666
0.143666
0.143666
0.143666
0.143666
0.143666
0.143664
0.141150
0.141021
0.140562
0.140562
0.140562
0.140561
0.140561
0.140401
0.140401
0.138852
0.138831
0.138831
0.138831
0.138831
0.138831
0.137997
0.137997
0.137997
0.137886
0.137871
0.137871
0.137871
0.137871
0.137871
0.137871
0.137871
0.137871
0.137696
0.137696
0.137696
0.137675
0.137675
0.137374
0.137374
0.137374
0.137374
0.137374
0.137374
0.137374
0.137374
0.137374
0.137374
0.137374
0.137374
0.137374
0.137369
0.137369
0.137369
0.137369
0.137369
0.137369
0.137369
0.137369
0.137318
0.137318
0.137318
0.133896
0.133780
0.133780
0.133780
0.133780
0.133780
0.133780
0.133780
0.132480
0.132480
0.132480
0.132480
0.132447
0.132447
0.132447
0.132447
0.132447
0.132447
0.132447
0.132447
0.132447
0.132447
0.132447
0.132447
0.132447
0.132447
0.132447
0.132447
0.132447
0.132447
0.132447
0.132447
0.132447
0.132447
0.132447
0.132447
0.132447
0.132447
0.132447
0.132447
0.132447
0.132447
0.132447
0.132447
0.132447
0.132447
0.132447
0.132447
0.132447
0.132447
0.132447
0.132447
0.132447
0.132447
0.132447
0.132447
0.132447
0.132390
0.132390
0.132390
0.132390
0.132390
0.132390
0.132390
0.132390
0.132390
0.132390
0.132390
0.132390
0.132390
0.132390
0.131125
0.131125
0.131125
0.131125
0.131125
0.131125
0.131125
0.131125
0.131125
0.131125
0.131125
0.131125
0.131125
0.130459
0.130459
0.130459
0.130459
0.130459
0.130424
0.130424
0.129338
0.129338
0.129142
0.129142
0.129142
0.129142
0.129142
0.129142
0.129142
0.129142
0.129142
0.129142
0.129142
0.129142
0.129142
0.129142
0.129142
0.129142
0.129142
0.129114
0.129114
0.129114
0.129114
0.129073
0.128921
0.128921
0.128921
0.128921
0.128921
0.128921
0.128727
0.128727
0.128727
0.125598
0.125598
0.125598
0.125269
0.125269
0.125269
0.125073
0.125073
0.125073
0.125073
0.125073
0.125073
0.125073
0.125073
0.125073
0.124901
0.124901
0.124064
0.124005
0.124005
0.124005
0.124005
0.124005
0.124005
0.124005
0.124005
0.124005
0.124005
0.124005
0.124005
0.124005
0.124005
0.124005
0.124005
0.124005
0.123364
0.123364
0.123364
0.123364
0.123364
0.123364
0.123364
0.123364
0.123364
0.123364
0.123364
0.123364
0.123364
0.123364
0.123364
0.123364
0.123364
0.123327
0.123327
0.123130
0.123130
0.123130
0.123130
0.123130
0.123130
0.123130
0.123130
0.123130
0.122816
0.122816
0.122816
0.122816
0.122816
0.122791
0.122791
0.122791
0.122791
0.122791
0.122791
0.122596
0.122596
0.122596
0.122596
0.122596
0.119001
0.119001
0.119001
0.118710
0.118710
0.118710
0.118710
0.118710
0.118710
0.118710
0.118710
0.118710
0.118187
0.118187
0.118187
0.118187
0.118187
0.118187
0.118187
0.118187
0.118133
0.117794
0.117794
0.117794
0.117794
0.117794
0.117794
0.117794
0.117794
0.117794
0.117794
0.117669
0.117518
0.117518
0.117518
0.117518
0.117518
0.117518
0.117518
0.117319
0.117319
0.117237
0.117237
0.117237
0.117237
0.117237
0.117237
0.117237
0.117237
0.117237
0.117215
0.117215
0.117215
0.116926
0.116926
0.116926
0.116926
0.116926
0.116926
0.116926
0.116926
0.116926
0.115069
0.115069
0.115069
0.115069
0.115069
0.115069
0.115069
0.115069
0.115069
0.115069
0.115069
0.115069
0.115069
0.113076
0.113076
0.112764
0.112764
0.112764
0.112764
0.112764
0.112764
0.112764
0.112764
0.112764
0.112764
0.112764
0.112764
0.112764
0.112764
0.112764
0.112764
0.112764
0.112764
0.112764
0.112429
0.112429
0.112346
0.112346
0.111352
0.108870
0.108870
0.108870
0.108870
0.108549
0.108549
0.108549
0.108549
0.108549
0.108549
0.108456
0.108456
0.108097
0.108097
0.108004
0.108004
0.108004
0.108004
0.108004
0.108004
0.108004
0.108004
0.108004
0.107947
0.107947
0.107947
0.107655
0.107655
0.107655
0.107655
0.107655
0.107655
0.107655
0.105986
0.105986
0.105986
0.105986
0.105986
0.105986
0.105986
0.105986
0.105986
0.104900
0.104900
0.104886
0.104886
0.104886
0.104886
0.104886
0.104886
0.104886
0.104886
0.104886
0.104886
0.104886
0.104886
0.104886
0.104886
0.104636
0.104636
0.104636
0.104636
0.104636
0.104636
0.104636
0.104636
0.104636
0.104636
0.104636
0.104636
0.104636
0.104636
0.104635
0.104635
0.104635
0.104635
0.104635
0.104635
0.104635
0.104635
0.104635
0.104635
0.104635
0.104635
0.104635
0.104509
0.104509
0.104509
0.104509
0.104509
0.104509
0.104509
0.104509
0.104509
0.104509
0.104509
0.104509
0.104509
0.104509
0.104509
0.103349
0.103349
0.103337
0.103337
0.103337
0.103337
0.103337
0.103337
0.103337
0.103337
0.103337
0.103337
0.103337
0.103337
0.103337
0.103337
0.103200
0.103200
0.103182
0.103182
0.103182
0.103182
0.103182
0.103182
0.103085
0.103085
0.103085
0.103085
0.103085
0.103085
0.102750
0.102750
0.102750
0.102750
0.102750
0.102558
0.102558
0.102558
0.102558
0.102558
0.102558
0.102558
0.102558
0.102558
0.102558
0.102558
0.102558
0.102558
0.102558
0.102558
0.102558
0.102558
0.102558
0.102558
0.102558
0.100368
0.100368
0.099768
0.099768
0.099768
0.099768
0.099768
0.099768
0.099768
0.099768
0.099768
0.099768
0.099768
0.096672
0.096672
0.095815
0.095815
0.095815
0.095815
0.095815
0.095815
0.095815
0.095815
0.095815
0.095815
0.095815
0.094504
0.094477
0.094477
0.094477
0.094477
0.094477
0.094477
0.094079
0.094079
0.094079
0.094079
0.094079
0.094079
0.094079
0.094079
0.094079
0.094079
0.094079
0.094079
0.094079
0.094079
0.093366
0.093366
0.093366
0.093366
0.092295
0.092295
0.092295
0.092295
0.092250
0.092250
0.092250
0.092250
0.091299
0.091299
0.091299
0.091299
0.091299
0.091299
0.091299
0.091299
0.091299
0.091299
0.091299
0.091299
0.091299
0.091299
0.091299
0.091299
0.091299
0.091299
0.091299
0.091299
0.091299
0.091299
0.091299
0.091299
0.091299
0.091288
0.089780
0.089780
0.089780
0.089780
0.089780
0.089780
0.089780
0.089780
0.089780
0.089780
0.089780
0.089780
0.089384
0.089384
0.089384
0.089384
0.089384
0.088621
0.088621
0.088621
0.088621
0.088621
0.088605
0.088605
0.088605
0.088605
0.088604
0.088604
0.088604
0.088604
0.088604
0.088432
0.088432
0.088103
0.088103
0.088103
0.088103
0.088103
0.088103
0.088103
0.088103
0.088103
0.088103
0.088103
0.088103
0.088103
0.088103
0.088103
0.088103
0.088103
0.088103
0.088103
0.087684
0.087684
0.087684
0.087684
0.087684
0.087684
0.087684
0.087684
0.087582
0.087582
0.087582
0.087582
0.087582
0.087582
0.087582
0.087582
0.087582
0.087582
0.087582
0.087582
0.087353
0.087353
0.087305
0.087305
0.087305
0.087305
0.087305
0.087195
0.087195
0.087195
0.087195
0.087195
0.087195
0.087195
0.087195
0.087195
0.087195
0.087195
0.087195
0.087195
0.087195
0.087195
0.087195
0.087195
0.087195
0.087195
0.087195
0.087195
0.087195
0.087195
0.087195
0.087195
0.087195
0.087195
0.087195
0.087195
0.087195
0.087195
0.087195
0.087195
0.087195
0.087195
0.086292
0.086292
0.086292
0.086292
0.086292
0.086292
0.086292
0.086292
0.086292
0.086292
0.086292
0.086292
0.086292
0.086292
0.086292
0.086292
0.086292
0.086292
0.086292
0.086292
0.086292
0.086292
0.086292
0.086292
0.086292
0.086292
0.086292
0.086292
0.086292
0.086292
0.086153
0.086153
0.086153
0.086153
0.086153
0.085397
0.085397
0.085397
0.085397
0.085165
0.085165
0.085165
0.085165
0.085165
0.085165
0.085165
0.085165
0.084984
0.084969
0.084029
0.084029
0.084029
0.084029
0.084029
0.084029
0.084010
0.084010
0.084010
0.083948
0.083948
0.083948
0.083948
0.083948
0.083948
0.083948
0.083627
0.083627
0.083627
0.083627
0.083627
0.083627
0.083306
0.083306
0.083306
0.083306
0.083292
0.083292
0.083292
0.083292
0.083292
0.083292
0.083292
0.083278
0.083278
0.083278
0.083278
0.083278
0.083271
0.083271
0.083271
0.083271
0.083271
0.083271
0.083271
0.083271
0.083271
0.083271
0.083124
0.083124
0.083124
0.083124
0.083124
0.083124
0.083124
0.083124
0.083124
0.083124
0.083110
0.083110
0.083110
0.083110
0.083110
0.083110
0.083110
0.083110
0.083110
0.083110
0.083110
0.083110
0.083110
0.083110
0.083110
0.083108
0.083108
0.082890
0.082370
0.082370
0.082370
0.082370
0.082370
0.082370
0.082370
0.082370
0.082370
0.082370
0.082280
0.082280
0.082280
0.082280
0.082280
0.082280
0.082280
0.082280
0.082180
0.082180
0.082180
0.082180
0.082180
0.082180
0.082180
0.082180
0.082175
0.082175
0.082175
0.082175
0.082175
0.082175
0.082175
0.082175
0.082175
0.082175
0.082175
0.082175
0.082175
0.082175
0.082175
0.082175
0.082175
0.082175
0.082175
0.082175
0.082175
0.082175
0.082175
0.082175
0.082175
0.082026
0.082026
0.082026
0.082026
0.082026
0.082026
0.082026
0.082026
0.082026
0.082026
0.082026
0.082026
0.082026
0.082026
0.082026
0.082026
0.082026
0.082026
0.082026
0.082026
0.081536
0.081098
0.081098
0.081098
0.081098
0.080944
0.080944
0.080944
0.080944
0.080944
0.080944
0.080944
0.080944
0.080944
0.080944
0.080944
0.080944
0.080944
0.080944
0.080944
0.080944
0.080944
0.080944
0.080944
0.080944
0.080310
0.080310
0.080310
0.080310
0.080310
0.080310
0.080310
0.080310
0.080310
0.080310
0.080310
0.080310
0.080310
0.080310
0.080310
0.080310
0.080310
0.080310
0.080310
0.080310
0.080310
0.080310
0.080310
0.080310
0.080310
0.080310
0.080310
0.080310
0.080310
0.080310
0.080310
0.079739
0.079739
0.079739
0.079568
0.079568
0.079568
0.079568
0.079568
0.079568
0.079568
0.079568
0.079568
0.079568
0.079568
0.079568
0.079568
0.079568
0.079568
0.079568
0.078698
0.078698
0.078623
0.078623
0.078623
0.078623
0.078623
0.078623
0.078623
0.078623
0.078623
0.078623
0.078623
0.078623
0.078623
0.078398
0.078398
0.078398
0.078398
0.078398
0.078398
0.078223
0.078223
0.078223
0.078223
0.078223
0.078223
0.078223
0.078223
0.078223
0.078223
0.078223
0.078223
0.078223
0.078223
0.078223
0.078223
0.078183
0.078183
0.078183
0.078183
0.078183
0.078183
0.078183
0.078183
0.078183
0.078183
0.078183
0.078183
0.078183
0.078137
0.078137
0.078137
0.078137
0.078137
0.078137
0.078137
0.078137
0.078137
0.078137
0.078137
0.078137
0.078137
0.078137
0.077818
0.077818
0.077818
0.077771
0.077771
0.077771
0.077771
0.077771
0.077771
0.077739
0.077523
0.077523
0.077516
0.077492
0.077492
0.077492
0.077492
0.077492
0.077492
0.077492
0.077492
0.077492
0.077492
0.077492
0.077492
0.077492
0.077492
0.077492
0.077492
0.077492
0.077492
0.077437
0.077214
0.077214
0.077214
0.077134
0.077134
0.077134
0.077134
0.077134
0.076914
0.076914
0.076914
0.076914
0.076914
0.076914
0.076914
0.076914
0.076914
0.076360
0.076360
0.076360
0.076360
0.076360
0.076360
0.076360
0.076360
0.076360
0.076360
0.076360
0.076360
0.076360
0.076360
0.076180
0.076180
0.076180
0.075665
0.075665
0.075665
0.075665
0.075665
0.075665
0.075665
0.075665
0.075209
0.075107
0.075107
0.075107
0.075107
0.075107
0.075107
0.075107
0.075107
0.075107
0.075107
0.075107
0.075107
0.074829
0.074829
0.074829
0.074829
0.074829
0.074829
0.074829
0.074829
0.074829
0.074829
0.074829
0.074829
0.074829
0.074829
0.074829
0.074829
0.074829
0.074829
0.074829
0.074829
0.074829
0.074690
0.074690
0.074690
0.074620
0.074620
0.074620
0.074597
0.074597
0.074597
0.074585
0.074585
0.074585
0.074585
0.074585
0.074538
0.073901
0.073901
0.073901
0.073901
0.073901
0.073616
0.073616
0.073616
0.073616
0.073616
0.073616
0.073616
0.073594
0.073594
0.073594
0.073594
0.073594
0.073594
0.073594
0.073594
0.073594
0.073524
0.073524
0.073524
0.073524
0.073524
0.073524
0.073524
0.073524
0.073524
0.073524
0.072669
0.072614
0.072614
0.072614
0.072614
0.072589
0.072520
0.072520
0.072520
0.072520
0.072520
0.072520
0.072520
0.072520
0.072520
0.072469
0.072469
0.072469
0.072469
0.072469
0.072469
0.072469
0.072469
0.072469
0.072469
0.072171
0.072171
0.072171
0.072171
0.072171
0.072171
0.072171
0.072171
0.072171
0.072171
0.072171
0.072171
0.072171
0.072171
0.072171
0.072171
0.071967
0.071967
0.071967
0.071967
0.071960
0.071960
0.071960
0.071960
0.071960
0.071960
0.071774
0.071774
0.071774
0.071774
0.071774
0.071771
0.071771
0.071771
0.071355
0.071355
0.071355
0.071355
0.071355
0.071355
0.071355
0.071355
0.071355
0.071355
0.071355
0.071355
0.071236
0.071236
0.071236
0.071236
0.071236
0.071236
0.071236
0.071236
0.071236
0.071236
0.071236
0.071236
0.071236
0.071236
0.071232
0.071232
0.071232
0.070858
0.070858
0.070858
0.070858
0.070858
0.069778
0.069778
0.069778
0.069778
0.069778
0.069778
0.069778
0.069778
0.069778
0.069778
0.069744
0.069744
0.069744
0.069744
0.069744
0.069744
0.069744
0.068318
0.068318
0.068264
0.068264
0.068264
0.068264
0.068264
0.068264
0.068264
0.068264
0.067216
0.067216
0.067216
0.067216
0.067216
0.067216
0.067216
0.067216
0.067216
0.067216
0.067216
0.067216
0.067216
0.067216
0.067084
0.067084
0.067084
0.067084
0.067084
0.067084
0.067084
0.067084
0.067084
0.066830
0.066830
0.066830
0.066830
0.066830
0.066830
0.066830
0.066783
0.066783
0.066783
0.066783
0.066783
0.066783
0.066783
0.066783
0.066783
0.066783
0.066783
0.066783
0.066783
0.066783
0.066783
0.066783
0.066783
0.066783
0.066783
0.066783
0.066783
0.066783
0.066783
0.066783
0.066783
0.066783
0.066783
0.066783
0.066783
0.066783
0.066783
0.066783
0.066783
0.066783
0.066783
0.066783
0.066783
0.066783
0.066783
0.066783
0.066783
0.066783
0.066783
0.066783
0.066783
0.066783
0.066783
0.066783
0.066783
0.066783
0.066783
0.066717
0.066717
0.066717
0.066717
0.066717
0.066717
0.066717
0.066717
0.066717
0.066717
0.066600
0.066600
0.066600
0.066048
0.066048
0.065915
0.065915
0.065915
0.065915
0.065915
0.065915
0.065915
0.065915
0.065915
0.065915
0.065915
0.065915
0.065915
0.065915
0.065915
0.065915
0.065915
0.065915
0.065915
0.065915
0.065915
0.065915
0.065915
0.065915
0.065915
0.065889
0.065889
0.065889
0.065889
0.065889
0.065889
0.065889
0.065889
0.065889
0.065889
0.065889
0.065889
0.065889
0.065889
0.065889
0.065889
0.065889
0.065474
0.065413
0.065413
0.065413
0.065413
0.065413
0.065413
0.065413
0.065413
0.065413
0.065413
0.065413
0.065413
0.065413
0.065413
0.065413
0.065413
0.065413
0.065413
0.065413
0.065413
0.065413
0.065413
0.065413
0.065413
0.065011
0.065011
0.065011
0.065011
0.065011
0.065011
0.065011
0.065011
0.065011
0.064704
0.064704
0.064646
0.064516
0.064516
0.064516
0.064516
0.064516
0.064516
0.064516
0.064516
0.064516
0.064516
0.064516
0.064516
0.064516
0.064516
0.064516
0.064516
0.064516
0.064516
0.064516
0.064516
0.064516
0.064516
0.064516
0.064516
0.064516
0.064516
0.064516
0.064516
0.064516
0.064516
0.064516
0.064511
0.064511
0.064511
0.064161
0.064161
0.064161
0.064161
0.064161
0.064161
0.064161
0.064161
0.064161
0.064161
0.064161
0.064161
0.064161
0.064142
0.064142
0.064142
0.064142
0.064142
0.064142
0.064142
0.064142
0.064136
0.064136
0.064042
0.064042
0.064042
0.064042
0.064042
0.064042
0.064036
0.064036
0.064036
0.064036
0.064036
0.064036
0.064036
0.064036
0.064036
0.064036
0.064036
0.064036
0.064036
0.064036
0.064036
0.064036
0.064036
0.064036
0.064036
0.064036
0.064036
0.064036
0.064034
0.064034
0.064034
0.064034
0.064034
0.064034
0.064034
0.064034
0.064034
0.064034
0.064034
0.064034
0.064034
0.064034
0.064034
0.064034
0.064034
0.064034
0.064034
0.064034
0.064034
0.063453
0.063453
0.063453
0.063453
0.063453
0.063453
0.063453
0.063453
0.063453
0.063453
0.063453
0.063453
0.063453
0.063453
0.063453
0.063453
0.063449
0.063449
0.063449
0.063449
0.063449
0.063024
0.063024
0.063024
0.063024
0.063024
0.063024
0.063024
0.062985
0.062985
0.062985
0.062985
0.062985
0.062985
0.062985
0.062985
0.062985
0.062705
0.062705
0.062705
0.062270
0.062248
0.062248
0.062248
0.062248
0.062248
0.062217
0.062217
0.062217
0.062217
0.062217
0.062217
0.062057
0.062045
0.062045
0.062045
0.061583
0.061583
0.061583
0.061583
0.061583
0.061583
0.061551
0.061551
0.061551
0.061551
0.061551
0.061551
0.061551
0.061551
0.061551
0.061551
0.061551
0.061551
0.061551
0.061469
0.061430
0.061430
0.061430
0.061430
0.061417
0.061417
0.061417
0.061417
0.061417
0.061417
0.061417
0.061417
0.061417
0.061417
0.061417
0.061417
0.061417
0.061353
0.061353
0.061353
0.061353
0.061353
0.061353
0.061297
0.061297
0.061297
0.061297
0.061229
0.061220
0.061220
0.061220
0.061220
0.061220
0.061220
0.061220
0.061220
0.061220
0.061220
0.061220
0.061220
0.061220
0.061220
0.061220
0.061220
0.061220
0.061220
0.061220
0.061220
0.061220
0.061220
0.061220
0.061220
0.061220
0.061220
0.061220
0.061220
0.061220
0.061156
0.061156
0.061156
0.061103
0.061103
0.061103
0.061103
0.061103
0.061103
0.061103
0.061103
0.061103
0.061103
0.061103
0.061103
0.061103
0.061103
0.060431
0.060319
0.060319
0.060319
0.060319
0.060319
0.060319
0.060319
0.060319
0.060319
0.060319
0.060319
0.060319
0.060319
0.060319
0.060319
0.060319
0.060301
0.060301
0.059827
0.059827
0.059827
0.059827
0.059827
0.059827
0.059827
0.059827
0.059827
0.059827
0.059827
0.059827
0.059827
0.059827
0.059827
0.059827
0.059827
0.059827
0.059827
0.059817
0.059463
0.059463
0.059463
0.059258
0.059136
0.059136
0.059136
0.059136
0.059136
0.059136
0.059136
0.059136
0.059136
0.059136
0.059136
0.059136
0.059136
0.059136
0.059136
0.059136
0.059136
0.059136
0.059136
0.059077
0.059077
0.059077
0.059077
0.059077
0.059077
0.059077
0.059077
0.059077
0.059071
0.059071
0.059071
0.059071
0.059071
0.059071
0.059071
0.059071
0.059071
0.059071
0.059071
0.059071
0.059071
0.059071
0.059071
0.059071
0.059071
0.059071
0.059071
0.059071
0.059071
0.059071
0.059071
0.059071
0.059071
0.059071
0.059071
0.059071
0.059071
0.059071
0.059071
0.059071
0.059071
0.059046
0.059046
0.059046
0.059046
0.059046
0.059046
0.059046
0.059046
0.059046
0.059046
0.059046
0.059046
0.059046
0.059046
0.059046
0.059046
0.059046
0.059046
0.059046
0.059046
0.059046
0.059046
0.059046
0.059046
0.059046
0.059046
0.059046
0.059046
0.059046
0.059046
0.059046
0.059046
0.059046
0.059046
0.059046
0.059046
0.059046
0.059046
0.059046
0.059046
0.059046
0.059046
0.059046
0.059046
0.059046
0.059046
0.059046
0.058639
0.058639
0.058639
0.058639
0.058639
0.058639
0.058639
0.058639
0.058639
0.058639
0.058639
0.058639
0.058639
0.058639
0.058639
0.058639
0.058639
0.058639
0.058639
0.058506
0.058506
0.058506
0.058506
0.058506
0.058506
0.058506
0.058506
0.058432
0.058432
0.058432
0.058432
0.058432
0.058432
0.058432
0.058432
0.058432
0.058432
0.058432
0.058416
0.058416
0.058416
0.058416
0.058416
0.058416
0.058416
0.058416
0.058416
0.058416
0.058416
0.058416
0.058416
0.058416
0.058416
0.058416
0.058416
0.058416
0.058416
0.058416
0.058416
0.058416
0.058416
0.058416
0.058416
0.058416
0.058416
0.058416
0.058373
0.058373
0.058373
0.058373
0.058373
0.058373
0.058373
0.058301
0.058301
0.058301
0.058301
0.058301
0.058301
0.058301
0.058301
0.058301
0.058301
0.058301
0.058301
0.058301
0.057448
0.057448
0.057448
0.057448
0.057448
0.057448
0.057448
0.057448
0.057448
0.057448
0.057448
0.057372
0.057372
0.057372
0.057372
0.057372
0.057372
0.057372
0.056792
0.056792
0.056792
0.056792
0.056792
0.056792
0.056792
0.056792
0.056792
0.056792
0.056792
0.056792
0.056792
0.056792
0.056792
0.056792
0.056792
0.056792
0.056792
0.056792
0.056792
0.056792
0.056792
0.056792
0.056723
0.056723
0.056723
0.056723
0.056723
0.056723
0.056723
0.056723
0.056723
0.055354
0.055354
0.055354
0.055354
0.055354
0.055354
0.055345
0.055345
0.055345
0.055345
0.055345
0.054856
0.054614
0.054614
0.054614
0.054614
0.054614
0.054614
0.054614
0.054614
0.054320
0.054320
0.054320
0.054240
0.054240
0.054240
0.054240
0.054240
0.054240
0.054240
0.054224
0.054224
0.054224
0.054224
0.054224
0.054224
0.054224
0.054224
0.054224
0.054224
0.054224
0.054224
0.054224
0.054224
0.054224
0.054224
0.054224
0.054224
0.054224
0.054224
0.054224
0.054224
0.054224
0.054224
0.054224
0.054224
0.054224
0.054224
0.054160
0.054160
0.054037
0.054037
0.054037
0.054037
0.054037
0.054037
0.054037
0.054037
0.054037
0.054037
0.054037
0.054037
0.054037
0.054037
0.054037
0.054037
0.054037
0.054037
0.054037
0.054037
0.054037
0.054037
0.054037
0.054037
0.054037
0.054037
0.054037
0.054037
0.053944
0.053944
0.053944
0.053944
0.053944
0.053944
0.053944
0.053944
0.053944
0.053944
0.053944
0.053944
0.053814
0.053814
0.053814
0.053814
0.053814
0.053814
0.053814
0.053814
0.053814
0.053814
0.053813
0.053813
0.053813
0.053813
0.053813
0.053813
0.053813
0.053813
0.053813
0.053813
0.053813
0.053813
0.053813
0.053813
0.053813
0.053813
0.053813
0.053813
0.053813
0.053813
0.053813
0.053813
0.053813
0.053523
0.053523
0.053523
0.053523
0.053523
0.053523
0.053523
0.053246
0.053246
0.053246
0.053246
0.053246
0.053246
0.053246
0.053246
0.053246
0.053246
0.053246
0.053246
0.053246
0.053246
0.053246
0.053246
0.053246
0.053246
0.053246
0.053246
0.053246
0.053246
0.053246
0.053246
0.053070
0.053070
0.053070
0.053070
0.053070
0.053070
0.053070
0.052872
0.052872
0.052872
0.052872
0.052872
0.052872
0.052872
0.052872
0.052872
0.052872
0.052872
0.052869
0.052869
0.052869
0.052869
0.052869
0.052869
0.052869
0.052869
0.052869
0.052869
0.052869
0.052869
0.052869
0.052869
0.052869
0.052869
0.052869
0.052869
0.052869
0.052869
0.052869
0.052869
0.052672
0.052672
0.052672
0.052672
0.052672
0.052672
0.052672
0.052672
0.052672
0.052672
0.052672
0.052672
0.052672
0.052575
0.052434
0.052389
0.052389
0.052389
0.052389
0.052389
0.052389
0.052389
0.052389
0.052389
0.052264
0.052264
0.052264
0.052120
0.052120
0.052120
0.052120
0.052120
0.052120
0.052120
0.052120
0.052120
0.052120
0.052120
0.052120
0.052120
0.052120
0.052120
0.052120
0.052120
0.052120
0.052120
0.052120
0.052120
0.052120
0.052112
0.052112
0.051817
0.051817
0.051817
0.051817
0.051817
0.051817
0.051817
0.051817
0.051817
0.051817
0.051817
0.051817
0.051817
0.051817
0.051817
0.051817
0.051817
0.051817
0.051817
0.051817
0.051817
0.051817
0.051817
0.051817
0.051817
0.051817
0.051817
0.051784
0.051784
0.051784
0.051784
0.051784
0.051784
0.051784
0.051784
0.051591
0.051591
0.051591
0.051591
0.051591
0.051282
0.051282
0.051245
0.051245
0.051245
0.051245
0.051245
0.051245
0.051245
0.051245
0.051245
0.051245
0.051245
0.051245
0.051245
0.051245
0.051245
0.051245
0.051245
0.051245
0.051245
0.051245
0.051245
0.051245
0.051245
0.051245
0.051245
0.051245
0.051245
0.051245
0.051245
0.051245
0.051245
0.051245
0.051245
0.051245
0.051245
0.051245
0.051245
0.051245
0.051245
0.051245
0.051245
0.051245
0.051245
0.051245
0.051245
0.049847
0.049847
0.049847
0.049847
0.049847
0.049847
0.049847
0.049847
0.049709
0.049709
0.049709
0.049709
0.049709
0.049709
0.049709
0.049709
0.049050
0.049050
0.049050
0.049050
0.049050
0.049050
0.049050
0.049050
0.049050
0.049050
0.048024
0.048024
0.048024
0.048024
0.048024
0.048024
0.048024
0.048024
0.048017
0.048017
0.048017
0.048017
0.048017
0.048017
0.048017
0.048017
0.048017
0.048017
0.048013
0.048013
0.048013
0.048013
0.048013
0.048013
0.048013
0.048013
0.048013
0.047934
0.047934
0.047934
0.047934
0.047934
0.047934
0.047934
0.047934
0.047934
0.047934
0.047934
0.047934
0.047934
0.047934
0.047934
0.047934
0.047934
0.047934
0.047934
0.047783
0.047783
0.047783
0.047783
0.047778
0.047778
0.047778
0.047778
0.047778
0.047778
0.047778
0.047778
0.047778
0.047463
0.047463
0.047463
0.047463
0.047463
0.047463
0.047463
0.047463
0.047463
0.047463
0.047463
0.047463
0.047463
0.047463
0.047463
0.047463
0.047463
0.047463
0.047446
0.047446
0.047446
0.047446
0.047446
0.047446
0.047446
0.047446
0.047446
0.047446
0.047446
0.047446
0.047446
0.047446
0.047446
0.047446
0.047446
0.047446
0.047446
0.047446
0.047358
0.047358
0.047358
0.047358
0.047358
0.047358
0.047358
0.047358
0.047358
0.047358
0.047358
0.047358
0.047358
0.047358
0.047358
0.047358
0.047358
0.047358
0.047358
0.047358
0.047358
0.047358
0.047358
0.047358
0.047358
0.047295
0.047295
0.047295
0.047295
0.047295
0.047295
0.047278
0.047278
0.047278
0.047278
0.047278
0.047278
0.047278
0.047190
0.047013
0.047013
0.047013
0.047013
0.047013
0.047013
0.047013
0.047013
0.047013
0.047013
0.047013
0.047013
0.047013
0.047013
0.047013
0.047013
0.047013
0.047013
0.047013
0.047013
0.047013
0.047013
0.047013
0.047013
0.047013
0.047013
0.046799
0.046799
0.046799
0.046799
0.046799
0.046799
0.046570
0.046570
0.046570
0.046570
0.046570
0.046570
0.046570
0.046570
0.046570
0.046570
0.046570
0.046570
0.046570
0.046570
0.046570
0.046570
0.046570
0.046570
0.046570
0.046570
0.046570
0.046570
0.046570
0.046570
0.046570
0.046570
0.046570
0.046570
0.046570
0.046570
0.046570
0.046570
0.046414
0.046414
0.046414
0.046414
0.046404
0.046404
0.046404
0.046404
0.046404
0.046404
0.046404
0.046404
0.046404
0.046404
0.046404
0.046404
0.046404
0.046404
0.046404
0.046404
0.046404
0.046404
0.046404
0.046404
0.046404
0.046404
0.046403
0.046403
0.046403
0.046403
0.046403
0.046403
0.046267
0.046267
0.046267
0.046267
0.046267
0.046267
0.046267
0.046267
0.046267
0.046267
0.046267
0.046267
0.046267
0.046267
0.046267
0.046267
0.046267
0.046267
0.046267
0.046267
0.046267
0.046267
0.046267
0.046267
0.046267
0.046267
0.046267
0.046267
0.046261
0.046261
0.046261
0.046261
0.046261
0.046261
0.046261
0.046261
0.046261
0.046261
0.046261
0.046261
0.046261
0.046261
0.046261
0.046261
0.046261
0.046261
0.046261
0.046261
0.046261
0.046261
0.046261
0.046261
0.046261
0.046261
0.046261
0.046260
0.046260
0.046260
0.046260
0.046260
0.046260
0.046260
0.046260
0.046260
0.046260
0.046260
0.046260
0.046260
0.046260
0.046260
0.046260
0.046260
0.046260
0.046260
0.046260
0.046260
0.046260
0.046260
0.046260
0.046260
0.046260
0.046260
0.046260
0.046260
0.046260
0.046260
0.046240
0.046240
0.046240
0.046240
0.046240
0.046240
0.046240
0.046240
0.046240
0.046240
0.046240
0.046240
0.046240
0.046240
0.046240
0.046240
0.046240
0.046240
0.046240
0.046240
0.046240
0.046240
0.046240
0.046240
0.046240
0.046240
0.046240
0.046240
0.046240
0.046240
0.046240
0.046240
0.046240
0.046240
0.046240
0.046240
0.046240
0.046240
0.046240
0.046240
0.046240
0.046240
0.046240
0.046240
0.046240
0.046240
0.046240
0.046240
0.046240
0.046240
0.045875
0.045875
0.045875
0.045875
0.045875
0.045875
0.045875
0.045875
0.045872
0.045872
0.045872
0.045872
0.045872
0.045872
0.045872
0.045532
0.045532
0.045532
0.045403
0.045403
0.045403
0.045403
0.045403
0.045403
0.045403
0.045403
0.045403
0.045403
0.045403
0.045403
0.045403
0.045403
0.045403
0.045403
0.045403
0.045403
0.045403
0.045403
0.045403
0.045403
0.045403
0.045403
0.044277
0.044277
0.044277
0.044277
0.044277
0.044277
0.044277
0.044277
0.044277
0.044277
0.044277
0.044277
0.044277
0.044277
0.044277
0.044277
0.044277
0.044277
0.044277
0.044232
0.044232
0.044232
0.044232
0.044232
0.044232
0.044232
0.044232
0.044232
0.044232
0.044232
0.044232
0.044232
0.044232
0.044232
0.044194
0.044194
0.044194
0.044194
0.044194
0.044194
0.044194
0.044194
0.042981
0.042981
0.042981
0.042981
0.042981
0.042981
0.042981
0.042981
0.042375
0.042375
0.042375
0.042375
0.042375
0.042375
0.042375
0.042375
0.042012
0.042012
0.042012
0.042012
0.042012
0.042012
0.042012
0.041965
0.041965
0.041965
0.041965
0.041965
0.041965
0.041938
0.041890
0.041890
0.041890
0.041890
0.041890
0.041890
0.041890
0.041890
0.041890
0.041890
0.041890
0.041890
0.041890
0.041890
0.041890
0.041890
0.041890
0.041890
0.041889
0.041889
0.041885
0.041885
0.041885
0.041810
0.041810
0.041810
0.041810
0.041810
0.041810
0.041810
0.041810
0.041810
0.041810
0.041810
0.041810
0.041810
0.041792
0.041792
0.041792
0.041792
0.041792
0.041792
0.041792
0.041792
0.041792
0.041792
0.041792
0.041792
0.041792
0.041792
0.041792
0.041792
0.041792
0.041792
0.041792
0.041792
0.041792
0.041792
0.041792
0.041792
0.041792
0.041792
0.041792
0.041792
0.041792
0.041792
0.041792
0.041792
0.041792
0.041792
0.041792
0.041792
0.041792
0.041792
0.041792
0.041792
0.041792
0.041792
0.041792
0.041792
0.041792
0.041792
0.041792
0.041792
0.041737
0.041737
0.041737
0.041668
0.041668
0.041668
0.041668
0.041668
0.041668
0.041668
0.041668
0.041668
0.041668
0.041668
0.041644
0.041644
0.041644
0.041644
0.041644
0.041644
0.041644
0.041644
0.041644
0.041588
0.041588
0.041588
0.041588
0.041588
0.041588
0.041588
0.041588
0.041588
0.041588
0.041588
0.041588
0.041588
0.041588
0.041588
0.041588
0.041588
0.041588
0.041588
0.041588
0.041588
0.041588
0.041588
0.041588
0.041588
0.041588
0.041588
0.041588
0.041588
0.041362
0.041362
0.041362
0.041290
0.041290
0.041290
0.041290
0.041290
0.041290
0.041290
0.041290
0.041290
0.041240
0.041037
0.041037
0.041037
0.041037
0.041037
0.040979
0.040979
0.040979
0.040954
0.040954
0.040954
0.040954
0.040954
0.040954
0.040954
0.040954
0.040954
0.040954
0.040954
0.040954
0.040954
0.040954
0.040794
0.040794
0.040794
0.040794
0.040794
0.040794
0.040794
0.040794
0.040794
0.040794
0.040794
0.040794
0.040794
0.040794
0.040794
0.040794
0.040794
0.040794
0.040794
0.040794
0.040794
0.040794
0.040794
0.040794
0.040794
0.040794
0.040794
0.040794
0.040794
0.040794
0.040794
0.040794
0.040794
0.040794
0.040794
0.040794
0.040794
0.040794
0.040794
0.040794
0.040794
0.040794
0.040794
0.040794
0.040794
0.040794
0.040794
0.040794
0.040794
0.040794
0.040794
0.040794
0.040794
0.040794
0.040794
0.040794
0.040794
0.040794
0.040794
0.040794
0.040794
0.040794
0.040794
0.040794
0.040794
0.040756
0.040756
0.040756
0.040756
0.040756
0.040756
0.040756
0.040756
0.040756
0.040756
0.040756
0.040756
0.040756
0.040756
0.040756
0.040756
0.040756
0.040756
0.040756
0.040756
0.040756
0.040756
0.040756
0.040756
0.040756
0.040756
0.040756
0.040756
0.040756
0.040756
0.040756
0.040378
0.040310
0.040310
0.040310
0.040310
0.040310
0.040310
0.040310
0.040310
0.040310
0.040310
0.040310
0.040310
0.040310
0.040310
0.040310
0.040310
0.040310
0.040310
0.040310
0.040310
0.040310
0.040310
0.040310
0.040310
0.040310
0.040310
0.040310
0.040310
0.040310
0.040310
0.040310
0.040310
0.040310
0.040310
0.040310
0.040310
0.040310
0.040310
0.040310
0.040310
0.040310
0.040310
0.040310
0.040310
0.040310
0.040310
0.040310
0.040310
0.040310
0.040310
0.040310
0.040310
0.040310
0.040045
0.040045
0.040045
0.040045
0.040045
0.040045
0.040045
0.040045
0.039931
0.039931
0.039931
0.039931
0.039931
0.039931
0.039898
0.039898
0.039898
0.039898
0.039898
0.039898
0.039898
0.039898
0.039637
0.039637
0.039637
0.039637
0.039637
0.039637
0.039637
0.039637
0.039637
0.039637
0.039637
0.039637
0.039637
0.039637
0.039637
0.039637
0.039637
0.039637
0.039637
0.039637
0.039637
0.039637
0.039637
0.039637
0.039637
0.039637
0.039637
0.039637
0.039637
0.039637
0.039637
0.039637
0.039637
0.039637
0.039637
0.039637
0.039637
0.039637
0.039637
0.039637
0.039637
0.039637
0.039637
0.039637
0.039637
0.039637
0.039637
0.039637
0.039637
0.039637
0.039637
0.039637
0.039637
0.039637
0.039637
0.039637
0.039637
0.039637
0.039637
0.039637
0.039637
0.039637
0.039637
0.039617
0.039617
0.039617
0.039617
0.039617
0.039617
0.039617
0.039617
0.039617
0.039617
0.039617
0.039617
0.039617
0.039617
0.039617
0.039548
0.039548
0.039548
0.039548
0.039548
0.039548
0.039548
0.039548
0.039548
0.039548
0.039548
0.039548
0.039548
0.039548
0.039548
0.039548
0.039548
0.039548
0.039548
0.039466
0.039466
0.039466
0.039466
0.039466
0.039466
0.039466
0.039466
0.039466
0.039466
0.039466
0.039466
0.039466
0.039466
0.039466
0.039466
0.039466
0.039353
0.039353
0.039353
0.039353
0.039353
0.039353
0.039353
0.039353
0.039353
0.039353
0.039353
0.039353
0.039353
0.039353
0.039353
0.039353
0.039353
0.039353
0.039325
0.039287
0.039287
0.039287
0.039287
0.039287
0.039287
0.039287
0.039287
0.039287
0.039287
0.039287
0.039287
0.039287
0.039287
0.039287
0.039287
0.039287
0.039287
0.039287
0.039287
0.039287
0.039287
0.039287
0.039287
0.039287
0.039287
0.039287
0.039287
0.039287
0.039287
0.039287
0.039287
0.039287
0.039287
0.039287
0.039287
0.039287
0.039287
0.039287
0.039287
0.039287
0.039287
0.039287
0.039287
0.039287
0.039287
0.039287
0.039287
0.039287
0.039287
0.039287
0.039287
0.039287
0.039287
0.039287
0.039287
0.039287
0.038975
0.038975
0.038975
0.038975
0.038975
0.038975
0.038975
0.038975
0.038975
0.038975
0.038952
0.038952
0.038952
0.038952
0.038952
0.038937
0.038937
0.038937
0.038937
0.038937
0.038937
0.038937
0.038937
0.038937
0.038937
0.038937
0.038937
0.038937
0.038937
0.038937
0.038937
0.038937
0.038937
0.038937
0.038937
0.038937
0.038937
0.038937
0.038937
0.038937
0.038937
0.038937
0.038937
0.038937
0.038937
0.038937
0.038937
0.038937
0.038937
0.038937
0.038937
0.038937
0.038937
0.038937
0.038921
0.038921
0.038921
0.038921
0.038921
0.038921
0.038921
0.038921
0.038921
0.038921
0.038921
0.038921
0.038859
0.038859
0.038859
0.038859
0.038859
0.038859
0.038859
0.038859
0.038859
0.038859
0.038859
0.038859
0.038859
0.038859
0.038859
0.038859
0.038859
0.038741
0.038741
0.038741
0.038741
0.038741
0.038741
0.038741
0.038741
0.038741
0.038741
0.038741
0.038741
0.038741
0.038741
0.038741
0.038741
0.038741
0.038741
0.038741
0.038741
0.038741
0.038467
0.038140
0.038140
0.038140
0.038140
0.038140
0.038140
0.038140
0.038024
0.038024
0.038024
0.038024
0.038024
0.038024
0.038024
0.038024
0.038024
0.038024
0.038024
0.038024
0.038024
0.038024
0.038024
0.038024
0.038024
0.038024
0.038024
0.038024
0.038013
0.038013
0.037776
0.037776
0.037776
0.037776
0.037776
0.037776
0.037776
0.037776
0.037776
0.037776
0.037776
0.037776
0.037776
0.037776
0.037776
0.037776
0.037776
0.037776
0.037776
0.037776
0.037776
0.037776
0.037776
0.037776
0.037776
0.037776
0.037776
0.037776
0.037776
0.037776
0.037776
0.037776
0.037768
0.037768
0.037768
0.037768
0.037768
0.037768
0.037766
0.037766
0.037766
0.037766
0.037766
0.037766
0.037766
0.037766
0.037766
0.037766
0.037766
0.037766
0.037766
0.036634
0.036634
0.036634
0.036634
0.036634
0.036634
0.036634
0.036634
0.036634
0.036634
0.036634
0.036634
0.036634
0.036320
0.036320
0.036318
0.036318
0.036318
0.036318
0.036318
0.036318
0.036318
0.036318
0.036318
0.036318
0.036318
0.036318
0.036311
0.036311
0.036311
0.036311
0.036311
0.036311
0.036311
0.036311
0.036311
0.036311
0.036311
0.036311
0.036311
0.036311
0.036311
0.036311
0.036311
0.036311
0.036309
0.036309
0.036221
0.036221
0.036221
0.036221
0.036221
0.036221
0.036221
0.036221
0.036221
0.036221
0.036221
0.036221
0.036221
0.036221
0.036221
0.036134
0.036134
0.036134
0.036134
0.036134
0.036134
0.036134
0.036134
0.036134
0.036134
0.036134
0.036134
0.036134
0.036044
0.035954
0.035954
0.035954
0.035954
0.035954
0.035954
0.035954
0.035954
0.035954
0.035954
0.035954
0.035954
0.035954
0.035954
0.035954
0.035954
0.035954
0.035954
0.035954
0.035954
0.035954
0.035954
0.035954
0.035954
0.035954
0.035954
0.035954
0.035954
0.035954
0.035954
0.035954
0.035954
0.035954
0.035954
0.035954
0.035954
0.035954
0.035954
0.035954
0.035954
0.035954
0.035954
0.035954
0.035954
0.035954
0.035954
0.035954
0.035954
0.035954
0.035954
0.035954
0.035954
0.035954
0.035954
0.035930
0.035930
0.035930
0.035930
0.035930
0.035930
0.035930
0.035930
0.035930
0.035930
0.035930
0.035930
0.035930
0.035901
0.035901
0.035901
0.035901
0.035901
0.035901
0.035599
0.035599
0.035599
0.035599
0.035599
0.035599
0.035599
0.035599
0.035599
0.035599
0.035599
0.035599
0.035599
0.035599
0.035599
0.035599
0.035599
0.035599
0.035599
0.035599
0.035599
0.035599
0.035221
0.035221
0.035221
0.035221
0.035221
0.035221
0.035221
0.035221
0.035221
0.035221
0.035221
0.035221
0.035221
0.035221
0.035221
0.035221
0.035221
0.035221
0.035221
0.035221
0.035216
0.035216
0.035216
0.035216
0.035216
0.035216
0.035216
0.035216
0.035216
0.035216
0.035216
0.035216
0.035216
0.035216
0.035216
0.035216
0.035216
0.035216
0.035216
0.035216
0.035216
0.035216
0.035216
0.035216
0.035216
0.035216
0.035216
0.035179
0.035179
0.035179
0.035179
0.035179
0.035179
0.035179
0.035179
0.035179
0.035179
0.035179
0.035179
0.035179
0.035179
0.035179
0.035179
0.035179
0.035179
0.035179
0.035179
0.035179
0.035179
0.035179
0.035082
0.035082
0.035082
0.035082
0.035082
0.035082
0.035082
0.034933
0.034933
0.034933
0.034933
0.034933
0.034933
0.034933
0.034933
0.034933
0.034933
0.034933
0.034933
0.034933
0.034933
0.034933
0.034933
0.034933
0.034845
0.034845
0.034845
0.034845
0.034845
0.034845
0.034845
0.034845
0.034845
0.034845
0.034845
0.034845
0.034845
0.034845
0.034845
0.034845
0.034845
0.034845
0.034845
0.034845
0.034845
0.034845
0.034845
0.034845
0.034845
0.034845
0.034845
0.034845
0.034845
0.034845
0.034845
0.034845
0.034845
0.034845
0.034845
0.034845
0.034845
0.034845
0.034845
0.034845
0.034845
0.034845
0.034845
0.034845
0.034845
0.034845
0.034845
0.034845
0.034845
0.034845
0.034845
0.034845
0.034845
0.034845
0.034845
0.034845
0.034845
0.034845
0.034845
0.034845
0.034845
0.034845
0.034845
0.034845
0.034845
0.034845
0.034845
0.034845
0.034815
0.034815
0.034815
0.034815
0.034815
0.034815
0.034815
0.034815
0.034815
0.034815
0.034815
0.034815
0.034815
0.034815
0.034815
0.034815
0.034815
0.034815
0.034815
0.034815
0.034815
0.034815
0.034815
0.034815
0.034815
0.034815
0.034815
0.034815
0.034815
0.034815
0.034815
0.034815
0.034815
0.034815
0.034815
0.034815
0.034815
0.034815
0.034815
0.034815
0.034815
0.034815
0.034778
0.034778
0.034778
0.034778
0.034778
0.034778
0.034778
0.034778
0.034778
0.034778
0.034778
0.034778
0.034778
0.034778
0.034778
0.034778
0.034778
0.034778
0.034778
0.034778
0.034778
0.034778
0.034778
0.034778
0.034778
0.034778
0.034778
0.034778
0.034778
0.034778
0.034778
0.034778
0.034778
0.034778
0.034778
0.034778
0.034778
0.034778
0.034778
0.034778
0.034778
0.034778
0.034294
0.034294
0.034294
0.034294
0.034294
0.034294
0.034213
0.034213
0.034046
0.034046
0.034046
0.034046
0.034046
0.034046
0.034046
0.034046
0.034046
0.034046
0.034046
0.034046
0.034046
0.034046
0.034046
0.034046
0.034046
0.034046
0.034046
0.034008
0.034008
0.034008
0.034008
0.034008
0.034008
0.034008
0.034008
0.034008
0.034008
0.034008
0.034008
0.034008
0.034008
0.034008
0.034008
0.034008
0.034008
0.034008
0.034008
0.034008
0.034008
0.034008
0.034008
0.034008
0.034008
0.034008
0.034008
0.034008
0.034008
0.034008
0.034008
0.034008
0.034008
0.034008
0.034008
0.034008
0.034008
0.034008
0.034007
0.034007
0.034007
0.034007
0.034007
0.033946
0.033946
0.033946
0.033946
0.033946
0.033946
0.033946
0.033946
0.033946
0.033946
0.033946
0.033931
0.033931
0.033931
0.033931
0.033931
0.033931
0.033931
0.033931
0.033931
0.033931
0.033931
0.033931
0.033931
0.033931
0.033931
0.033853
0.033853
0.033853
0.033853
0.033853
0.033853
0.033853
0.033853
0.033853
0.033853
0.033853
0.033853
0.033853
0.033806
0.032397
0.032397
0.032397
0.032397
0.032397
0.032397
0.032397
0.032397
0.032397
0.032397
0.032397
0.032397
0.032397
0.032397
0.032397
0.032397
0.032397
0.032397
0.032397
0.032397
0.032397
0.032397
0.032397
0.032397
0.032397
0.032397
0.032397
0.032397
0.032397
0.032397
0.032397
0.032397
0.032397
0.032397
0.032397
0.032397
0.032397
0.032397
0.032397
0.032397
0.032397
0.032397
0.032397
0.032397
0.032397
0.032397
0.031966
0.031966
0.031966
0.031966
0.031894
0.031894
0.031894
0.031894
0.031894
0.031894
0.031894
0.031894
0.031894
0.031894
0.031894
0.031894
0.031894
0.031894
0.031894
0.031894
0.031894
0.031894
0.031894
0.031894
0.031894
0.031894
0.031894
0.031894
0.031894
0.031894
0.031894
0.031894
0.031894
0.031885
0.031885
0.031885
0.031885
0.031885
0.031885
0.031885
0.031885
0.031885
0.031885
0.031885
0.031885
0.031885
0.031885
0.031885
0.031885
0.031885
0.031885
0.031885
0.031885
0.031885
0.031885
0.031885
0.031885
0.031885
0.031885
0.031885
0.031885
0.031885
0.031885
0.031885
0.031885
0.031885
0.031885
0.031885
0.031885
0.031885
0.031885
0.031885
0.031885
0.031885
0.031885
0.031885
0.031885
0.031885
0.031885
0.031885
0.031885
0.031885
0.031885
0.031885
0.031885
0.031885
0.031885
0.031885
0.031885
0.031885
0.031885
0.031885
0.031885
0.031885
0.031885
0.031885
0.031885
0.031885
0.031885
0.031885
0.031885
0.031885
0.031885
0.031885
0.031885
0.031885
0.031885
0.031885
0.031885
0.031885
0.031885
0.031885
0.031885
0.031885
0.031885
0.031885
0.031885
0.031885
0.031885
0.031885
0.031885
0.031885
0.031885
0.031885
0.031885
0.031885
0.031885
0.031885
0.031885
0.031885
0.031885
0.031834
0.031834
0.031834
0.031834
0.031834
0.031834
0.031834
0.031834
0.031834
0.031834
0.031834
0.031834
0.031834
0.031834
0.031834
0.031834
0.031834
0.031834
0.031834
0.031834
0.031834
0.031834
0.031834
0.031834
0.031534
0.031534
0.031534
0.031534
0.031534
0.031534
0.031534
0.031534
0.031534
0.031534
0.031534
0.031534
0.031534
0.031534
0.031534
0.031534
0.031534
0.031532
0.031532
0.031532
0.031532
0.031532
0.031532
0.031532
0.031532
0.031532
0.031532
0.031532
0.031532
0.031532
0.031532
0.031532
0.031532
0.031532
0.031532
0.031532
0.031532
0.031532
0.031532
0.031532
0.031532
0.031532
0.031532
0.031532
0.031532
0.030608
0.030608
0.030608
0.030608
0.030608
0.030608
0.030534
0.030534
0.030534
0.030534
0.030534
0.030534
0.030534
0.030534
0.030534
0.030534
0.030534
0.030534
0.030534
0.030534
0.030534
0.030534
0.030534
0.030534
0.030534
0.030534
0.030534
0.030534
0.030534
0.030534
0.030534
0.030534
0.030534
0.030534
0.030534
0.030534
0.030531
0.030531
0.030531
0.030531
0.030531
0.030531
0.030370
0.030370
0.030370
0.030370
0.030370
0.030370
0.030370
0.030370
0.030370
0.030370
0.030370
0.030370
0.030370
0.030370
0.030370
0.030370
0.030370
0.030370
0.030370
0.030370
0.030370
0.030370
0.030370
0.030370
0.030370
0.030370
0.030370
0.030370
0.030370
0.030370
0.030370
0.030370
0.030370
0.030370
0.030370
0.030370
0.030370
0.030370
0.030370
0.030370
0.030370
0.030370
0.030370
0.030370
0.030370
0.030370
0.030370
0.030370
0.030370
0.030370
0.030370
0.030370
0.030370
0.030370
0.030370
0.030370
0.030370
0.030370
0.030370
0.030370
0.030370
0.030370
0.030370
0.030370
0.030370
0.030370
0.030370
0.030370
0.030370
0.030370
0.030370
0.030370
0.030370
0.030370
0.030370
0.030338
0.030316
0.030316
0.030316
0.030316
0.030316
0.030316
0.030316
0.030316
0.030316
0.030316
0.030316
0.030316
0.030316
0.030316
0.030316
0.030248
0.030248
0.030248
0.030248
0.030204
0.030204
0.030204
0.030204
0.030204
0.030204
0.030204
0.030204
0.030204
0.030198
0.030198
0.030198
0.030198
0.030198
0.030198
0.030198
0.030198
0.030198
0.030198
0.030198
0.030198
0.030198
0.030198
0.030198
0.030198
0.030198
0.030198
0.030198
0.030198
0.030198
0.030198
0.030198
0.030198
0.030198
0.030198
0.030198
0.030198
0.030198
0.030198
0.030198
0.030198
0.030198
0.030198
0.030198
0.030198
0.030184
0.030184
0.030184
0.030184
0.030184
0.030184
0.030184
0.030184
0.030184
0.030184
0.030184
0.030184
0.030184
0.030184
0.030184
0.030170
0.030170
0.030170
0.030170
0.030170
0.030170
0.030170
0.030170
0.030170
0.030170
0.030170
0.030170
0.030170
0.030170
0.030170
0.030170
0.030170
0.030170
0.030097
0.030097
0.030097
0.030097
0.030097
0.030097
0.030097
0.030097
0.030097
0.030097
0.030097
0.030097
0.030097
0.030097
0.030097
0.030097
0.030097
0.030097
0.030097
0.029933
0.029933
0.029933
0.029933
0.029933
0.029933
0.029933
0.029933
0.029933
0.029933
0.029933
0.029933
0.029933
0.029933
0.029933
0.029933
0.029933
0.029933
0.029906
0.029906
0.029906
0.029906
0.029906
0.029906
0.029906
0.029906
0.029906
0.029906
0.029906
0.029906
0.029906
0.029906
0.029906
0.029906
0.029906
0.029906
0.029906
0.029906
0.029906
0.029906
0.029804
0.029804
0.029777
0.029777
0.029777
0.029777
0.029777
0.029777
0.029777
0.029777
0.029777
0.029777
0.029777
0.029777
0.029777
0.029777
0.029777
0.029777
0.029777
0.029777
0.029774
0.029774
0.029774
0.029774
0.029774
0.029774
0.029774
0.029774
0.029774
0.029405
0.029405
0.029405
0.029405
0.029405
0.029405
0.029405
0.029405
0.029405
0.029405
0.029405
0.029405
0.029405
0.029405
0.029405
0.029405
0.029405
0.029405
0.029405
0.029405
0.029405
0.029405
0.029405
0.029405
0.029405
0.029405
0.029405
0.029405
0.029405
0.029405
0.029405
0.029405
0.029405
0.029405
0.029405
0.029405
0.029405
0.029405
0.029373
0.029373
0.029373
0.029373
0.029373
0.029373
0.029373
0.029373
0.029373
0.029373
0.029373
0.029373
0.029373
0.029373
0.029373
0.029373
0.029373
0.029373
0.029373
0.029373
0.029373
0.029373
0.029373
0.029373
0.029373
0.029373
0.029373
0.029373
0.029373
0.029373
0.029373
0.029373
0.029358
0.029358
0.029358
0.029358
0.029358
0.029358
0.029358
0.029358
0.029358
0.029358
0.029358
0.029358
0.029358
0.029358
0.029358
0.029358
0.029358
0.029358
0.029358
0.029358
0.029358
0.029358
0.029358
0.029358
0.029358
0.029358
0.029358
0.029358
0.029358
0.029358
0.029358
0.029358
0.029358
0.029358
0.029358
0.029358
0.029358
0.029358
0.029358
0.029358
0.029358
0.029358
0.029358
0.029358
0.029358
0.029358
0.029358
0.029358
0.029358
0.029358
0.029358
0.029358
0.029358
0.029358
0.029358
0.029358
0.029358
0.029358
0.029358
0.029358
0.029358
0.029358
0.029358
0.029358
0.029358
0.029358
0.029358
0.029358
0.029358
0.029358
0.029358
0.029358
0.029358
0.029332
0.029332
0.029332
0.029332
0.029332
0.029332
0.029332
0.029332
0.029332
0.029151
0.029151
0.029151
0.029151
0.029151
0.029151
0.029151
0.029151
0.029151
0.029151
0.029151
0.029151
0.029151
0.029151
0.029151
0.029151
0.029151
0.029151
0.029151
0.029151
0.029151
0.029151
0.029151
0.029151
0.029151
0.029149
0.029149
0.029149
0.029149
0.029149
0.029149
0.029149
0.029149
0.028802
0.028802
0.028802
0.028802
0.028802
0.028802
0.028802
0.028802
0.028734
0.028734
0.028734
0.028734
0.028734
0.028734
0.028734
0.028734
0.028734
0.028734
0.028734
0.028734
0.028734
0.028734
0.028734
0.028734
0.028734
0.028734
0.028734
0.028734
0.028734
0.028734
0.028734
0.028734
0.028612
0.028612
0.028612
0.028612
0.028612
0.028612
0.028612
0.028612
0.028612
0.028612
0.028612
0.028612
0.028612
0.028612
0.028612
0.028612
0.028612
0.028612
0.028612
0.028612
0.028612
0.028612
0.028612
0.028612
0.028612
0.028612
0.028612
0.028500
0.028500
0.028500
0.028500
0.028500
0.028500
0.028500
0.028500
0.028500
0.028500
0.028500
0.028500
0.028500
0.028500
0.028500
0.028500
0.028500
0.028500
0.028500
0.028500
0.028500
0.028500
0.028500
0.028500
0.028500
0.028500
0.028500
0.028500
0.028500
0.028500
0.027843
0.027843
0.027843
0.027843
0.027836
0.027836
0.027836
0.027836
0.027836
0.027836
0.027836
0.027836
0.027836
0.027836
0.027836
0.027836
0.027836
0.027836
0.027836
0.027836
0.027836
0.027836
0.027836
0.027836
0.027836
0.027836
0.027836
0.027836
0.027836
0.027836
0.027836
0.027836
0.027836
0.027836
0.027836
0.027836
0.027836
0.027836
0.027836
0.027836
0.027836
0.027836
0.027836
0.027836
0.027836
0.027836
0.027836
0.027823
0.027823
0.027823
0.027823
0.027823
0.027823
0.027823
0.027823
0.027806
0.027806
0.027806
0.027806
0.027806
0.027806
0.027806
0.027763
0.027763
0.027750
0.027750
0.027750
0.027750
0.027750
0.027750
0.027750
0.027750
0.027750
0.027750
0.027750
0.027750
0.027750
0.027750
0.027750
0.027750
0.027750
0.027750
0.027750
0.027750
0.027750
0.027750
0.027750
0.027750
0.027750
0.027750
0.027750
0.027750
0.027750
0.027750
0.027750
0.027750
0.027750
0.027750
0.027750
0.027750
0.027750
0.027750
0.027750
0.027414
0.027414
0.027414
0.027414
0.027414
0.027414
0.027414
0.027414
0.027414
0.027414
0.027414
0.027414
0.027414
0.027414
0.027414
0.027221
0.027221
0.027221
0.027221
0.027221
0.027220
0.027220
0.027220
0.027220
0.027220
0.027220
0.027220
0.027220
0.027220
0.027220
0.027220
0.027220
0.027220
0.027220
0.027220
0.027220
0.027220
0.027220
0.027220
0.027220
0.027220
0.027220
0.027220
0.027220
0.027220
0.027220
0.027220
0.027220
0.027220
0.027220
0.027220
0.027220
0.027220
0.027220
0.027220
0.027220
0.027220
0.027220
0.027220
0.027220
0.027220
0.027220
0.027220
0.027220
0.027220
0.027220
0.027220
0.027220
0.027220
0.027220
0.027220
0.027220
0.027220
0.027220
0.027220
0.027220
0.027220
0.027220
0.027220
0.027220
0.027220
0.027220
0.027220
0.027220
0.027220
0.027220
0.027220
0.027220
0.027220
0.027220
0.027220
0.027220
0.027220
0.026587
0.026587
0.026587
0.026587
0.026587
0.026587
0.026587
0.026587
0.026587
0.026587
0.026587
0.026587
0.026587
0.026587
0.026587
0.026587
0.026554
0.026554
0.026554
0.026554
0.026554
0.026553
0.026553
0.026553
0.026552
0.026552
0.026536
0.026536
0.026536
0.026536
0.026536
0.026536
0.026536
0.026536
0.026535
0.026535
0.026535
0.026535
0.026535
0.026535
0.026535
0.026535
0.026535
0.026535
0.026535
0.026535
0.026535
0.026535
0.026535
0.026535
0.026535
0.026535
0.026535
0.026535
0.026535
0.026535
0.026535
0.026535
0.026535
0.026535
0.026535
0.026535
0.026535
0.026535
0.026535
0.026535
0.026535
0.026151
0.026151
0.026151
0.026151
0.026151
0.026151
0.026151
0.026151
0.026151
0.026151
0.026151
0.026151
0.026151
0.026151
0.026151
0.026151
0.026151
0.026151
0.026151
0.026151
0.026151
0.026151
0.026151
0.026151
0.026151
0.026151
0.026151
0.026106
0.026106
0.026106
0.026106
0.026106
0.026106
0.026106
0.026106
0.026106
0.026106
0.026106
0.026106
0.026106
0.026106
0.026094
0.026094
0.026094
0.026094
0.026094
0.026094
0.026094
0.026094
0.026094
0.026086
0.026086
0.026086
0.026086
0.026086
0.026086
0.026086
0.026086
0.026080
0.026080
0.026080
0.026080
0.026080
0.026080
0.026080
0.026080
0.026080
0.026080
0.026080
0.025784
0.025784
0.025784
0.025784
0.025784
0.025784
0.025771
0.025771
0.025771
0.025771
0.025771
0.025759
0.025759
0.025759
0.025759
0.025759
0.025759
0.025759
0.025759
0.025759
0.025759
0.025759
0.025759
0.025759
0.025759
0.025759
0.025759
0.025759
0.025759
0.025759
0.025759
0.025759
0.025759
0.025759
0.025759
0.025759
0.025759
0.025721
0.025721
0.025721
0.025721
0.025721
0.025721
0.025721
0.025721
0.025721
0.025721
0.025721
0.025721
0.025721
0.025721
0.025721
0.025721
0.025721
0.025721
0.025721
0.025721
0.025721
0.025721
0.025721
0.025721
0.025721
0.025721
0.025721
0.025721
0.025721
0.025721
0.025721
0.025721
0.025721
0.025721
0.025721
0.025721
0.025721
0.025721
0.025721
0.025721
0.025721
0.025721
0.025721
0.025721
0.025721
0.025721
0.025721
0.025721
0.025721
0.025721
0.025721
0.025721
0.025721
0.025721
0.025721
0.025721
0.025721
0.025714
0.025714
0.025714
0.025714
0.025714
0.025714
0.025714
0.025714
0.025714
0.025714
0.025710
0.025710
0.025710
0.025710
0.025710
0.025710
0.025710
0.025710
0.025710
0.025710
0.025710
0.025710
0.025710
0.025710
0.025710
0.025710
0.025681
0.025681
0.025681
0.025681
0.025681
0.025681
0.025636
0.025636
0.025636
0.025636
0.025636
0.025636
0.025636
0.025636
0.025636
0.025636
0.025636
0.025636
0.025636
0.025636
0.025636
0.025636
0.025636
0.025636
0.025636
0.025636
0.025636
0.025636
0.025636
0.025636
0.025636
0.025636
0.025636
0.025636
0.025636
0.025636
0.025636
0.025636
0.025636
0.025636
0.025636
0.025636
0.025636
0.025636
0.025636
0.025636
0.025636
0.025636
0.025636
0.025636
0.025636
0.025636
0.025636
0.025636
0.025636
0.025636
0.025636
0.025636
0.025636
0.025636
0.025636
0.025636
0.025636
0.025636
0.025636
0.025636
0.025636
0.025636
0.025636
0.025636
0.025636
0.025636
0.025636
0.025636
0.025636
0.025636
0.025636
0.025636
0.025636
0.025636
0.025636
0.025636
0.025636
0.025636
0.025636
0.025636
0.025636
0.025636
0.025636
0.025636
0.025636
0.025636
0.025636
0.025634
0.025634
0.025634
0.025634
0.025634
0.025634
0.025634
0.025634
0.025634
0.025634
0.025634
0.025634
0.025634
0.025634
0.025634
0.025634
0.025634
0.025634
0.025634
0.025634
0.025634
0.025634
0.025634
0.025634
0.025634
0.025634
0.025634
0.025634
0.025634
0.025634
0.025634
0.025634
0.025634
0.025634
0.025634
0.025575
0.025575
0.025575
0.025575
0.025575
0.025575
0.025575
0.025575
0.025575
0.025575
0.025575
0.025575
0.025575
0.025575
0.025575
0.025575
0.025575
0.025575
0.025575
0.025575
0.025575
0.025575
0.025575
0.025575
0.025575
0.025575
0.025575
0.025575
0.025575
0.025575
0.025575
0.025575
0.025575
0.025575
0.025575
0.025575
0.025575
0.025575
0.025575
0.025401
0.025401
0.025401
0.025401
0.025401
0.025401
0.025401
0.025401
0.025401
0.025401
0.025401
0.025401
0.025401
0.025401
0.025401
0.025401
0.025401
0.025401
0.025401
0.025401
0.025401
0.025401
0.025401
0.025401
0.025401
0.025401
0.025401
0.025401
0.025401
0.025401
0.025401
0.025401
0.025401
0.025401
0.025401
0.025401
0.025401
0.025401
0.025401
0.025401
0.025401
0.025401
0.025401
0.025401
0.025401
0.025401
0.025401
0.025401
0.025401
0.025401
0.025401
0.025401
0.025401
0.025401
0.025401
0.025401
0.025401
0.025401
0.025401
0.025401
0.025401
0.025401
0.025401
0.025401
0.025401
0.025401
0.025401
0.025401
0.025401
0.025401
0.025401
0.025401
0.025401
0.025401
0.025401
0.025401
0.025401
0.025401
0.025401
0.025401
0.025401
0.025401
0.025401
0.025401
0.025401
0.025401
0.025401
0.025401
0.025401
0.025401
0.025401
0.025401
0.025401
0.025401
0.025401
0.025401
0.025401
0.025401
0.025401
0.025401
0.025401
0.025401
0.025401
0.025401
0.025401
0.025401
0.025401
0.025401
0.025401
0.025401
0.025401
0.025401
0.025401
0.025401
0.025401
0.025401
0.025401
0.025401
0.025401
0.025401
0.025401
0.025401
0.025401
0.025401
0.025401
0.025401
0.025401
0.025401
0.025401
0.025401
0.025401
0.025401
0.025401
0.025401
0.025401
0.025401
0.025401
0.025401
0.025401
0.025401
0.025401
0.025401
0.025401
0.025401
0.025401
0.025401
0.025401
0.025401
0.025401
0.025401
0.025401
0.025401
0.025401
0.025401
0.025401
0.025401
0.025401
0.025401
0.025401
0.025401
0.025401
0.025401
0.025401
0.025401
0.025401
0.025401
0.025401
0.025191
0.025191
0.025191
0.025191
0.025191
0.025191
0.025191
0.025191
0.025191
0.025191
0.025191
0.025191
0.025191
0.025191
0.025191
0.025191
0.025191
0.025191
0.025191
0.025191
0.025191
0.025191
0.025191
0.025191
0.025191
0.025191
0.025191
0.025191
0.025191
0.025191
0.025191
0.025191
0.025191
0.025191
0.025191
0.025191
0.025191
0.025191
0.025191
0.025191
0.025191
0.025191
0.025191
0.025191
0.025191
0.025191
0.025191
0.025191
0.025191
0.025191
0.025191
0.025191
0.025191
0.025191
0.025191
0.025191
0.025191
0.025191
0.025191
0.025191
0.025191
0.025191
0.025191
0.025191
0.025191
0.025191
0.025191
0.025191
0.025191
0.025191
0.025191
0.025191
0.025191
0.025191
0.025191
0.025191
0.025191
0.025191
0.025191
0.025191
0.025191
0.025191
0.024871
0.024871
0.024871
0.024871
0.024871
0.024871
0.024871
0.024871
0.024871
0.024871
0.024871
0.024871
0.024871
0.024871
0.024871
0.024871
0.024871
0.024849
0.024849
0.024849
0.024849
0.024849
0.024849
0.024849
0.024849
0.024849
0.024849
0.024738
0.024738
0.024738
0.024738
0.024738
0.024738
0.024736
0.024736
0.024736
0.024626
0.024626
0.024626
0.024626
0.024626
0.024626
0.024626
0.024626
0.024626
0.024626
0.024626
0.024626
0.024626
0.024626
0.024626
0.024626
0.024626
0.024626
0.024626
0.024626
0.024626
0.024626
0.024626
0.024626
0.024626
0.024626
0.024626
0.024626
0.024626
0.024626
0.024626
0.024626
0.024626
0.024626
0.024626
0.024626
0.024626
0.024626
0.024626
0.024626
0.024626
0.024593
0.024593
0.024593
0.024593
0.024593
0.024593
0.024593
0.024593
0.024593
0.024593
0.024593
0.024593
0.024593
0.024593
0.024593
0.024593
0.024593
0.024593
0.024593
0.024593
0.024593
0.024593
0.024593
0.024593
0.024593
0.024593
0.024593
0.024593
0.024593
0.024593
0.024593
0.024593
0.024593
0.024593
0.024593
0.024593
0.024593
0.024593
0.024593
0.024593
0.024593
0.024593
0.024593
0.024593
0.024593
0.024593
0.024593
0.024593
0.024593
0.024593
0.024593
0.024593
0.024593
0.024593
0.024593
0.024593
0.024593
0.024495
0.024495
0.024495
0.024495
0.024495
0.024495
0.024495
0.024495
0.024495
0.024495
0.024495
0.024495
0.024495
0.024495
0.024495
0.024495
0.024495
0.024495
0.024495
0.024495
0.024495
0.024495
0.024495
0.024495
0.024495
0.024495
0.024495
0.024495
0.024495
0.024495
0.024495
0.024495
0.024495
0.024495
0.024495
0.024495
0.024495
0.024495
0.024495
0.024365
0.024365
0.024365
0.024365
0.024365
0.024365
0.024365
0.024365
0.024365
0.024361
0.024361
0.024361
0.024361
0.024361
0.024361
0.024361
0.024361
0.024361
0.024361
0.024361
0.024361
0.024361
0.024361
0.024361
0.024361
0.024361
0.024361
0.024361
0.024361
0.024361
0.024361
0.024361
0.024361
0.024361
0.024361
0.024361
0.024361
0.024361
0.024361
0.024361
0.024361
0.024361
0.024361
0.024361
0.024361
0.024361
0.024361
0.024361
0.024361
0.024361
0.024361
0.024361
0.024361
0.024361
0.024361
0.024361
0.024361
0.024361
0.024361
0.024361
0.024361
0.024361
0.024361
0.024361
0.024361
0.024361
0.024361
0.024361
0.024361
0.024361
0.024361
0.024361
0.024361
0.024361
0.024361
0.024361
0.024361
0.024361
0.024361
0.024361
0.024361
0.024361
0.024361
0.024361
0.024361
0.024359
0.024359
0.024359
0.024359
0.024359
0.024359
0.024359
0.024359
0.024359
0.024359
0.024359
0.024359
0.024359
0.024359
0.024359
0.024359
0.024359
0.024359
0.024359
0.024359
0.024359
0.024359
0.024359
0.024359
0.024359
0.024359
0.024359
0.024359
0.024359
0.024359
0.024332
0.024332
0.024332
0.024332
0.024332
0.024332
0.024332
0.024332
0.024332
0.024332
0.024332
0.024332
0.024332
0.024332
0.024332
0.024332
0.024332
0.024332
0.024332
0.024332
0.024332
0.024332
0.024332
0.024332
0.024332
0.024332
0.024332
0.024332
0.024332
0.024332
0.024332
0.024332
0.024332
0.024332
0.024332
0.024332
0.024332
0.024332
0.024332
0.024332
0.024332
0.024332
0.024332
0.024332
0.024332
0.024332
0.024332
0.024332
0.024332
0.024332
0.024332
0.024332
0.024332
0.024332
0.024332
0.024332
0.024332
0.024332
0.024332
0.024332
0.024332
0.024332
0.024332
0.024332
0.024332
0.024332
0.024332
0.024332
0.024332
0.024332
0.024332
0.023987
0.023987
0.023987
0.023987
0.023987
0.023987
0.023987
0.023987
0.023987
0.023987
0.023987
0.023987
0.023987
0.023987
0.023987
0.023987
0.023987
0.023987
0.023987
0.023987
0.023987
0.023987
0.023987
0.023987
0.023987
0.023987
0.023987
0.023987
0.023987
0.023987
0.023987
0.023987
0.023987
0.023987
0.023987
0.023987
0.023987
0.023987
0.023987
0.023987
0.023987
0.023987
0.023987
0.023987
0.023987
0.023987
0.023987
0.023987
0.023987
0.023987
0.023987
0.023987
0.023987
0.023987
0.023987
0.023987
0.023987
0.023987
0.023987
0.023987
0.023987
0.023987
0.023987
0.023987
0.023987
0.023987
0.023987
0.023987
0.023987
0.023987
0.023987
0.023987
0.023987
0.023987
0.023987
0.023987
0.023987
0.023987
0.023987
0.023987
0.023987
0.023987
0.023987
0.023987
0.023987
0.023987
0.023987
0.023987
0.023987
0.023987
0.023987
0.023987
0.023987
0.023987
0.023987
0.023987
0.023987
0.023987
0.023987
0.023987
0.023987
0.023987
0.023987
0.023987
0.023987
0.023987
0.023987
0.023987
0.023987
0.023987
0.023987
0.023987
0.023987
0.023987
0.023987
0.023987
0.023987
0.023987
0.023987
0.023987
0.023987
0.023987
0.023987
0.023987
0.023987
0.023987
0.023987
0.023987
0.023987
0.023987
0.023987
0.023987
0.023987
0.023987
0.023987
0.023987
0.023987
0.023987
0.023987
0.023987
0.023987
0.023987
0.023987
0.023943
0.023938
0.023938
0.023938
0.023938
0.023938
0.023938
0.023938
0.023938
0.023938
0.023938
0.023938
0.023938
0.023938
0.023923
0.023923
0.023923
0.023923
0.023923
0.023923
0.023923
0.023923
0.023923
0.023923
0.023878
0.023878
0.023878
0.023878
0.023878
0.023867
0.023867
0.023867
0.023867
0.023867
0.023867
0.023867
0.023867
0.023867
0.023867
0.023867
0.023867
0.023867
0.023867
0.023867
0.023867
0.023867
0.023867
0.023867
0.023867
0.023867
0.023867
0.023867
0.023867
0.023867
0.023867
0.023867
0.023867
0.023867
0.023867
0.023867
0.023867
0.023867
0.023867
0.023867
0.023867
0.023867
0.023867
0.023867
0.023867
0.023867
0.023867
0.023867
0.023867
0.023867
0.023867
0.023867
0.023867
0.023867
0.023867
0.023867
0.023867
0.023867
0.023867
0.023867
0.023867
0.023867
0.023867
0.023867
0.023867
0.023867
0.023867
0.023867
0.023867
0.023867
0.023867
0.023867
0.023727
0.023727
0.023727
0.023727
0.023727
0.023727
0.023727
0.023727
0.023727
0.023727
0.023727
0.023727
0.023727
0.023727
0.023727
0.023727
0.023727
0.023631
0.023631
0.023631
0.023631
0.023631
0.023631
0.023631
0.023631
0.023631
0.023631
0.023631
0.023631
0.023631
0.023631
0.023631
0.023631
0.023631
0.023631
0.023631
0.023631
0.023631
0.023631
0.023631
0.023488
0.023488
0.023488
0.023488
0.023488
0.023488
0.023488
0.023410
0.023410
0.023410
0.023410
0.023410
0.023410
0.023019
0.023019
0.023019
0.023019
0.023019
0.023019
0.023019
0.023010
0.023010
0.023010
0.023010
0.023010
0.023010
0.023010
0.023010
0.023010
0.023010
0.023010
0.023010
0.023010
0.023010
0.023010
0.023010
0.023010
0.023010
0.023010
0.023010
0.023010
0.023010
0.023010
0.023010
0.023010
0.023010
0.023010
0.023010
0.023010
0.023010
0.023010
0.023010
0.023010
0.023010
0.023010
0.023010
0.023010
0.023010
0.023010
0.023010
0.023010
0.023010
0.023010
0.023010
0.023010
0.023010
0.023010
0.023010
0.023010
0.023010
0.023010
0.023010
0.023010
0.023010
0.023010
0.023010
0.023010
0.023010
0.023010
0.023010
0.023010
0.023010
0.023010
0.023010
0.023010
0.023010
0.023010
0.023010
0.023010
0.023010
0.023010
0.023010
0.023010
0.022988
0.022982
0.022982
0.022982
0.022982
0.022982
0.022982
0.022982
0.022982
0.022982
0.022982
0.022982
0.022982
0.022982
0.022982
0.022982
0.022982
0.022982
0.022982
0.022982
0.022982
0.022982
0.022982
0.022982
0.022982
0.022982
0.022982
0.022982
0.022982
0.022982
0.022982
0.022982
0.022982
0.022982
0.022982
0.022953
0.022953
0.022953
0.022953
0.022953
0.022953
0.022953
0.022953
0.022905
0.022905
0.022905
0.022905
0.022905
0.022885
0.022885
0.022885
0.022885
0.022885
0.022885
0.022885
0.022885
0.022885
0.022885
0.022885
0.022885
0.022885
0.022885
0.022885
0.022885
0.022885
0.022885
0.022885
0.022885
0.022885
0.022885
0.022885
0.022885
0.022885
0.022885
0.022885
0.022885
0.022885
0.022885
0.022885
0.022885
0.022885
0.022885
0.022885
0.022885
0.022885
0.022885
0.022885
0.022885
0.022885
0.022885
0.022885
0.022885
0.022885
0.022885
0.022885
0.022885
0.022885
0.022885
0.022885
0.022885
0.022885
0.022885
0.022885
0.022885
0.022859
0.022859
0.022859
0.022859
0.022859
0.022859
0.022859
0.022859
0.022859
0.022859
0.022859
0.022859
0.022859
0.022859
0.022859
0.022859
0.022859
0.022474
0.022474
0.022474
0.022474
0.022474
0.022474
0.022474
0.022474
0.022474
0.022474
0.022474
0.022474
0.022474
0.022474
0.022455
0.022455
0.022455
0.022455
0.022455
0.022367
0.022367
0.022367
0.022367
0.022367
0.022367
0.022367
0.022367
0.022367
0.022367
0.022367
0.022367
0.022263
0.022263
0.022263
0.022263
0.022263
0.022263
0.022263
0.022263
0.022263
0.022263
0.022263
0.022263
0.022263
0.022263
0.022263
0.022263
0.022263
0.022263
0.022263
0.022263
0.022263
0.022263
0.022263
0.022263
0.022263
0.022263
0.022263
0.022263
0.022263
0.022263
0.022263
0.022263
0.022263
0.022263
0.022172
0.022172
0.022172
0.022172
0.022172
0.022172
0.022172
0.022172
0.022172
0.022172
0.022172
0.022172
0.022172
0.022172
0.022172
0.022172
0.022172
0.022172
0.022172
0.022172
0.022172
0.022172
0.022172
0.022172
0.022172
0.022172
0.022172
0.022172
0.022172
0.022172
0.022172
0.022172
0.022172
0.022172
0.022172
0.022172
0.022172
0.022172
0.022172
0.022172
0.022172
0.022172
0.022172
0.022172
0.022172
0.022172
0.022172
0.022172
0.022172
0.022172
0.022172
0.022172
0.022172
0.022172
0.022172
0.022172
0.022172
0.022172
0.022172
0.022172
0.022172
0.022172
0.022172
0.022172
0.022172
0.022172
0.022172
0.022172
0.022172
0.022172
0.022172
0.022172
0.022172
0.022172
0.022172
0.022172
0.022172
0.022172
0.022172
0.022172
0.022172
0.022172
0.022172
0.022172
0.022172
0.022172
0.022172
0.022172
0.022172
0.022172
0.022172
0.022172
0.022172
0.022172
0.022172
0.022172
0.022172
0.022172
0.022172
0.022172
0.022172
0.022172
0.022172
0.022146
0.022146
0.022146
0.022146
0.022146
0.022146
0.022146
0.022146
0.022146
0.022146
0.022146
0.022146
0.022146
0.022146
0.022146
0.022146
0.022146
0.022146
0.022146
0.022146
0.022146
0.022146
0.022146
0.022146
0.022146
0.022146
0.022146
0.022146
0.022146
0.022146
0.022146
0.022146
0.022146
0.022146
0.022146
0.022146
0.022146
0.022146
0.022146
0.022146
0.022146
0.022127
0.022127
0.022127
0.022127
0.022127
0.022127
0.022127
0.022127
0.022127
0.022127
0.022127
0.022127
0.022127
0.022127
0.022127
0.022127
0.022127
0.022127
0.022127
0.022127
0.022127
0.022127
0.022127
0.022127
0.022127
0.022127
0.022127
0.022127
0.022127
0.022127
0.022127
0.022127
0.022127
0.022078
0.022078
0.022078
0.022078
0.022078
0.022078
0.022078
0.022078
0.022078
0.022078
0.022078
0.022078
0.022078
0.022064
0.022064
0.022064
0.022064
0.022064
0.022064
0.022064
0.022006
0.022006
0.022006
0.022006
0.022006
0.022006
0.022006
0.022006
0.022006
0.022006
0.022006
0.022006
0.022006
0.022006
0.022006
0.022006
0.022006
0.022006
0.022006
0.022006
0.022006
0.022006
0.022006
0.022006
0.022006
0.022006
0.022006
0.022006
0.022006
0.022006
0.022006
0.022006
0.022006
0.022006
0.022006
0.022006
0.022006
0.022006
0.022006
0.022006
0.021667
0.021667
0.021667
0.021667
0.021667
0.021667
0.021667
0.021667
0.021667
0.021667
0.021667
0.021667
0.021667
0.021667
0.021667
0.021667
0.021667
0.021667
0.021667
0.021661
0.021661
0.021661
0.021661
0.021661
0.021661
0.021661
0.021661
0.021661
0.021661
0.021661
0.021661
0.021661
0.021661
0.021661
0.021661
0.021661
0.021532
0.021532
0.021532
0.021532
0.021532
0.021532
0.021532
0.021532
0.021532
0.021532
0.021532
0.021532
0.021532
0.021532
0.021532
0.021532
0.021532
0.021532
0.021532
0.021532
0.021532
0.021532
0.021532
0.021532
0.021532
0.021532
0.021417
0.021417
0.021417
0.021417
0.021417
0.021417
0.021417
0.021417
0.021417
0.021417
0.021330
0.021330
0.021330
0.021330
0.021330
0.021330
0.021330
0.021330
0.021330
0.021330
0.021330
0.021330
0.021330
0.021330
0.021330
0.021230
0.021230
0.021230
0.021230
0.021230
0.021230
0.021230
0.021230
0.021230
0.021230
0.021230
0.021230
0.021230
0.021230
0.021230
0.021230
0.021230
0.021230
0.021230
0.021230
0.021230
0.021230
0.021230
0.021230
0.021230
0.021230
0.021230
0.021230
0.021230
0.021230
0.021230
0.021230
0.021230
0.021230
0.021230
0.021230
0.021230
0.021230
0.021230
0.021230
0.021230
0.021230
0.021230
0.021230
0.021230
0.021230
0.021230
0.021230
0.021230
0.021230
0.021230
0.021230
0.021230
0.021230
0.021230
0.021230
0.021230
0.021230
0.021230
0.021230
0.021230
0.021230
0.021230
0.021230
0.021230
0.021230
0.021230
0.021230
0.021230
0.021230
0.021230
