5422.660010
5176.040625
5003.830615
4743.291895
4650.801074
4650.801074
4650.801074
4642.371973
4636.042480
4596.965112
4579.816870
4579.816870
4579.816870
4442.756079
4442.756079
4442.756079
4442.756079
4442.756079
4375.285815
4329.976196
4329.976196
4312.202954
4300.783936
4277.907324
4277.907324
4235.609912
4235.609912
4235.609912
4218.367969
4218.367969
4213.840723
4208.442480
4177.431299
4154.829492
4001.217578
4000.630176
4000.630176
4000.630176
4000.630176
4000.630176
3936.744800
3885.151123
3878.436719
3878.436719
3659.949585
3659.949585
3654.037061
3651.884131
3553.517407
3553.517407
3544.841406
3521.210034
3443.389160
3443.389160
3443.389160
3443.389160
3443.389160
3443.389160
3443.389160
3443.389160
3443.122778
3443.122778
3443.122778
3443.122778
3438.170239
3438.170239
3432.058765
3378.633057
3378.633057
3378.633057
3378.633057
3378.633057
3378.633057
3378.633057
3371.690161
3310.787622
3309.028955
3244.649976
3244.649976
3244.649976
3244.649976
3234.816577
3222.439673
3142.422876
3142.422876
3113.654248
3113.654248
3113.654248
3113.654248
3113.654248
3113.654248
3113.654248
3108.240649
3108.240649
3086.143628
3086.143628
3086.143628
3070.599536
3070.599536
3060.839014
3052.581714
3020.375708
2945.728809
2931.644336
2910.589893
2910.589893
2910.589893
2910.589893
2882.197510
2882.197510
2871.176318
2871.176318
2871.176318
2871.176318
2871.176318
2871.176318
2869.938208
2869.938208
2845.851978
2845.851978
2758.981226
2758.981226
2751.286328
2751.286328
2748.837183
2707.599194
2707.599194
2707.599194
2622.871631
2622.871631
2622.871631
2622.871631
2546.289282
2546.289282
2546.289282
2544.078516
2544.078516
2539.079907
2539.079907
2536.807178
2534.368848
2534.368848
2392.124377
2392.124377
2346.001843
2346.001843
2333.392688
2254.329602
2250.543909
2250.543909
2240.003894
2240.003894
2240.003894
2240.003894
2222.686914
2221.241089
2221.241089
2209.024805
2188.589648
2188.589648
2188.589648
2188.589648
2158.835327
2158.835327
2158.835327
2158.835327
2158.835327
2158.835327
2142.568896
2142.568896
2123.667249
2086.931738
2038.961755
2038.961755
2029.145959
2029.145959
2022.748328
2003.994824
1984.591284
1983.486523
1974.697595
1971.578784
1935.498596
1935.498596
1935.498596
1873.963074
1824.568884
1787.139148
1782.733154
1750.858594
1736.452722
1714.861389
1713.119653
1713.119653
1698.691345
1639.825195
1622.691272
1605.443396
1583.753198
1520.896277
1433.155682
1411.946771
1405.487299
1397.330450
1360.635382
1328.763245
1308.821301
1304.882507
1254.479065
1242.337695
1203.077039
1179.486414
1179.486414
1160.130212
1151.784521
1125.187201
1070.820844
1050.721533
1041.394910
1021.994312
999.740295
985.193347
962.969879
955.274060
944.911920
922.581946
913.715344
898.129266
889.951459
877.073804
863.858099
846.435443
835.132013
826.145148
819.384000
815.838541
809.545987
803.758688
799.334225
794.645956
793.776804
777.415781
774.818527
771.765845
766.350641
754.997372
744.528647
738.816318
738.816318
729.736349
726.551736
719.083514
708.485944
699.866309
696.850604
689.257474
686.609036
668.236685
661.371078
658.780014
653.144302
647.068085
643.756366
640.789993
633.390054
630.448300
625.259146
622.592328
620.202032
614.506696
614.506696
610.382361
603.958136
599.253473
589.543091
583.315970
581.490164
578.548276
576.099649
569.953177
563.007187
556.081689
552.146954
548.605865
546.728290
539.038806
534.628009
531.498193
528.139294
525.286319
519.010773
514.171014
513.763388
508.453143
506.670551
497.743320
497.285416
496.349692
491.292990
491.018234
490.867261
489.080353
481.529913
478.641479
473.044589
471.107480
469.208084
466.449695
461.001581
456.116626
454.497516
454.497516
451.689035
447.078525
441.200040
437.901135
437.901135
436.644913
434.432883
429.270071
429.253046
427.102689
425.793021
418.783948
417.752307
417.568582
413.219482
412.144714
409.590314
407.608051
406.186417
401.702997
400.441895
399.425238
398.499704
396.881180
395.912192
394.824429
393.265353
391.488608
389.923483
387.691162
387.017450
386.539951
384.090564
380.630975
379.920200
378.977698
376.676303
374.538715
370.352344
367.645023
367.645023
366.802490
365.433804
365.433804
363.087488
362.938696
360.924844
359.475150
356.994714
356.448041
354.338625
351.299812
346.394920
346.209715
344.530646
343.636530
341.746066
339.962791
339.541373
338.550980
338.550980
337.496811
336.994885
336.527350
336.064252
334.574327
333.868486
330.400645
330.308321
329.020979
328.696950
328.124599
327.614006
326.398352
326.398352
324.560464
323.597128
323.597128
322.513892
322.513892
322.513892
321.733524
320.769191
318.959483
318.881734
318.881734
317.486119
316.802306
315.876562
315.097684
314.711841
313.004169
311.922794
311.435570
311.432234
310.723976
310.368510
308.299452
306.414146
306.376530
304.667769
303.384584
302.883177
302.161034
302.161034
302.161034
301.575423
301.012553
300.660664
299.969344
298.320729
298.203210
296.491217
296.491217
295.040553
294.884465
294.561165
294.444312
294.444312
293.275792
292.149544
291.375743
291.071205
290.726872
290.384065
289.902528
289.751439
289.484572
289.041975
288.931870
288.818625
288.727737
288.480292
287.685396
287.685396
287.491872
286.856262
286.855304
285.300246
284.377155
283.167003
283.167003
283.128117
282.761894
282.338618
281.791182
281.791182
281.641649
281.641649
280.248918
280.245009
280.245009
279.609041
278.690514
278.690514
278.634314
277.189012
277.108167
275.440414
274.422319
274.276122
274.160562
273.798856
272.363834
271.440811
271.040067
270.456210
270.016347
270.016347
269.782683
269.406461
269.144131
269.128064
268.934828
268.830959
268.339580
264.683327
264.653938
264.110083
263.189471
262.007967
261.796971
261.518250
261.352042
261.246971
261.162994
261.056143
260.924200
260.877231
260.250948
259.602818
259.423779
259.315103
259.029288
258.522618
257.825365
257.825365
257.794286
257.794286
257.741209
257.741209
257.148355
257.148355
256.708813
256.708813
256.651993
256.187691
254.882475
253.559750
252.950357
252.950357
251.954379
251.831360
251.556094
251.523619
251.148959
250.912039
250.651697
249.529111
249.035342
248.788467
248.613258
248.451234
247.773866
247.700093
247.356506
247.356506
247.177113
246.386273
246.156755
246.156755
245.912703
245.800565
245.800565
245.757594
245.757594
245.433902
245.388216
245.387076
245.347659
245.305640
245.055623
245.055623
245.055623
244.683070
244.659784
243.575232
243.575232
243.394090
242.561961
242.484108
242.295891
242.030617
241.989693
241.724371
241.724371
241.597977
240.622365
239.963928
239.297412
238.477849
237.910175
237.910175
237.757297
237.711858
237.675841
237.594165
237.555515
237.225981
237.040434
236.942555
235.195755
234.403964
233.352925
232.517836
232.186208
231.856934
231.544275
231.544275
231.544275
231.357991
230.810683
230.810683
230.585532
230.400633
230.400633
230.339783
230.248085
229.950916
229.872034
229.404012
229.404012
229.402872
229.402872
229.402872
229.382271
229.150931
229.085176
229.085176
229.037328
228.979526
228.979526
228.857158
228.857158
228.840540
228.808531
228.808531
228.619370
228.071747
228.002444
227.967107
227.737613
227.659241
227.659241
227.594312
227.204144
227.164890
227.155492
227.106909
226.723886
226.553386
226.553386
226.503758
226.503758
226.388876
226.018095
225.549425
225.549425
224.651366
224.474971
224.473833
224.325046
222.682747
222.645406
221.350667
221.049744
221.049744
221.010959
220.849208
220.637802
220.513008
220.440984
220.071883
219.795934
219.795934
219.795934
219.479324
219.159752
218.513910
218.513910
218.070677
218.043425
217.791760
217.791760
217.769502
216.989798
216.989798
216.462624
216.462624
216.312212
215.553381
215.522800
215.504514
215.390074
215.043034
215.033372
215.033372
214.521716
214.521716
214.521716
214.521716
214.521716
214.470184
214.439639
214.213303
214.103809
213.869441
213.869441
213.710994
213.640721
213.283240
213.283240
213.283240
213.137007
212.838901
212.765970
212.467410
212.467410
212.418405
212.120848
211.626335
211.103323
211.103323
211.103323
211.045984
210.917758
210.842859
210.094780
209.998149
209.993590
209.964474
209.964474
209.670610
209.519705
209.426245
209.377032
208.436244
208.122914
208.122914
207.664331
207.615976
207.515190
207.290302
207.290302
207.290302
206.989304
206.171191
206.151059
205.644743
205.644743
205.633389
205.528493
205.333588
205.229514
203.825174
203.606216
203.408046
202.916856
202.916856
202.665645
202.523775
202.468312
202.449240
202.449240
202.449240
202.198192
202.198192
202.087746
202.074454
201.948802
201.474750
201.323845
201.323845
201.135416
200.801903
200.112190
200.047127
200.040996
200.031779
199.829855
199.792818
199.669890
199.598196
199.549745
199.131148
199.131148
199.127795
198.894386
198.829626
198.401653
198.401653
198.254134
197.981563
197.955110
197.856310
197.530948
197.530948
197.435857
197.184319
197.184319
197.176884
196.709172
196.709172
196.707576
196.700948
196.700948
196.700948
196.584358
195.967627
195.795074
195.661150
194.908464
194.750035
194.662793
194.662793
194.485330
194.485330
194.355443
194.041493
194.041493
193.902979
193.890654
193.391495
193.315450
193.259129
192.654395
192.200009
192.161356
191.946376
191.905629
191.904147
191.646434
191.550633
190.928012
190.677126
190.627864
190.598747
190.513889
190.477625
190.463353
189.840950
189.840950
189.553171
189.530598
189.517114
189.391702
189.391702
189.354326
189.354326
189.251648
189.046227
189.046227
188.818251
188.764513
188.522511
188.522511
188.436188
188.250456
188.075673
188.075673
188.075673
188.075673
188.075673
187.625574
187.625574
187.625574
187.625574
187.625574
187.023645
186.663420
186.663420
186.121463
186.081844
185.843073
185.806607
185.806607
185.507195
185.462418
184.887126
184.887126
184.491196
184.354044
184.073906
184.073906
184.054970
184.054970
184.033348
184.011858
183.918022
183.845524
183.280340
183.280340
183.031519
182.978231
182.845583
182.822542
182.817497
182.796326
182.700278
182.300497
182.300497
182.083076
181.230252
181.201320
181.191869
181.088876
181.005267
180.949666
180.617363
180.617363
179.803972
179.037253
179.037253
179.037253
179.011943
178.616348
178.580815
178.507941
178.409642
178.363533
178.285941
178.208974
178.066048
177.547487
177.469098
177.469098
177.320016
177.320016
177.239438
177.063324
176.974975
176.147855
176.147855
175.706382
175.448840
175.372274
175.163187
175.163187
175.139223
174.986848
174.986848
174.981803
174.981803
174.836678
174.760116
174.760116
174.646679
174.504166
174.504166
174.318598
173.475843
173.475843
173.447749
173.052889
172.938607
172.938607
172.933562
172.861916
172.551565
172.551565
172.551565
172.551565
172.525901
172.342428
172.224506
172.218575
172.168842
172.146725
172.146725
172.066250
171.705614
171.705614
171.705614
171.705614
171.705614
171.705614
170.971784
170.404811
170.404811
170.401276
170.311651
170.289245
170.280654
169.907465
169.583733
169.101406
169.048589
168.664365
168.664365
168.509953
168.509953
168.483655
168.088066
168.088066
168.088066
167.938577
167.875362
167.875362
167.875362
167.875362
167.514570
167.315403
167.315403
167.315403
167.283897
167.283897
167.255218
167.107873
167.107873
167.003197
167.003197
166.721461
166.635680
166.580627
166.580627
166.580627
166.396916
166.395132
166.395132
166.322198
166.163425
166.163425
166.163425
166.163425
166.163425
166.162453
166.158691
165.867856
165.621211
165.363914
165.354395
165.299794
165.299794
165.299794
165.266189
165.078660
165.078660
165.017402
165.017402
165.017402
165.017402
164.813548
164.813548
164.813548
164.813548
164.402750
163.350778
162.942133
162.925003
162.918060
162.918060
162.850087
162.667705
162.529674
162.287718
162.252185
162.243555
162.243555
161.946434
161.420200
161.420200
161.326920
161.186476
161.184481
161.110448
161.110448
161.098544
161.098375
160.679440
160.679440
160.679440
160.679440
160.583638
160.493784
160.493784
160.493784
160.454581
160.454581
160.375090
160.320622
159.977681
159.946519
159.946519
159.894489
159.771848
159.766850
159.625446
159.625446
159.037332
158.881898
158.692566
158.549025
158.549025
158.549025
158.348244
158.248270
157.966153
157.879314
157.819366
157.819366
157.808505
157.787688
157.755590
157.747369
157.747369
157.669462
157.669462
157.668295
157.572083
157.324900
156.970411
156.970411
156.962127
156.614028
156.336062
156.312445
156.047095
155.982852
155.982852
155.972267
155.630850
155.617467
155.577516
155.388596
155.388596
155.369408
155.369408
155.369408
155.369408
155.323863
155.182348
155.117680
155.117680
155.002470
154.823833
154.823833
154.806206
154.713878
154.388402
154.271724
154.176683
154.116843
154.099987
154.080650
154.080650
154.063677
153.847424
153.847424
153.841359
153.841359
153.626022
153.385752
153.352970
153.327853
153.327853
153.310880
153.310880
153.310880
153.310880
153.290479
153.224976
153.224976
153.194678
153.194678
153.194678
153.194678
153.088087
153.088087
153.088087
152.936958
152.936958
152.857661
152.724578
152.724578
152.724578
152.607887
152.607887
152.596981
152.487112
152.487112
152.487112
152.462547
152.462547
152.446110
152.401229
152.401229
152.109164
151.721741
151.704597
151.704597
151.410247
151.395048
151.387968
151.349482
151.318998
151.292215
151.182719
151.182719
151.182719
151.076561
150.862312
150.756411
150.691776
150.551209
150.551209
150.489757
150.489757
150.489757
150.443599
150.369611
150.341386
150.341285
150.208450
150.208450
150.208450
150.197399
150.104423
150.099448
150.099448
150.099448
150.099448
150.097018
150.097018
150.097018
150.097018
150.075992
150.035545
150.035545
149.918358
149.862978
149.862978
149.692186
149.692186
149.251806
149.201878
149.064697
149.064697
149.064697
149.064697
148.879247
148.879247
148.879247
148.879247
148.879247
148.879247
148.879247
148.848763
148.848763
148.741124
148.683640
148.618094
148.618094
148.610139
148.610139
148.511214
148.468627
148.468340
148.468340
148.350574
148.350574
148.350574
148.347747
148.347747
148.242307
148.232224
148.232224
148.227650
148.227650
148.191465
148.191465
148.191465
148.091251
148.033665
148.020756
148.020756
148.020756
147.996040
147.988229
147.828802
147.825976
147.825976
147.825976
147.448962
147.400484
147.394302
147.305469
147.305469
147.303517
147.302785
147.302785
147.226263
147.226263
147.226263
147.226263
146.862331
146.783260
146.743861
146.743861
146.743861
146.743861
146.743861
146.686197
146.686197
146.673288
146.673288
146.673288
146.673288
146.664726
146.664726
146.592502
146.592502
146.592502
146.592502
146.024609
145.830619
145.830619
145.830619
145.765786
145.765786
145.571276
145.571276
145.571276
145.278155
145.278155
145.239472
145.220298
145.040607
144.821700
144.821700
144.821700
144.821700
144.821700
144.667705
144.667052
144.564072
144.530652
144.267565
144.205447
144.205447
144.007625
144.007625
143.924239
143.924239
143.924239
143.924239
143.924239
143.924239
143.924239
143.919849
143.919849
143.919849
143.919849
143.865163
143.861765
143.848050
143.742267
143.698515
143.672420
143.672420
143.672420
142.789342
142.706935
142.706935
142.680138
142.680138
142.668454
142.333951
142.333951
142.333951
142.333951
142.333951
142.333951
142.333951
142.162210
142.162210
142.162210
142.162210
142.162210
142.162210
142.162210
142.162210
141.827593
141.788604
140.274309
140.265584
140.265584
140.223233
140.163016
140.163016
140.163016
140.163016
140.163016
140.163016
140.163016
140.163016
140.161854
140.161854
140.161854
139.845380
139.845380
139.845380
139.777189
139.672181
139.672181
139.672181
139.672181
139.472238
139.472238
139.472238
139.456532
139.456532
139.450579
139.450579
139.450579
139.450579
139.450579
139.450579
139.450579
139.450579
139.450579
139.450579
139.450579
139.401288
139.356111
139.355336
139.355336
139.355336
139.355336
139.354535
139.344659
139.224579
139.145421
139.142790
139.081641
139.081641
139.067957
138.984473
138.984473
138.984473
138.942959
138.942959
138.942959
138.923264
138.923025
138.923025
138.417628
138.376806
138.365887
138.333925
138.333925
138.333925
138.316257
138.316257
138.314154
138.314154
138.312904
138.272559
137.649370
137.649370
137.649370
137.570198
137.570198
137.562312
137.562312
137.562312
137.562312
137.562312
137.562312
137.562312
137.560931
137.551147
137.550142
137.550142
137.539491
137.513658
137.513658
137.495599
137.474908
137.388880
137.388880
137.322619
137.322619
137.322619
137.322619
137.221803
137.221803
137.157752
137.089677
137.089677
136.838071
136.835623
136.835623
136.828295
136.818105
136.771498
136.771498
136.681648
136.669625
136.669625
136.669149
136.548859
136.548859
136.548859
136.548859
136.548859
136.548859
136.546411
136.546411
136.395300
136.395300
136.395300
136.395300
136.335299
136.335299
136.335299
136.335299
136.309925
136.309925
136.267226
136.267226
136.206606
136.141337
136.141337
136.141337
136.141337
136.133096
136.133096
136.133096
136.133096
136.133096
136.131645
136.131645
136.129543
136.129543
136.123666
136.080501
136.027394
135.676693
135.656376
135.639437
135.639437
135.568498
135.568498
135.566568
135.566568
135.566568
135.471684
135.471684
135.471684
135.446064
135.446064
135.446064
135.446064
135.446064
135.436839
135.413678
135.412099
135.408138
135.391473
135.325755
135.325755
135.262577
135.262577
135.260474
135.239188
135.157427
135.157427
135.097683
135.084139
135.084139
135.084139
134.875182
134.791898
134.791898
134.746035
134.650729
134.650729
134.650729
134.599592
134.599592
134.594610
134.594610
134.594610
134.594610
134.554534
134.554534
134.525240
134.525240
134.525240
134.525240
134.525240
134.456328
134.440913
134.440913
134.440913
134.439334
134.385826
134.379954
134.379954
134.379954
134.373335
134.354770
134.354770
134.311160
134.309580
134.309580
134.309580
134.309580
134.309580
134.305138
134.305138
134.268646
134.259359
133.783052
133.783052
133.262949
133.262949
133.262949
133.262949
133.262949
133.048637
133.048637
133.040508
133.040508
133.031594
133.031594
133.031594
132.968935
132.968935
132.713923
132.713923
132.687932
132.687932
132.640363
132.640363
132.640363
132.432727
132.432727
132.432727
132.362756
132.274338
132.269249
132.269249
132.269249
132.251875
132.250514
132.250514
132.250514
132.235307
132.222173
132.222173
132.187913
132.187913
132.170538
132.170538
132.152334
132.152334
132.150041
132.146260
132.091195
132.004144
131.786340
131.731117
131.730904
131.630637
131.553534
131.553534
131.553534
131.488682
131.488682
131.325923
131.253796
131.177921
131.160914
131.105216
131.105216
131.096786
131.096786
131.077615
131.034184
131.011573
131.011573
130.993668
130.993668
130.993668
130.993668
130.993668
130.993668
130.993668
130.993668
130.991376
130.938101
130.938101
130.938101
130.938101
130.918274
130.894255
130.894255
130.894255
130.894255
130.873085
130.854266
130.854131
130.853608
130.853608
130.618105
130.618105
130.618105
130.518915
130.436195
130.275648
130.275648
130.275648
130.275648
130.275648
130.242627
130.242627
130.232996
130.232996
130.027618
130.027618
130.027618
129.704009
129.702783
129.321762
129.294696
129.294696
129.246510
129.246510
129.246510
129.246510
129.149431
129.107848
129.019050
128.997552
128.987927
128.987927
128.987927
128.987292
128.948870
128.903078
128.894781
128.894781
128.894781
128.894781
128.894781
128.894781
128.839760
128.829271
128.805759
128.805759
128.791564
128.667431
128.667159
128.498662
128.495406
128.492145
128.492145
128.492145
128.492145
128.492145
128.492145
128.487096
128.485717
128.485150
128.485150
128.485150
128.480644
128.480644
128.467776
128.467776
128.467776
128.467776
128.467776
128.467776
128.433408
128.433408
128.433408
128.416967
128.400634
128.382185
128.382185
128.380088
128.368999
128.336411
128.336411
128.336411
128.134660
128.118747
127.938269
127.932409
127.932409
127.900552
127.900552
127.900552
127.900552
127.900552
127.900552
127.900552
127.900552
127.819459
127.819459
127.819459
127.810177
127.794855
127.785405
127.777590
127.777590
127.776593
127.765504
127.757406
127.757406
127.600638
127.600638
127.600638
127.600638
127.600638
127.600638
127.529259
127.529259
127.529259
127.489232
127.478250
127.476173
127.475452
127.455344
127.455344
127.455344
127.445662
127.445662
127.445662
127.445662
127.445662
127.445662
127.445662
127.428776
127.388610
127.369599
127.366322
127.366322
127.266450
127.164304
127.164304
127.164304
127.164304
127.161024
127.150655
127.150655
127.127118
127.109281
127.025400
127.020076
127.020076
127.020076
127.020076
127.005228
126.936122
126.925752
126.911838
126.911838
126.902156
126.902156
126.856479
126.856479
126.836039
126.836039
126.826284
126.775853
126.775853
126.775853
126.775853
126.775853
126.775853
126.775853
126.713501
126.713501
126.713501
126.713501
126.713501
126.485712
126.485712
126.472615
126.472615
126.472615
126.401759
126.401759
126.401759
126.401759
126.400156
126.400156
126.049827
126.049827
125.934689
125.934689
125.934444
125.906345
125.903970
125.903970
125.903970
125.903970
125.878970
125.878970
125.863582
125.863582
125.863582
125.862880
125.839598
125.839598
125.837106
125.833323
125.833323
125.771156
125.771156
125.771156
125.771156
125.771156
125.731696
125.731696
125.719112
125.719112
125.719112
125.643530
125.643530
125.603672
125.603672
125.590131
125.590131
125.590131
125.590131
125.590131
125.590131
125.590131
125.590131
125.590131
125.590131
125.585329
125.540076
125.540076
125.540076
125.540076
125.540076
125.539825
125.539825
125.539825
125.536658
125.536658
125.536658
125.536658
125.536658
125.536658
125.527242
125.527242
125.527242
125.527242
125.523161
125.519677
125.420956
125.420956
125.420956
125.413048
125.387843
125.387843
125.387843
125.321075
125.321075
125.321075
125.321075
125.321075
125.271745
125.170257
125.170257
125.170257
125.170257
125.158291
125.158291
125.084853
125.084853
125.083900
124.922953
124.922953
124.922953
124.919435
124.887083
124.879835
124.879835
124.879835
124.879835
124.876669
124.876669
124.876669
124.832833
124.832833
124.811700
124.811700
124.811700
124.811700
124.811700
124.811700
124.811700
124.807850
124.807850
124.807850
124.807850
124.807850
124.807850
124.807850
124.728748
124.718545
124.682275
124.682275
124.682275
124.682275
124.682275
124.682275
124.682275
124.682275
124.682275
124.681390
124.681390
124.681390
124.681390
124.681390
124.681390
124.681390
124.681390
124.681390
124.674300
124.674300
124.674300
124.674300
124.625705
124.625705
124.625705
124.625705
124.625705
124.625705
124.624188
124.624188
124.613983
124.613983
124.532326
124.532326
124.532326
124.529224
124.509156
124.478262
124.478262
124.458459
124.453168
124.450067
124.428009
124.396790
124.396790
124.176790
124.176790
124.176790
124.148884
124.148884
124.098933
124.097031
124.097031
124.097031
124.062360
124.062360
124.007069
124.007069
123.942701
123.923055
123.923055
123.923055
123.910067
123.910067
123.910067
123.910067
123.793750
123.793750
123.780727
123.780727
123.780727
123.780727
123.774355
123.774355
123.774355
123.774355
123.719065
123.712815
123.704939
123.704939
123.698643
123.697127
123.514365
123.502145
123.502145
123.502145
123.482762
123.482762
123.390211
123.387111
123.328065
123.328065
123.328065
123.249193
123.205928
123.205928
123.205928
123.205928
123.205928
123.173615
123.169924
123.169924
123.169924
123.155363
123.155363
123.155363
123.155363
123.155363
122.946674
122.946674
122.946674
122.857263
122.857263
122.857263
122.857263
122.857263
122.857263
122.826587
122.826587
122.820334
122.814406
122.814406
122.814406
122.814406
122.814406
122.806342
122.703674
122.538406
122.538406
122.535496
122.535496
122.535469
122.508812
122.497054
122.452222
122.452222
122.451678
122.424306
122.424306
122.424306
122.416844
122.416844
122.416844
122.416844
122.410572
122.410572
122.405079
122.405079
122.405079
122.405079
122.405079
122.405079
122.405079
122.405079
122.389609
122.389609
122.389609
122.381544
122.381544
122.378651
122.378651
122.378651
122.353810
122.349179
122.344170
122.344170
122.344035
122.342936
122.342936
122.316870
122.315147
122.315147
122.313610
122.313610
122.313610
122.218744
122.186058
122.181222
122.133735
122.133735
122.133735
122.133735
122.133735
122.133735
122.133735
122.133735
122.133735
122.133735
122.132372
122.132342
122.102443
122.102443
122.098809
122.098809
122.012154
122.012154
121.855589
121.855589
121.799460
121.794829
121.780565
121.780565
121.780565
121.780565
121.780565
121.780565
121.780565
121.780565
121.780081
121.780081
121.780081
121.780081
121.779855
121.779855
121.779855
121.776241
121.776241
121.774446
121.774446
121.773612
121.773612
121.773612
121.773612
121.773612
121.773612
121.773612
121.773612
121.773612
121.773612
121.773612
121.773612
121.773612
121.773612
121.770005
121.770005
121.770005
121.770005
121.770005
121.770005
121.770005
121.770005
121.770005
121.770005
121.770005
121.770005
121.769015
121.769015
121.708894
121.708120
121.708120
121.708120
121.708120
121.708120
121.708120
121.698515
121.635009
121.628276
121.627124
121.616159
121.605863
121.605863
121.601375
121.562012
121.562012
121.562012
121.530573
121.530573
121.530573
121.530573
121.529798
121.529798
121.529798
121.529798
121.529798
121.529798
121.529798
121.524182
121.523328
121.510247
121.510247
121.445225
121.433627
121.433627
121.427281
121.427281
121.421160
121.421160
121.414428
121.414428
121.403858
121.403858
121.403858
121.403858
121.403858
121.403858
121.396059
121.393182
121.393182
121.393182
121.393182
121.393182
121.393182
121.386449
121.383199
121.375262
121.375262
121.375262
121.361440
121.361440
121.361440
121.358358
121.358358
121.331384
121.331384
121.331384
121.276721
121.276721
121.276721
121.276721
121.276721
121.276558
121.276558
121.229225
121.157224
121.157224
121.157224
121.157224
121.154755
121.114523
121.074423
121.074423
121.062509
120.750240
120.746988
120.746988
120.746988
120.742970
120.739738
120.739724
120.739724
120.739724
120.733668
120.698577
120.698577
120.698577
120.689838
120.689838
120.685340
120.685340
120.669112
120.669112
120.615813
120.615813
120.609670
120.588097
120.530540
120.530540
120.530540
120.530540
120.530540
120.530540
120.484941
120.483022
120.481599
120.481599
120.481599
120.481599
120.480553
120.448605
120.448605
120.431228
120.424736
120.404359
120.404359
120.398171
120.383927
120.383927
120.376991
120.376991
120.376991
120.353304
120.353304
120.353304
120.343470
120.337909
120.337909
120.335958
120.335958
120.313509
120.313509
120.313509
120.313509
120.311254
120.274022
120.269943
120.012370
119.973675
119.973675
119.973675
119.973675
119.973675
119.973675
119.956935
119.956935
119.956205
119.939770
119.939770
119.877959
119.877959
119.877959
119.877959
119.830280
119.820576
119.820576
119.820576
119.761960
119.761929
119.761929
119.761929
119.761929
119.754250
119.754250
119.101751
119.086386
119.066541
119.047841
119.047841
119.047841
119.047841
119.031580
119.031580
119.031244
119.031001
119.031001
119.031001
119.031001
119.031001
119.026795
119.026795
119.014339
119.014339
119.014339
119.014339
119.014339
119.014339
119.014339
119.014339
119.012080
119.012080
119.012080
119.012080
119.012080
119.011273
119.011273
119.011273
119.011273
119.011273
119.011273
119.011273
119.011273
119.005183
119.004610
119.004610
119.004610
119.004610
119.004610
118.965761
118.965761
118.929697
118.929697
118.929697
118.929697
118.929697
118.929697
118.925571
118.925571
118.925571
118.925571
118.925571
118.925571
118.925571
118.925571
118.925571
118.925571
118.735224
118.735224
118.694834
118.692560
118.692560
118.429173
118.429173
118.429173
118.429173
118.429173
118.429173
118.429173
118.385133
118.385133
118.385133
118.385133
118.385133
117.613713
117.613713
117.613713
117.613713
117.569672
117.544384
117.544384
117.544384
117.544384
117.460085
117.460085
117.450100
117.447096
117.431290
117.426044
117.426044
117.426044
117.426044
117.425089
117.421927
117.421927
117.409566
117.409566
117.409566
117.390204
117.390204
117.388118
117.388118
117.388118
117.388118
117.388118
117.388118
117.388118
117.388118
117.388118
117.385162
117.381536
117.381536
117.381536
117.381536
117.381536
117.381536
117.378419
117.378419
117.372287
117.372287
117.372287
117.364259
117.364259
117.364259
117.356466
117.312801
117.246604
117.246604
117.246604
117.246604
117.202651
117.202651
117.158402
117.158402
117.158402
117.051908
117.051908
117.051908
117.051908
117.051908
117.051908
117.051273
117.051273
117.051273
117.051273
117.051273
117.051273
117.051273
117.051273
117.047402
117.047402
117.039611
117.039611
117.029808
117.029808
117.029808
117.029808
117.029808
117.029808
117.029808
117.018926
117.014892
117.014892
117.014892
117.014892
117.014892
116.993938
116.993938
116.993938
116.993938
116.986325
116.986325
116.986325
116.986325
116.982619
116.982619
116.982619
116.732362
116.732362
116.712338
116.712338
116.710384
116.710384
116.710384
116.710235
116.710235
116.710235
116.710235
116.710235
116.710235
116.710235
116.710235
116.404074
116.404074
116.342725
116.342725
116.137938
116.137938
116.137938
116.137938
116.129712
116.129712
116.129712
115.904614
115.904614
115.890188
115.890188
115.890129
115.890129
115.890129
115.890129
115.890129
115.889869
115.889869
115.889869
115.889869
115.889869
115.889869
115.889869
115.889869
115.889869
115.889869
115.889869
115.889869
115.889869
115.885188
115.885188
115.885188
115.885188
115.881296
115.881296
115.881296
115.877650
115.877650
115.877650
115.877650
115.877650
115.877650
115.877650
115.877650
115.877650
115.877650
115.877650
115.877650
115.877650
115.744493
115.744493
115.744493
115.744493
115.674007
115.674007
115.674007
115.660506
115.657246
115.657246
115.645930
115.643623
115.643623
115.643623
115.643623
115.643607
115.643607
115.504853
115.442883
115.442883
115.317262
115.317262
115.311975
115.300544
115.299494
115.237481
115.139603
115.129910
115.129910
115.082950
115.076266
115.074528
115.064576
115.064576
115.064576
115.060684
115.060684
114.969862
114.969862
114.969862
114.969862
114.926785
114.926785
114.926785
114.920775
114.887537
114.887537
114.871430
114.871344
114.863187
114.863187
114.863187
114.863187
114.863187
114.863187
114.863187
114.863187
114.861741
114.861741
114.861741
114.861538
114.836079
114.824632
114.824632
114.824632
114.718714
114.718714
114.718714
114.713947
114.713947
114.698914
114.698914
114.698914
114.697932
114.697932
114.697932
114.690437
114.690437
114.690437
114.690437
114.690437
114.690437
114.683466
114.683466
114.683466
114.546265
114.546265
114.195492
114.195492
114.195492
114.195492
114.189828
114.176829
114.176829
114.174793
114.061131
114.061131
114.061131
114.061131
114.061131
114.061131
114.023599
114.023599
114.006596
114.006017
114.006017
114.006017
114.006017
114.006017
113.985206
113.985206
113.985206
113.985206
113.985206
113.985206
113.699328
113.699328
112.669321
112.669321
112.669321
112.669321
112.669321
112.669321
112.669321
112.669321
112.669321
112.669321
112.669321
112.669321
112.669321
112.669321
112.669321
112.669321
112.669321
112.409197
112.409197
112.409197
112.255999
112.255999
112.255999
112.255999
112.255999
112.255999
112.207986
112.207986
112.207986
112.207986
112.201596
112.201596
112.201596
112.195574
112.192010
112.189101
112.189101
112.189101
112.189101
112.189101
112.189101
112.128987
112.128987
112.128987
112.128987
112.128987
112.128987
112.123257
112.123257
112.123257
112.123257
112.123257
112.121703
112.121703
112.117986
112.117228
112.045067
112.042002
111.977447
111.822935
111.822935
111.822467
111.822467
111.809629
111.809629
111.809629
111.809629
111.809629
111.747192
111.747192
111.747192
111.747192
111.747192
111.747192
111.729992
111.729992
111.729992
111.729992
111.729992
111.729992
111.701561
111.701561
111.701561
111.684086
111.684086
111.684086
111.684086
111.684086
111.684086
111.681021
111.681021
111.681021
111.681021
111.680847
111.680847
111.679292
111.679292
111.679292
111.679292
111.678945
111.678945
111.678620
111.678620
111.678620
111.656654
111.656654
111.656654
111.656308
111.656308
111.656308
111.629783
111.629783
111.629783
111.629783
111.629783
111.629783
111.629783
111.628270
111.628270
111.628270
111.628270
111.625210
111.625210
111.625210
111.625210
111.583547
111.583547
111.527338
111.527338
111.507029
111.507029
111.506288
111.506288
111.506288
111.506288
111.506288
111.492276
111.492276
111.488064
111.488064
111.488064
111.488064
111.488061
111.488061
111.486816
111.486816
111.486816
111.486816
111.486166
111.435815
111.435815
111.424293
111.424293
111.424293
111.381335
111.381335
111.381335
111.381335
111.381335
111.378276
111.378276
111.378276
111.369300
111.369300
111.369300
111.366240
111.351996
111.193391
111.168830
111.168830
111.168830
111.165511
111.165511
111.165511
111.165511
111.162451
111.162451
111.162451
111.141403
111.141403
111.141403
111.141403
111.141403
111.141403
111.139431
111.139431
111.139431
110.575245
110.575245
110.554198
110.554198
110.554073
110.554073
110.549630
110.549630
110.549630
110.540997
110.464972
110.448759
110.411620
110.411620
110.398015
110.398015
110.398015
110.398015
110.398015
110.398015
110.280440
110.279313
110.279313
110.249205
110.247377
110.231083
110.231083
110.231083
110.231083
110.231083
110.231083
110.231083
110.043243
110.043243
110.043243
110.043243
110.043243
110.043243
109.999460
109.999460
109.999460
109.999460
109.974301
109.974301
109.974301
109.974301
109.974301
109.974301
109.974301
109.974301
109.965558
109.949284
109.949284
109.942559
109.942497
109.942497
109.942497
109.942497
109.942497
109.942497
109.941769
109.734108
109.669506
109.669506
109.669506
109.669506
109.592218
109.592218
109.592218
109.592218
109.592218
109.592218
109.592218
109.592218
109.592218
109.592218
109.592218
109.592218
109.592218
109.592218
109.592218
109.592218
109.561405
109.561405
109.561405
109.561405
109.561405
109.561405
109.561405
109.561405
109.561405
109.561405
109.561405
109.561405
109.561405
109.561405
109.561405
109.561405
109.561405
109.561405
109.522280
109.452983
109.452983
109.417746
109.405346
109.405346
109.405346
109.279517
109.279517
109.279517
109.269097
109.269097
109.269097
109.269097
109.266208
109.266208
109.266208
109.266208
109.266208
109.266208
109.266208
109.260423
109.260423
109.260423
109.260423
109.260423
109.260423
109.260423
109.260423
109.260423
109.248331
109.248331
109.243027
109.243027
109.243027
109.243027
109.243027
109.243027
109.243027
109.241630
109.241630
109.240433
109.240433
109.240433
108.663383
108.663383
108.663383
108.663383
108.663383
108.663383
108.663383
108.663383
108.663383
108.627384
108.627384
108.627384
108.596882
108.596882
108.596882
108.596882
108.596882
108.596882
108.596882
108.595685
108.595685
108.595685
108.467747
108.457222
108.457222
108.437393
108.437393
108.437349
108.437349
108.437349
108.437349
108.431269
108.431269
108.429252
108.429252
108.427919
108.401032
108.401032
108.401032
108.401032
108.401032
108.401032
108.401032
108.401032
108.394188
108.393490
108.393490
108.393490
108.393490
108.393490
108.393490
108.393490
108.391813
108.391813
108.391813
108.385640
108.385640
108.385640
108.385640
108.385640
108.385640
108.385640
108.385640
108.385640
108.385640
108.142706
108.142706
108.142706
108.142706
108.142706
108.122683
108.096264
108.096264
108.096264
108.096256
108.096256
108.096256
108.096256
108.096110
108.060717
108.060717
108.052151
108.050278
108.050278
107.982277
107.960998
107.939174
107.939174
107.939174
107.936555
107.936555
107.936555
107.936555
107.925332
107.925332
107.909517
107.909517
107.909517
107.909517
107.697025
107.697025
107.697025
107.697025
107.697025
107.695375
107.687775
107.673851
107.673851
107.673851
107.673851
107.663083
107.663083
107.663083
107.663083
107.663083
107.663083
107.663083
107.663083
107.663083
107.659143
107.659143
107.659143
107.659075
107.659075
107.659075
107.659075
107.659075
107.659075
107.659075
107.659075
107.659075
107.659075
107.632513
107.632513
107.632513
107.632513
107.632513
107.632513
107.632513
107.632513
107.632513
107.632513
107.632513
107.632513
107.632513
107.632513
107.632513
107.632513
107.632513
107.632513
107.632513
107.482716
107.333032
107.333032
107.333032
107.333032
107.333032
107.332614
107.332614
107.312559
107.312559
107.312559
107.214841
107.214841
107.214841
107.214841
107.214841
107.214841
107.214841
107.214841
107.214841
107.213567
107.213567
107.213567
107.213567
107.213567
107.213567
107.213567
107.213567
107.213567
107.213567
107.213523
107.213523
107.186736
107.186736
107.186736
107.186736
107.186736
107.184974
107.184974
107.184974
107.184974
107.181475
107.181475
107.181475
107.181475
106.921463
106.921463
106.920916
106.883461
106.883461
106.883461
106.878877
106.878877
106.875782
106.875782
106.872314
106.872314
106.872314
106.871926
106.871926
106.871504
106.870620
106.854101
106.854101
106.853223
106.853223
106.853223
106.850248
106.806682
106.806682
106.806682
106.806682
106.806682
106.805075
106.805075
106.786286
106.786242
106.786242
106.786242
106.786242
106.786242
106.786242
106.780067
106.780067
106.741291
106.741291
106.741136
106.735856
106.727658
106.727658
106.727658
106.727658
106.727658
106.727658
106.727658
106.727658
106.727658
106.727658
106.727658
106.713383
106.713383
106.713383
106.713383
106.713383
106.713383
106.713383
106.711119
106.711119
106.711119
106.711119
106.711105
106.711105
106.707429
106.707429
106.707429
106.707429
106.706607
106.706607
106.706607
106.706607
106.667831
106.667831
106.667831
106.667831
106.657893
106.657893
106.657893
106.657893
106.657893
106.657014
106.657014
106.649403
106.649403
106.649403
106.646749
106.646749
106.646749
106.646749
106.644639
106.562558
106.562558
106.562558
106.562558
106.562558
106.562558
106.562558
106.562558
106.562558
106.562558
106.534923
106.534670
106.534670
106.534670
106.534670
106.534670
106.531459
106.531459
106.528587
106.528587
106.528587
106.528587
106.528587
106.528587
106.497569
106.497569
106.497569
106.497569
106.469934
106.433400
106.433400
106.429821
106.429821
106.429821
106.429821
106.429821
106.339050
106.339050
106.333355
106.333355
106.333355
106.333355
106.325743
106.325743
106.325743
106.324762
106.324539
106.324539
106.324539
106.324539
106.324539
106.324539
106.321256
106.321256
106.321256
106.321256
106.317665
106.317665
106.316648
106.316648
106.316648
106.254499
106.254499
106.254499
106.254499
106.254499
106.254499
106.254499
106.254499
106.254499
106.254499
106.254499
106.254499
106.254499
106.254499
106.254499
106.232618
106.232618
106.232618
106.232618
106.223603
106.223603
106.215452
106.215452
106.215452
106.215452
106.215452
106.215452
106.205356
106.205356
106.205356
106.205356
106.205356
106.205356
106.205356
106.205356
106.205356
106.205356
106.205356
106.205356
106.204535
106.197216
106.158084
106.158084
106.158084
106.158084
106.158084
106.154702
106.154702
106.154702
106.154702
106.154702
106.154702
106.154702
106.154702
106.154677
106.148535
106.148535
106.148535
106.148535
106.148535
106.148535
106.148535
106.142620
106.142620
106.142620
106.142620
106.142620
106.135155
106.135155
106.135155
106.058540
106.023625
106.019367
106.019367
106.019367
106.019367
106.016817
106.013437
105.848181
105.848181
105.848181
105.848181
105.848181
105.848181
105.848181
105.848181
105.848181
105.848181
105.848181
105.848181
105.848181
105.848181
105.848181
105.848181
105.848181
105.848181
105.848181
105.848181
105.848181
105.780345
105.780345
105.780345
105.780345
105.780345
105.780345
105.776927
105.727882
105.708308
105.656870
105.656870
105.656870
105.656870
105.656870
105.656870
105.656870
105.656870
105.638228
105.638228
105.611849
105.611849
105.611849
105.611849
105.611849
105.611849
105.611849
105.611849
105.611849
105.611849
105.603560
105.603560
105.603560
105.603560
105.572459
105.572459
105.572459
105.572459
105.572459
105.572459
105.557400
105.557400
105.557400
105.557400
105.555212
105.555212
105.555212
105.555212
105.555212
105.555212
105.555212
105.555212
105.555212
105.555212
105.555212
105.555212
105.555212
105.555212
105.545736
105.545736
105.545736
105.545736
105.545736
105.545736
105.545736
105.545736
105.545736
105.545736
105.545736
105.545736
105.545736
105.545736
105.545736
105.545736
105.545736
105.545736
105.545736
105.538848
105.538848
105.538848
105.538848
105.538848
105.538848
105.538848
105.538848
105.538848
105.538848
105.538848
105.538848
105.538848
105.527943
105.527943
105.527943
105.527943
105.527943
105.527943
105.359593
105.359593
105.172276
105.172276
105.172276
105.172276
105.172276
105.172276
105.172276
105.118654
105.118654
105.111527
105.090033
105.090033
105.090033
104.803096
104.803096
104.803096
104.803096
104.792191
104.792191
104.792191
104.792191
104.792191
104.792191
104.791485
104.791485
104.791485
104.791485
104.791485
104.791485
104.791485
104.791485
104.791485
104.790986
104.790986
104.790986
104.790986
104.790986
104.790986
104.790986
104.790986
104.790986
104.790986
104.790986
104.790985
104.790806
104.790806
104.790806
104.789468
104.789376
104.789376
104.789208
104.789208
104.789208
104.789208
104.789208
104.789208
104.789208
104.789208
104.788392
104.788301
104.788301
104.788301
104.788301
104.788301
104.788301
104.788301
104.788301
104.788301
104.788301
104.788301
104.788301
104.785989
104.785989
104.785989
104.785989
104.785989
104.785989
104.785989
104.785989
104.785989
104.785989
104.785989
104.783986
104.783986
104.783986
104.783986
104.783986
104.783986
104.783986
104.783986
104.783986
104.782306
104.782306
104.782306
104.780674
104.780674
104.780674
104.780674
104.780674
104.780674
104.780674
104.780674
104.780674
104.768354
104.768354
104.768354
104.768354
104.768354
104.768354
104.768354
104.768354
104.750351
104.750351
104.750351
104.750351
104.750351
104.749527
104.749527
104.749527
104.749527
104.746469
104.746469
104.746469
104.746469
104.739048
104.739048
104.739048
104.739048
104.739048
104.739048
104.739048
104.739048
104.739048
104.739048
104.739048
104.739048
104.739048
104.739048
104.739048
104.723056
104.723056
104.723056
104.723056
104.723056
104.723056
104.723056
104.723056
104.721074
104.712840
104.712840
104.712840
104.712840
104.673378
104.673378
104.671639
104.671639
104.667977
104.667977
104.667977
104.660556
104.660556
104.660556
104.660556
104.660556
104.660556
104.660556
104.660556
104.660556
104.660556
104.660556
104.660556
104.660556
104.660556
104.660556
104.660556
104.592791
104.592791
104.588314
104.581198
104.581198
104.581198
104.581198
104.581198
104.581198
104.581198
104.580905
104.580905
104.580905
104.580905
104.580905
104.580905
104.580905
104.580905
104.580905
104.580905
104.580905
104.580905
104.556115
104.546190
104.539266
104.515042
104.515042
104.511445
104.511445
104.511445
104.511445
104.511445
104.511445
104.511445
104.511445
104.511445
104.511445
104.494920
104.481240
104.481240
104.481240
104.481240
104.481240
104.481240
104.481240
104.481240
104.481240
104.439142
104.439142
104.439142
104.439142
104.392742
104.378243
104.378243
104.377548
104.375088
104.375088
104.375088
104.375088
104.375088
104.375088
104.371096
104.371096
104.371096
104.371096
104.371096
104.371096
104.371096
104.371096
104.371096
104.369718
104.369718
104.342120
104.341086
104.341086
104.341086
104.341086
104.341086
104.341086
104.341086
104.341086
104.341086
104.341086
104.341086
104.341086
104.341086
104.284223
104.284223
104.284223
104.284223
104.284223
104.284223
104.284223
104.278099
104.278099
104.278099
104.278099
104.278099
104.272249
104.272249
104.194489
104.194489
104.194489
104.194489
104.168090
104.168090
104.168090
104.168090
104.168090
104.168090
104.168090
104.165533
104.165533
104.165533
104.165533
104.165533
104.163157
104.163157
103.858892
103.858892
103.851244
103.846196
103.846196
103.846196
103.846196
103.801988
103.801988
103.801988
103.801988
103.800248
103.800248
103.800248
103.800248
103.800182
103.800182
103.796488
103.796488
103.796488
103.794329
103.794329
103.794329
103.794329
103.794329
103.794329
103.794329
103.794329
103.794329
103.794329
103.793807
103.793807
103.793807
103.793807
103.793807
103.793807
103.793807
103.789750
103.789750
103.789750
103.789006
103.789006
103.789006
103.789006
103.789006
103.789006
103.789006
103.789006
103.789006
103.784787
103.784787
103.778157
103.778157
103.778157
103.778157
103.778157
103.778157
103.778157
103.778157
103.778157
103.778157
103.778157
103.778157
103.778157
103.778157
103.778157
103.778157
103.778157
103.778157
103.778157
103.778157
103.774775
103.774775
103.774775
103.531955
103.531955
103.531955
103.531955
103.531955
103.531955
103.531955
103.531955
103.531955
103.526342
103.526342
103.526342
103.526342
103.526342
103.526342
103.526342
103.526342
103.525286
103.525286
103.525286
103.525286
103.480714
103.480714
103.480714
103.480714
103.460173
103.412831
103.412831
103.412831
103.412831
103.412831
103.412831
103.412831
103.412831
103.412831
103.412831
103.412831
103.412831
103.412831
103.412831
103.412831
103.412831
103.401231
103.401231
103.401231
103.400080
103.400080
103.400080
103.400080
103.400080
103.400080
103.400080
103.400080
103.400080
103.400080
103.400080
103.400080
103.400080
103.400080
103.400080
103.400080
103.400080
103.400080
103.400080
103.400080
103.400080
103.400080
103.400080
103.400080
103.400080
103.400080
103.400080
103.400080
103.400080
103.400080
103.400080
103.400080
103.400080
103.400080
103.397712
103.397712
103.397712
103.397712
103.397712
103.397712
103.397712
103.397712
103.395162
103.395162
103.395162
103.395162
103.395162
103.395162
103.395162
103.395162
103.395162
103.395162
103.395162
103.395162
103.395162
103.395162
103.395162
103.395162
103.395162
103.395162
103.394519
103.394519
103.394519
103.394519
103.394246
103.394246
103.394246
103.394246
103.394246
103.394246
103.393572
103.393572
103.393572
103.393572
103.390276
103.390276
103.390276
103.390276
103.386560
103.386560
103.386560
103.386560
103.386560
103.386560
103.386560
103.386560
103.386560
103.386560
103.386560
103.382121
103.382121
103.382121
103.382121
103.382121
103.376756
103.376167
103.376167
103.376167
103.376167
103.376167
103.366136
103.366136
103.365659
103.365659
103.363291
103.363291
103.363291
103.356322
103.356322
103.356322
103.280862
103.280862
103.280862
103.280862
103.069966
103.069966
103.042574
103.042574
103.042574
103.042574
103.042574
103.042574
103.042574
103.042574
103.042574
103.042574
103.042574
103.042574
102.997655
102.997655
102.997655
102.993838
102.993838
102.993838
102.881256
102.881256
102.881256
102.880289
102.880289
102.880289
102.880289
102.863964
102.863964
102.863964
102.863964
102.863964
102.863964
102.863964
102.863964
102.863964
102.863964
102.862899
102.862899
102.862899
102.862899
102.798854
102.798854
102.798854
102.798768
102.794387
102.794387
102.794387
102.794387
102.794387
102.793975
102.793975
102.786320
102.786320
102.786320
102.786320
102.786320
102.786320
102.786320
102.786320
102.786320
102.786320
102.786320
102.786320
102.786320
102.786320
102.786320
102.786320
102.737182
102.737182
102.737182
102.737182
102.737182
102.737182
102.685709
102.685709
102.685709
102.685709
102.685709
102.684945
102.684945
102.680325
102.680325
102.680325
102.675943
102.673100
102.673100
102.673100
102.673100
102.673100
102.673100
102.643841
102.643841
102.643841
102.643457
102.643457
102.639857
102.639857
102.639857
102.486169
102.486169
102.486169
102.485182
102.485182
102.396880
102.396880
102.396880
102.396880
102.396880
102.396880
102.374563
102.374563
102.342996
102.342996
102.342996
102.342996
102.342996
102.342996
102.342996
102.342996
102.342996
102.342996
102.342996
102.342996
102.342996
102.342996
102.342996
102.342996
102.342996
102.342996
102.342996
102.342996
102.342996
102.324802
102.324802
102.324802
102.324802
102.324802
102.324802
102.323964
102.323964
102.323964
102.323964
102.323964
102.323964
102.316287
102.316287
102.316287
102.316287
102.316287
102.316287
102.316287
102.316287
102.316287
102.316287
102.313411
102.313411
102.313411
102.130113
102.126512
102.126512
102.117297
102.117297
102.117297
102.117297
102.117297
102.116961
102.116961
102.116961
102.116589
102.116589
102.116589
102.097036
102.097036
102.097036
102.094161
102.094161
102.094161
102.094161
102.092090
102.092090
102.092090
102.092090
102.092090
102.092090
101.829249
101.829249
101.829249
101.798446
101.798446
101.798446
101.798446
101.698695
101.698695
101.698695
101.698695
101.698695
101.698695
101.698695
101.698695
101.698695
101.695856
101.695856
101.695856
101.695856
101.695856
101.695856
101.692644
101.692644
101.692644
101.692644
101.692644
101.692644
101.686380
101.686380
101.686380
101.686380
101.686380
101.686380
101.686356
101.686356
101.686356
101.683948
101.678891
101.678891
101.678891
101.678891
101.678891
101.676727
101.676727
101.676727
101.676727
101.676727
101.676727
101.331645
101.331645
101.331645
101.331395
101.331395
101.331395
101.331395
101.310102
101.310102
101.310102
101.309168
101.309168
101.309168
101.309168
101.309168
101.309168
101.309168
101.309045
101.308795
101.308795
101.307228
101.307228
101.307228
101.307228
101.307228
101.307228
101.307228
101.234591
101.233787
101.233787
101.233787
101.233787
101.233787
101.233787
101.233787
101.233787
101.227282
101.227282
101.227282
101.227282
101.223884
101.223263
101.223263
101.223263
101.223263
101.223263
101.223263
101.223263
101.223263
101.105761
101.105761
101.105761
101.103727
101.103727
101.103727
101.103727
101.103727
101.103727
101.103727
101.102808
101.102808
101.102808
101.102808
101.102808
101.102808
101.102808
101.102808
101.102808
101.102808
101.092212
101.092212
101.092212
101.092212
101.092212
101.092212
101.092212
101.092212
101.092212
101.092212
101.092212
101.091158
101.091158
101.091158
101.091158
101.082523
101.082523
101.081551
101.052208
100.922393
100.922393
100.922393
100.888093
100.886201
100.886201
100.885054
100.881156
100.881156
100.881156
100.881156
100.881156
100.881156
100.881156
100.881156
100.881156
100.881156
100.873377
100.873377
100.873377
100.873377
100.873377
100.870533
100.870533
100.864796
100.864796
100.864796
100.864796
100.864796
100.864587
100.864587
100.862519
100.862519
100.862519
100.862519
100.862519
100.862519
100.861842
100.861842
100.686821
100.489735
100.489735
100.488584
100.451843
100.451843
100.451843
100.451843
100.451843
100.451843
100.451843
100.451843
100.451843
100.451843
100.451843
100.451843
100.451843
100.451843
100.451843
100.451843
100.451843
100.451843
100.451843
100.451843
100.451843
100.451843
100.451843
100.451843
100.451843
100.451843
100.451843
100.451843
100.451843
100.451843
100.451843
100.451843
100.451843
100.451843
100.451843
100.451843
100.451843
100.451843
100.451840
100.451840
100.447742
100.447742
100.447742
100.447742
100.447742
100.447742
100.447742
100.447742
100.447742
100.447742
100.447742
100.447742
100.447742
100.447742
100.447742
100.436621
100.436621
100.436621
100.436621
100.436621
100.436621
100.296977
100.296977
100.296977
100.296977
100.296977
100.296977
100.296977
100.295391
100.295391
100.295391
100.295391
100.295391
100.295391
100.258482
100.258482
100.258482
100.258482
100.258482
100.258482
100.258482
100.258482
100.246638
100.246638
100.246638
100.246638
100.246638
100.246638
100.246638
100.246638
100.246638
100.228606
100.228606
100.228606
100.228606
100.210696
100.199446
100.199446
100.199446
100.199446
100.199446
100.199446
100.199446
100.199446
100.199446
100.199446
100.191307
100.190239
100.190239
100.190239
100.190239
100.188751
100.188751
100.188751
100.188751
100.188751
100.188751
100.188751
100.188751
100.162091
100.162091
100.162091
100.162091
100.162091
100.162091
100.162091
100.162091
100.162091
100.162091
100.162091
100.162091
100.162091
100.162091
100.162091
100.162091
100.162091
100.162091
100.162091
100.161098
100.161098
100.159246
100.159246
100.159246
100.159246
100.159246
100.065146
100.065146
100.030889
100.030889
100.030889
100.030143
100.030143
100.029616
99.986320
99.986320
99.986320
99.986320
99.986320
99.986320
99.963856
99.963856
99.963856
99.963806
99.963806
99.963806
99.963806
99.962213
99.962213
99.962213
99.961907
99.961907
99.961907
99.961907
99.961907
99.961907
99.891463
99.891400
99.891400
99.891400
99.891400
99.891400
99.891400
99.891400
99.891400
99.891400
99.891399
99.891399
99.891399
99.891399
99.891399
99.891399
99.889980
99.889980
99.889980
99.889980
99.889980
99.889980
99.889980
99.889035
99.889035
99.888947
99.871893
99.871587
99.871587
99.868412
99.728321
99.728321
99.683593
99.683593
99.683593
99.683593
99.683593
99.674238
99.674238
99.674238
99.674238
99.674238
99.645722
99.645722
99.645722
99.645722
99.645722
99.634222
99.634222
99.634222
99.634222
99.634222
99.392204
99.392204
99.182970
99.182970
99.182969
99.182969
99.182663
99.182663
99.179626
99.179626
99.178740
99.178740
99.178740
99.178740
99.178740
99.178740
99.178740
99.151975
99.151975
99.151975
99.151975
99.151975
99.151975
99.151975
99.151975
99.151975
99.151975
98.833174
98.833174
98.833174
98.833174
98.833174
98.833174
98.833174
98.833174
98.833174
98.831915
98.831915
98.830291
98.830291
98.830291
98.806148
98.805225
98.805225
98.805225
98.791595
98.791595
98.791595
98.791595
98.791595
98.791595
98.791595
98.791595
98.791595
98.790922
98.473823
98.473823
98.473823
98.473823
98.473823
98.473823
98.473823
98.470937
98.470937
98.470937
98.470937
98.470937
98.469777
98.469777
98.469777
98.469777
98.469777
98.469777
98.469471
98.469471
98.469471
98.469471
98.469471
98.469471
98.382989
98.382989
98.382989
98.382989
98.382989
98.382989
98.380919
98.380919
98.380919
98.380919
98.380919
98.380333
98.380333
98.380333
98.380333
98.367981
98.367981
98.367718
98.367718
98.367718
98.367718
98.367718
98.367718
98.364805
98.364805
98.364805
98.364805
98.361175
98.361175
98.361175
98.356623
98.356623
98.356623
98.356623
98.356623
98.356623
98.356623
98.356623
98.356623
98.356623
98.356623
98.356623
98.356623
98.356623
98.356623
98.356623
98.355252
98.355252
98.355252
98.355252
98.355252
98.348601
98.348601
98.348601
98.348601
98.348601
98.348601
98.348601
98.348601
98.348601
98.348601
98.348601
98.345796
98.345796
98.345796
98.345796
98.345796
98.345796
98.345796
98.345796
98.343277
98.343277
98.343277
98.343036
98.343036
98.343036
98.343036
98.343036
98.343036
98.343036
98.343036
98.343036
98.343036
98.343036
98.343036
98.343036
98.343036
98.343036
98.343036
98.343036
98.343036
98.334045
98.334045
98.334045
98.333242
98.333242
98.333242
98.333242
98.318826
98.318826
98.318826
98.318826
98.318826
98.318826
98.318826
98.318826
98.318826
98.318826
98.318826
98.318826
98.318826
98.318826
98.318826
98.318826
98.318235
98.316970
98.316970
98.309127
98.309127
98.309127
98.309127
98.309127
98.309127
98.300136
98.300136
98.300136
98.300136
98.300136
98.300136
98.300136
98.300136
98.300136
98.300136
98.300136
98.190551
98.190551
98.173870
98.173870
98.173870
98.173870
98.173870
98.173870
98.153399
98.153399
98.153399
97.942113
