114061269196.800003
5237241334.400000
3760080169.600000
3130096323.200000
1867162762.038672
946138481.538672
21165010.769922
443513.848047
443513.848047
389959.915662
388249.132092
48612.882092
1139.616125
1120.635608
1089.031189
1003.274817
929.547632
898.460742
898.460742
882.439929
827.206165
827.206165
827.206165
797.408679
767.453699
767.176855
767.176855
742.033765
742.033765
742.033765
725.142676
725.142676
725.142676
725.142676
725.142676
691.428625
691.428625
685.469629
685.469629
685.469629
685.469629
685.469629
685.469629
685.469629
685.469629
677.629736
677.629736
677.470276
677.470276
677.470276
677.470276
677.470276
677.470276
677.470276
677.470276
677.470276
677.470276
677.470276
677.470276
673.633069
673.633069
673.633069
660.377283
654.494373
654.494373
654.494373
654.494373
649.422961
645.398120
645.398120
645.398120
645.398120
645.398120
631.469312
631.469312
630.290466
629.022937
629.022937
628.581372
627.768433
627.768433
627.768433
627.768433
627.768433
627.768433
627.768433
627.768433
627.768433
627.768433
627.768433
623.735376
623.735376
623.735376
623.735376
623.735376
623.735376
616.120044
616.120044
615.484473
615.484473
605.802698
605.802698
602.150220
602.150220
602.150220
602.150220
602.150220
601.897498
601.897498
591.368457
591.368457
591.368457
588.613879
588.613879
588.613879
588.613879
588.613879
579.352399
579.352399
579.352399
579.352399
579.352399
579.352399
577.970837
576.908643
571.649829
571.503931
571.503931
571.503931
571.503931
571.503931
571.118787
571.118787
571.118787
571.118787
571.118787
571.118787
570.359473
570.359473
570.359473
570.359473
570.359473
570.359473
569.341174
565.393567
565.393567
564.514771
564.514771
564.514771
564.514771
564.514771
564.514771
564.514771
564.514771
561.190857
556.173901
552.247473
552.247473
552.247473
551.563538
551.009827
547.551648
546.376355
533.083081
532.122955
532.122955
532.122955
532.122955
532.122955
532.122955
531.586273
531.586273
531.586273
531.416376
531.416376
531.416376
531.416376
524.076837
521.354456
521.118671
520.578949
520.578949
520.578949
519.244305
519.244305
516.486249
516.486249
516.170905
516.170905
514.583307
513.754889
513.754889
511.241077
511.241077
511.241077
511.241077
511.241077
511.241077
506.003076
505.260309
504.743286
504.743286
503.015442
503.015442
503.015442
503.015442
503.015442
503.015442
501.973108
497.479663
497.479663
497.479663
497.479663
497.479663
497.247131
492.569220
492.569220
492.569220
484.761023
484.761023
484.761023
484.761023
484.761023
484.761023
484.761023
484.761023
484.761023
484.398059
484.398059
484.398059
484.398059
484.398059
484.398059
483.068506
483.068506
483.068506
483.068506
483.068506
483.068506
483.068506
483.068506
482.951306
482.951306
482.951306
481.745099
481.365204
481.365204
480.482050
479.969183
475.701239
475.701239
473.555652
473.555652
473.555652
473.555652
472.458948
472.458948
472.458539
472.458539
472.458539
472.458539
472.458539
468.224347
468.224347
468.224347
468.224347
467.668915
467.668915
467.668915
467.668915
464.447284
464.447284
464.447284
462.562701
462.209943
460.388129
459.841595
459.841595
459.757050
459.757050
459.757050
459.579901
459.579901
459.579901
459.579901
458.875739
458.037384
457.301910
456.908722
456.908722
456.191510
456.191510
456.191510
456.191510
455.684644
455.684644
455.573090
455.573090
455.573090
455.573090
455.443097
455.443097
455.443097
455.443097
455.443097
455.205591
454.553137
452.454510
452.454510
452.454510
452.454510
451.259222
450.041089
450.041089
449.791876
449.791876
449.143469
449.143469
447.585510
447.585510
446.537274
445.794476
445.794476
445.572253
445.572253
445.414374
445.414374
444.773169
443.620569
442.499969
442.499969
442.499969
441.725690
441.725690
441.334033
441.334033
441.334033
441.334033
441.334033
441.334033
440.493158
438.625812
436.976447
436.976447
436.976447
436.976447
436.238239
434.906171
434.906171
434.251398
433.114459
432.963904
432.392548
432.392548
432.392548
432.100189
432.099823
430.412537
430.412537
430.228546
430.228546
429.076312
428.385437
428.262488
427.489020
427.489020
426.554095
426.554095
422.790869
422.566907
422.409332
422.409332
422.292255
422.292255
422.292255
420.694897
420.694897
420.694897
420.694897
420.694897
419.600806
419.600806
419.600806
419.260681
418.754785
418.750177
418.750177
418.750177
418.750177
417.229486
417.229486
416.418884
415.597748
415.433423
415.009961
414.911115
414.528815
414.528815
413.261517
413.075555
412.811157
412.811157
412.606439
411.917706
411.815253
411.724500
411.665338
410.348877
410.348877
407.734106
407.445166
407.186658
407.186658
407.186658
407.186658
405.474084
405.474084
405.474084
404.697113
403.400702
402.464099
402.464099
402.464099
402.464099
402.464099
402.450592
401.841437
401.571460
401.571460
401.571460
401.571460
401.571460
401.571460
401.415784
401.415784
400.299225
400.299225
400.091449
400.071832
399.752014
399.752014
399.740887
399.740887
399.592200
399.508466
399.183258
399.183258
399.183258
398.786945
396.611981
396.355554
396.333453
393.852588
393.483942
393.483942
393.483942
393.483942
393.299664
391.686145
391.686145
390.481415
390.481415
390.481415
390.481415
389.950427
389.950427
389.950427
389.266003
388.208301
388.021582
387.895953
387.895953
387.772015
387.772015
387.772015
387.404932
387.404932
386.906213
386.906213
386.906213
386.906213
386.781268
386.781268
386.511804
385.748419
385.385181
385.385181
385.385181
385.336914
382.063617
382.063617
381.776245
381.776245
381.776245
381.776245
381.776245
381.776245
381.605255
381.605255
381.605255
381.605255
381.605255
381.399481
381.399481
381.399481
380.841931
380.841931
378.301752
378.301752
377.773248
376.980042
376.980042
376.758710
376.758710
376.758710
376.610760
376.610760
375.921265
375.484161
375.484161
374.819873
374.819873
374.819873
374.819873
374.819873
374.819873
373.872308
373.872308
373.872308
373.214728
370.836053
370.836053
370.817340
369.475391
368.932813
368.932813
368.932813
368.932813
368.932813
368.932813
368.508948
368.338965
367.779700
367.779700
367.779700
367.244324
366.787195
366.546271
366.546271
366.546271
366.546271
365.943689
365.943689
365.943689
365.943689
364.414905
364.414905
363.363959
363.363959
363.363959
363.363959
361.664581
361.664581
361.664581
361.139874
358.646021
358.646021
357.818719
357.818719
357.818719
357.656714
357.656714
357.656714
357.656714
357.656714
356.004321
355.870251
354.879431
354.879431
354.803406
354.803406
354.803406
354.803406
354.803406
354.803406
354.803406
354.367737
354.315802
354.199329
354.199329
354.199329
353.714471
353.714471
353.330756
353.330756
352.688623
352.688623
351.203790
350.094238
350.094238
350.094238
349.848987
349.423999
349.396655
349.187286
349.187286
349.187286
349.187286
349.009546
349.009546
348.988733
348.988733
348.988733
348.578809
348.578809
348.211603
348.211603
347.594635
347.541632
347.305804
347.297412
347.297412
347.297412
347.217200
346.589526
346.589526
346.501904
344.874225
344.874225
344.874225
344.776794
344.776794
344.382648
344.382648
344.382648
344.382648
344.382648
344.382648
342.939563
340.433759
340.433759
340.433759
340.433423
340.188885
340.188885
338.795276
338.687964
338.687964
338.687964
337.558118
336.764349
336.764349
336.764349
336.764349
336.053882
335.579175
335.021191
333.819800
333.819800
333.819800
333.819800
333.819800
333.819800
333.819800
333.249683
332.743323
331.997382
331.566882
330.473175
330.429218
330.429218
330.429218
330.233008
330.233008
330.005292
327.672150
327.603162
327.508380
327.508380
327.508380
327.222247
327.222247
327.222247
327.222247
326.911719
326.911719
326.911719
326.911719
326.911719
326.911719
326.475348
326.246448
326.180243
326.158636
325.976144
325.257248
325.257248
324.948880
324.948880
323.902808
323.902808
323.902808
323.902808
322.922046
322.922046
320.783850
319.589539
319.589539
319.017206
318.974121
318.112805
316.661633
316.611444
316.297015
316.297015
316.297015
316.297015
315.464209
315.464209
315.463025
315.288593
315.236023
315.216980
315.216980
314.189233
314.189233
312.103009
310.830981
310.678113
310.610559
310.610559
310.610559
309.733768
309.733768
308.953293
307.025232
307.025232
306.909973
304.801160
304.801160
304.801160
304.801160
303.797461
303.797461
303.797461
303.797461
302.774463
301.901569
301.671820
301.671820
301.504358
301.504358
301.372061
300.371066
300.371066
299.696100
299.696100
299.696100
298.932736
298.767221
298.767221
298.767221
298.767221
298.767221
298.060318
297.944473
297.179504
297.179504
297.179504
296.265076
294.906476
294.906476
294.906476
292.124579
292.124579
292.124579
292.124579
292.124579
292.124579
291.426569
291.426569
291.400891
291.265704
291.265704
291.265704
291.265704
290.264948
290.264948
290.014246
290.014246
290.014246
290.014246
289.728708
289.728708
289.530038
288.268661
288.268661
287.815140
287.815140
287.628683
286.384079
286.384079
286.384079
286.384079
285.658322
285.658322
285.658322
285.658322
285.166815
285.166815
284.710999
283.499899
283.499899
283.499899
282.913776
282.466537
282.466537
282.466537
282.466537
282.466537
281.639359
281.639359
281.639359
281.639359
281.564145
281.564145
280.106125
280.106125
280.106125
279.100674
279.100674
279.100674
278.952002
278.398914
278.246671
276.694382
276.694382
276.694382
276.694382
275.797012
275.797012
275.797012
275.387769
275.387769
274.853247
274.645944
272.138712
271.998593
271.998593
267.956491
267.956491
267.709937
267.709937
267.709937
267.377829
267.377829
266.731345
266.731345
265.947495
265.947495
264.252939
264.252939
264.252939
264.252939
264.252939
264.252939
264.170718
264.170718
264.170718
264.064145
262.471921
262.072723
262.072723
262.072723
262.041931
261.924683
261.924683
261.191968
261.191968
259.974756
259.909122
259.660034
259.647858
259.647858
259.647858
259.647858
259.647858
259.647858
258.274207
256.313376
256.313376
255.614182
255.474857
254.866861
254.865387
254.865387
254.865387
254.865387
253.361902
253.078226
253.078226
253.078226
253.078226
253.035281
253.035281
253.035281
252.922372
252.922372
252.922372
252.922372
252.803571
252.778098
252.778098
252.752713
252.328787
252.328787
252.227313
252.227313
250.787756
250.767075
250.106827
250.106827
250.106827
248.789453
248.789453
248.789453
248.233856
248.113962
246.928940
246.927243
246.927243
246.824234
246.203488
246.203488
246.203488
245.648236
245.648236
245.648236
245.648236
245.648236
244.829724
244.454333
244.454333
242.282248
242.282248
242.282248
242.282248
242.282248
241.711227
241.711227
241.711227
241.222501
240.211429
240.016956
240.016956
240.016339
240.016339
240.016339
240.016339
240.016339
240.016339
239.899576
239.778107
239.778107
238.751135
238.751135
238.751135
236.133160
236.133160
236.133160
236.133160
236.030896
235.718436
234.410818
232.805609
231.994940
231.994940
231.958951
231.958951
231.607166
231.607166
231.607166
231.405017
231.020618
231.014325
230.687091
230.448654
230.393356
230.233734
230.210883
230.210883
230.210883
230.210883
230.210883
229.502731
229.162491
228.886707
228.886707
228.758997
228.199390
228.030511
227.342230
227.342230
227.320258
227.320258
225.791556
225.791556
225.006729
224.959213
224.959213
224.959213
224.959213
224.959213
224.959213
224.690369
224.690369
224.584958
224.584958
224.533881
224.458594
224.458594
223.554306
223.035477
223.035477
221.142191
221.142191
220.970456
220.970456
220.970456
220.659332
220.659332
220.589084
220.200851
220.200851
220.171103
220.171103
220.171103
219.664117
219.352243
217.323074
217.323074
217.323074
216.772281
216.772281
216.772281
215.827774
215.827774
215.827774
215.827774
214.805139
214.805139
214.805139
214.805139
214.805139
213.746954
213.746954
213.730966
213.730966
212.720413
212.377567
211.405643
211.252890
211.079874
211.025302
210.814975
210.814975
210.814975
210.646689
210.646689
210.646689
210.456827
210.456827
210.456827
210.456827
210.456827
210.232156
208.825577
208.340091
208.259628
208.259628
208.259628
208.080994
207.628488
207.628488
207.567297
206.886819
206.886819
206.732028
205.707297
204.617413
203.117612
203.117612
203.117612
202.832629
202.832629
202.688144
202.370435
202.370435
202.047101
202.047101
202.047101
201.540552
201.540552
201.413339
201.413339
201.413339
200.898831
200.898831
200.898831
200.543228
200.543228
198.830661
198.830661
198.830661
198.189825
198.189825
197.553757
197.495886
195.883688
195.784360
195.784360
195.784360
195.784360
195.784360
195.784360
195.784360
195.784360
195.784360
195.784360
195.784360
195.046698
194.216837
193.879099
193.879099
193.879099
193.879099
193.630893
193.613159
193.613159
193.184698
193.184698
192.242987
190.532205
190.532205
190.532205
187.604099
187.604099
186.612543
186.612543
185.613123
185.613123
185.608591
185.557529
185.557529
184.464151
184.464151
184.464151
184.464151
183.751450
183.751450
182.099728
181.844119
181.749686
181.749686
181.749686
181.536905
180.787631
180.787631
180.670966
180.670966
180.670966
180.543744
180.543744
180.543744
179.903882
179.375836
178.961621
178.946140
178.861902
178.861902
178.733389
178.392230
176.697470
176.697470
176.697470
176.697470
175.527893
175.527893
175.527893
174.684424
174.388232
174.388232
174.388232
172.924362
172.735461
172.735461
172.704568
172.704568
172.704568
172.454178
172.454178
172.454178
172.454178
172.454178
171.856714
171.748975
171.748975
171.748975
171.748975
170.553207
170.553207
170.553207
169.961542
169.961542
169.961542
169.961542
169.783441
169.783441
169.740140
169.104895
169.104895
169.104895
169.104895
169.104895
169.104895
169.104895
169.104895
169.104895
168.176617
168.176617
168.176617
168.078241
168.078241
168.078241
168.078241
168.078241
165.998322
165.998322
165.998322
165.998322
165.998322
165.998322
165.868735
165.868735
165.832428
165.465829
163.327820
162.930136
162.930136
162.930136
161.668857
161.668857
161.416486
161.416486
161.416486
161.416486
161.416486
161.280469
161.280469
161.280469
160.871286
160.871286
160.427020
160.410934
160.410934
160.010492
159.862384
159.862384
158.064594
157.904495
157.900406
156.517065
155.764069
155.764069
155.480267
155.022961
155.022961
154.886505
154.886505
154.886505
154.601340
154.601340
154.423337
154.423337
154.423337
154.423337
154.367145
154.280624
153.516122
152.744742
152.380019
151.377986
151.375792
151.375792
151.375792
151.375792
151.375792
150.931294
150.908055
150.839241
150.839241
150.557390
150.557390
149.539305
149.539305
149.517824
149.328058
148.831186
148.831186
148.807011
148.807011
148.461168
148.461168
148.461168
148.461168
148.461168
148.238988
148.238988
148.188771
148.018944
145.653700
145.653700
145.634673
144.665981
144.665981
144.665981
143.726422
143.726422
143.713562
143.582297
143.582297
143.392297
143.073456
143.073456
143.073456
143.073456
141.858792
140.722922
140.544919
140.544919
140.542056
140.019626
140.019626
140.019626
139.796710
139.463367
139.457684
139.457684
139.457684
139.440436
139.343655
139.343655
139.343655
138.270168
137.889873
137.889873
137.782571
137.782571
137.782571
137.621909
136.996465
136.996465
136.996465
136.886040
136.786345
136.786345
136.786345
136.504527
136.504527
136.504527
136.461098
136.461098
136.113510
135.354547
135.073322
135.073322
134.466003
134.281674
133.960919
132.760574
131.573483
131.573483
131.045636
130.977464
130.977464
130.977464
130.977464
130.885039
130.852159
130.852159
130.547989
130.285617
130.285617
130.285617
130.285617
130.028165
130.028165
129.867442
129.867442
127.751761
127.176459
127.176459
126.521996
126.489330
126.489330
126.489330
126.377351
126.377351
126.377351
126.377351
124.849809
124.673749
124.525964
123.747404
123.747404
123.747404
123.747404
123.747404
123.306987
122.961058
122.774452
122.039214
121.049699
120.856143
120.833310
120.833310
120.833310
120.833310
120.833310
120.833310
120.824771
120.824771
120.749335
120.749335
120.749335
120.749335
120.052330
119.644118
119.644118
119.644118
119.545198
119.545198
119.223027
119.223027
119.223027
118.646416
118.646416
118.646416
118.646416
118.646416
118.646416
118.503578
118.503578
118.503578
117.254370
116.781137
116.781137
116.781137
116.781137
116.781137
116.781137
116.781137
116.781137
116.781137
115.913925
115.322189
115.225807
115.225807
115.225807
115.225807
115.225807
115.225807
115.060101
115.060101
114.706400
114.706400
114.444627
114.444627
114.444627
114.444627
112.209981
112.209981
112.209981
112.209981
112.205876
112.205876
112.205876
111.849892
111.849892
111.276804
111.276804
111.116313
111.116313
111.116313
110.594084
110.488490
108.520662
108.520662
108.520662
108.314885
108.314885
108.314885
108.158992
108.158992
108.158992
107.971393
107.915639
107.566325
107.566325
106.777293
106.777293
106.639001
106.435019
106.435019
106.435019
106.295628
106.208701
106.208701
106.208701
104.703970
104.703970
104.632426
104.583958
104.583958
104.515343
104.515343
104.515343
104.515343
104.267746
104.267746
104.267746
104.267746
104.013113
104.013113
103.773137
103.773137
103.604301
103.604301
103.420670
103.122668
103.122668
101.616016
101.616016
101.605879
101.429184
101.344765
101.238246
101.082664
101.082664
101.082664
100.722643
100.722643
100.722643
100.134390
100.134390
100.118208
99.810684
99.810684
99.810684
99.810684
99.616928
99.388440
99.388440
99.388440
99.388440
98.994043
98.994043
98.644646
98.124988
97.737971
97.737971
97.737971
97.737971
97.737971
97.737971
97.737971
97.691982
97.691982
97.305316
97.240884
97.240884
97.057025
97.057025
96.864714
96.864714
96.864714
96.679910
96.179362
95.922427
95.922427
95.895131
95.008165
95.008165
94.489854
94.489854
94.489854
94.376279
94.010609
94.010609
94.010609
94.010609
93.503322
91.410393
91.410393
91.275513
91.275513
91.275513
91.166626
91.046490
91.046490
91.046490
90.961237
90.961237
90.961237
90.961237
90.218390
90.218390
90.218390
90.218390
90.218390
90.218390
90.218390
90.218390
88.779265
88.779265
88.779265
88.779265
88.779265
88.779265
88.779265
88.692830
88.692830
88.692830
88.692830
88.311005
88.311005
88.311005
88.311005
88.311005
88.213239
88.213239
88.213239
88.162900
88.162900
88.162900
87.769252
87.769252
86.817926
86.817926
86.817926
86.769339
86.769339
86.769339
86.769339
86.426764
86.426764
86.426764
85.143573
85.110416
84.906604
84.906604
84.826930
84.826930
84.581596
84.510974
84.134857
83.992705
83.992705
83.992705
83.573938
83.573938
83.573938
83.573938
83.573938
83.281613
83.281613
83.281613
83.281613
81.940514
81.815379
81.815379
81.198453
81.198453
81.198453
81.198453
80.794006
80.585841
80.585841
80.536694
80.529063
80.412269
80.412269
80.412269
80.045841
80.045841
80.045841
79.978550
79.978550
79.978550
79.978550
79.978550
79.882478
79.850444
79.850444
79.850444
79.850444
79.850444
79.647583
78.498842
78.319321
77.799847
77.799847
77.799847
77.799847
77.517241
77.517241
77.517241
77.272946
76.635532
76.455700
76.455700
76.455700
76.455700
76.455700
76.455700
76.455700
76.455700
76.455700
76.455700
76.388456
76.388456
76.332404
75.587669
74.219753
74.219753
74.219753
73.376203
73.376203
73.376203
73.370031
73.370031
73.370031
73.370031
73.370031
73.370031
73.292086
73.292086
73.292086
73.292086
73.292086
73.292086
73.292086
72.766389
72.715743
72.684544
72.684544
72.600618
72.496432
72.496124
72.496124
71.877588
71.877588
71.864410
71.864410
71.864410
71.770639
71.770639
71.562416
71.548988
71.548988
71.548988
71.548988
71.517322
71.517322
71.517322
71.517322
71.070862
71.070862
71.070862
71.070854
70.946659
70.946659
70.922277
70.922277
70.107383
70.107383
69.159470
69.159470
69.150819
69.150819
69.150819
69.150819
69.150819
69.113177
69.113177
69.113177
68.640567
68.295383
68.295383
68.295383
68.138136
67.577252
67.437431
67.284609
67.284609
67.284609
67.284609
67.284609
67.284609
67.284609
66.112726
66.112726
65.760568
65.429263
65.429263
65.411301
65.411301
65.411301
65.411301
65.411301
65.411301
65.283824
65.257304
65.190764
65.019104
65.019104
64.783879
64.525183
64.525183
64.491341
64.399478
64.399478
64.399478
63.933087
63.928401
63.868327
63.868327
63.868327
63.868327
63.868327
63.863673
63.863673
63.672165
63.668912
63.668912
63.668912
63.601646
63.601646
63.601646
62.834577
62.834577
62.834577
62.469031
62.469031
62.389651
62.389651
62.236254
62.236254
62.139797
62.138210
61.201959
61.201959
61.201959
61.201959
61.201959
61.201959
61.195917
60.924721
60.924721
60.924721
60.924721
60.924721
60.924721
60.924721
60.924721
60.924721
60.846603
60.368221
60.108788
60.108788
60.108788
60.071227
60.071227
60.071227
59.809106
59.809106
59.809106
59.809106
59.531931
59.531931
59.531931
59.531931
59.489390
59.401846
59.401846
58.812952
58.812952
58.812952
58.792999
58.410020
58.268759
58.268759
58.258305
58.258305
57.925401
57.843940
57.800374
57.800374
57.800374
57.800374
57.800008
57.329375
57.223489
57.169705
56.037442
56.022345
55.701691
55.701691
55.697602
55.697602
55.262859
55.262859
55.262859
55.262859
55.219091
55.219091
55.219091
55.071957
55.071957
55.071957
55.071957
55.071957
55.071957
55.071957
55.071957
55.029546
55.029546
55.029546
55.029546
55.029546
55.029546
54.320778
54.320778
54.215816
54.215816
54.195108
54.195108
54.192648
54.192648
54.159881
54.159881
54.159881
54.159881
53.705081
53.705081
53.705081
53.705081
53.651151
53.651151
53.651151
53.250130
53.225285
53.225285
53.225285
52.446979
51.913255
51.884660
51.884660
51.884660
51.659055
51.659055
51.659055
51.371370
51.371370
51.201866
51.201866
51.201866
51.201866
51.201866
51.201866
50.968526
50.968526
50.968526
50.968526
50.968526
50.968526
50.968526
50.941537
50.732892
49.939702
49.849293
49.849293
49.849293
49.849293
49.849293
49.849293
49.624601
49.352760
49.077422
49.077422
49.065730
48.991983
48.991983
48.991983
48.991983
48.954613
48.954613
48.954613
48.674012
48.674012
48.347530
48.347530
48.347530
48.347530
48.347530
48.347530
48.347530
48.347530
48.347530
48.087619
48.087619
48.087619
48.087619
47.682932
47.682932
47.682932
47.575777
47.575777
47.575777
47.575777
47.570886
47.486698
47.110296
47.072703
47.072703
47.072703
47.052905
47.052905
46.677136
46.677136
46.677136
46.677136
46.676794
46.676685
46.666963
46.666963
46.648817
46.482104
46.482104
46.482104
46.362679
46.362498
46.362498
46.339375
45.870522
45.870522
45.776785
45.776785
45.582737
45.582737
45.582737
45.582737
45.582737
45.095786
45.095786
45.095786
45.095786
45.095786
44.510157
44.375285
44.075368
44.075368
44.017664
44.017664
44.017664
44.017664
43.881087
43.881087
43.881087
43.734931
43.417433
43.417433
43.417433
43.308791
43.207559
43.207559
43.137074
43.137074
43.137074
42.731817
42.731817
42.731817
42.731817
42.385924
42.355872
42.353754
42.353754
42.157998
42.157998
42.157998
41.840367
41.821661
41.643113
41.643113
41.643113
41.643113
41.643113
41.643113
41.643113
41.643113
41.643113
41.606944
41.606944
41.606944
41.410953
41.410953
41.174158
41.174158
41.174158
41.140051
41.140051
41.079548
41.079548
41.079548
41.002209
40.893855
40.893855
40.893855
40.707199
40.707199
40.635107
40.635107
40.635107
40.634109
40.578069
40.578069
40.578069
40.578069
40.545834
40.221446
40.221446
39.917883
39.917883
39.917883
39.917883
39.917883
39.825732
39.644003
39.644003
39.644003
39.635887
39.634509
39.634509
39.634509
39.611995
39.611995
39.611995
39.611995
39.611995
39.611995
39.611995
39.584363
39.584363
39.584363
39.428493
39.428493
39.428493
39.428493
39.428493
39.428493
39.428493
39.138490
39.138490
39.138490
39.128615
39.057890
39.057890
38.742603
38.742603
38.742603
38.714377
38.425397
38.288468
37.849470
37.849470
37.849470
37.849470
37.849470
37.849470
37.806843
37.806843
37.578020
37.578020
37.509126
37.509126
36.877949
36.877949
36.732541
36.567944
36.567944
36.526277
36.454451
36.414422
36.219661
36.219661
35.944453
35.944453
35.906185
35.906185
35.906185
35.906185
35.906185
35.683140
35.238869
35.218283
35.115401
35.115401
35.115401
35.115401
35.115401
35.072092
35.072092
35.072092
35.072009
34.568936
34.568936
34.568936
34.568936
34.542134
34.542134
34.542134
34.542134
34.431489
34.431489
34.394596
34.394596
34.162291
34.162291
34.022232
34.002985
34.002985
33.689305
33.390437
33.308576
33.308576
33.308576
33.308576
33.308576
32.968183
32.968183
32.921725
32.694147
32.656908
32.656908
32.539333
32.520322
32.520322
32.520322
32.294543
32.294543
32.294543
32.208292
31.944755
31.568903
31.534262
31.534262
31.534262
31.534262
31.534262
31.486291
31.486291
31.486291
31.483677
31.483677
31.149419
30.929845
30.929845
30.929845
30.929845
30.929845
30.929845
30.886722
30.886722
30.886722
30.886722
30.886722
30.846786
30.846210
30.823162
30.562992
30.562992
30.562992
30.562992
30.562992
30.562992
30.562992
30.354624
30.341634
30.341634
30.341634
30.341634
30.341634
30.341634
30.341634
30.341634
30.341634
30.341634
30.341634
30.239984
30.239984
30.239984
29.794696
29.794696
29.794696
29.794696
29.573411
29.312412
29.312412
29.312412
29.312412
29.312412
29.312412
29.312412
29.312412
29.108170
29.108170
29.108170
29.108170
29.108170
29.108170
28.764414
28.639944
28.639944
28.639944
28.639944
28.639944
28.516650
28.516650
28.516650
28.516650
28.452133
28.452133
28.452133
28.417685
28.417685
28.193570
28.193570
28.193570
28.193570
28.193570
28.193570
27.828619
27.828619
27.733825
27.727870
27.727870
27.727870
27.611050
27.611050
27.335044
27.256995
27.144343
27.144343
27.144343
27.018823
27.018823
27.018823
27.018823
27.018823
27.018823
26.787999
26.787999
26.787999
26.787999
26.787999
26.617425
26.617425
26.334655
26.317127
26.317127
26.317127
26.243029
26.243029
26.243029
26.106279
26.106279
26.106279
26.106279
26.106279
26.106279
26.106279
26.106279
26.106279
25.932328
25.867464
25.867464
25.857254
25.342702
25.328761
25.323722
25.323722
25.323722
25.323722
25.323722
25.323722
25.323722
25.323722
25.323722
25.027170
25.011831
25.011831
25.011831
25.011831
25.011831
25.011831
25.011831
24.436071
24.436071
24.436071
24.436071
24.436071
24.436071
24.436071
24.436071
24.436071
24.436071
24.436071
24.436071
24.288753
24.288753
24.288753
24.246834
24.246834
24.246834
24.246834
24.246834
24.246834
24.246834
24.200014
24.080418
24.080418
23.948821
23.948821
23.948821
23.948821
23.948821
23.948821
23.933564
23.856326
23.856326
23.716132
23.716132
23.716132
23.716132
23.699104
23.634831
23.634831
23.634831
23.634831
23.634831
23.634831
23.634831
23.634831
23.634831
23.347652
23.347652
23.347652
23.295316
23.286025
23.286025
23.268280
23.241990
23.236235
23.235140
23.228976
23.228976
23.146390
23.146390
23.146390
23.146390
23.146390
23.146390
23.021085
23.021085
23.021085
22.925307
22.791103
22.791103
22.791103
22.765907
22.734400
22.734400
22.734400
22.734400
22.734400
22.729974
22.729974
22.729974
22.729974
22.729974
22.596719
22.256599
22.256599
22.221729
22.221729
22.221729
22.221729
22.087124
22.087124
22.017261
22.007224
21.624468
21.624468
21.624468
21.501899
21.451782
21.319819
21.319819
21.319819
21.319819
21.319819
21.319819
20.919371
20.919371
20.898893
20.898893
20.898893
20.898893
20.898893
20.878324
20.868471
20.868471
20.868471
20.868471
20.868471
20.601792
20.601792
20.601792
20.601792
20.601792
20.601792
20.496003
20.496003
20.496003
20.496003
20.496003
20.496003
20.232825
20.232825
20.232825
20.232825
20.200548
20.200548
20.200548
20.200548
20.087079
20.087079
20.087079
20.087079
20.087079
20.022343
19.942389
19.942389
19.942389
19.942389
19.942389
19.938638
19.910891
19.905787
19.890269
19.890269
19.884538
19.884538
19.789516
19.789516
19.789516
19.789516
19.789516
19.713833
19.713833
19.713066
19.674439
19.674439
19.674439
19.674439
19.674439
19.674439
19.600986
19.600986
19.600986
19.432333
19.432333
19.432333
19.432333
19.432333
19.432333
19.432333
19.333046
19.315266
19.300671
19.300671
19.140882
19.140882
19.140882
19.140882
19.140882
19.076036
19.076036
19.055207
19.055207
19.055207
19.055207
19.020071
18.966277
18.966277
18.922314
18.911074
18.751409
18.751409
18.751409
18.456916
18.401621
18.401621
18.401621
18.401621
18.401621
18.401621
18.401621
18.401621
18.277324
18.187937
18.187937
18.187937
18.150584
18.150584
18.150584
18.150584
18.150584
18.150584
18.150584
18.150584
18.150584
18.150584
18.150584
18.129087
18.043674
18.043674
18.043674
17.985629
17.985629
17.985629
17.959606
17.959606
17.906757
17.583694
17.583694
17.583694
17.583694
17.583694
16.883731
16.883731
16.883731
16.737477
16.737477
16.737477
16.737477
16.737477
16.737477
16.737477
16.737477
16.737477
16.737477
16.647488
16.647488
16.642959
16.642959
16.642959
16.642959
16.559503
16.559503
16.559503
16.559503
16.559503
16.544272
16.544272
16.544272
16.544272
16.544272
16.544272
16.544272
16.544272
16.544272
16.544272
16.544272
16.537889
16.537889
16.537889
16.537889
16.537889
16.537889
16.537889
16.537889
16.534756
16.534756
16.534756
16.399554
16.399554
16.379509
16.379509
16.376289
16.376289
16.376289
16.371140
16.371140
16.366611
16.366611
16.366611
16.228228
16.220631
15.932550
15.902975
15.748147
15.748147
15.728599
15.723702
15.723702
15.511237
15.511237
15.481788
15.481788
15.481788
15.473915
15.473915
15.473915
15.473915
15.473915
15.408002
15.408002
15.408002
15.408002
15.408002
15.408002
15.127467
15.127467
15.120796
15.120796
15.120796
15.120796
15.120613
14.994968
14.994968
14.994968
14.994968
14.983055
14.983055
14.877804
14.877804
14.855324
14.855324
14.855324
14.855324
14.598350
14.598350
14.598350
14.598350
14.598350
14.598350
14.598350
14.598350
14.598350
14.464992
14.464992
14.409727
14.409727
14.409727
14.409727
14.409727
14.409727
14.409727
14.409727
14.409727
14.409727
14.409727
14.409727
14.409727
14.409727
14.255962
14.254392
14.254392
14.238869
14.238869
14.238869
14.238869
14.238869
13.904191
13.904191
13.904191
13.904191
13.904191
13.898140
13.868593
13.834124
13.834124
13.764026
13.764026
13.764026
13.750639
13.745209
13.745209
13.745209
13.745209
13.745209
13.745209
13.745209
13.739422
13.723335
13.723335
13.376429
13.256876
13.244023
13.244023
13.244023
13.244023
13.244023
13.193349
13.191074
13.191074
13.191074
13.191074
13.191074
13.191074
13.191074
13.191074
13.191074
13.191074
13.191074
13.080895
13.080895
13.080895
13.080895
13.080895
13.080895
13.034752
13.034752
12.994973
12.989093
12.989093
12.989093
12.989093
12.989093
12.989093
12.989093
12.989093
12.989093
12.988839
12.988839
12.988839
12.987725
12.987725
12.987725
12.987725
12.559087
12.375906
12.365358
12.352867
12.352867
12.352867
12.352867
12.352867
12.352867
12.352867
12.352867
12.291871
12.291871
12.254206
12.208502
12.208502
12.208502
12.208502
12.208502
12.208502
12.208502
12.208502
12.208502
12.208502
12.207958
12.201268
12.201268
12.201268
12.201268
12.170888
12.170888
12.170888
12.144129
12.144129
12.144129
12.144129
12.144129
12.144129
12.144129
12.075967
12.075967
12.075967
12.075967
12.075967
12.075967
12.022663
12.022663
12.022663
12.022663
12.019775
12.019775
12.019775
12.019775
12.019775
12.019775
12.019775
12.019775
12.019775
12.019775
12.019775
12.019775
12.019775
11.976797
11.976797
11.976797
11.976797
11.976797
11.976797
11.976797
11.976797
11.976797
11.976797
11.976797
11.976797
11.976797
11.961450
11.961450
11.757691
11.757691
11.753273
11.753273
11.753273
11.753273
11.753273
11.753273
11.753273
11.753273
11.753273
11.753273
11.753185
11.753185
11.753185
11.753185
11.753185
11.752867
11.752867
11.752867
11.752867
11.752867
11.752867
11.752867
11.700189
11.700189
11.698273
11.698273
11.698273
11.698273
11.698273
11.628443
11.596361
11.594035
11.547078
11.435693
11.429187
11.429187
11.429187
11.429187
11.429187
11.429187
11.429187
11.429187
11.429187
11.429187
11.429187
11.429187
11.429187
11.429187
11.429187
11.429187
11.429187
11.429187
11.429187
11.429187
11.429187
11.429187
11.429187
11.398401
11.398401
11.398401
11.398401
11.398401
11.398401
11.398401
11.398401
11.398401
11.398401
11.398401
11.398401
11.266068
11.266068
11.266068
11.266068
11.266068
11.266068
11.266068
11.266068
11.266068
11.266068
11.264888
11.264888
11.264108
11.264108
11.264108
11.261537
11.261537
11.216685
11.216685
11.193342
11.108262
11.108262
11.108262
11.108262
11.108262
11.108262
11.108262
11.108262
11.108262
11.108262
11.108262
11.108262
11.108262
11.108262
11.108262
11.108262
11.108262
11.108262
11.108262
11.108262
11.108262
11.034549
11.034549
11.034549
11.013856
10.961303
10.961303
10.961303
10.961303
10.961303
10.961303
10.886940
10.886940
10.886940
10.886940
10.886940
10.798916
10.771896
10.771896
10.771896
10.771896
10.771896
10.771896
10.771896
10.562621
10.562621
10.562621
10.562621
10.554072
10.540930
10.540930
10.540930
10.513728
10.494389
10.377589
10.377589
10.377589
10.377589
10.377589
10.377589
10.336631
10.336631
10.336631
10.336631
10.336631
10.336631
10.336631
10.336631
10.336631
10.336631
10.336631
10.336631
10.336631
10.336631
10.336631
10.336631
10.336631
10.336631
10.336631
10.336631
10.266416
10.266056
10.266056
10.260656
10.260656
10.260656
10.257576
10.257576
10.005525
10.005525
10.005525
10.005525
10.005525
10.005525
9.597247
9.594487
9.594487
9.594487
9.594487
9.555806
9.555806
9.555806
9.555806
9.555806
9.555806
9.538573
9.538573
9.538573
9.529676
9.529676
9.524241
9.524241
9.524241
9.524241
9.524241
9.491940
9.491940
9.491940
9.491940
9.491940
9.491940
9.491940
9.491940
9.491940
9.469545
9.428839
9.428839
9.428839
9.428839
9.428839
9.418458
9.409068
9.409068
9.409068
9.409068
9.409068
9.358367
9.358367
9.358367
9.358367
9.358367
9.358367
9.358367
9.358367
9.358367
9.358367
9.358367
8.998815
8.998815
8.998815
8.998815
8.998815
8.998815
8.998815
8.998815
8.854194
8.854194
8.854194
8.854194
8.854194
8.854194
8.854194
8.854194
8.853999
8.853999
8.853999
8.831630
8.831630
8.831630
8.831630
8.831630
8.831630
8.831630
8.831630
8.805319
8.805319
8.805319
8.805319
8.805319
8.805319
8.803808
8.803808
8.803808
8.800776
8.800776
8.800776
8.800776
8.800776
8.800776
8.776320
8.776320
8.776320
8.767477
8.767477
8.767477
8.767477
8.767477
8.767477
8.734148
8.734148
8.734148
8.734148
8.734148
8.734148
8.734148
8.734148
8.734090
8.734090
8.734090
8.734090
8.731302
8.731302
8.731302
8.682284
8.682284
8.355062
8.355062
8.355062
8.355062
8.355062
8.355062
8.355062
8.355062
8.355062
8.355062
8.355062
8.355062
8.355062
8.318134
8.318134
8.318134
8.293994
8.293994
8.285779
8.285779
8.285779
8.285779
8.285779
8.285779
8.177712
8.177712
8.128479
8.122741
8.122741
8.122741
8.117403
8.117403
8.117403
8.019101
7.962046
7.962046
7.962046
7.961987
7.961987
7.961987
7.954430
7.954430
7.954430
7.954430
7.954430
7.898417
7.898417
7.898417
7.898081
7.898081
7.898081
7.875013
7.874955
7.874955
7.874955
7.874955
7.874955
7.874210
7.874210
7.874210
7.874210
7.806827
7.805340
7.805340
7.805340
7.805340
7.805340
7.805340
7.686223
7.686223
7.686223
7.686223
7.686223
7.686223
7.686223
7.524518
7.524518
7.523793
7.523793
7.523793
7.523793
7.523793
7.523793
7.523793
7.523793
7.523793
7.523793
7.523793
7.402495
7.402495
7.402495
7.402495
7.402495
7.395475
7.395475
7.389721
7.389721
7.389721
7.389721
7.389721
7.389721
7.389721
7.389721
7.389721
7.389721
7.312959
7.312959
7.312959
7.312959
7.298771
7.298771
7.217200
7.217200
7.217200
7.217200
7.217072
7.217072
7.216081
7.160579
7.160579
7.120515
7.027868
7.027868
7.018723
7.018723
7.018723
7.018723
7.018723
7.018723
7.018723
7.018723
7.018723
7.018723
6.988240
6.988240
6.988240
6.988240
6.880606
6.880606
6.880606
6.880606
6.880606
6.878025
6.878025
6.877146
6.877146
6.877146
6.874841
6.874841
6.853697
6.853697
6.853697
6.853697
6.819835
6.819835
6.819835
6.819835
6.819835
6.819835
6.819835
6.819835
6.750495
6.750495
6.750495
6.750495
6.750495
6.708252
6.708252
6.708252
6.708252
6.708252
6.699883
6.699883
6.694479
6.694479
6.694479
6.694479
6.694479
6.694479
6.691036
6.691036
6.691036
6.691036
6.691036
6.691036
6.690567
6.690464
6.690464
6.690464
6.690464
6.686716
6.685362
6.685362
6.685362
6.685362
6.685362
6.685362
6.685362
6.685362
6.685362
6.685362
6.674360
6.674360
6.674360
6.674360
6.674360
6.674360
6.674360
6.674360
6.674360
6.671298
6.671298
6.671298
6.671298
6.671298
6.671298
6.549717
6.549717
6.549717
6.549717
6.549717
6.549717
6.547562
6.539163
6.539163
6.539163
6.539163
6.539163
6.539163
6.539163
6.539163
6.539163
6.539163
6.535070
6.430753
6.430753
6.430753
6.430753
6.430753
6.430753
6.428187
6.349789
6.349789
6.338946
6.338946
6.338946
6.338946
6.311548
6.311548
6.311548
6.311548
6.311548
6.311548
6.311548
6.311548
6.310864
6.310864
6.310864
6.310864
6.310864
6.309114
6.309114
6.309114
6.309114
6.309114
6.308066
6.308066
6.306923
6.306923
6.306923
6.306923
6.306923
6.306923
6.306923
6.306923
6.306923
6.306923
6.306923
6.306923
6.306923
6.306923
6.306923
6.306923
6.306923
6.306923
6.306923
6.306923
6.306923
6.306923
6.306923
6.306923
6.306923
6.306923
6.306923
6.306923
6.306923
6.306923
6.306923
6.306923
6.306923
6.301439
6.301439
6.301439
6.301439
6.301439
6.301439
6.257641
6.257641
6.257641
6.257641
6.257641
6.257641
6.257641
6.257641
6.218403
6.218403
6.218403
6.218403
6.218403
6.218403
6.218403
6.218403
6.196700
6.196700
6.196700
6.196700
6.196700
6.196700
6.196700
6.196700
6.196700
6.186239
6.186239
6.038480
6.038480
6.038480
6.038480
6.038480
6.038480
6.019199
6.019199
6.019199
6.019199
6.019199
6.019199
6.019199
6.019199
5.990553
5.990553
5.990553
5.990553
5.990553
5.990553
5.987770
5.987770
5.987770
5.987770
5.987770
5.987770
5.987770
5.987770
5.987770
5.987770
5.987770
5.987770
5.987770
5.987770
5.987770
5.987770
5.987770
5.987770
5.987770
5.987770
5.987770
5.987770
5.987770
5.987770
5.987770
5.987770
5.987770
5.987770
5.987770
5.987770
5.987770
5.987770
5.987770
5.987770
5.987770
5.987770
5.987770
5.987770
5.987770
5.987770
5.987770
5.987770
5.987770
5.987770
5.987770
5.987770
5.987770
5.987770
5.987762
5.987762
5.987762
5.987762
5.987762
5.964637
5.964637
5.964637
5.964637
5.964637
5.964637
5.964637
5.950390
5.950390
5.950390
5.950390
5.950390
5.950390
5.950390
5.943624
5.939558
5.709583
5.709583
5.709583
5.709583
5.709583
5.695847
5.695847
5.695847
5.695847
5.675228
5.675228
5.674900
5.674900
5.674900
5.674900
5.674900
5.674900
5.674900
5.674900
5.674900
5.651803
5.651803
5.651803
5.651803
5.651803
5.651803
5.651803
5.641651
5.641651
5.641651
5.641651
5.641651
5.641651
5.641651
5.641651
5.641651
5.641651
5.641651
5.641651
5.641651
5.641651
5.641651
5.641651
5.641651
5.641651
5.641651
5.641651
5.641651
5.631760
5.631760
5.620527
5.620527
5.608633
5.608633
5.608633
5.608633
5.606724
5.606724
5.606724
5.606724
5.606724
5.580062
5.580062
5.580062
5.456313
5.445226
5.445226
5.394405
5.342036
5.342036
5.342036
5.342036
5.342036
5.342036
5.306986
5.295821
5.294590
5.294590
5.294590
5.294590
5.294590
5.294590
5.294590
5.294590
5.294590
5.294590
5.294590
5.294478
5.294478
5.294478
5.294478
5.294478
5.292097
5.292097
5.292097
5.292097
5.292097
5.276038
5.276038
5.276038
5.276038
5.276038
5.276038
5.276038
5.273808
5.273808
5.273808
5.253827
5.253827
5.253827
5.253827
5.253827
5.253827
5.253827
5.253827
5.253827
5.253827
5.253827
5.253827
5.253827
5.253827
5.253827
5.253827
5.253827
5.253827
5.253827
5.253827
5.253827
5.253827
5.253827
5.253827
5.253827
5.253827
5.253827
5.253827
5.252867
5.252867
5.252867
5.252867
5.252867
5.252867
5.252867
5.252867
5.252867
5.252867
5.249496
5.249496
5.249496
5.249496
5.099489
5.099489
5.099489
5.099489
5.099489
5.099489
5.099489
5.099489
5.099489
5.099489
5.099489
5.099489
5.099489
5.099489
5.099489
5.099489
5.099489
5.099489
5.099489
5.099489
5.099489
5.099489
5.099489
5.099489
5.099489
5.099489
5.099489
5.099489
5.099489
5.099489
5.099489
4.981537
4.981537
4.981537
4.954653
4.954653
4.954653
4.954653
4.954653
4.928441
4.928441
4.928141
4.928141
4.873121
4.862588
4.862588
4.862588
4.862588
4.862588
4.827139
4.827139
4.827139
4.793757
4.793757
4.793757
4.793757
4.793757
4.793497
4.793497
4.793219
4.793219
4.791510
4.791510
4.791510
4.791510
4.791510
4.791510
4.791510
4.791510
4.791510
4.774003
4.752386
4.752386
4.714992
4.714992
4.687645
4.687645
4.687645
4.687645
4.678184
4.678184
4.678184
4.678184
4.678184
4.678184
4.678184
4.678184
4.678184
4.678184
4.671282
4.670757
4.670757
4.645879
4.645879
4.645879
4.645879
4.645879
4.645879
4.645879
4.645879
4.645879
4.645879
4.645879
4.645879
4.645879
4.645879
4.641474
4.641474
4.641474
4.641474
4.641474
4.641474
4.641474
4.641474
4.641474
4.641474
4.641474
4.641474
4.641474
4.632238
4.631524
4.630284
4.630284
4.630284
4.630284
4.599043
4.599043
4.599043
4.599043
4.599043
4.584558
4.584558
4.584558
4.584558
4.584558
4.584558
4.584558
4.584558
4.584558
4.584558
4.584558
4.584558
4.584558
4.584558
4.584558
4.584558
4.584558
4.584558
4.584558
4.584558
4.584558
4.584558
4.584558
4.554602
4.554244
4.554244
4.554244
4.537409
4.537409
4.537409
4.537409
4.508495
4.508495
4.508495
4.456266
4.456266
4.456266
4.456266
4.456266
4.456266
4.456266
4.456266
4.456266
4.452225
4.451812
4.451812
4.450602
4.450602
4.450602
4.450602
4.450602
4.450602
4.450602
4.450602
4.450602
4.450602
4.450602
4.450602
4.450602
4.450602
4.450602
4.450602
4.450602
4.450602
4.439008
4.439008
4.439008
4.439008
4.439008
4.439008
4.439008
4.439008
4.439008
4.439008
4.439008
4.384437
4.384437
4.384437
4.384437
4.384437
4.384437
4.384437
4.384437
4.381680
4.372183
4.368630
4.368630
4.352865
4.352865
4.352865
4.352865
4.352865
4.351724
4.351724
4.351724
4.351724
4.351724
4.351724
4.351724
4.351724
4.351724
4.351724
4.351724
4.351724
4.351724
4.351724
4.351724
4.351724
4.351724
4.351724
4.351724
4.351724
4.349614
4.349614
4.349614
4.349614
4.333826
4.333826
4.333826
4.333826
4.333826
4.333826
4.333826
4.333826
4.314053
4.314053
4.314053
4.314053
4.314053
4.314053
4.314053
4.314053
4.314053
4.314053
4.314053
4.314053
4.314053
4.314053
4.312969
4.312969
4.312969
4.311839
4.311839
4.311839
4.311839
4.311839
4.311839
4.282387
4.282387
4.282387
4.282387
4.282387
4.282387
4.282387
4.282387
4.282387
4.282387
4.282387
4.282387
4.282387
4.281396
4.281396
4.281396
4.281396
4.258256
4.243302
4.232673
4.232673
4.216437
4.216437
4.216437
4.216437
4.216437
4.211912
4.211912
4.211912
4.211912
4.211912
4.211912
4.211912
4.211912
4.211912
4.211912
4.191970
4.191970
4.191894
4.189097
4.189097
4.187353
4.187339
4.187339
4.187339
4.187339
4.187339
4.170554
4.170554
4.170554
4.170554
4.170554
4.170554
4.170554
4.170554
4.170554
4.170554
4.170554
4.170554
4.170554
4.170554
4.170554
4.170554
4.170554
4.170554
4.170554
4.170554
4.170554
4.170554
4.170554
4.170554
4.169629
4.169629
4.169629
4.169629
4.169629
4.169629
4.169629
4.169629
4.169629
4.169629
4.169629
4.169629
4.169629
4.169629
4.169629
4.169629
4.169629
4.169629
4.169629
4.167443
4.167443
4.167443
4.167443
4.167443
4.162442
4.162442
4.162442
4.162442
4.162442
4.162442
4.162442
4.162442
4.162442
4.123335
4.123335
4.123335
4.123335
4.123335
4.123335
4.122385
4.122385
4.122385
4.089445
4.089445
4.065897
4.065897
4.065897
4.065897
4.065897
4.058144
4.058144
4.058144
4.058144
4.058144
4.004162
4.004162
3.981220
3.981220
3.981220
3.981220
3.981220
3.981220
3.981220
3.981220
3.970574
3.970574
3.970574
3.970574
3.970574
3.970574
3.970574
3.970574
3.970574
3.970574
3.970574
3.970574
3.970574
3.970574
3.970574
3.970574
3.970574
3.970574
3.970574
3.970574
3.970574
3.970574
3.970574
3.970574
3.970574
3.970574
3.970574
3.970574
3.970574
3.970574
3.970574
3.970574
3.970574
3.970574
3.970574
3.970574
3.970117
3.970117
3.970117
3.970117
3.970117
3.970117
3.970117
3.970117
3.970117
3.970117
3.970117
3.970117
3.970117
3.970117
3.970117
3.970117
3.970117
3.970117
3.970117
3.970117
3.970117
3.970117
3.970117
3.970117
3.970117
3.970117
3.970117
3.970117
3.970117
3.970117
3.970117
3.970117
3.970117
3.970117
3.970117
3.970117
3.969276
3.969276
3.969276
3.969276
3.969276
3.863207
3.863207
3.863207
3.860353
3.860353
3.860353
3.860353
3.860353
3.860353
3.860353
3.860353
3.860353
3.860353
3.860353
3.860353
3.860353
3.833028
3.831088
3.831088
3.831088
3.831088
3.831088
3.831088
3.831088
3.831088
3.831088
3.831088
3.831088
3.813732
3.813732
3.813732
3.813732
3.813732
3.813732
3.813732
3.813732
3.813732
3.813732
3.813732
3.813732
3.813732
3.813732
3.813732
3.813732
3.813732
3.813732
3.813732
3.812046
3.812046
3.811730
3.811730
3.799064
3.799064
3.799064
3.799064
3.799064
3.799064
3.799064
3.799064
3.799064
3.799064
3.799064
3.799064
3.799064
3.799064
3.799064
3.799064
3.799064
3.799064
3.799064
3.799064
3.784254
3.784254
3.784254
3.784254
3.784254
3.784254
3.784254
3.784254
3.784254
3.784254
3.784254
3.784254
3.784254
3.784254
3.784254
3.784254
3.784254
3.784254
3.784254
3.784254
3.784254
3.784254
3.784254
3.784254
3.784254
3.784254
3.784254
3.784254
3.784254
3.784254
3.784254
3.784254
3.784254
3.783059
3.783059
3.783059
3.783059
3.783059
3.783059
3.783059
3.783059
3.783059
3.783059
3.783059
3.783059
3.783059
3.783059
3.783004
3.783004
3.783004
3.783004
3.783004
3.783004
3.783004
3.783004
3.783004
3.783004
3.783004
3.773090
3.773090
3.773090
3.773090
3.771577
3.771577
3.729968
3.729968
3.729968
3.729968
3.729968
3.729968
3.729968
3.729968
3.729968
3.729968
3.729968
3.729867
3.729867
3.729867
3.729867
3.729867
3.729867
3.729867
3.729867
3.724676
3.724676
3.724676
3.724676
3.724676
3.724676
3.724676
3.724676
3.724676
3.724676
3.724676
3.724676
3.724676
3.723891
3.723891
3.704407
3.704407
3.704407
3.704407
3.704407
3.704407
3.704407
3.704407
3.704407
3.704407
3.704407
3.704407
3.704407
3.704407
3.704407
3.704407
3.704407
3.704407
3.704407
3.681407
3.681407
3.681407
3.681407
3.681407
3.681407
3.681407
3.681407
3.681407
3.681407
3.681407
3.681407
3.681407
3.681407
3.681223
3.681223
3.681223
3.681223
3.681223
3.681223
3.595645
3.595645
3.595645
3.595645
3.595645
3.595645
3.595645
3.595645
3.595645
3.595645
3.579530
3.579530
3.578240
3.578240
3.578240
3.578240
3.578240
3.578240
3.578240
3.499492
3.499492
3.499492
3.499492
3.499492
3.499492
3.499492
3.499492
3.499492
3.499492
3.499492
3.499492
3.476662
3.434850
3.434850
3.434850
3.434850
3.434850
3.434850
3.434850
3.434850
3.434850
3.434850
3.434850
3.434850
3.428449
3.423126
3.423126
3.423126
3.423126
3.423126
3.423126
3.419834
3.419834
3.419834
3.415628
3.415628
3.415628
3.415628
3.415628
3.415628
3.415628
3.415628
3.415628
3.415628
3.415628
3.415628
3.415628
3.415628
3.415628
3.415628
3.415628
3.415628
3.415243
3.415243
3.409820
3.385668
3.383605
3.383605
3.383605
3.383605
3.383605
3.383605
3.383605
3.383605
3.383605
3.383605
3.383605
3.383605
3.383605
3.383605
3.383605
3.383605
3.383605
3.383605
3.383605
3.383605
3.383605
3.383605
3.383605
3.383605
3.383605
3.383605
3.383605
3.383605
3.383605
3.383605
3.383605
3.383605
3.383605
3.383605
3.383605
3.383605
3.383605
3.383605
3.383605
3.383605
3.376365
3.374853
3.374853
3.374853
3.374853
3.374853
3.374853
3.350313
3.350313
3.350313
3.350313
3.350313
3.350313
3.350313
3.350313
3.350313
3.350313
3.350313
3.350313
3.340221
3.340221
3.340221
3.340221
3.340221
3.336574
3.336574
3.336574
3.336574
3.336574
3.336574
3.336574
3.336574
3.336574
3.336574
3.336574
3.336574
3.336574
3.336574
3.336574
3.336574
3.336574
3.336574
3.333324
3.333324
3.333324
3.333324
3.333324
3.333324
3.333324
3.333324
3.333324
3.333324
3.333324
3.333324
3.333324
3.109840
3.109840
3.109840
3.109840
3.108686
3.108686
3.108686
3.108686
3.108686
3.108686
3.108686
3.108686
3.108686
3.108686
3.108686
3.108686
3.104137
3.104137
3.104137
3.104137
3.104137
3.104137
3.104137
3.104137
3.104137
3.104137
3.104137
3.104137
3.104137
3.104137
3.104137
3.104137
3.104137
3.104137
3.104137
3.104137
3.104137
3.067187
3.067187
3.067187
3.067187
3.067187
3.067187
3.067187
3.067187
3.067187
3.067187
3.067187
3.067187
3.067187
3.067187
3.067187
3.067187
3.067187
3.067187
3.067187
3.067187
3.067187
3.067187
3.067187
3.067187
3.067187
3.067187
3.067187
3.067187
3.067187
3.067187
3.067187
3.067187
3.067187
3.067187
3.067187
3.067187
3.067187
3.067187
3.067187
3.067187
3.067187
3.067187
3.067187
3.067187
3.067187
3.067187
3.067187
3.067187
3.067187
3.061317
3.061317
3.061317
3.061317
3.061317
3.061317
3.061317
3.061317
3.061317
3.061317
3.061317
3.061317
3.061317
3.061317
3.061317
2.986139
2.986139
2.986139
2.986139
2.986139
2.986139
2.986139
2.986139
2.986139
2.986139
2.986139
2.986139
2.986139
2.986139
2.971808
2.971808
2.971808
2.971808
2.971808
2.971808
2.971808
2.971808
2.971808
2.971808
2.971808
2.971808
2.971808
2.971808
2.971808
2.971808
2.971808
2.971808
2.969005
2.969005
2.968655
2.968655
2.968655
2.968655
2.968655
2.968655
2.968655
2.961806
2.961806
2.961806
2.961806
2.961456
2.961456
2.961456
2.961456
2.961456
2.961456
2.961456
2.961456
2.961456
2.961456
2.961456
2.959676
2.959676
2.959676
2.959676
2.941252
2.941252
2.941252
2.940901
2.940901
2.940901
2.940901
2.940901
2.940901
2.940901
2.940265
2.940265
2.940265
2.940265
2.940265
2.940265
2.940265
2.940265
2.940265
2.940265
2.940265
2.940265
2.940265
2.940265
2.940265
2.940265
2.940265
2.940265
2.940265
2.940265
2.940265
2.940265
2.940265
2.940265
2.940265
2.940265
2.940265
2.940265
2.940265
2.940265
2.933820
2.933820
2.933820
2.933820
2.933820
2.933820
2.933820
2.933820
2.933820
2.933820
2.933820
2.933820
2.933820
2.933820
2.933820
2.933820
2.933820
2.933820
2.933820
2.933820
2.933820
2.933303
2.933303
2.933303
2.933303
2.933303
2.933303
2.933303
2.933303
2.933303
2.933303
2.933303
2.933303
2.933303
2.933303
2.933303
2.933303
2.933303
2.933303
2.933303
2.933303
2.933303
2.933303
2.933303
2.933303
2.933303
2.933303
2.933303
2.933303
2.933303
2.931111
2.931111
2.931111
2.931111
2.931111
2.931111
2.931111
2.931111
2.931111
2.931111
2.931111
2.931111
2.931111
2.931111
2.931111
2.931111
2.931111
2.931111
2.931111
2.931111
2.931111
2.900752
2.900752
2.900752
2.900752
2.900752
2.900752
2.879509
2.879509
2.879509
2.879509
2.879509
2.879509
2.879509
2.879509
2.879509
2.874394
2.874394
2.874394
2.874394
2.874394
2.874394
2.874394
2.874394
2.874099
2.874099
2.874099
2.874099
2.874099
2.874099
2.874099
2.874099
2.874099
2.874099
2.874099
2.874099
2.874099
2.874099
2.874099
2.874099
2.874099
2.874099
2.874099
2.874099
2.874099
2.874099
2.874099
2.874099
2.874099
2.874099
2.874099
2.874099
2.874099
2.874099
2.874099
2.874099
2.874099
2.874099
2.874099
2.874099
2.874099
2.874099
2.874099
2.874099
2.874099
2.874099
2.874099
2.874099
2.844504
2.844504
2.844504
2.844504
2.844504
2.844504
2.844504
2.843837
2.843837
2.843837
2.843837
2.843837
2.843837
2.843837
2.843837
2.843837
2.843837
2.843837
2.843837
2.843837
2.843837
2.843837
2.843837
2.843837
2.828781
2.828781
2.828781
2.828781
2.828781
2.828781
2.828781
2.828781
2.828781
2.828781
2.828781
2.828781
2.828781
2.828781
2.828781
2.828781
2.828781
2.817540
2.817540
2.817540
2.817540
2.817540
2.817540
2.817540
2.817540
2.817540
2.817540
2.786395
2.786395
2.786395
2.786395
2.786395
2.786395
2.786395
2.786395
2.786395
2.786395
2.786395
2.786395
2.786395
2.786395
2.786395
2.786395
2.786395
2.786395
2.786395
2.786395
2.786395
2.786395
2.786395
2.786395
2.786395
2.786395
2.786395
2.786395
2.786395
2.786395
2.786395
2.786395
2.786395
2.786395
2.786395
2.786395
2.786395
2.786395
2.786395
2.786395
2.786395
2.745831
2.745831
2.745831
2.745831
2.745831
2.745831
2.745831
2.745831
2.745831
2.745831
2.745831
2.745831
2.745831
2.745831
2.745831
2.745831
2.745831
2.745831
2.745831
2.745831
2.745831
2.745831
2.745831
2.745831
2.745831
2.745831
2.745831
2.745831
2.745831
2.745831
2.745831
2.745831
2.745831
2.741434
2.741434
2.700388
2.700388
2.700388
2.700388
2.700388
2.700388
2.700388
2.700388
2.700388
2.700388
2.700388
2.700388
2.700388
2.700388
2.700388
2.700388
2.700388
2.700388
2.700388
2.700388
2.700388
2.700388
2.700388
2.700388
2.697126
2.697126
2.697126
2.697126
2.697126
2.697126
2.697126
2.697126
2.697126
2.697126
2.697126
2.697126
2.697126
2.697126
2.697126
2.697126
2.697126
2.697126
2.697126
2.697126
2.697126
2.697126
2.697126
2.697126
2.697126
2.697126
2.697126
2.697126
2.696656
2.696656
2.696656
2.696656
2.696656
2.696656
2.696656
2.696656
2.696656
2.696656
2.696656
2.696656
2.696656
2.696656
2.690512
2.690512
2.690512
2.689108
2.689108
2.689108
2.689108
2.689108
2.689108
2.689108
2.689108
2.689108
2.689108
2.689108
2.689108
2.680580
2.680580
2.680580
2.680580
2.680580
2.680580
2.680580
2.680580
2.678010
2.678010
2.678010
2.678010
2.678010
2.678010
2.678010
2.678010
2.678010
2.678010
2.678010
2.678010
2.678010
2.678010
2.678010
2.678010
2.678010
2.678010
2.678010
2.678010
2.678010
2.678010
2.671686
2.671686
2.671686
2.671686
2.671686
2.654298
2.654298
2.634241
2.634241
2.634241
2.634241
2.634241
2.634241
2.634241
2.561785
2.561785
2.561785
2.561785
2.561785
2.561785
2.561785
2.561785
2.561785
2.561785
2.561785
2.561785
2.561785
2.561785
2.561785
2.561785
2.561785
2.561785
2.561785
2.561785
2.561785
2.561785
2.561785
2.561785
2.561785
2.561785
2.561785
2.561785
2.561785
2.561785
2.561785
2.561785
2.561785
2.561785
2.561785
2.561785
2.561785
2.561785
2.561785
2.561785
2.561785
2.561785
2.560736
2.560736
2.560736
2.560736
2.560736
2.560736
2.560736
2.560736
2.560736
2.560736
2.560736
2.560736
2.560736
2.560736
2.560736
2.560736
2.560736
2.560736
2.560736
2.560736
2.560736
2.560736
2.554021
2.554021
2.554021
2.554021
2.554021
2.554021
2.554021
2.554021
2.554021
2.554021
2.554021
2.537025
2.537025
2.537025
2.537025
2.537025
2.537025
2.537025
2.537025
2.537025
2.525077
2.525077
2.525077
2.525077
2.525077
2.525077
2.525077
2.525077
2.525077
2.525077
2.525077
2.525077
2.525077
2.525077
2.525077
2.525077
2.525077
2.525077
2.525077
2.525077
2.525077
2.525077
2.525077
2.525077
2.525077
2.525077
2.489545
2.489545
2.489545
2.489545
2.489545
2.489545
2.489545
2.489545
2.489545
2.489545
2.489545
2.489545
2.489545
2.486908
2.486908
2.486908
2.486908
2.486908
2.486519
2.486519
2.486519
2.486519
2.486519
2.486519
2.486519
2.486519
2.486519
2.486519
2.486352
2.486352
2.486352
2.486352
2.486352
2.484171
2.484171
2.484171
2.484171
2.484171
2.484171
2.484171
2.436089
2.436089
2.436089
2.436089
2.436089
2.436089
2.436089
2.436089
2.421803
2.421803
2.421803
2.421803
2.421803
2.421803
2.421803
2.421803
2.395313
2.395313
2.395313
2.395313
2.395313
2.395313
2.395313
2.395313
2.395313
2.393472
2.393472
2.393472
2.393472
2.393472
2.393472
2.393472
2.385755
2.385755
2.385755
2.385755
2.385755
2.385755
2.385755
2.385755
2.385755
2.385755
2.371971
2.371971
2.367690
2.367690
2.367690
2.367690
2.367690
2.367690
2.367690
2.367690
2.367690
2.367690
2.367690
2.367690
2.367690
2.367690
2.364567
2.364567
2.364567
2.364567
2.364567
2.364567
2.364567
2.364567
2.364567
2.364567
2.362309
2.362309
2.361482
2.361482
2.361482
2.357718
2.357718
2.357718
2.357718
2.357718
2.357718
2.357718
2.357718
2.357718
2.357718
2.357718
2.357718
2.357706
2.357706
2.357706
2.357706
2.357706
2.357706
2.357706
2.357706
2.357706
2.357706
2.357706
2.357706
2.357706
2.357706
2.357706
2.357706
2.357706
2.357706
2.357706
2.330418
2.330418
2.330418
2.330418
2.330418
2.324202
2.324202
2.324202
2.324202
2.324202
2.324202
2.324202
2.324202
2.324202
2.324202
2.324202
2.324202
2.324202
2.324202
2.324202
2.324202
2.324202
2.324202
2.324202
2.324202
2.324202
2.324202
2.324202
2.324202
2.324202
2.324202
2.324202
2.324202
2.324202
2.324202
2.232615
2.232615
2.232615
2.232615
2.232615
2.232615
2.232615
2.215575
2.215575
2.215575
2.215575
2.215575
2.215575
2.215575
2.215575
2.215575
2.215575
2.215575
2.215575
2.215575
2.215575
2.215575
2.215575
2.215575
2.215575
2.215575
2.215575
2.215575
2.213043
2.213043
2.213043
2.213043
2.213043
2.213043
2.213043
2.213043
2.213043
2.213043
2.213043
2.213043
2.213043
2.213043
2.213043
2.213043
2.212519
2.212519
2.212519
2.210512
2.210512
2.210512
2.210512
2.210512
2.210512
2.210512
2.210512
2.210512
2.210512
2.210512
2.210512
2.210512
2.210512
2.210512
2.210512
2.210512
2.210512
2.210512
2.210512
2.205700
2.205700
2.205700
2.205700
2.205700
2.205700
2.205700
2.205700
2.205700
2.205700
2.205700
2.205545
2.205545
2.205545
2.205545
2.205545
2.205545
2.205545
2.205545
2.205545
2.196653
2.196653
2.180129
2.180129
2.180129
2.180129
2.180129
2.180129
2.180129
2.180129
2.179827
2.179827
2.179827
2.179827
2.179827
2.179827
2.179827
2.179827
2.179827
2.179827
2.171558
2.171558
2.171558
2.171558
2.171558
2.171558
2.171558
2.171558
2.171558
2.171558
2.171558
2.171558
2.171558
2.171558
2.171558
2.171558
2.171558
2.171558
2.171558
2.171558
2.171558
2.171558
2.171558
2.171558
2.171558
2.171558
2.171558
2.171558
2.171558
2.171558
2.171558
2.171558
2.169969
2.169969
2.169969
2.169969
2.169969
2.169969
2.169969
2.169969
2.169969
2.169969
2.169969
2.169969
2.169969
2.169969
2.169969
2.169969
2.169969
2.169592
2.169266
2.169266
2.169266
2.167800
2.167800
2.167800
2.167800
2.167800
2.167800
2.167800
2.167800
2.167800
2.167800
2.142744
2.142744
2.140575
2.140575
2.127636
2.127477
2.127477
2.127477
2.127477
2.127477
2.127477
2.127477
2.127477
2.127477
2.127477
2.127477
2.127477
2.127477
2.127477
2.127477
2.127477
2.127477
2.127477
2.115551
2.115551
2.115551
2.115551
2.115551
2.115551
2.115551
2.115551
2.115551
2.115551
2.115551
2.115551
2.115551
2.115551
2.115551
2.115551
2.115551
2.115551
2.115551
2.115551
2.115551
2.115551
2.073487
2.073487
2.073487
2.073487
2.073487
2.073487
2.073487
2.073487
2.073487
2.073487
2.073487
2.073487
2.073487
2.073487
2.073487
2.073487
2.073487
2.073220
2.073220
2.073220
2.073220
2.073220
2.073220
2.073220
2.073220
2.073220
2.073220
2.073220
2.073220
2.072052
2.072052
2.072052
2.072052
2.072052
2.072052
2.072052
2.072052
2.072052
2.072052
2.072052
2.072052
2.072052
2.072052
2.072052
2.072052
2.072052
2.072052
2.063421
2.063421
2.063421
2.063421
2.063421
2.063421
2.063421
2.063421
2.063421
2.063421
2.063421
2.063421
2.063421
2.063421
2.063421
2.063421
2.063421
2.063421
2.063421
2.061350
2.061350
2.061350
2.061350
2.061350
2.061350
2.061350
2.061350
2.061350
2.061350
2.061350
2.061350
2.061350
2.061350
2.061350
2.061350
2.061340
2.061340
2.061340
2.061340
2.061340
2.061340
2.061340
2.061340
2.061340
2.054408
2.054408
2.054408
2.054408
2.054408
2.054408
2.054408
2.054408
2.054408
2.054408
2.054408
2.054408
2.054408
2.054408
2.054408
2.054408
2.054408
2.054408
2.053690
2.053690
2.053690
2.053690
2.053690
2.053690
2.023946
2.023946
2.023946
2.023899
2.023899
2.023899
1.994771
1.994771
1.994771
1.994771
1.994771
1.994771
1.994771
1.994771
1.994771
1.994771
1.994771
1.994771
1.994771
1.994771
1.994771
1.994771
1.994771
1.993744
1.993744
1.993744
1.993744
1.993744
1.993744
1.993744
1.993744
1.986745
1.986745
1.986745
1.986745
1.986745
1.986745
1.986745
1.986745
1.986745
1.984665
1.984665
1.984665
1.984665
1.959128
1.959128
1.959128
1.959128
1.959128
1.959128
1.959128
1.959128
1.959128
1.959128
1.959128
1.959128
1.959128
1.959128
1.959128
1.959128
1.959128
1.909449
1.909449
1.909449
1.909449
1.909449
1.909449
1.909449
1.909449
1.909449
1.909449
1.909449
1.909449
1.909449
1.909449
1.909449
1.909449
1.909449
1.909449
1.909449
1.909449
1.909449
1.909449
1.909449
1.909449
1.909449
1.907974
1.907974
1.907974
1.907974
1.907974
1.907974
1.907974
1.907974
1.907974
1.907974
1.865817
1.865817
1.860145
1.860145
1.860145
1.860145
1.860145
1.860145
1.860145
1.860145
1.860145
1.860145
1.860145
1.860145
1.860145
1.860145
1.860145
1.860145
1.860145
1.860145
1.860145
1.860145
1.860145
1.860145
1.860145
1.860145
1.860145
1.860145
1.859848
1.851690
1.851690
1.851690
1.851690
1.850965
1.850965
1.850965
1.850965
1.850965
1.835978
1.835978
1.835978
1.835978
1.835978
1.835978
1.835978
1.835978
1.835978
1.835978
1.835978
1.835930
1.835930
1.835002
1.835002
1.835002
1.835002
1.833368
1.833368
1.833368
1.833368
1.833368
1.833368
1.833368
1.833368
1.833368
1.833368
1.833368
1.833368
1.833368
1.833368
1.833368
1.833368
1.833368
1.833368
1.833368
1.833368
1.833368
1.833368
1.833368
1.833368
1.833368
1.833368
1.833368
1.833368
1.833368
1.833368
1.833368
1.833117
1.833117
1.833117
1.833117
1.833117
1.833117
1.833117
1.833117
1.833117
1.832780
1.832780
1.832780
1.832780
1.832780
1.832780
1.832780
1.831733
1.831733
1.831733
1.831733
1.831733
1.831733
1.831733
1.831733
1.831733
1.831733
1.831733
1.831733
1.831733
1.831733
1.831733
1.831733
1.831733
1.831733
1.831733
1.831733
1.831733
1.831733
1.831733
1.831733
1.831733
1.831733
1.831733
1.831733
1.831733
1.831733
1.831733
1.831733
1.831733
1.831733
1.831733
1.831733
1.831733
1.831733
1.831733
1.831733
1.831733
1.831733
1.831733
1.831733
1.831733
1.831733
1.831733
1.831733
1.831733
1.831733
1.831733
1.831733
1.831733
1.831733
1.831733
1.831733
1.831381
1.831381
1.831381
1.831381
1.831381
1.831381
1.831381
1.831381
1.831381
1.831381
1.831381
1.831381
1.831381
1.830987
1.830987
1.830987
1.830987
1.830987
1.830987
1.830987
1.830987
1.830987
1.830987
1.830987
1.830987
1.830987
1.830987
1.830987
1.830987
1.830065
1.830065
1.830065
1.830065
1.830065
1.830065
1.830065
1.830065
1.830065
1.830065
1.830065
1.830065
1.830065
1.830065
1.830065
1.830065
1.830065
1.830065
1.830065
1.830065
1.830065
1.830065
1.821567
1.821567
1.821567
1.821567
1.821567
1.821567
1.821567
1.821567
1.821567
1.821567
1.821567
1.821099
1.820576
1.820576
1.820576
1.820576
1.820576
1.820576
1.820576
1.820576
1.820576
1.820576
1.820576
1.820576
1.820576
1.820576
1.820576
1.820576
1.820576
1.820576
1.820576
1.820576
1.820576
1.820576
1.820576
1.820576
1.820576
1.820576
1.820576
1.795088
1.795088
1.795088
1.795088
1.795088
1.795088
1.793554
1.793554
1.793554
1.793554
1.793554
1.793554
1.793554
1.793554
1.793554
1.793554
1.793554
1.793554
1.792837
1.792837
1.792837
1.792837
1.792837
1.792837
1.792837
1.792837
1.792837
1.792837
1.792837
1.792837
1.792837
1.792837
1.792837
1.792837
1.792837
1.792837
1.792837
1.792837
1.792837
1.792837
1.792837
1.792837
1.792837
1.792837
1.792837
1.792837
1.792837
1.792837
1.792837
1.792837
1.792837
1.792837
1.792837
1.792837
1.792837
1.792837
1.792837
1.792837
1.792837
1.792837
1.792837
1.792837
1.792837
1.792837
1.792837
1.792837
1.792837
1.792837
1.792837
1.792837
1.792837
1.792837
1.792837
1.792837
1.792837
1.792837
1.789282
1.789282
1.789282
1.789282
1.789282
1.789282
1.789282
1.789282
1.789282
1.789282
1.786068
1.786068
1.786068
1.786068
1.786068
1.786068
1.786068
1.786068
1.786068
1.786068
1.786068
1.786068
1.786068
1.786068
1.786068
1.786068
1.786068
1.786068
1.786068
1.786068
1.786068
1.786063
1.786063
1.786063
1.751165
1.751165
1.751165
1.751165
1.751165
1.751165
1.751165
1.751165
1.751165
1.751165
1.751165
1.751165
1.750195
1.750195
1.750195
1.750195
1.750195
1.750195
1.749002
1.749002
1.749002
1.749002
1.749002
1.749002
1.749002
1.749002
1.749002
1.749002
1.749002
1.749002
1.749002
1.749002
1.749002
1.749002
1.749002
1.749002
1.749002
1.749002
1.749002
1.749002
1.749002
1.749002
1.749002
1.749002
1.749002
1.749002
1.742907
1.742907
1.742907
1.742907
1.742907
1.742907
1.739838
1.739838
1.739838
1.739838
1.739838
1.739838
1.739838
1.739838
1.739838
1.739838
1.739838
1.739838
1.739838
1.739838
1.739838
1.739838
1.739838
1.739838
1.739838
1.739838
1.739838
1.739838
1.739838
1.739838
1.739838
1.739838
1.739838
1.739838
1.739838
1.739838
1.739838
1.739838
1.739838
1.739838
1.739838
1.739838
1.739838
1.739838
1.739838
1.739838
1.739838
1.739838
1.739838
1.739838
1.739838
1.739838
1.739838
1.739838
1.739838
1.739838
1.739838
1.739838
1.739838
1.739838
1.739838
1.739838
1.739838
1.739520
1.739520
1.739520
1.739520
1.739520
1.739520
1.739520
1.739520
1.739520
1.739520
1.739520
1.739520
1.739520
1.737880
1.737880
1.737880
1.737880
1.737880
1.737880
1.737880
1.737880
1.737880
1.737880
1.737880
1.737880
1.737880
1.737880
1.737295
1.737295
1.737295
1.737295
1.737295
1.737295
1.737295
1.737295
1.737295
1.737295
1.737295
1.737295
1.737295
1.737295
1.737295
1.737295
1.737295
1.737295
1.737295
1.737295
1.737295
1.737295
1.737295
1.737295
1.737295
1.737295
1.737295
1.737295
1.732859
1.732859
1.732859
1.732859
1.732859
1.732859
1.732859
1.732859
1.724204
1.724204
1.724204
1.721551
1.721551
1.721551
1.721551
1.721551
1.721551
1.721551
1.721551
1.721551
1.721551
1.721551
1.721551
1.721551
1.721551
1.721551
1.721551
1.721551
1.721551
1.721551
1.721551
1.721551
1.721551
1.721551
1.721551
1.721551
1.721551
1.721551
1.721551
1.721551
1.721551
1.721551
1.721551
1.721551
1.721551
1.721551
1.721551
1.721551
1.721551
1.721551
1.721551
1.721551
1.721551
1.721551
1.721551
1.721551
1.721551
1.721551
1.721551
1.721551
1.721551
1.721551
1.721551
1.721551
1.721551
1.721551
1.721551
1.721551
1.721551
1.720312
1.720138
1.720138
1.720138
1.720138
1.720138
1.720094
1.720094
1.720094
1.720094
1.720094
1.720094
1.720094
1.720094
1.720094
1.720094
1.720094
1.720094
1.720094
1.720094
1.720094
1.720094
1.720094
1.720094
1.720094
1.720094
1.720094
1.720094
1.720094
1.720094
1.720094
1.720094
1.720094
1.720094
1.720094
1.720094
1.720094
1.720094
1.720094
1.720094
1.720094
1.717410
1.717410
1.717410
1.717410
1.717410
1.717410
1.717410
1.717410
1.717410
1.717410
1.717410
1.716139
1.685229
1.685229
1.685229
1.685229
1.685229
1.678962
1.678962
1.678962
1.678962
1.678962
1.678962
1.678962
1.678962
1.678962
1.678962
1.678962
1.678962
1.678962
1.678962
1.678962
1.678962
1.678962
1.678962
1.678962
1.678962
1.678962
1.678962
1.678962
1.678962
1.678962
1.678962
1.678962
1.678962
1.678962
1.678962
1.678962
1.678962
1.678962
1.678962
1.678962
1.678962
1.678962
1.678962
1.678962
1.678962
1.678962
1.678962
1.678962
1.678962
1.678962
1.678962
1.678962
1.678962
1.678671
1.678671
1.678671
1.678671
1.678671
1.678671
1.678671
1.678671
1.678671
1.678671
1.678671
1.678671
1.678671
1.678671
1.678671
1.678671
1.678671
1.678671
1.678671
1.678671
1.678671
1.678671
1.678671
1.678671
1.678671
1.678671
1.678671
1.678671
1.678671
1.678671
1.678671
1.678671
1.678671
1.678671
1.678671
1.678671
1.678671
1.678671
1.678671
1.678671
1.678671
1.678671
1.678671
1.678671
1.677986
1.677986
1.677986
1.677986
1.677986
1.677986
1.677986
1.677986
1.677986
1.677986
1.677986
1.677986
1.677986
1.677986
1.677986
1.677986
1.676393
1.676393
1.676393
1.676393
1.676393
1.676393
1.676393
1.676393
1.676393
1.676393
1.676393
1.676393
1.676393
1.676393
1.676393
1.676393
1.676393
1.676393
1.676393
1.676393
1.676393
1.673157
1.673157
1.673157
1.673157
1.672815
1.672815
1.672204
1.672204
1.672204
1.672204
1.672204
1.672204
1.672204
1.672204
1.672204
1.672204
1.672204
1.672204
1.672204
1.672204
1.672204
1.672204
1.672204
1.672204
1.672204
1.656779
1.656779
1.656779
1.656779
1.656779
1.656779
1.656779
1.656779
1.656779
1.656779
1.656779
1.656779
1.656779
1.656779
1.656779
1.656779
1.656779
1.656779
1.656779
1.656779
1.656779
1.656745
1.653140
1.653140
1.653140
1.653140
1.653140
1.653140
1.653140
1.653140
1.653140
1.653140
1.653140
1.653140
1.653140
1.653140
1.653140
1.653140
1.653140
1.653140
1.653140
1.653140
1.653140
1.648887
1.648887
1.648887
1.648887
1.648602
1.648602
1.648602
1.648602
1.648602
1.648602
1.648602
1.648602
1.648602
1.648602
1.648602
1.648602
1.648602
1.648602
1.648602
1.648602
1.648602
1.648602
1.648602
1.648602
1.648602
1.648602
1.648602
1.648602
1.648602
1.647320
1.647320
1.647320
1.647320
1.647320
1.647320
1.647320
1.647320
1.647320
1.647320
1.647320
1.647320
1.646508
1.646508
1.646508
1.646508
1.646508
1.646508
1.646508
1.646508
1.646508
1.646508
1.646031
1.646031
1.646031
1.646031
1.646031
1.646031
1.646031
1.646031
1.646031
1.646031
1.646031
1.646031
1.646031
1.646031
1.646031
1.646031
1.646031
1.646031
1.646031
1.646031
1.646031
1.646031
1.646031
1.646031
1.646031
1.646031
1.646031
1.646031
1.646031
1.646031
1.646031
1.646031
1.646031
1.646031
1.646031
1.634536
1.634536
1.634536
1.634536
1.634536
1.634536
1.634536
1.634536
1.634536
1.634507
1.634507
1.634507
1.612630
1.612630
1.612630
1.612630
1.612630
1.612630
1.612630
1.612630
1.612630
1.612630
1.612630
1.612630
1.612630
1.612630
1.612630
1.612630
1.612630
1.612630
1.610259
1.610259
1.610259
1.610259
1.610259
1.610259
1.610259
1.610259
1.610259
1.610259
1.610259
1.610259
1.610259
1.610259
1.609940
1.609940
1.609940
1.609940
1.609940
1.609940
1.609940
1.609940
1.609940
1.609940
1.609940
1.609437
1.609437
1.593308
1.593308
1.593308
1.593308
1.593308
1.587659
1.587659
1.587659
1.587659
1.587659
1.587659
1.587659
1.587659
1.587659
1.587659
1.587659
1.587659
1.587659
1.587659
1.587659
1.587659
1.587659
1.587659
1.587659
1.587659
1.587659
1.587659
1.587659
1.587659
1.587659
1.587659
1.587659
1.587659
1.587659
1.587659
1.587659
1.587659
1.587659
1.587659
1.587659
1.587659
1.587659
1.587659
1.587659
1.587659
1.587659
1.587659
1.587659
1.587659
1.587321
1.587321
1.587321
1.587321
1.587321
1.587321
1.587321
1.587321
1.587321
1.587321
1.587321
1.587321
1.587321
1.587321
1.587321
1.587321
1.587321
1.587321
1.587321
1.587321
1.587321
1.587321
1.587321
1.587321
1.587321
1.587321
1.587321
1.587321
1.587321
1.587321
1.587321
1.587321
1.587321
1.587321
1.587321
1.587321
1.587321
1.587321
1.587321
1.587321
1.587321
1.587321
1.587321
1.587321
1.587321
1.587321
1.587321
1.587321
1.587321
1.587321
1.587321
1.587321
1.587321
1.587321
1.587321
1.587321
1.587321
1.587321
1.587321
1.587321
1.587321
1.587321
1.587321
1.587321
1.587321
1.587321
1.587321
1.587321
1.587321
1.587097
1.587097
1.587097
1.587097
1.587097
1.587097
1.587097
1.587097
1.587097
1.587097
1.587097
1.587097
1.587097
1.587097
1.587097
1.587097
1.587097
1.587097
1.587097
1.587097
1.587097
1.587097
1.587097
1.587097
1.587097
1.587097
1.587097
1.587097
1.587097
1.587097
1.587097
1.587097
1.587097
1.587097
1.587097
1.587097
1.587097
1.587097
1.587097
1.587097
1.587097
1.587097
1.587097
1.587097
1.587097
1.587097
1.587097
1.587097
1.587097
1.587097
1.587097
1.587097
1.587097
1.587097
1.587097
1.587097
1.587097
1.587097
1.587097
1.587097
1.587097
1.587097
1.587097
1.587097
1.587097
1.587097
1.587097
1.587097
1.587097
1.587097
1.587097
1.587097
1.587097
1.587097
1.587097
1.587097
1.587097
1.587097
1.587097
1.587097
1.587097
1.587097
1.587097
1.587097
1.587097
1.587097
1.587097
1.587097
1.587097
1.587097
1.587097
1.587097
1.587097
1.587034
1.587034
1.587034
1.587034
1.587034
1.587034
1.587034
1.587034
1.587034
1.587034
1.587034
1.587034
1.587034
1.587034
1.587034
1.587034
1.587034
1.587034
1.587034
1.587034
1.587034
1.587034
1.587034
1.587034
1.587034
1.587034
1.587034
1.587034
1.587034
1.587034
1.587034
1.587034
1.587034
1.587034
1.587034
1.587034
1.587034
1.587034
1.587034
1.587034
1.587034
1.587034
1.587034
1.587034
1.587034
1.587034
1.587034
1.587034
1.587034
1.587034
1.587034
1.587034
1.587034
1.587034
1.587034
1.587034
1.587034
1.587034
1.587034
1.587034
1.587034
1.587034
1.587034
1.587034
1.587034
1.587034
1.587034
1.587034
1.587034
1.587034
1.585843
1.585843
1.585843
1.585843
1.585843
1.585843
1.585843
1.585843
1.585843
1.585843
1.585843
1.585843
1.585843
1.585843
1.585843
1.585843
1.584705
1.584705
1.584705
1.584705
1.584705
1.584705
1.584705
1.584705
1.584705
1.584705
1.584705
1.584705
1.584705
1.584705
1.584705
1.584705
1.584705
1.584705
1.584705
1.582176
1.582176
1.582176
1.582176
1.582176
1.582176
1.582176
1.582176
1.582176
1.582176
1.582176
1.563080
1.563080
1.563080
1.563080
1.563080
1.563080
1.563080
1.563080
1.563080
1.563080
1.563080
1.563080
1.563080
1.563080
1.563080
1.563080
1.563080
1.563080
1.563080
1.563080
1.563080
1.563080
1.563080
1.563080
1.563080
1.563080
1.563080
1.563080
1.563080
1.562398
1.562398
1.562398
1.562398
1.562398
1.562398
1.562398
1.562398
1.562398
1.561484
1.561484
1.561484
1.561484
1.561484
1.561484
1.561484
1.552898
1.552898
1.552898
1.552898
1.552898
1.552898
1.552898
1.552898
1.552898
1.552898
1.552898
1.552898
1.552898
1.552898
1.552898
1.552898
1.552898
1.552898
1.552898
1.552898
1.552898
1.552898
1.552898
1.552898
1.552898
1.552898
1.552898
1.552898
1.552898
1.552898
1.552898
1.552898
1.552898
1.549723
1.549723
1.549723
1.549723
1.549723
1.549723
1.549723
1.549723
1.549723
1.549723
1.549723
1.549723
1.549723
1.549723
1.549723
1.549723
1.549723
1.549723
1.549723
1.549723
1.549723
1.549723
1.549723
1.549723
1.549723
1.549723
1.549723
1.549723
1.549723
1.549723
1.549723
1.549723
1.549723
1.549723
1.549723
1.549723
1.549723
1.549723
1.549723
1.549723
1.549723
1.549723
1.549723
1.549723
1.549723
1.549723
1.549723
1.549723
1.549723
1.549723
1.549723
1.549723
1.549723
1.549723
1.549723
1.549723
1.549723
1.549723
1.549723
1.549723
1.549723
1.549723
1.549723
1.549723
1.549723
1.549723
1.549723
1.549723
1.549723
1.549716
1.549716
1.549716
1.549716
1.549716
1.549716
1.549716
1.549716
1.549716
1.549716
1.549716
1.549716
1.549716
1.549716
1.549716
1.549716
1.549716
1.549716
1.549716
1.549716
1.549716
1.549716
1.549716
1.549716
1.549716
1.549716
1.549716
1.549716
1.549716
1.549716
1.549716
1.549716
1.549716
1.549716
1.549716
1.549716
1.549716
1.549716
1.549716
1.549716
1.549716
1.544994
1.544994
1.544994
1.544994
1.544994
1.544994
1.544994
1.544994
1.544994
1.544994
1.544994
1.544994
1.544994
1.533161
1.533161
1.533161
1.533161
1.533161
1.533161
1.533161
1.533161
1.533161
1.533161
1.533161
1.533161
1.533161
1.533161
1.533161
1.533161
1.533161
1.533161
1.533161
1.533161
1.533161
1.533161
1.533161
1.533161
1.533161
1.533161
1.533161
1.533161
1.533161
1.533161
1.533161
1.533161
1.533161
1.533161
1.533161
1.533161
1.533161
1.533161
1.533161
1.533161
1.533161
1.533161
1.533161
1.533161
1.533161
1.533161
1.533161
1.533161
1.533161
1.533161
1.533161
1.533161
1.533161
1.533161
1.533161
1.533161
1.533161
1.533161
1.533161
1.533161
1.533161
1.533161
1.533161
1.533161
1.533161
1.533161
1.532480
1.532480
1.532480
1.532480
1.532480
1.532480
1.532480
1.532480
1.532480
1.532480
1.532480
1.532480
1.532480
1.532480
1.532480
1.532480
1.532480
1.532480
1.532480
1.532480
1.532480
1.532480
1.532480
1.532480
1.532480
1.532480
1.532480
1.532480
1.532480
1.521457
1.521457
1.521457
1.521457
1.521457
1.521457
1.521457
1.521457
1.521457
1.521457
1.521457
1.521457
1.521457
1.521457
1.521457
1.521457
1.521457
1.521457
1.521457
1.521457
1.521457
1.521457
1.521457
1.521457
1.521457
1.521457
1.521457
1.521457
1.521457
1.521457
1.521457
1.521457
1.521457
1.521457
1.521457
1.521457
1.521457
1.521457
1.521457
1.521457
1.521457
1.521457
1.521457
1.521457
1.521457
1.521457
1.521457
1.521457
1.521457
1.521457
1.509425
1.509425
1.509425
1.509425
1.509425
1.509425
1.509425
1.509425
1.509425
1.509425
1.509425
1.509425
1.509425
1.509425
1.509425
1.509425
1.509425
1.509425
1.509425
1.509425
1.509425
1.509425
1.509425
1.509425
1.509425
1.509425
1.509425
1.509425
1.509425
1.509425
1.509425
1.509425
1.509425
1.509425
1.509425
1.509425
1.509425
1.509425
1.509425
1.509425
1.509425
1.509425
1.509425
1.509425
1.509425
1.509425
1.509425
1.509425
1.509425
1.509425
1.509425
1.509425
1.509425
1.509425
1.509425
1.509425
1.509425
1.509425
1.509425
1.509425
1.509425
1.509425
1.509425
1.509425
1.509425
1.509425
1.509425
1.509425
1.509425
1.509425
1.509425
1.509425
1.509425
1.505633
1.505633
1.505633
1.505633
1.505633
1.505633
1.505633
1.505633
1.505633
1.505633
1.505633
1.505633
1.505633
1.505633
1.505633
1.505633
1.505633
1.505633
1.505633
1.505633
1.505633
1.505633
1.505633
1.505633
1.505633
1.505633
1.505633
1.505633
1.505633
1.505633
1.505633
1.505633
1.505633
1.505633
1.505633
1.505633
1.505633
1.505633
1.505633
1.505633
1.505633
1.505633
1.505633
1.505633
1.505633
1.505633
1.505633
1.505633
1.505633
1.505633
1.505633
1.505633
1.505633
1.505633
1.505633
1.505633
1.505633
1.505633
1.505633
1.505633
1.505581
1.505581
1.505581
1.505581
1.505581
1.505581
1.505581
1.505581
1.505581
1.505581
1.505581
1.505581
1.505581
1.505581
1.505581
1.505581
1.505581
1.504859
1.504859
1.504859
1.504859
1.504859
1.504859
1.504859
1.504859
1.504859
1.504859
1.504859
1.504859
1.500226
1.500226
1.500226
1.500226
1.500226
1.499866
1.499866
1.499866
1.499866
1.499866
1.499866
1.499557
1.499557
1.499557
1.499557
1.499557
1.499557
1.499557
1.499557
1.499557
1.499557
1.499557
1.499557
1.499557
1.499557
1.499557
1.499557
1.499557
1.499557
1.499557
1.499557
1.499557
1.499557
1.499434
1.499434
1.499434
1.499434
1.499434
1.499434
1.499434
1.499434
1.499434
1.499434
1.485349
1.485349
1.485349
1.485349
1.485349
1.485349
1.485349
1.485349
1.485349
1.485349
1.485349
1.485349
1.485349
1.485349
1.485349
1.485349
1.485349
1.485349
1.485349
1.485349
1.469160
1.469160
1.469158
1.469158
1.469158
1.469158
1.469158
1.466141
1.466141
1.466141
1.466141
1.466141
1.466141
1.466141
1.466141
1.466141
1.466141
1.466141
1.466141
1.466141
1.466141
1.466141
1.466141
1.466141
1.466141
1.466141
1.466141
1.456287
1.456287
1.456287
1.456287
1.456287
1.456287
1.456287
1.456287
1.456287
1.456287
1.456287
1.456287
1.456287
1.456287
1.456287
1.456287
1.456287
1.456287
1.456287
1.456287
1.454311
1.454311
1.454311
1.454296
1.454296
1.454296
1.454296
1.454296
1.454296
1.454296
1.454296
1.454296
1.445928
1.445928
1.444772
1.444772
1.444772
1.444772
1.444772
1.444772
1.444772
1.444772
1.444772
1.444772
1.444772
1.444772
1.444772
1.444772
1.444772
1.444772
1.444772
1.444772
1.444772
1.444772
1.444772
1.444772
1.444772
1.444772
1.444772
1.444772
1.444772
1.444772
1.444772
1.444772
1.444772
1.444772
1.444772
1.444772
1.444772
1.444772
1.444772
1.444772
1.444772
1.444772
1.444772
1.444772
1.444772
1.444772
1.444772
1.444772
1.444772
1.444772
1.444772
1.444772
1.444772
1.444772
1.436196
1.435893
1.435396
1.435396
1.435396
1.435396
1.435396
1.435396
1.435396
1.435396
1.435396
1.435396
1.435396
1.435396
1.435396
1.435396
1.435396
1.435396
1.434975
1.434975
1.434975
1.434975
1.434975
1.434975
1.434975
1.434975
1.434975
1.434975
1.434975
1.434975
1.434975
1.434975
1.434975
1.434975
1.434975
1.434975
1.434742
1.434742
1.434742
1.434742
1.434742
1.434742
1.434742
1.434742
1.434742
1.434742
1.434742
1.434742
1.434742
1.434742
1.434742
1.434742
1.434742
1.434742
1.434742
1.434742
1.434742
1.434742
1.434742
1.434742
1.434742
1.434742
1.434742
1.434742
1.434742
1.434742
1.434742
1.434742
1.434076
1.434076
1.434076
1.434076
1.434076
1.434076
1.434076
1.434076
1.434076
1.434076
1.434076
1.434076
1.434076
1.434076
1.412738
1.412738
1.412738
1.412738
1.412738
1.412738
1.412738
1.412738
1.412738
1.412738
1.412738
1.412738
1.412738
1.412738
1.412738
1.412738
1.412738
1.412738
1.412738
1.412738
1.412738
1.412738
1.412738
1.412738
1.412738
1.412738
1.412738
1.412738
1.412738
1.412738
1.412738
1.412738
1.412738
1.412738
1.412738
1.412738
1.412738
1.412738
1.412738
1.412738
1.412738
1.412738
1.412738
1.412738
1.412738
1.412738
1.412738
1.412738
1.412738
1.412738
1.412738
1.412738
1.412738
1.412738
1.412738
1.412738
1.412738
1.412738
1.412738
1.412738
1.412738
1.412332
1.412332
1.412332
1.412332
1.412332
1.412332
1.412332
1.412332
1.412332
1.412332
1.412332
1.412332
1.412332
1.412332
1.412332
1.412332
1.412332
1.412332
1.412332
1.412332
1.412332
1.412332
1.412332
1.412332
1.412332
1.412332
1.412332
1.412332
1.412332
1.412332
1.412332
1.412332
1.412332
1.412332
1.412332
1.412332
1.412332
1.412332
1.412332
1.412332
1.412332
1.412332
1.412332
1.412332
1.412332
1.412332
1.412332
1.412332
1.412332
1.412332
1.412332
1.412332
1.412332
1.412332
1.412332
1.412332
1.412332
1.412332
1.412332
1.412332
1.412332
1.412332
1.412332
1.412332
1.412332
1.412332
1.412332
1.412332
1.412332
1.412332
1.412332
1.412332
1.412332
1.412332
1.412332
1.412332
1.412332
1.412332
1.412332
1.412332
1.411781
1.411781
1.411781
1.411781
1.411781
1.411781
1.411781
1.411781
1.411781
1.411663
1.411663
1.411663
1.411663
1.411663
1.411663
1.411663
1.411663
1.411663
1.411663
1.411663
1.411663
1.411663
1.411663
1.411663
1.411663
1.411663
1.411663
1.411663
1.411663
1.411663
1.411663
1.411663
1.411663
1.411663
1.411663
1.411663
1.411663
1.411663
1.411663
1.411663
1.411663
1.411663
1.411663
1.411663
1.411663
1.411663
1.411663
1.411663
1.411663
1.411663
1.411663
1.411663
1.411663
1.411663
1.411663
1.411663
1.411663
1.411663
1.411663
1.411650
1.411650
1.411650
1.411650
1.411650
1.411650
1.411650
1.411650
1.411650
1.411650
1.411650
1.411650
1.411650
1.411650
1.411650
1.411650
1.411650
1.411650
1.411650
1.411650
1.411650
1.411650
1.411650
1.411650
1.411650
1.411650
1.411650
1.411650
1.411650
1.411650
1.411650
1.411650
1.411650
1.411650
1.411650
1.411650
1.411650
1.411650
1.411650
1.411650
1.411650
1.411650
1.411650
1.411650
1.411650
1.411650
1.411650
1.411650
1.410902
1.410902
1.410902
1.410902
1.410902
1.410902
1.410902
1.410902
1.410902
1.410902
1.410902
1.410902
1.410902
1.410902
1.410902
1.410902
1.410902
1.410902
1.410796
1.410796
1.410796
1.410796
1.410796
1.410796
1.410796
1.410796
1.410796
1.410796
1.410796
1.410796
1.410796
1.410796
1.410796
1.410796
1.410796
1.410796
1.410796
1.410796
1.410796
1.410796
1.410796
1.410796
1.410796
1.410796
1.410796
1.410796
1.410796
1.410796
1.410796
1.410796
1.410796
1.410796
1.410796
1.410796
1.410796
1.410796
1.410796
1.410796
1.410796
1.410693
1.410693
1.410693
1.397928
1.397928
1.397928
1.397928
1.397928
1.397928
1.397928
1.397928
1.397928
1.397928
1.397928
1.397928
1.397928
1.397928
1.397928
1.397928
1.397928
1.397928
1.397928
1.397928
1.397928
1.397928
1.397928
1.397928
1.397928
1.397928
1.397928
1.397928
1.397928
1.397928
1.397928
1.397928
1.397928
1.397928
1.397928
1.397928
1.397928
1.397928
1.397928
1.397928
1.397928
1.397928
1.397928
1.397928
1.397928
1.397928
1.397928
1.397928
1.397928
1.397928
1.397928
1.397928
1.397928
1.397928
1.397928
1.397928
1.397928
1.397928
1.397928
1.397928
1.397928
1.397928
1.397928
1.397928
1.397928
1.397928
1.397928
1.397928
1.397928
1.397928
1.397928
1.397928
1.397928
1.397928
1.397928
1.397928
1.397928
1.397917
1.397917
1.397917
1.397917
1.397917
1.397917
1.397917
1.397917
1.397917
1.397917
1.396515
1.396515
1.396515
1.396515
1.396515
1.396515
1.396515
1.396515
1.395394
1.395394
1.395394
1.395394
1.395394
1.392394
1.392394
1.392394
1.392394
1.392394
1.392394
1.392394
1.392394
1.392394
1.392394
1.392394
1.392394
1.392394
1.392394
1.392394
1.392394
1.392394
1.392394
1.392394
1.392394
1.392394
1.392394
1.392394
1.392394
1.392394
1.392394
1.392394
1.392394
1.392394
1.392394
1.392394
1.392394
1.392394
1.392394
1.392394
1.392394
1.392394
1.392394
1.392394
1.392394
1.392394
1.392394
1.392394
1.392394
1.392394
1.392394
1.392394
1.390748
1.390748
1.390748
1.390748
1.390748
1.390748
1.390748
1.390748
1.390748
1.390748
1.390748
1.390748
1.390748
1.390748
1.390748
1.390748
1.390748
1.390748
1.390748
1.390748
1.384629
1.384222
1.384222
1.384222
1.384222
1.384222
1.384222
1.384222
1.384222
1.384222
1.384222
1.384222
1.384222
1.384222
1.384222
1.384222
1.384222
1.384222
1.384222
1.384222
1.384222
1.384222
1.384222
1.384222
1.384222
1.384222
1.380368
1.380368
1.380368
1.380368
1.380368
1.380368
1.380368
1.380368
1.380368
1.380368
1.380368
1.380368
1.380368
1.380368
1.380368
1.380368
1.380368
1.380368
1.380368
1.380368
1.380368
1.380368
1.380368
1.380368
1.380368
1.380368
1.380368
1.380368
1.380368
1.380368
1.380368
1.380368
1.380368
1.380368
1.380368
1.380368
1.380368
1.380368
1.380368
1.380368
1.380368
1.373371
1.373371
1.373371
1.373371
1.373371
1.373371
1.373371
1.373371
1.373371
1.373371
1.373371
1.373371
1.373371
1.373371
1.373371
1.373371
1.373371
1.373371
1.373371
1.373371
1.373371
1.373371
1.373371
1.373371
1.373067
1.373067
1.365352
1.365352
1.365352
1.365352
1.365352
1.365352
1.365352
1.365352
1.365352
1.365352
1.365352
1.365352
1.365352
1.365352
1.365352
1.365352
1.365352
1.365352
1.365352
1.365352
1.365352
1.365352
1.365352
1.365352
1.365352
1.365352
1.365352
1.365352
1.365352
1.365352
1.364678
1.364678
1.364678
1.364678
1.364678
1.364678
1.364678
1.364678
1.364678
1.364678
1.364678
1.364678
1.364678
1.364678
1.364678
1.364678
1.364678
1.364678
1.364678
1.364678
1.364678
1.364678
1.364678
1.364678
1.364678
1.364678
1.362468
1.362468
1.362468
1.362468
1.362468
1.362468
1.362468
1.346298
1.346298
1.339120
1.285924
1.285924
1.285924
1.285924
1.285924
1.285924
1.285924
1.285924
1.285924
1.285924
1.285924
1.285924
1.285924
1.285924
1.285924
1.285860
1.285860
1.285860
1.285860
1.285241
1.285241
1.285241
1.285241
1.285241
1.285241
1.285241
1.285241
1.285241
1.285241
1.285241
1.285241
1.285241
1.285241
1.285241
1.285241
1.285241
1.285241
1.285241
1.283730
1.283730
1.283730
1.283730
1.283730
1.283730
1.283730
1.283730
1.283730
1.283730
1.283730
1.283730
1.283730
1.283730
1.283730
1.283730
1.283730
1.283730
1.283730
1.283730
1.283730
1.283730
1.283730
1.283730
1.283730
1.283730
1.283730
1.283730
1.283730
1.283730
1.229651
1.229651
1.229651
1.229651
1.229651
1.229651
1.229651
1.229651
1.229651
1.229651
1.229651
1.229651
1.229651
1.229651
1.229651
1.229651
1.229651
1.229651
1.229651
1.229651
1.229648
1.229648
1.229648
1.229648
1.229648
1.229648
1.229648
1.229648
1.229614
1.229614
1.229614
1.229614
1.229614
1.229614
1.229614
1.229614
1.229614
1.229614
1.229614
1.229614
1.229614
1.229614
1.229614
1.229614
1.229614
1.229614
1.229614
1.229614
1.229614
1.229614
1.229614
1.229614
1.229614
1.229614
1.229614
1.229614
1.229614
1.229614
1.229614
1.229614
1.229614
1.229614
1.229614
1.229614
1.229614
1.229614
1.229614
1.229614
1.229614
1.229614
1.229614
1.229614
1.229614
1.229614
1.229614
1.229614
1.229614
1.229200
1.229200
1.229200
1.229200
1.229200
1.229200
1.229200
1.229200
1.229200
1.229200
1.229200
1.229200
1.229200
1.229200
1.229200
1.229200
1.229200
1.229200
1.229200
1.229200
1.229200
1.229200
1.229200
1.229200
1.229200
1.229200
1.229200
1.229200
1.229200
1.229200
1.229200
1.229200
1.229200
1.229200
1.229200
1.229200
1.229200
1.229200
1.229200
1.229200
1.229200
1.228860
1.228860
1.228860
1.228860
1.228860
1.228860
1.228860
1.228860
1.228860
1.228860
1.228860
1.228860
1.228860
1.228860
1.228860
1.228860
1.228860
1.228860
1.228860
1.228860
1.228860
1.228860
1.228860
1.228860
1.228860
1.228860
1.228860
1.228860
1.228860
1.228860
1.228860
1.228860
1.228860
1.228860
1.228860
1.228860
1.228860
1.228860
1.228860
1.228265
1.228265
1.228265
1.228265
1.224709
1.224709
1.224709
1.224709
1.224709
1.224709
1.224709
1.224709
1.224709
1.224709
1.224709
1.224709
1.224709
1.224709
1.224709
1.224709
1.224709
1.224709
1.224709
1.224709
1.224709
1.224709
1.224709
1.224709
1.224709
1.224709
1.224709
1.224709
1.224709
1.224709
1.224709
1.224709
1.224709
1.224709
1.224709
1.224709
1.224709
1.224709
1.224709
1.224709
1.224709
1.218891
1.218891
1.218891
1.218891
1.218891
1.218891
1.218891
1.218891
1.218891
1.218891
1.218891
1.218891
1.218891
1.218891
1.218891
1.218891
1.218891
1.218891
1.218891
1.218891
1.218261
1.218261
1.210211
1.210211
1.209501
1.209501
1.209501
1.209501
1.209501
1.209501
1.209501
1.208942
1.208942
1.208942
1.208942
1.208942
1.208942
1.208942
1.208942
1.208942
1.208942
1.208942
1.208942
1.208942
1.208942
1.208942
1.208942
1.208942
1.208942
1.208672
1.208672
1.208672
1.208672
1.208672
1.208672
1.208672
1.208672
1.208672
1.208672
1.208672
1.208672
1.208672
1.208672
1.208672
1.208672
1.208672
1.208672
1.208672
1.208672
1.208672
1.208672
1.208672
1.208672
1.208672
1.208412
1.208412
1.208412
1.208412
1.208412
1.208412
1.208412
1.208412
1.208412
1.208412
1.208412
1.208412
1.208412
1.208412
1.208412
1.208412
1.208412
1.208412
1.208412
1.208412
1.208412
1.208412
1.208412
1.208412
1.208412
1.208412
1.208412
1.208412
1.208412
1.208412
1.208412
1.208412
1.208412
1.208412
1.208412
1.208412
1.208412
1.208412
1.208412
1.208412
1.208412
1.208412
1.208412
1.208412
1.208412
1.208412
1.208412
1.208412
1.208412
1.208412
1.208412
1.208412
1.208153
1.208153
1.208153
1.208153
1.208153
1.208153
1.208153
1.208153
1.208153
1.208153
1.208153
1.208153
1.208153
1.208153
1.208153
1.208153
1.208153
1.208153
1.208153
1.208153
1.208153
1.208153
1.208153
1.208153
1.206772
1.206772
1.206772
1.206772
1.206772
1.206772
1.206772
1.206772
1.206772
1.206772
1.206772
1.206772
1.206772
1.206772
1.206772
1.206772
1.206772
1.206772
1.206772
1.206772
1.206772
1.206772
1.206772
1.206772
1.206772
1.206772
1.206772
1.206772
1.206772
1.206772
1.206772
1.206772
1.206772
1.206772
1.206772
1.206772
1.206772
1.206772
1.206772
1.206772
1.206772
1.206772
1.206772
1.206772
1.206772
1.206772
1.206772
1.206772
1.206772
1.206772
1.206772
1.206772
1.206772
1.206772
1.206772
1.206772
1.206772
1.206772
1.205323
1.205323
1.205323
1.205323
1.205323
1.204139
1.204139
1.204139
1.185238
1.185238
1.185238
1.185238
1.185238
1.185238
1.185238
1.185238
1.185238
1.185238
1.185238
1.185238
1.185238
1.185238
1.185238
1.185238
1.185238
1.185238
1.185238
1.185238
1.185238
1.185238
1.185238
1.185238
1.185238
1.185238
1.185236
1.182195
1.182195
1.182195
1.182195
1.181509
1.181509
1.181509
1.181509
1.181509
1.181509
1.181509
1.181509
1.181509
1.181509
1.181509
1.181509
1.181509
1.181509
1.181509
1.181509
1.181509
1.181509
1.176073
1.176073
1.176073
1.176073
1.176073
1.176073
1.176073
1.176073
1.176073
1.176073
1.176073
1.176073
1.176073
1.176073
1.176073
1.176073
1.176073
1.176073
1.176073
1.176073
1.176073
1.176073
1.176073
1.176073
1.176073
1.176073
1.176073
1.176073
1.176073
1.176073
1.176073
1.176073
1.176073
1.176073
1.176073
1.176073
1.176073
1.176073
1.176073
1.176073
1.176073
1.176073
1.176073
1.176073
1.176073
1.176073
1.176073
1.176073
1.176073
1.176073
1.176073
1.176073
1.176073
1.176073
1.176073
1.176073
1.176073
1.176073
1.176073
1.176073
1.176073
1.176073
1.176073
1.176073
1.176073
1.176073
1.176073
1.176073
1.176073
1.176073
1.176073
1.176073
1.176073
1.176073
1.176073
1.176073
1.176073
1.176073
1.176073
1.176073
1.176073
1.176073
1.176073
1.176073
1.176073
1.176073
1.176073
1.176073
1.176073
1.176073
1.176073
1.175333
1.175333
1.175333
1.175333
1.175333
1.175333
1.175333
1.175333
1.175333
1.175333
1.175333
1.175333
1.175333
1.175333
1.175333
1.175333
1.175333
1.175333
1.175333
1.175333
1.175333
1.175333
1.175333
1.175333
1.175333
1.175333
1.175333
1.175333
1.175333
1.175333
1.175333
1.175333
1.175333
1.175333
1.175333
1.175333
1.170825
1.170825
1.170825
1.170825
1.170743
1.170743
1.170743
1.170743
1.170743
1.170743
1.170743
1.170743
1.170743
1.170743
1.170743
1.170743
1.170743
1.170743
1.170743
1.170743
1.170743
1.170743
1.170743
1.170743
1.170743
1.170743
1.170743
1.170743
1.170743
1.170743
1.170743
1.170743
1.170743
1.170743
1.170743
1.170743
1.170743
1.170743
1.170743
1.170743
1.170743
1.170743
1.170743
1.170743
1.170743
1.170743
1.170743
1.170743
1.170743
1.170743
1.170743
1.170743
1.170743
1.170743
1.170743
1.170743
1.170743
1.169343
1.169343
1.169343
1.169343
1.169343
1.169343
1.169343
1.169343
1.169343
1.169343
1.169343
1.169343
1.169343
1.169343
1.169343
1.169343
1.167724
1.167724
1.167724
1.167724
1.167724
1.167724
1.167724
1.167724
1.167724
1.167724
1.167724
1.167724
1.167724
1.167724
1.167724
1.167724
1.167724
1.167724
1.167724
1.167724
1.164025
1.164025
1.164025
1.158805
1.158805
1.158805
1.158805
1.158805
1.158805
1.158805
1.158805
1.158805
1.158805
1.158805
1.158805
1.158805
1.158805
1.158805
1.158805
1.158805
1.158805
1.158805
1.158805
1.158805
1.158805
1.158805
1.158805
1.158805
1.158805
1.158805
1.158805
1.158805
1.158805
1.158805
1.158805
1.158805
1.158805
1.158805
1.158805
1.158805
1.158805
1.158805
1.158805
1.158805
1.158805
1.158805
1.158805
1.158805
1.158805
1.158805
1.158805
1.158805
1.158805
1.158805
1.158805
1.158805
1.158805
1.158805
1.158805
1.158805
1.158805
1.158805
1.158805
1.157271
1.157271
1.157271
1.157271
1.157271
1.157271
1.157271
1.157271
1.157271
1.157271
1.157271
1.157271
1.157271
1.157271
1.157271
1.157271
1.157271
1.157271
1.157271
1.157271
1.157271
1.157271
1.157271
1.157271
1.157271
1.157271
1.157271
1.157271
1.157271
1.157271
1.157271
1.157271
1.157271
1.157271
1.157271
1.157271
1.157271
1.157271
1.157271
1.157271
1.157271
1.157271
1.157271
1.157271
1.157271
1.157271
1.157271
1.157271
1.157271
1.157271
1.157271
1.157271
1.157271
1.157271
1.157271
1.157271
1.157271
1.157271
1.157271
1.157271
1.157271
1.157271
1.157271
1.157271
1.157271
1.157271
1.157271
1.157271
1.157271
1.157271
1.157271
1.157271
1.157271
1.157271
1.157271
1.157271
1.157271
1.157271
1.157271
1.157271
1.157271
1.157271
1.157271
1.157271
1.157271
1.157271
1.157271
1.157271
1.157271
1.157271
1.157271
1.157271
1.157271
1.157271
1.157271
1.157271
1.157271
1.157271
1.157271
1.157271
1.157271
1.157271
1.157271
1.157271
1.157271
1.157271
1.157271
1.156972
1.156972
1.156972
1.156972
1.156972
1.156972
1.156972
1.156972
1.156972
1.156972
1.156972
1.156972
1.156972
1.156972
1.156814
1.156814
1.156814
1.156814
1.156814
1.156814
1.156814
1.156814
1.156814
1.156814
1.156814
1.156814
1.156814
1.156814
1.156814
1.156814
1.156814
1.156814
1.156814
1.156814
1.156814
1.156814
1.156814
1.156814
1.156814
1.156814
1.156814
1.156814
1.156814
1.156814
1.156814
1.156814
1.156814
1.156814
1.156814
1.156814
1.156802
1.156802
1.156802
1.156802
1.156802
1.156802
1.156802
1.156802
1.156802
1.156802
1.151775
1.151775
1.151775
1.151775
1.151775
1.151775
1.151775
1.151775
1.151775
1.151775
1.151775
1.151775
1.151775
1.151775
1.151775
1.151775
1.151775
1.151775
1.151775
1.151775
1.151775
1.151692
1.151692
1.151692
1.151692
1.151692
1.151692
1.151692
1.151692
1.151692
1.151692
1.151692
1.151692
1.151692
1.151692
1.151692
1.145358
1.145358
1.145358
1.145358
1.145358
1.145358
1.145358
1.145358
1.145358
1.145358
1.145358
1.145358
1.145358
1.145358
1.145358
1.145358
1.145358
1.145358
1.145358
1.145358
1.145358
1.145358
1.145358
1.145358
1.145358
1.142811
1.142811
1.142811
1.142811
1.142811
1.142811
1.142811
1.130349
1.130349
1.130349
1.130349
1.130349
1.130349
1.130349
1.130349
1.130349
1.130349
1.130349
1.130349
1.130349
1.130349
1.130349
1.130349
1.130349
1.130349
1.130349
1.130349
1.130349
1.130349
1.130349
1.130349
1.130349
1.130349
1.130349
1.130349
1.130349
1.130349
1.130349
1.130349
1.130162
1.130162
1.130162
1.130162
1.130162
1.130162
1.130162
1.130162
1.130162
1.130162
1.130162
1.130162
1.130162
1.130162
1.130162
1.130162
1.130162
1.130162
1.130162
1.130162
1.130162
1.130162
1.130162
1.130162
1.130162
1.130162
1.130162
1.130162
1.130162
1.130162
1.130162
1.130162
1.130162
1.130162
1.130071
1.130071
1.130071
1.130071
1.130071
1.130071
1.130071
1.130071
1.130071
1.130071
1.130071
1.130071
1.130071
1.130071
1.130071
1.130071
1.130071
1.130071
1.126713
1.126713
1.126713
1.126713
1.126713
1.126713
1.126713
1.126713
1.126713
1.126713
1.126713
1.126713
1.126713
1.126713
1.126713
1.126713
1.126713
1.126713
1.126713
1.126713
1.126713
1.126713
1.126713
1.126713
1.126713
1.126713
1.126713
1.126713
1.126713
1.126713
1.126713
1.126713
1.126713
1.126713
1.124807
1.124807
1.124807
1.124807
1.124807
1.124807
1.124807
1.124492
1.124492
1.124492
1.124492
1.124492
1.124492
1.124492
1.124492
1.124492
1.124492
1.124492
1.124492
1.124492
1.124485
1.124485
1.124485
1.124485
1.124485
1.124485
1.124485
1.124485
1.124485
1.124485
1.124485
1.124485
1.124485
1.124485
1.124485
1.124485
1.124485
1.124485
1.124485
1.124485
1.124485
1.124485
1.124485
1.124485
1.124485
1.124485
1.124485
1.124485
1.124485
1.124485
1.124485
1.124485
1.124485
1.124485
1.124485
1.124331
1.124331
1.124331
1.124331
1.124331
1.124331
1.124331
1.123839
1.123839
1.123839
1.123839
1.123839
1.123839
1.123839
1.123839
1.123839
1.123839
1.123839
1.123839
1.123839
1.123839
1.123839
1.123839
1.123839
1.123839
1.123839
1.123839
1.123839
1.123839
1.123839
1.123839
1.123839
1.123839
1.123839
1.123839
1.123839
1.123839
1.123839
1.123839
1.123839
1.123159
1.123159
1.123084
1.123084
1.123084
1.123084
1.121783
1.121783
1.121783
1.121783
1.121783
1.121783
1.121783
1.121783
1.121783
1.121783
1.121783
1.121783
1.121783
1.121783
1.121783
1.121783
1.121783
1.121783
1.121783
1.119672
1.119672
