31719.448047
29604.115234
25560.859375
25098.585547
23167.894922
23167.894922
21344.201172
18725.128711
18725.128711
18648.424414
18480.469922
16782.387695
16702.696680
16702.696680
16108.365820
15840.206445
15315.059180
15185.526758
14518.027930
14518.027930
14518.027930
14289.130273
13941.303516
13941.303516
13716.327930
13367.282617
12969.395313
11933.975781
11933.975781
11835.237500
11419.818359
11419.818359
11065.032031
10582.996875
10500.470508
10500.470508
10345.677930
10345.677930
9485.983203
9180.392578
8852.344141
8626.056055
8626.056055
8374.967285
8373.072266
8373.072266
8332.897266
8328.614551
8098.289355
8098.289355
7715.267480
7715.267480
7695.476270
7695.476270
7646.630371
7646.630371
7578.470410
7578.470410
7507.725391
7507.725391
7300.985840
7145.713867
7127.696484
6930.244531
6780.964551
6156.593066
5960.051660
5960.051660
5809.034863
5809.034863
5723.623145
5559.895996
5559.895996
5559.895996
5337.525781
5106.766602
5106.766602
5097.598535
5097.598535
5097.598535
5021.575391
4943.639893
4943.639893
4825.865967
4782.852930
4780.445215
4417.550439
4389.753613
4316.125195
4244.467090
4235.903809
4214.478516
4127.067187
3987.789941
3856.248193
3856.248193
3688.264746
3520.470605
3503.645068
3443.989600
3376.197754
3376.197754
3376.197754
3367.922949
3367.922949
3367.922949
3367.922949
3298.458740
3175.932666
3175.932666
3175.932666
3136.081494
3123.687598
3123.687598
3123.687598
3123.687598
3064.346143
3064.346143
3064.346143
3033.447168
3033.447168
2913.029395
2769.052637
2755.936133
2578.128223
2578.128223
2563.344922
2563.344922
2555.892334
2544.383276
2544.383276
2544.383276
2475.507471
2405.277930
2338.766895
2305.029980
2271.311426
2240.733643
2068.538672
2033.326587
2023.994019
1994.082764
1928.112402
1928.112402
1864.757715
1806.305103
1740.161963
1740.161963
1740.161963
1676.947534
1642.757495
1627.143994
1558.201831
1558.201831
1500.666040
1500.666040
1500.666040
1475.698022
1475.698022
1457.249170
1446.463599
1446.463599
1446.463599
1445.360547
1445.360547
1439.277148
1298.310986
1297.975293
1268.984229
1267.730444
1241.118945
1241.118945
1220.509204
1190.706250
1168.737781
1168.220947
1162.898657
1162.898657
1136.602148
1136.602148
1132.090259
1081.313062
1081.313062
1073.535864
1057.150391
1055.719336
1033.235059
992.293286
992.293286
992.293286
992.293286
978.291479
978.291479
978.291479
978.291479
937.674475
899.789441
877.124670
835.837402
824.637964
790.967273
774.813342
773.435193
761.777454
755.286987
740.361621
722.647681
710.194812
692.599792
691.209290
656.479395
644.547559
639.034607
627.862463
620.836304
612.902039
600.079541
600.079541
592.166016
585.773596
579.486749
553.273041
544.992194
532.228333
532.228333
507.210406
503.981757
492.965344
487.248706
461.262305
460.052417
460.052417
459.099756
459.099756
456.975006
455.182849
450.583026
438.057446
429.376746
425.581482
423.465704
417.283209
407.325061
399.764429
398.088757
395.011346
389.414496
387.233624
380.580817
376.218909
373.274615
372.225671
357.760297
354.906982
349.086713
347.579999
346.144458
344.616864
342.165424
338.942267
338.894550
331.586261
331.542358
329.034534
325.182465
321.326361
319.080615
311.025983
308.448450
308.448450
306.936090
301.604932
288.489117
285.776321
280.826761
278.290414
277.758731
276.898871
275.903445
274.388101
272.441891
264.717758
257.576865
256.732211
254.472870
254.126166
249.390393
248.264777
247.740039
243.939648
242.155795
238.766251
238.262076
236.022992
235.205649
233.019205
232.310776
230.545517
229.888980
228.361038
227.575790
226.697247
225.864651
224.954178
221.112970
220.170889
220.026895
217.973666
215.676520
214.701208
211.364029
211.364029
209.425687
209.015872
207.158310
206.904160
205.481326
205.481326
204.029636
203.009360
202.659396
199.232242
198.536096
197.974918
196.460999
195.012720
193.809061
192.672284
191.734229
190.431363
190.316949
190.002490
189.992935
188.201312
187.119556
185.789297
183.499844
182.862991
181.146600
180.961935
180.090784
177.820581
176.235599
175.697379
175.069031
174.771970
174.771970
174.185687
173.624097
173.175418
170.362048
170.362048
170.362048
168.484976
168.484976
167.508621
167.508621
166.756668
165.857550
165.857550
165.742654
165.195990
164.485568
164.398334
164.276993
163.880136
163.880136
162.661929
161.775868
161.775868
159.780589
159.365474
159.206599
158.240222
157.743469
157.743469
157.296773
156.748305
156.667479
156.219403
156.089697
154.969548
153.934975
152.902852
152.279677
152.239284
150.773775
149.349545
147.671538
147.457356
147.388953
146.830380
146.342871
144.809630
144.391621
143.777805
143.629181
143.574919
143.506543
142.574310
142.416183
139.171596
139.171596
138.091550
137.942770
137.831696
137.137759
136.560658
135.744484
135.150056
135.150056
135.150056
134.901283
134.818710
132.206367
132.181023
130.832748
130.832748
130.766228
130.515840
129.722984
128.386832
128.318405
127.012659
125.774994
125.174055
124.163950
122.648260
121.852026
121.844591
121.624794
121.624794
120.129185
119.828633
119.802203
119.802203
119.440590
117.861159
117.861159
116.250835
115.581291
115.581291
115.359276
115.208824
114.495831
114.495831
113.960490
113.951012
111.620392
111.463330
111.440443
111.396957
111.155006
108.645811
108.645811
108.443466
108.188801
107.815415
107.815415
107.678281
107.458784
106.831401
106.292296
105.817017
105.817017
105.620931
105.385244
105.205578
104.143523
104.143523
103.933373
103.799741
102.211080
102.211080
102.211080
102.153777
102.153777
102.081664
101.615864
100.603011
100.332840
99.435742
98.307048
98.161211
97.650995
97.067123
95.253157
94.745058
94.613110
94.142156
93.702377
93.702377
93.425909
93.330686
93.320557
92.620060
92.526597
92.244527
90.615158
90.308529
90.308529
90.052901
89.631159
89.631159
89.069864
89.069864
88.860728
88.554565
88.462334
88.435558
87.537947
87.506467
87.322367
87.322367
87.314930
86.513897
86.512496
85.869241
85.745435
85.298139
85.296512
85.263760
85.187017
85.187017
85.004502
84.954636
84.776666
84.775266
84.675253
83.816810
83.622086
83.395467
82.541463
81.436522
79.909967
79.885741
79.739739
79.739739
79.431426
79.431426
79.180439
79.144238
79.140408
79.140408
78.409693
78.337629
78.301701
76.759667
76.523064
76.395678
76.350219
76.104709
73.993549
73.969049
73.969049
73.674960
73.602894
73.271799
73.124720
72.915089
72.772740
72.627312
72.311325
72.303869
71.513272
69.899749
69.671987
69.626762
68.917357
68.900573
68.900573
67.944555
67.730477
67.690461
66.964366
66.410359
66.410359
66.375576
64.473583
64.387980
63.448482
63.448482
63.367329
63.365953
63.213594
63.162147
62.627618
62.434822
62.434822
62.434822
62.329739
62.277194
62.088724
61.988588
61.486345
61.486345
61.095793
60.925468
60.885763
60.574125
60.266050
59.803310
59.803310
59.464847
59.017728
58.199006
58.051945
58.018702
57.845899
56.904091
56.555828
56.555828
55.620625
55.620625
55.620625
55.546743
55.390844
55.189386
55.174591
54.689968
54.477069
54.477069
54.477069
54.276876
54.134465
53.917731
53.908946
53.867593
53.822477
53.664352
53.664352
53.563548
53.190612
53.079302
53.049820
52.916741
52.831290
52.831290
52.644066
52.345665
52.267993
52.267993
52.161475
52.161475
52.161475
52.104961
51.984133
51.925508
51.461867
51.461867
51.287080
51.287080
50.172681
50.113319
50.048287
50.024812
49.654205
49.531380
49.531380
49.435012
49.300492
49.300492
49.297119
49.272407
49.040670
48.791926
48.730936
48.644568
48.545221
48.115172
47.591364
47.308007
47.025871
46.606223
46.360430
46.277056
45.974332
45.967002
45.681001
45.632651
45.565510
45.341158
45.341158
45.341158
44.869656
44.725506
44.259620
44.259620
44.256029
44.000290
43.891160
43.884801
43.819257
43.469109
42.531647
42.531647
42.307623
42.277658
42.148427
41.392921
41.319273
40.999524
40.818748
40.818748
40.708240
40.594537
40.485416
40.447692
40.284976
39.994167
38.871129
38.871129
38.777039
38.777039
38.772025
38.758449
38.695603
38.683125
38.327187
38.317704
38.281703
38.271592
38.229509
37.971519
37.961977
36.161404
36.143831
35.966315
35.341286
35.329152
35.302637
35.210244
34.580531
34.580531
34.507484
34.387495
33.601516
33.402885
33.270535
33.122982
32.798511
32.666036
32.618388
32.396817
32.396817
32.162204
32.123650
32.123650
32.055801
32.055801
31.315101
31.276047
31.276047
31.259751
31.104762
30.290588
30.290588
30.289815
30.286564
29.926844
29.584197
28.916418
28.914797
28.746949
28.458217
28.458217
28.322629
28.322629
28.322629
28.322629
28.227835
28.227835
28.227835
28.193147
27.838664
27.838664
27.829729
27.805538
27.415640
27.153641
27.153641
27.120882
26.891818
26.866996
26.850040
26.850040
26.836160
26.836160
26.787615
26.362126
26.288266
26.247983
26.228557
26.228557
26.228557
26.180825
26.180825
26.132263
25.732679
25.730857
25.729401
25.615721
25.589936
25.552442
24.600678
24.600678
24.552627
24.099784
24.054957
23.987698
23.987698
23.541177
23.541177
23.504466
23.504466
23.499567
23.498486
23.301964
23.264464
23.236941
23.225897
23.222474
23.222474
23.122012
23.115262
23.109117
23.109117
23.109117
23.050803
23.050803
22.960785
22.878846
22.491947
22.491947
22.490200
22.459830
22.372869
22.372869
22.309229
22.019253
22.012879
21.994581
21.838026
21.838026
21.803940
21.803922
21.797943
21.792554
21.784260
21.784260
21.697024
21.697024
21.696935
21.662058
21.658404
21.658404
21.572888
21.572888
21.480723
21.475117
21.474325
21.393216
21.392006
21.390214
21.379665
21.377649
21.377649
21.330858
21.281058
21.258740
21.252365
21.226648
21.226648
21.190413
21.184314
21.136368
20.980734
20.973497
20.898816
20.807397
20.767178
20.726424
20.656750
20.628461
20.482699
20.482699
20.383975
20.372592
20.204516
19.974216
19.738326
19.683255
19.683255
19.612000
19.582722
19.575788
19.385394
19.298431
19.298431
19.298431
19.269152
19.200299
19.171211
19.133085
19.133085
19.133085
19.131711
19.131711
18.952317
18.387536
18.387518
18.318869
18.318869
18.318869
18.318869
18.291026
18.261938
18.103073
17.938430
17.938430
17.938430
17.884651
17.884651
17.884651
17.884651
17.878260
17.724107
17.621628
17.609554
17.609554
17.475375
17.475375
17.437461
17.437461
17.422210
17.383586
17.167788
17.153805
17.135815
16.921204
16.905047
16.854222
16.753033
16.684100
16.684100
16.662005
16.662005
16.646917
16.639092
16.638482
16.638093
16.567280
16.513952
16.509369
16.406783
16.397672
16.219194
16.115446
16.115446
16.068908
16.066144
16.065381
15.915446
15.915446
15.915446
15.915446
15.915446
15.875912
15.817447
15.817447
14.546199
14.536092
14.535671
14.535671
14.463967
14.461323
14.452574
14.417698
14.193018
13.930471
13.820598
13.684841
13.631821
13.622437
13.605577
13.605577
13.525308
13.525308
13.513054
13.509746
13.509746
13.491208
13.490445
13.466584
13.464120
13.440114
13.382524
13.381371
13.381371
13.381371
13.347016
13.347016
13.289715
13.289715
13.289715
13.278180
13.263772
13.263772
13.263772
13.222986
13.222565
13.222565
13.222565
13.222565
13.213562
13.156914
13.156914
13.156914
13.156914
13.155891
13.149517
13.132555
13.132555
13.132555
13.132555
13.132555
13.132555
13.053743
13.031754
13.031754
12.892433
12.892433
12.881132
12.881132
12.792741
12.654605
12.649779
12.631381
12.627775
12.627775
12.622758
12.622758
12.567115
12.567115
12.565413
12.564695
12.552980
12.552980
12.491371
12.303220
12.080476
12.042184
12.032275
12.009480
12.003074
12.003074
12.000766
11.709631
11.709631
11.709631
11.614487
11.614487
11.613086
11.610014
11.601011
11.579117
11.460676
11.450987
11.341073
11.313455
11.200386
11.200386
11.185036
11.184371
11.152060
11.152060
11.150267
11.141629
11.131118
11.005239
11.005239
11.005239
10.965770
10.955259
10.955259
10.949360
10.947428
10.946763
10.946763
10.942563
10.927036
10.927036
10.927036
10.921137
10.912906
10.657483
10.656145
10.655365
10.618980
10.618980
10.616621
10.616621
10.616621
10.614346
10.614346
10.488928
10.488928
10.415740
10.415740
10.399716
10.399716
10.399716
10.397476
10.377949
10.370442
10.262073
10.259798
10.258879
10.235182
10.006949
10.006949
9.985976
9.985976
9.985976
9.974150
9.974150
9.974150
9.948645
9.911505
9.907957
9.902058
9.902058
9.902058
9.902058
9.854726
9.854726
9.814033
9.809546
9.809546
9.806905
9.728444
9.720524
9.720524
9.720524
9.719679
9.717575
9.694778
9.646221
9.615209
9.588348
9.587027
9.586575
9.538812
9.489106
9.489106
9.426914
9.426914
9.426914
9.400837
9.328838
9.328838
9.289105
9.284167
9.246154
9.246154
9.246154
9.246154
9.246154
9.246154
9.238771
9.052443
9.029049
9.029049
8.933294
8.933294
8.930215
8.893893
8.893893
8.674618
8.530273
8.500489
8.342913
8.342913
8.313045
8.274989
8.274989
8.274989
8.273826
8.249576
8.228622
8.228622
8.044123
8.036005
8.033764
8.033764
8.013908
8.013908
7.980635
7.971515
7.971515
7.851064
7.847980
7.847944
7.769122
7.752665
7.746862
7.746862
7.732762
7.449731
7.448557
7.448557
7.445612
7.445612
7.445612
7.440695
7.440695
7.435598
7.432768
7.432768
7.432768
7.414296
7.414296
7.376698
7.370391
7.359601
7.355806
7.355806
7.355806
7.355806
7.355806
7.355806
7.345610
7.344454
7.344454
7.344454
7.344454
7.344454
7.328927
7.232457
7.232457
7.220218
7.220218
7.220218
7.220218
7.220218
7.220218
7.220218
7.220218
7.220218
7.220218
7.220218
7.220218
7.220218
7.196036
7.196036
7.195531
7.195531
7.191430
7.186843
7.186843
7.183221
7.181981
7.178764
7.057195
7.057195
7.057195
7.057195
7.057195
7.057195
7.055146
7.040890
6.960751
6.960751
6.960751
6.953089
6.952531
6.952531
6.952531
6.952531
6.952531
6.906232
6.906232
6.906232
6.906232
6.906232
6.896362
6.896362
6.823493
6.808804
6.808804
6.807165
6.807165
6.807165
6.807165
6.807165
6.807165
6.807165
6.807165
6.807165
6.807165
6.807165
6.807165
6.807165
6.776093
6.776093
6.771728
6.771728
6.771728
6.763507
6.763507
6.744781
6.670121
6.593868
6.593868
6.593610
6.593610
6.593610
6.593610
6.593610
6.593610
6.584825
6.584825
6.525740
6.525740
6.525740
6.525740
6.525740
6.521591
6.491399
6.487033
6.457002
6.456703
6.452814
6.452814
6.452814
6.449072
6.449072
6.422613
6.422613
6.422613
6.409604
6.409604
6.409604
6.409604
6.408398
6.408398
6.398363
6.398363
6.398363
6.398363
6.398363
6.396101
6.396101
6.396101
6.380538
6.380538
6.374913
6.374913
6.374913
6.374913
6.337619
6.337619
6.337619
6.337619
6.337619
6.285140
6.284904
6.284904
6.250921
6.250921
6.249274
6.249274
6.240829
6.240829
6.240829
6.235581
6.228463
6.228463
6.228463
6.228463
6.228375
6.228375
6.228375
6.228375
6.196557
6.191661
6.117269
6.117269
6.117269
6.117269
6.086066
6.086066
6.086066
6.081170
6.081170
6.081170
6.063900
6.063900
6.044839
6.043191
6.043191
6.043191
6.022626
6.021380
6.011759
6.011759
6.011759
6.011759
6.003376
6.003376
6.003376
6.003376
6.003376
6.003376
6.003376
5.948720
5.927364
5.919019
5.913872
5.913872
5.908271
5.885910
5.837277
5.832381
5.824343
5.801298
5.801298
5.801298
5.801298
5.801298
5.797808
5.797808
5.797808
5.797808
5.778958
5.778103
5.771666
5.771666
5.771666
5.769562
5.769562
5.769562
5.761524
5.751238
5.751238
5.751238
5.750761
5.743898
5.743898
5.731605
5.731605
5.722041
5.722041
5.722041
5.722041
5.722041
5.690566
5.690566
5.679284
5.679284
5.673447
5.609011
5.609011
5.609011
5.602804
5.602804
5.598249
5.598249
5.567681
5.489926
5.485372
5.482311
5.482311
5.475874
5.475874
5.472991
5.460698
5.460698
5.460698
5.451595
5.439925
5.421964
5.421964
5.416860
5.402701
5.402701
5.330340
5.297279
5.297279
5.297279
5.297279
5.259367
5.259367
5.259367
5.259367
5.259367
5.238007
5.238007
5.238007
5.223193
5.173653
5.173653
5.173653
5.173653
5.173653
5.172943
5.172943
5.168331
5.165203
5.160804
5.160804
5.153956
5.153956
5.116663
5.116663
5.116663
5.116663
5.087191
5.087191
5.074167
5.073750
5.073750
5.073550
5.073550
5.073550
5.073550
5.071869
5.059441
5.059441
5.059441
5.027289
5.027289
5.016537
4.936920
4.897557
4.897557
4.897557
4.897557
4.897557
4.896308
4.885890
4.885890
4.884857
4.854611
4.853627
4.853627
4.850920
4.771786
4.756908
4.756908
4.751201
4.751201
4.750422
4.732637
4.732637
4.699821
4.699821
4.699821
4.668064
4.667565
4.667565
4.667565
4.666949
4.666949
4.666949
4.666775
4.642704
4.642704
4.642704
4.641816
4.613017
4.613017
4.613017
4.613017
4.548956
4.548956
4.548916
4.548916
4.548916
4.548916
4.548916
4.548710
4.548710
4.548691
4.522585
4.407635
4.407635
4.403272
4.360926
4.342706
4.342706
4.342572
4.342572
4.342572
4.342572
4.335310
4.335310
4.335310
4.335310
4.335310
4.335310
4.272397
4.272397
4.234336
4.233732
4.233732
4.233732
4.233732
4.233732
4.224842
4.213575
4.190121
4.184431
4.183762
4.119471
4.086777
4.078662
4.050980
4.033423
4.033423
4.033423
4.000782
4.000782
3.982094
3.982094
3.982094
3.982094
3.950103
3.950103
3.950103
3.922474
3.922474
3.922474
3.922474
3.915388
3.907586
3.887100
3.887100
3.887100
3.887100
3.885722
3.885682
3.874587
3.874587
3.872733
3.872733
3.872733
3.542056
3.542056
3.540194
3.540194
3.529681
3.529681
3.529681
3.529681
3.527634
3.527634
3.527634
3.527634
3.527634
3.527634
3.527634
3.527634
3.527634
3.527634
3.469605
3.466361
3.435443
3.435443
3.435443
3.435443
3.433990
3.433990
3.433990
3.433990
3.433990
3.421728
3.421728
3.421728
3.421036
3.421036
3.421036
3.421036
3.417694
3.417694
3.412720
3.397466
3.397466
3.396013
3.396013
3.396013
3.396013
3.392149
3.390436
3.382701
3.378836
3.375511
3.375511
3.372242
3.372242
3.372242
3.354577
3.354577
3.354268
3.354268
3.351740
3.351740
3.351740
3.350288
3.347343
3.346342
3.344986
3.344986
3.344295
3.341948
3.341948
3.341948
3.338761
3.334363
3.331708
3.329489
3.329489
3.329489
3.329489
3.329489
3.328036
3.328036
3.328036
3.328036
3.312465
3.305164
3.305164
3.305164
3.276630
3.276630
3.276630
3.275631
3.275631
3.275631
3.253446
3.253048
3.253048
3.252739
3.252739
3.252685
3.243963
3.243963
3.243357
3.238608
3.229885
3.229885
3.229885
3.215044
3.215044
3.202532
3.202532
3.195231
3.195231
3.195231
3.195231
3.186509
3.186509
3.186509
3.186509
3.186509
3.186509
3.176973
3.158675
3.152116
3.151771
3.127676
3.127676
3.114205
3.086097
3.086097
3.084145
3.084145
3.082525
3.082525
3.072801
3.053081
3.052249
3.052249
3.051789
3.051738
3.051738
3.042770
3.042770
3.029395
3.029078
3.027804
3.014142
3.012575
3.012229
3.012229
3.012229
3.010494
3.010494
3.002419
3.002419
3.002419
3.002419
3.002419
2.999529
2.999529
2.984775
2.984617
2.981892
2.981576
2.981576
2.981576
2.976986
2.976986
2.976986
2.976986
2.975476
2.962828
2.962828
2.962828
2.957939
2.957939
2.957939
2.947945
2.947945
2.947945
2.939174
2.939122
2.939122
2.939122
2.939111
2.939111
2.938122
2.938122
2.938122
2.937487
2.935977
2.935370
2.934801
2.934801
2.934801
2.934801
2.932739
2.929953
2.929712
2.929712
2.928358
2.928358
2.910880
2.906097
2.906097
2.902715
2.895331
2.892094
2.892094
2.892094
2.892094
2.892094
2.892094
2.892094
2.892094
2.892094
2.892094
2.892094
2.891853
2.891853
2.891853
2.891853
2.891853
2.887623
2.882373
2.882373
2.882373
2.882373
2.882373
2.882373
2.882373
2.882373
2.882373
2.882373
2.864389
2.864389
2.862899
2.862899
2.845668
2.845668
2.845668
2.840970
2.840970
2.837858
2.836989
2.836989
2.835469
2.824017
2.824017
2.824017
2.813002
2.813002
2.813002
2.813002
2.813002
2.813002
2.813002
2.813002
2.813002
2.813002
2.813002
2.811092
2.811092
2.811092
2.811092
2.811092
2.811092
2.811092
2.811092
2.810517
2.810517
2.810517
2.810517
2.810517
2.803526
2.803526
2.803526
2.771153
2.771153
2.771153
2.771153
2.771153
2.771153
2.771153
2.771153
2.771153
2.771153
2.760147
2.751878
2.751878
2.751878
2.751878
2.751878
2.751878
2.736180
2.725254
2.725254
2.724497
2.724497
2.724497
2.724497
2.695701
2.695701
2.695701
2.695701
2.695701
2.695701
2.695701
2.695701
2.695701
2.695701
2.692050
2.692050
2.692050
2.692050
2.692050
2.692050
2.692050
2.692050
2.685536
2.685536
2.685536
2.682764
2.676598
2.676598
2.676598
2.676598
2.676598
2.676598
2.675300
2.618204
2.618204
2.617692
2.580018
2.580018
2.580018
2.580018
2.580018
2.580018
2.580018
2.555408
2.542881
2.542881
2.542881
2.542881
2.538300
2.538300
2.538300
2.534650
2.533424
2.525319
2.525319
2.511448
2.511448
2.511448
2.511448
2.511448
2.511448
2.511448
2.511448
2.511448
2.510710
2.510710
2.510710
2.510710
2.510710
2.493035
2.476098
2.468215
2.468215
2.468215
2.468215
2.468215
2.468215
2.468215
2.468215
2.464444
2.464444
2.463002
2.463002
2.453009
2.453009
2.450976
2.450976
2.450976
2.443307
2.441438
2.441438
2.440701
2.440701
2.427814
2.427641
2.427641
2.427641
2.427641
2.427465
2.427465
2.427465
2.427465
2.422967
2.422082
2.422082
2.422082
2.419792
2.389552
2.389552
2.389552
2.389552
2.389552
2.389072
2.389072
2.389072
2.389072
2.389072
2.389072
2.389072
2.388909
2.386430
2.377214
2.377214
2.359961
2.359961
2.359318
2.359318
2.346495
2.346495
2.343131
2.341390
2.341390
2.341390
2.341390
2.341390
2.314216
2.313241
2.313241
2.313241
2.313118
2.313118
2.313118
2.313118
2.313118
2.313118
2.313118
2.313118
2.313118
2.313118
2.273145
2.269533
2.269533
2.269533
2.269533
2.269533
2.269533
2.269533
2.269533
2.269533
2.268349
2.268349
2.264740
2.253486
2.253486
2.253154
2.253154
2.253154
2.252865
2.252865
2.252865
2.241538
2.241538
2.241538
2.241538
2.227592
2.227592
2.227592
2.227592
2.220538
2.220538
2.186377
2.186377
2.186377
2.186377
2.186377
2.186377
2.186377
2.186246
2.186246
2.186246
2.185689
2.183868
2.183868
2.182054
2.182054
2.181848
2.181848
2.181201
2.181201
2.179896
2.172490
2.172490
2.171635
2.168456
2.167601
2.166515
2.164001
2.164001
2.160060
2.160060
2.159854
2.159854
2.159687
2.159687
2.159687
2.159687
2.159687
2.159687
2.159687
2.159687
2.159687
2.159687
2.157062
2.128627
2.128627
2.128627
2.128627
2.128418
2.128418
2.125227
2.125227
2.125227
2.125227
2.125227
2.124580
2.124580
2.124580
2.124580
2.124580
2.124234
2.124234
2.124234
2.122747
2.122747
2.122747
2.122747
2.122747
2.122747
2.122747
2.122747
2.122747
2.122747
2.121131
2.121131
2.107533
2.106351
2.106351
2.106351
2.106351
2.106351
2.106351
2.106351
2.106351
2.106351
2.102916
2.094175
2.094175
2.094175
2.090560
2.090560
2.090560
2.090560
2.090560
2.090560
2.090560
2.090560
2.090560
2.090560
2.083926
2.083926
2.083926
2.083926
2.083926
2.083926
2.083926
2.083926
2.083523
2.083523
2.083523
2.083523
2.083523
2.071827
2.071694
2.071694
2.071694
2.071694
2.071694
2.071694
2.071694
2.071694
2.017883
2.017883
2.017883
2.017883
2.017883
2.017883
2.014599
2.014599
2.014599
2.014599
1.998471
1.998471
1.996443
1.996443
1.996443
1.996443
1.996443
1.996443
1.996443
1.996443
1.996443
1.995198
1.995198
1.995198
1.995198
1.995198
1.995198
1.995198
1.994269
1.992562
1.989318
1.989318
1.989318
1.989318
1.987290
1.987290
1.987290
1.978416
1.978416
1.978416
1.978416
1.978282
1.978282
1.978282
1.978282
1.977262
1.977262
1.977262
1.977262
1.977262
1.977262
1.972760
1.972760
1.972717
1.972717
1.972717
1.972717
1.972717
1.972717
1.972289
1.972045
1.970844
1.970801
1.970801
1.970801
1.938787
1.938787
1.840885
1.840746
1.840746
1.840746
1.840746
1.840746
1.840746
1.837955
1.837955
1.837955
1.837955
1.837955
1.836047
1.832227
1.832227
1.807346
1.807346
1.807346
1.807346
1.807346
1.807346
1.807346
1.806992
1.806992
1.741014
1.741014
1.741014
1.741014
1.741014
1.741014
1.741014
1.741014
1.741014
1.741014
1.741014
1.741014
1.731900
1.721929
1.721925
1.721785
1.720087
1.720087
1.720087
1.720087
1.720087
1.720087
1.719834
1.719834
1.719834
1.718294
1.718294
1.718294
1.718294
1.718294
1.718294
1.718294
1.718294
1.718294
1.712554
1.712554
1.712554
1.706921
1.700060
1.700013
1.700013
1.700013
1.700013
1.700013
1.700013
1.694073
1.694073
1.681582
1.681582
1.681582
1.681582
1.681582
1.681582
1.681582
1.681582
1.681582
1.681582
1.681582
1.681582
1.681582
1.681582
1.681582
1.681582
1.681582
1.681582
1.681582
1.681582
1.681582
1.681582
1.681374
1.681374
1.681299
1.681299
1.681299
1.681299
1.681299
1.681299
1.681299
1.681252
1.681252
1.654098
1.654098
1.645465
1.645465
1.645465
1.645465
1.645465
1.645418
1.645418
1.645418
1.645418
1.645418
1.638487
1.638487
1.638487
1.638487
1.636372
1.636372
1.636372
1.633808
1.632376
1.632376
1.628419
1.628419
1.626987
1.626600
1.626353
1.626353
1.626353
1.624822
1.623548
1.623548
1.623548
1.620563
1.607850
1.607850
1.607850
1.605316
1.600500
1.597778
1.597778
1.597541
1.597541
1.595427
1.573422
1.573422
1.573422
1.573422
1.573422
1.573422
1.573422
1.573422
1.573422
1.573422
1.573422
1.573422
1.573422
1.570862
1.570862
1.555020
1.555020
1.552303
1.552303
1.552303
1.552303
1.552303
1.552303
1.552303
1.537211
1.484281
1.484267
1.484267
1.482121
1.458131
1.458131
1.458131
1.456817
1.456817
1.456817
1.452524
1.450379
1.450379
1.450379
1.450379
1.444557
1.444557
1.444557
1.437192
1.437192
1.437192
1.437192
1.437192
1.437192
1.436587
1.436574
1.436574
1.436574
1.436574
1.436574
1.427251
1.427251
1.425693
1.425088
1.425088
1.425088
1.422809
1.422470
1.422470
1.422470
1.422470
1.422470
1.420307
1.420307
1.420307
1.420307
1.420307
1.420307
1.420307
1.420307
1.411421
1.411421
1.411421
1.411421
1.411421
1.411421
1.411421
1.411421
1.411404
1.411404
1.411404
1.409442
1.409442
1.409442
1.409442
1.409442
1.409442
1.408935
1.408935
1.408935
1.404984
1.403806
1.403616
1.403616
1.403616
1.403616
1.403616
1.403616
1.403616
1.403616
1.403616
1.403616
1.403616
1.400326
1.400326
1.400326
1.400326
1.394878
1.394878
1.394878
1.394878
1.394878
1.393325
1.393058
1.393058
1.393058
1.393058
1.393058
1.393058
1.393058
1.393058
1.378843
1.378843
1.378843
1.378843
1.378493
1.373650
1.373650
1.373650
1.368595
1.368595
1.368595
1.368595
1.368595
1.368595
1.368595
1.368595
1.368595
1.368595
1.368595
1.368595
1.368595
1.368595
1.368182
1.368182
1.368182
1.366825
1.365687
1.365430
1.365430
1.365430
1.365430
1.365430
1.365430
1.365430
1.365430
1.364073
1.358716
1.358716
1.358716
1.358712
1.358712
1.358712
1.358712
1.358712
1.358712
1.358712
1.358712
1.353352
1.353100
1.353100
1.353100
1.353100
1.353100
1.353100
1.353100
1.349850
1.349850
1.344346
1.338513
1.338513
1.338513
1.338413
1.338413
1.338413
1.335876
1.335876
1.335876
1.335876
1.335876
1.335876
1.335497
1.335497
1.330034
1.330034
1.330034
1.327496
1.325486
1.325486
1.325486
1.310434
1.309645
1.309645
1.309645
1.309266
1.309266
1.309266
1.309266
1.306861
1.306861
1.306861
1.306861
1.302250
1.302250
1.302098
1.301170
1.297816
1.297816
1.297816
1.297816
1.297816
1.297816
1.297816
1.297061
1.297061
1.297061
1.297061
1.297061
1.297061
1.297061
1.297061
1.296868
1.296868
1.296868
1.296750
1.296750
1.296750
1.296750
1.296750
1.296750
1.296750
1.296750
1.296750
1.296750
1.296750
1.292612
1.281450
1.280110
1.279512
1.279402
1.279402
1.279402
1.273030
1.273030
1.273030
1.273030
1.273030
1.273030
1.273030
1.273030
1.273030
1.265218
1.265218
1.263554
1.263554
1.262709
1.257962
1.257922
1.257922
1.257922
1.257377
1.257377
1.257377
1.257377
1.244885
1.243632
1.243632
1.243632
1.243632
1.243632
1.243632
1.243087
1.243087
1.243045
1.243045
1.242716
1.242716
1.242705
1.242705
1.240818
1.240794
1.240794
1.240794
1.240794
1.240794
1.238976
1.237131
1.237131
1.237131
1.237131
1.237131
1.237131
1.236223
1.236223
1.236223
1.233404
1.227748
1.227748
1.227748
1.227748
1.227748
1.227748
1.227736
1.227736
1.227736
1.225298
1.225298
1.225298
1.225298
1.225298
1.224878
1.224878
1.224878
1.224878
1.224406
1.224406
1.224406
1.224406
1.224406
1.223498
1.223487
1.223487
1.223487
1.223487
1.223487
1.223487
1.223487
1.223487
1.223487
1.221393
1.218219
1.217037
1.217037
1.217037
1.214957
1.212863
1.212863
1.212235
1.212235
1.212235
1.212235
1.212235
1.212235
1.212235
1.212235
1.212235
1.212235
1.212235
1.211752
1.211752
1.211752
1.211752
1.211752
1.211515
1.179500
1.179500
1.179500
1.178872
1.178872
1.178872
1.178872
1.178872
1.178872
1.178872
1.178635
1.177594
1.177594
1.177594
1.175456
1.168840
1.164051
1.163335
1.163099
1.163099
1.163099
1.163099
1.163099
1.163099
1.163014
1.163014
1.163014
1.163014
1.163014
1.160945
1.160945
1.159818
1.159818
1.145155
1.145155
1.145155
1.134158
1.133115
1.133016
1.133016
1.133016
1.133016
1.105253
1.105253
1.105253
1.104981
1.104981
1.104981
1.104981
1.104981
1.104981
1.103903
1.094245
1.094179
1.094179
1.091920
1.090881
1.090881
1.090881
1.090881
1.090881
1.085895
1.084855
1.084855
1.084855
1.084855
1.084855
1.084855
1.084855
1.084855
1.062779
1.062779
1.062779
1.062653
1.062653
1.062653
1.062653
1.062653
1.062315
1.062315
1.062315
1.062315
1.062315
1.061151
1.061151
1.061151
1.061151
1.031669
1.031354
1.027601
1.027601
1.023795
1.023795
1.023795
1.023795
1.023795
1.023795
1.023795
1.023795
1.023795
1.023795
1.023795
1.023795
1.022943
1.022943
1.022943
1.013306
1.013306
1.013306
0.966790
0.966790
0.962682
0.962344
0.962344
0.962344
0.960904
0.960904
0.960904
0.960904
0.960904
0.960904
0.960904
0.960904
0.960904
0.955388
0.955388
0.955388
0.955388
0.955388
0.955388
0.949523
0.949523
0.941964
0.941964
0.941155
0.941155
0.939715
0.935948
0.930645
0.930645
0.930645
0.930645
0.930489
0.929274
0.929274
0.929274
0.929274
0.929274
0.929274
0.929274
0.929274
0.929274
0.929274
0.929274
0.929274
0.928990
0.928990
0.928990
0.928990
0.928990
0.928990
0.928990
0.928990
0.928990
0.928990
0.928962
0.928962
0.928962
0.926759
0.926759
0.913138
0.913138
0.913138
0.913138
0.913138
0.913138
0.905057
0.905057
0.905057
0.905057
0.905057
0.905057
0.905057
0.905057
0.905057
0.905057
0.905057
0.905057
0.904658
0.904658
0.904658
0.904658
0.904658
0.904658
0.900920
0.900920
0.900920
0.900920
0.900920
0.900920
0.897389
0.897389
0.877977
0.877977
0.877420
0.877420
0.877420
0.877420
0.877420
0.876649
0.876649
0.876649
0.876649
0.876649
0.876649
0.876649
0.876649
0.876649
0.876387
0.876387
0.876387
0.876296
0.876113
0.872804
0.872804
0.872713
0.871565
0.871565
0.871565
0.871565
0.871565
0.871030
0.871030
0.871030
0.868750
0.868750
0.868167
0.867138
0.867138
0.867138
0.867138
0.867138
0.866954
0.866954
0.866954
0.866954
0.866954
0.866954
0.866954
0.866954
0.866954
0.866954
0.866419
0.866419
0.866419
0.866419
0.866419
0.866419
0.866419
0.866419
0.866419
0.866419
0.866419
0.866419
0.866419
0.866419
0.865755
0.865755
0.865536
0.865536
0.865326
0.865326
0.865326
0.865326
0.865326
0.865326
0.865235
0.861336
0.861117
0.861117
0.861117
0.861117
0.859323
0.859113
0.859113
0.859113
0.859113
0.859113
0.859113
0.859113
0.852986
0.852986
0.852986
0.852986
0.852986
0.852986
0.852986
0.852986
0.852986
0.851059
0.851059
0.851059
0.851059
0.851059
0.851059
0.850951
0.850951
0.850741
0.850741
0.842326
0.842080
0.842080
0.842080
0.842080
0.842080
0.838277
0.838233
0.838233
0.837987
0.837570
0.837368
0.837368
0.837368
0.837368
0.837368
0.837368
0.837368
0.837368
0.837368
0.832912
0.832912
0.832912
0.832912
0.832912
0.832912
0.832912
0.832259
0.832157
0.832157
0.832157
0.832157
0.832157
0.832157
0.832157
0.825145
0.825145
0.824574
0.824574
0.824574
0.824574
0.824574
0.823296
0.823296
0.822411
0.822411
0.822411
0.822411
0.822411
0.822411
0.822411
0.822411
0.822411
0.822411
0.822411
0.822411
0.822411
0.822411
0.818267
0.818267
0.804746
0.804746
0.804746
0.804746
0.804746
0.804746
0.804191
0.804191
0.803908
0.803908
0.803908
0.803908
0.803908
0.803908
0.803908
0.803908
0.803908
0.803908
0.803908
0.803908
0.803908
0.803908
0.803908
0.803908
0.803908
0.803462
0.803462
0.803462
0.803462
0.803462
0.803373
0.803373
0.803373
0.803317
0.803317
0.803317
0.803317
0.803317
0.802714
0.802714
0.802714
0.801954
0.801898
0.797666
0.797666
0.797666
0.797666
0.797666
0.786915
0.786887
0.786887
0.783374
0.783374
0.783374
0.783374
0.783374
0.783374
0.783374
0.783374
0.783374
0.783374
0.781352
0.781352
0.781352
0.781352
0.781352
0.781352
0.781352
0.781352
0.781352
0.781352
0.781352
0.780069
0.780069
0.780069
0.780069
0.780069
0.780069
0.780069
0.780069
0.780069
0.780069
0.780069
0.780069
0.780069
0.780069
0.780069
0.780069
0.779902
0.779902
0.779902
0.778631
0.778099
0.778099
0.775398
0.775398
0.775398
0.775398
0.775398
0.775398
0.775398
0.775231
0.775202
0.775202
0.775202
0.775202
0.774760
0.774760
0.774760
0.774760
0.774760
0.774760
0.774760
0.774760
0.774760
0.774760
0.772856
0.772856
0.772856
0.771574
0.770505
0.770505
0.770505
0.770505
0.770505
0.770505
0.770505
0.770505
0.770505
0.770505
0.770505
0.770481
0.770481
0.770481
0.770334
0.770334
0.770334
0.770334
0.770334
0.770334
0.770334
0.770334
0.769737
0.769737
0.769737
0.768011
0.768011
0.768011
0.767982
0.767982
0.767982
0.767982
0.767982
0.767982
0.765140
0.764071
0.764071
0.763706
0.763706
0.763706
0.763706
0.763706
0.763706
0.763706
0.763706
0.763706
0.763706
0.762116
0.762116
0.762116
0.762116
0.762116
0.759196
0.759196
0.759196
0.759196
0.759196
0.757345
0.757345
0.757090
0.757090
0.757090
0.757031
0.757031
0.757031
0.757031
0.757031
0.757031
0.757031
0.757031
0.757031
0.757031
0.753884
0.753629
0.753629
0.753629
0.753629
0.752696
0.751888
0.746469
0.746469
0.746469
0.746469
0.746469
0.746469
0.746469
0.746469
0.746469
0.746469
0.746469
0.746469
0.746469
0.746440
0.745872
0.745503
0.745503
0.745503
0.745503
0.745503
0.745503
0.745503
0.745503
0.745503
0.745503
0.745503
0.745503
0.745503
0.745503
0.745503
0.744269
0.744269
0.744269
0.744269
0.744269
0.744269
0.743692
0.743208
0.743208
0.743208
0.743208
0.743208
0.743208
0.743208
0.738070
0.738070
0.738070
0.738070
0.738070
0.738070
0.734936
0.734936
0.734936
0.734936
0.734859
0.734859
0.734859
0.734859
0.734231
0.734231
0.734231
0.734231
0.734231
0.726954
0.726954
0.726954
0.726954
0.726954
0.726954
0.726954
0.726954
0.726954
0.726954
0.726954
0.726954
0.718112
0.718112
0.718112
0.718112
0.718112
0.718087
0.715088
0.715088
0.715088
0.715088
0.715088
0.715010
0.715010
0.715010
0.715010
0.715010
0.715010
0.715010
0.715010
0.715010
0.715010
0.715010
0.715010
0.715010
0.715010
0.715010
0.715010
0.715010
0.715010
0.715010
0.715010
0.715010
0.715010
0.715010
0.715010
0.714394
0.714394
0.714394
0.714394
0.714394
0.714394
0.705760
0.705760
0.705760
0.705760
0.705760
0.705760
0.705760
0.705760
0.705760
0.705760
0.705760
0.705760
0.705760
0.705760
0.705760
0.705760
0.705760
0.705144
0.703854
0.703854
0.703854
0.696852
0.696852
0.696852
0.696852
0.696852
0.696852
0.696852
0.696852
0.696852
0.696852
0.696852
0.696852
0.696852
0.695740
0.695740
0.695740
0.687607
0.684360
0.683465
0.683465
0.683465
0.683465
0.683465
0.683459
0.683459
0.683459
0.652293
0.650597
0.650597
0.650597
0.650597
0.650597
0.650597
0.650266
0.650121
0.649457
0.646734
0.646734
0.646734
0.646734
0.644896
0.644896
0.644896
0.640868
0.640868
0.640868
0.640868
0.640868
0.640868
0.640723
0.640723
0.640723
0.640723
0.640723
0.640723
0.640723
0.640723
0.640723
0.640723
0.640723
0.640723
0.640723
0.640723
0.640594
0.640594
0.640594
0.633656
0.633527
0.633527
0.633527
0.633527
0.633527
0.633527
0.633527
0.633130
0.633130
0.633130
0.632861
0.632627
0.632627
0.632078
0.631863
0.631863
0.631863
0.631863
0.614873
0.614873
0.613358
0.613358
0.613358
0.613358
0.613358
0.613358
0.613358
0.613358
0.613358
0.613358
0.613358
0.612586
0.612479
0.607249
0.607249
0.607249
0.606607
0.606607
0.605324
0.605324
0.605324
0.603449
0.603449
0.603449
0.603449
0.603449
0.603449
0.603449
0.603449
0.603449
0.603449
0.603449
0.603036
0.603036
0.603015
0.603015
0.602859
0.602859
0.601946
0.601946
0.601946
0.601946
0.601898
0.598566
0.598566
0.598566
0.598566
0.598566
0.598566
0.598566
0.598566
0.598566
0.598566
0.598566
0.598566
0.598566
0.597617
0.597617
0.597617
0.597617
0.597617
0.597617
0.597617
0.597617
0.597566
0.597566
0.597566
0.597566
0.597566
0.597566
0.597566
0.597566
0.597566
0.597562
0.597562
0.597562
0.597502
0.597502
0.597502
0.597502
0.597418
0.597418
0.597418
0.597418
0.597418
0.597418
0.597418
0.597418
0.597262
0.594674
0.594674
0.594674
0.594674
0.594674
0.594674
0.594674
0.594674
0.588234
0.588234
0.588234
0.588234
0.588234
0.588234
0.587818
0.587814
0.587814
0.587814
0.587814
0.587814
0.587814
0.587814
0.586589
0.586589
0.586589
0.586589
0.586589
0.586589
0.586589
0.586589
0.586589
0.586589
0.586589
0.586589
0.586589
0.586589
0.586589
0.586589
0.585685
0.585685
0.585685
0.585685
0.585685
0.585685
0.585685
0.585685
0.585685
0.585685
0.585685
0.585685
0.584862
0.584862
0.584862
0.584862
0.584862
0.582404
0.582260
0.582260
0.582260
0.579153
0.578711
0.578711
0.576089
0.576089
0.576089
0.576089
0.576089
0.576089
0.576089
0.576089
0.576089
0.576089
0.576089
0.576089
0.576089
0.576089
0.575711
0.575711
0.575596
0.575596
0.573508
0.573508
0.573508
0.573508
0.573508
0.573508
0.573508
0.573508
0.573508
0.573508
0.573508
0.573508
0.573508
0.573508
0.573508
0.573508
0.573508
0.573508
0.573508
0.573508
0.573508
0.573508
0.573508
0.573508
0.573508
0.573508
0.573508
0.573327
0.573327
0.573327
0.573212
0.573212
0.573212
0.569718
0.569718
0.569718
0.569718
0.569718
0.569718
0.568439
0.568439
0.568439
0.568439
0.568439
0.568439
0.568439
0.568439
0.568439
0.568021
0.568021
0.568021
0.568021
0.567763
0.567763
0.567763
0.567468
0.567468
0.567468
0.567468
0.567468
0.567468
0.567450
0.567450
0.567450
0.567450
0.567450
0.567450
0.567357
0.567357
0.567357
0.565760
0.565760
0.565030
0.565030
0.565030
0.565030
0.565030
0.565030
0.563528
0.563528
0.557746
0.557736
0.557736
0.557736
0.557736
0.557736
0.557736
0.553842
0.553842
0.552783
0.552783
0.552774
0.552774
0.552774
0.552774
0.552774
0.549129
0.549129
0.540385
0.540385
0.540385
0.540385
0.540385
0.540385
0.539489
0.539489
0.539489
0.535844
0.531950
0.531950
0.531950
0.530583
0.530583
0.530583
0.530583
0.530502
0.530502
0.530502
0.530502
0.530502
0.530502
0.530502
0.530502
0.530502
0.524269
0.524269
0.524269
0.524269
0.522733
0.522733
0.522733
0.522733
0.522733
0.522733
0.522733
0.522733
0.522733
0.522733
0.509172
0.509172
0.509172
0.509172
0.508550
0.508550
0.508550
0.508550
0.508550
0.508550
0.508550
0.508550
0.508550
0.508550
0.508550
0.508550
0.508550
0.508550
0.508550
0.508550
0.508550
0.508550
0.508550
0.508550
0.508550
0.508550
0.508550
0.508550
0.508550
0.508550
0.508550
0.508550
0.506749
0.505994
0.505994
0.505969
0.505969
0.505969
0.505969
0.505969
0.505969
0.505969
0.505969
0.505969
0.505380
0.505380
0.505103
0.505103
0.505103
0.505103
0.505103
0.505103
0.505103
0.505103
0.505103
0.505103
0.503981
0.491671
0.491476
0.491476
0.491476
0.491476
0.491137
0.491137
0.491137
0.491137
0.487548
0.487548
0.487548
0.487548
0.486314
0.486314
0.486314
0.486314
0.486314
0.486314
0.486314
0.486314
0.486314
0.486314
0.485664
0.485358
0.485358
0.485358
0.485358
0.485358
0.485358
0.485358
0.485358
0.485358
0.485358
0.485358
0.481137
0.481137
0.481137
0.480888
0.480888
0.480888
0.480750
0.480750
0.480750
0.480750
0.477670
0.477497
0.477497
0.477497
0.477497
0.477497
0.477248
0.477248
0.477248
0.473789
0.472642
0.472640
0.472640
0.472640
0.472640
0.472640
0.472502
0.472502
0.471729
0.471729
0.471729
0.471729
0.471729
0.471729
0.471729
0.471729
0.471729
0.471729
0.469471
0.469471
0.469471
0.469106
0.469106
0.469106
0.469106
0.469106
0.468950
0.468950
0.468245
0.468245
0.468245
0.468245
0.468245
0.468245
0.467594
0.467594
0.467316
0.466612
0.466612
0.466612
0.466612
0.466612
0.466612
0.465824
0.465558
0.465558
0.465105
0.462317
0.461473
0.461473
0.461473
0.461473
0.461473
0.461473
0.461473
0.461473
0.461473
0.461473
0.460894
0.460894
0.460894
0.460894
0.460894
0.460894
0.460237
0.460237
0.460237
0.460237
0.460237
0.460237
0.460237
0.460237
0.460237
0.460237
0.460237
0.460237
0.460237
0.460237
0.460237
0.460237
0.459500
0.459500
0.459500
0.459500
0.459500
0.459500
0.459500
0.459500
0.459500
0.459500
0.459500
0.459500
0.459500
0.459500
0.459500
0.459500
0.459500
0.459500
0.459481
0.459481
0.459481
0.459481
0.459481
0.459481
0.459481
0.458086
0.458086
0.458086
0.458086
0.458086
0.455585
0.455585
0.454344
0.452911
0.452911
0.452911
0.452911
0.452911
0.452911
0.450301
0.450301
0.450301
0.450301
0.449878
0.449878
0.449878
0.449878
0.449878
0.449878
0.447440
0.447440
0.447440
0.447440
0.447440
0.444829
0.444776
0.444776
0.444776
0.444776
0.444776
0.444776
0.444132
0.444132
0.444132
0.444132
0.444132
0.442459
0.442459
0.442459
0.442459
0.442459
0.442459
0.441932
0.441932
0.441932
0.441932
0.441932
0.441932
0.441932
0.441932
0.441932
0.441932
0.441932
0.441932
0.441932
0.441932
0.441932
0.441932
0.441932
0.441932
0.441932
0.441932
0.440220
0.439505
0.439505
0.439505
0.439505
0.439505
0.439505
0.439505
0.439505
0.439505
0.439505
0.439505
0.437307
0.437307
0.437307
0.437307
0.437307
0.437307
0.437307
0.437307
0.437307
0.437307
0.437307
0.437307
0.437307
0.437307
0.437307
0.437307
0.437307
0.437307
0.437307
0.437307
0.437307
0.437307
0.437307
0.437307
0.436661
0.436661
0.436557
0.436557
0.436555
0.436555
0.436555
0.436555
0.436555
0.436555
0.436555
0.436555
0.436555
0.436555
0.436555
0.436555
0.436555
0.436555
0.436535
0.436535
0.436535
0.436535
0.436535
0.436535
0.436535
0.434515
0.434515
0.434515
0.434515
0.434515
0.434515
0.434496
0.434490
0.434490
0.434490
0.434490
0.434386
0.434386
0.434386
0.434386
0.434386
0.434386
0.434386
0.434386
0.434386
0.434386
0.434386
0.434386
0.434386
0.434386
0.434386
0.434386
0.434261
0.433303
0.433303
0.433303
0.433303
0.433271
0.433271
0.432786
0.432786
0.432786
0.432786
0.432786
0.432780
0.432780
0.432780
0.432780
0.432780
0.432780
0.432780
0.432780
0.432780
0.432780
0.432780
0.432780
0.432780
0.432780
0.432780
0.432780
0.432769
0.432769
0.432769
0.432769
0.432769
0.432769
0.432769
0.432769
0.430130
0.429928
0.429928
0.426056
0.426056
0.426056
0.426056
0.424912
0.424912
0.424912
0.424912
0.424912
0.424912
0.424489
0.424196
0.424196
0.424196
0.424196
0.424196
0.424196
0.424196
0.424196
0.424196
0.424196
0.424196
0.424196
0.424196
0.424196
0.423844
0.423838
0.423838
0.423838
0.423838
0.423776
0.423776
0.423776
0.423776
0.423776
0.423776
0.423776
0.423776
0.423776
0.423776
0.423776
0.423776
0.422933
0.422933
0.422933
0.422933
0.422933
0.422076
0.422076
0.422076
0.422076
0.422076
0.422074
0.422074
0.422074
0.421694
0.421694
0.421694
0.421694
0.421694
0.421683
0.421683
0.421683
0.421683
0.421683
0.421683
0.421683
0.421683
0.421683
0.421508
0.421099
0.421099
0.421099
0.421099
0.421099
0.421099
0.421099
0.421099
0.421099
0.421099
0.421099
0.421099
0.421099
0.421099
0.421099
0.421099
0.420264
0.420264
0.420264
0.420264
0.420264
0.420264
0.420264
0.420264
0.420264
0.420208
0.420076
0.419668
0.419668
0.419668
0.419668
0.419668
0.419668
0.419578
0.419578
0.419578
0.419578
0.419578
0.419578
0.419578
0.419578
0.419578
0.419578
0.419578
0.419578
0.419375
0.419375
0.418456
0.418456
0.418456
0.418456
0.418456
0.418456
0.418456
0.418270
0.418270
0.418270
0.418270
0.418270
0.418227
0.418227
0.418227
0.418227
0.417713
0.417713
0.415535
0.415020
0.415020
0.415020
0.415020
0.415020
0.414604
0.414550
0.414550
0.414550
0.412648
0.412648
0.412648
0.412648
0.412001
0.412001
0.412001
0.412001
0.412001
0.412001
0.412001
0.412001
0.412001
0.412001
0.412001
0.412001
0.412001
0.401514
0.401514
0.399613
0.399613
0.399613
0.399613
0.399613
0.399613
0.399613
0.399613
0.399613
0.398895
0.398895
0.398895
0.398895
0.398895
0.398895
0.398895
0.398895
0.398895
0.398895
0.398895
0.398895
0.386699
0.386699
0.386699
0.386610
0.386599
0.386599
0.386599
0.386320
0.386320
0.386227
0.385404
0.385404
0.385404
0.385404
0.385404
0.385404
0.382947
0.382947
0.382697
0.379377
0.379377
0.379285
0.379285
0.379285
0.379285
0.379285
0.379285
0.379285
0.379285
0.379285
0.379285
0.379285
0.379285
0.379285
0.379285
0.379285
0.379285
0.379285
0.379285
0.379285
0.379285
0.379285
0.379285
0.379285
0.379115
0.378196
0.378196
0.378196
0.378196
0.378196
0.378027
0.378022
0.378022
0.378022
0.378022
0.378022
0.378022
0.378022
0.378022
0.378022
0.378022
0.378022
0.378022
0.378022
0.377902
0.377902
0.377902
0.377367
0.377367
0.377367
0.377367
0.377367
0.377367
0.377278
0.377278
0.377278
0.377278
0.377278
0.377278
0.377278
0.377278
0.377278
0.375361
0.375361
0.375361
0.375361
0.375361
0.375361
0.375361
0.375361
0.375361
0.375361
0.375361
0.375361
0.375361
0.375361
0.375361
0.375361
0.375361
0.375361
0.375361
0.375361
0.375361
0.375361
0.374224
0.374224
0.374224
0.374224
0.374224
0.374224
0.373563
0.370137
0.370137
0.370137
0.370137
0.370073
0.370073
0.370073
0.369483
0.369483
0.369401
0.369401
0.368839
0.368839
0.368839
0.368839
0.368839
0.368112
0.368112
0.368112
0.368112
0.368112
0.367448
0.367448
0.367063
0.367063
0.367063
0.367063
0.367063
0.367063
0.366952
0.366952
0.366952
0.366952
0.366952
0.366952
0.366952
0.366952
0.366952
0.366952
0.366952
0.366952
0.366952
0.366952
0.366952
0.366952
0.366952
0.366952
0.366952
0.366878
0.366878
0.366878
0.366743
0.366743
0.366743
0.366743
0.366743
0.366743
0.366743
0.366743
0.366743
0.366743
0.366736
0.366736
0.366736
0.366736
0.366736
0.366736
0.366736
0.366736
0.366736
0.366736
0.366736
0.366736
0.366736
0.366736
0.366721
0.366721
0.366721
0.365630
0.365495
0.365343
0.365343
0.365343
0.365343
0.364789
0.364789
0.364789
0.364789
0.364789
0.364789
0.363528
0.363528
0.363528
0.363528
0.363190
0.363190
0.363190
0.363190
0.363190
0.363190
0.363169
0.363169
0.362604
0.361608
0.361608
0.361608
0.361608
0.361608
0.361608
0.361608
0.361608
0.361608
0.361608
0.361441
0.361441
0.361441
0.361441
0.361441
0.361441
0.361367
0.361367
0.361367
0.361181
0.361181
0.361181
0.361181
0.361181
0.361181
0.361181
0.361131
0.361131
0.361131
0.361131
0.359921
0.359736
0.359736
0.359736
0.359736
0.359736
0.359540
0.359540
0.359540
0.359540
0.359315
0.359315
0.359315
0.359315
0.359315
0.359315
0.359315
0.359315
0.359315
0.359315
0.359315
0.359315
0.359149
0.359149
0.359149
0.358147
0.358147
0.358147
0.357431
0.355383
0.355383
0.355383
0.355383
0.355383
0.355383
0.355383
0.355123
0.355123
0.355123
0.355123
0.354966
0.354966
0.354966
0.354872
0.354872
0.354872
0.354872
0.354872
0.354872
0.354872
0.354872
0.354872
0.354872
0.354872
0.354872
0.354872
0.354872
0.354872
0.354872
0.354872
0.354872
0.354872
0.354872
0.354872
0.354872
0.354872
0.352902
0.352902
0.352655
0.352655
0.352351
0.352351
0.352351
0.352351
0.352351
0.352351
0.352351
0.352351
0.352351
0.352351
0.352351
0.352351
0.352332
0.352332
0.352332
0.352332
0.352332
0.352332
0.352332
0.352332
0.352316
0.352316
0.352316
0.352316
0.352316
0.352316
0.352316
0.351162
0.351162
0.351162
0.351162
0.351162
0.351162
0.351162
0.351070
0.351070
0.351070
0.351070
0.351070
0.351070
0.351070
0.351070
0.351070
0.351070
0.351070
0.351070
0.351070
0.351070
0.351070
0.351066
0.351066
0.351066
0.351066
0.351066
0.351066
0.351066
0.348691
0.348691
0.348691
0.348684
0.348684
0.348684
0.348680
0.348680
0.348680
0.348680
0.348680
0.348680
0.348680
0.348680
0.348680
0.348680
0.348680
0.348680
0.348680
0.348680
0.348680
0.348680
0.346659
0.346659
0.346659
0.346659
0.346659
0.346659
0.346659
0.346659
0.346659
0.346659
0.346659
0.346659
0.346659
0.346659
0.345996
0.345996
0.345996
0.345996
0.345533
0.345533
0.345533
0.345533
0.345533
0.345533
0.345533
0.345533
0.345533
0.345533
0.345533
0.345533
0.344532
0.344532
0.344532
0.344532
0.344532
0.344532
0.344532
0.344532
0.344532
0.344532
0.344532
0.344532
0.344532
0.344532
0.344532
0.344532
0.344532
0.344532
0.344532
0.344532
0.344477
0.344477
0.344477
0.344477
0.344477
0.343499
0.342733
0.342733
0.342733
0.342733
0.342733
0.342733
0.342733
0.342733
0.342733
0.342733
0.342733
0.342733
0.342733
0.342733
0.342733
0.342733
0.342707
0.342707
0.342707
0.342707
0.342707
0.342707
0.342707
0.342707
0.342707
0.342707
0.342418
0.342418
0.342418
0.342418
0.342391
0.342391
0.342391
0.342391
0.342391
0.342391
0.342391
0.341589
0.341589
0.341589
0.341589
0.341589
0.341589
0.341589
0.341589
0.341589
0.341589
0.341589
0.341589
0.341589
0.341589
0.341568
0.341463
0.341463
0.341463
0.339190
0.339190
0.338552
0.338552
0.338552
0.338552
0.338552
0.338552
0.338552
0.338552
0.338552
0.338552
0.337170
0.337170
0.337170
0.337170
0.337170
0.337015
0.337015
0.335021
0.334866
0.334866
0.334866
0.334866
0.334866
0.334866
0.334866
0.334866
0.334866
0.334866
0.334866
0.334866
0.333756
0.333756
0.333756
0.333756
0.333605
0.333605
0.333601
0.333601
0.332386
0.332386
0.332386
0.332386
0.332386
0.332386
0.332386
0.331446
0.331446
0.331446
0.331446
0.331446
0.331446
0.331446
0.331446
0.331446
0.331446
0.331443
0.331443
0.331443
0.331443
0.331443
0.331443
0.331443
0.329429
0.329429
0.329429
0.329429
0.329429
0.329429
0.329429
0.328543
0.328543
0.328543
0.328538
0.328538
0.328538
0.328538
0.328538
0.324900
0.324900
0.324900
0.324109
0.324109
0.324109
0.324109
0.324109
0.324109
0.324109
0.324109
0.324109
0.324109
0.324109
0.324109
0.324109
0.324109
0.324109
0.324109
0.324109
0.324109
0.324109
0.324109
0.324109
0.324109
0.324109
0.324104
0.324104
0.324104
0.323978
0.323978
0.323978
0.323978
0.323978
0.323978
0.323978
0.323978
0.320497
0.320497
0.320497
0.320497
0.320497
0.320497
0.320497
0.320497
0.320497
0.320497
0.320497
0.320497
0.320497
0.320497
0.320497
0.320497
0.320497
0.320497
0.320497
0.320497
0.320497
0.320497
0.320497
0.320497
0.320497
0.320497
0.320497
0.320414
0.320414
0.320414
0.320414
0.320414
0.320414
0.318092
0.318092
0.317695
0.317695
0.317695
0.317278
0.317278
0.317278
0.317278
0.317278
0.317278
0.317278
0.317278
0.317246
0.317246
0.317246
0.317246
0.317246
0.316776
0.316776
0.316776
0.316776
0.316776
0.316776
0.316776
0.316776
0.316558
0.316558
0.316558
0.316558
0.316558
0.316558
0.316558
0.316558
0.316558
0.316558
0.316558
0.316558
0.316558
0.315519
0.313994
0.313994
0.313994
0.313994
0.313146
0.313146
0.313146
0.313146
0.313146
0.313146
0.313146
0.313146
0.313146
0.313146
0.313146
0.313146
0.313146
0.313146
0.313146
0.313146
0.313146
0.313146
0.313146
0.313146
0.313146
0.312872
0.312872
0.312872
0.312872
0.312872
0.312313
0.312313
0.312313
0.312313
0.312313
0.312313
0.312313
0.312313
0.312313
0.312313
0.307590
0.307590
0.307590
0.307590
0.307590
0.307590
0.307590
0.307590
0.304222
0.304222
0.302013
0.302013
0.301716
0.301716
0.301716
0.301716
0.301716
0.301716
0.301716
0.301716
0.301716
0.301716
0.301716
0.301716
0.301716
0.301716
0.301716
0.301716
0.301716
0.301341
0.301341
0.301341
0.301341
0.301341
0.301341
0.301341
0.301341
0.301341
0.299939
0.299939
0.299939
0.299939
0.299939
0.299939
0.299939
0.299939
0.298174
0.298107
0.298026
0.298026
0.298026
0.298026
0.298026
0.298005
0.298005
0.298005
0.298005
0.298005
0.298005
0.298005
0.295758
0.295758
0.295737
0.295737
0.295737
0.295737
0.295737
0.294899
0.294899
0.294899
0.294719
0.294719
0.294719
0.294719
0.291697
0.291697
0.291697
0.291697
0.291664
0.291664
0.291664
0.291664
0.291664
0.290956
0.290956
0.290956
0.290956
0.290956
0.290956
0.290956
0.290956
0.290956
0.290956
0.289803
0.289803
0.289588
0.289588
0.289588
0.289588
0.289588
0.289573
0.289573
0.289573
0.288371
0.288371
0.288319
0.288319
0.288319
0.288286
0.288286
0.288286
0.286701
0.286701
0.286701
0.286701
0.286701
0.286701
0.286701
0.286701
0.286701
0.286701
0.286701
0.286701
0.286701
0.286701
0.286701
0.286701
0.286701
0.286701
0.286701
0.286701
0.286701
0.286701
0.286701
0.286701
0.285764
0.285764
0.285764
0.285731
0.285731
0.285731
0.285731
0.285731
0.285731
0.285278
0.285245
0.285245
0.285245
0.285245
0.285245
0.285245
0.285245
0.285245
0.285245
0.285245
0.285245
0.285245
0.285245
0.285245
0.285245
0.285245
0.285245
0.285245
0.285245
0.285245
0.285245
0.285245
0.285245
0.285245
0.285245
0.285245
0.285245
0.285245
0.285245
0.285245
0.285245
0.285245
0.285122
0.285122
0.285122
0.285122
0.285122
0.285122
0.285122
0.285122
0.285122
0.285122
0.285122
0.285122
0.285103
0.285103
0.285103
0.285103
0.284230
0.283885
0.283885
0.283885
0.283885
0.283885
0.283885
0.283885
0.283885
0.283885
0.283885
0.283885
0.283885
0.283885
0.283885
0.283885
0.283885
0.283885
0.283885
0.283885
0.283428
0.283428
0.283428
0.282647
0.282647
0.282647
0.282647
0.282647
0.282647
0.282647
0.282645
0.282645
0.282623
0.282623
0.282623
0.282623
0.282623
0.282623
0.282623
0.282623
0.280831
0.280831
0.280831
0.280831
0.280831
0.279684
0.279684
0.279611
0.279611
0.279611
0.279611
0.279611
0.279611
0.279611
0.279611
0.279610
0.276305
0.276305
0.275602
0.275602
0.275602
0.275602
0.275602
0.275602
0.275602
0.275078
0.275078
0.274444
0.274444
0.274444
0.274444
0.274444
0.274444
0.274444
0.274444
0.273419
0.273419
0.273419
0.273419
0.273419
0.273419
0.273017
0.273017
0.273017
0.273017
0.273017
0.273017
0.273017
0.269287
0.269287
0.269287
0.269287
0.269287
0.269287
0.269287
0.269287
0.269287
0.269287
0.269287
0.269287
0.268573
0.268573
0.268573
0.268573
0.268573
0.268573
0.267609
0.267609
0.267609
0.267609
0.267609
0.267578
0.267578
0.267578
0.267578
0.267578
0.267568
0.267568
0.267568
0.267568
0.267568
0.267568
0.267568
0.267568
0.267568
0.266514
0.266514
0.266514
0.266514
0.266514
0.266514
0.266514
0.266514
0.266514
0.266514
0.266514
0.266514
0.266514
0.266514
0.266499
0.266499
0.266499
0.266499
0.266499
0.266499
0.266499
0.266499
0.266499
0.266499
0.266499
0.266499
0.266499
0.266484
0.266484
0.266484
0.266484
0.266484
0.266484
0.266385
0.266385
0.266385
0.266385
0.266385
0.266385
0.266385
0.266385
0.266385
0.266385
0.266385
0.266329
0.266329
0.265342
0.265342
0.265342
0.265342
0.265342
0.264444
0.264444
0.264444
0.264444
0.264444
0.264444
0.264444
0.264444
0.264444
0.264444
0.264444
0.264444
0.264444
0.264444
0.264373
0.264373
0.264373
0.264292
0.264292
0.264292
0.264292
0.264292
0.264292
0.264292
0.264292
0.264292
0.264292
0.264292
0.264292
0.264292
0.264292
0.264292
0.263809
0.263809
0.263809
0.263809
0.263125
0.263125
0.263125
0.263125
0.263125
0.263125
0.262587
0.262587
0.262587
0.262587
0.262587
0.262587
0.262463
0.262463
0.261685
0.261685
0.260021
0.260021
0.260021
0.260021
0.260021
0.260021
0.260021
0.260021
0.260021
0.260021
0.260021
0.260021
0.260021
0.259341
0.259341
0.259341
0.259257
0.259257
0.259257
0.259257
0.259257
0.259257
0.259257
0.259257
0.259257
0.259257
0.259257
0.259032
0.259032
0.259032
0.259032
0.259032
0.259032
0.259032
0.259032
0.259032
0.259032
0.259032
0.259032
0.259032
0.259032
0.259032
0.259032
0.259032
0.258951
0.258951
0.258951
0.258951
0.258951
0.258951
0.258951
0.258745
0.258745
0.258745
0.258745
0.258745
0.258745
0.258745
0.258745
0.258745
0.258745
0.258745
0.258745
0.258745
0.258745
0.258745
0.258745
0.258745
0.258745
0.258745
0.258745
0.258563
0.258563
0.258563
0.258563
0.258563
0.258563
0.258563
0.258563
0.258563
0.258563
0.258563
0.258563
0.258563
0.258563
0.258563
0.258563
0.258563
0.258563
0.258563
0.258546
0.258527
0.258527
0.258527
0.258527
0.258109
0.258109
0.258109
0.258109
0.258109
0.258109
0.258109
0.258109
0.258109
0.258109
0.258109
0.258105
0.258105
0.258105
0.258105
0.258105
0.258105
0.258105
0.258105
0.258105
0.258105
0.258105
0.257340
0.257340
0.257340
0.257340
0.257340
0.257340
0.257340
0.257340
0.257300
0.257300
0.256101
0.256101
0.256101
0.256101
0.256101
0.256101
0.255485
0.255290
0.255290
0.255290
0.255290
0.255290
0.255290
0.255290
0.255290
0.255290
0.255290
0.255290
0.255290
0.255282
0.255282
0.255282
0.255282
0.255282
0.255282
0.255282
0.255282
0.255282
0.255282
0.255282
0.255282
0.255282
0.255282
0.255282
0.255282
0.254849
0.254849
0.254849
0.254849
0.254849
0.254849
0.254849
0.254849
0.254849
0.254849
0.254849
0.254849
0.254849
0.254849
0.254849
0.254849
0.254849
0.254849
0.254849
0.254849
0.254849
0.254849
0.254849
0.254849
0.254849
0.254849
0.254849
0.254849
0.254849
0.254849
0.254849
0.254849
0.254849
0.254849
0.254849
0.254849
0.254849
0.254849
0.254849
0.254849
0.254819
0.254819
0.254819
0.254819
0.254819
0.254819
0.254819
0.254819
0.254819
0.254819
0.254066
0.253926
0.253926
0.253926
0.253926
0.253926
0.253915
0.253915
0.253915
0.253915
0.253915
0.253915
0.253915
0.253915
0.253915
0.253915
0.253915
0.253915
0.252631
0.252631
0.252631
0.252631
0.252265
0.252265
0.252265
0.252265
0.252265
0.252265
0.252265
0.252265
0.252265
0.252265
0.252265
0.252265
0.252265
0.252265
0.252265
0.252265
0.252265
0.252265
0.252265
0.252265
0.252265
0.252265
0.252265
0.252265
0.252265
0.252265
0.252265
0.252240
0.252240
0.251286
0.251286
0.251286
0.251286
0.251286
0.251286
0.251286
0.250447
0.250447
0.250447
0.250447
0.250447
0.250439
0.250439
0.250439
0.250439
0.250439
0.250439
0.250439
0.250439
0.250439
0.250439
0.250048
0.250048
0.250048
0.249916
0.249915
0.249915
0.249915
0.249915
0.248438
0.248315
0.248315
0.248315
0.248315
0.248315
0.248315
0.248315
0.248315
0.248178
0.248178
0.248178
0.248178
0.248178
0.247997
0.247997
0.247997
0.247997
0.247997
0.247997
0.247927
0.247927
0.247795
0.247795
0.247795
0.247795
0.247795
0.247795
0.247795
0.247795
0.247795
0.247795
0.246573
0.245327
0.245327
0.245327
0.245308
0.245308
0.245308
0.245268
0.245268
0.245229
0.245221
0.245221
0.245089
0.245059
0.245059
0.245059
0.245059
0.245059
0.245059
0.245059
0.245059
0.245059
0.245059
0.245059
0.245059
0.245059
0.245059
0.245059
0.245059
0.245059
0.245059
0.245044
0.245044
0.245044
0.245044
0.245044
0.244961
0.244961
0.244961
0.244961
0.244961
0.244578
0.244578
0.244578
0.244578
0.244380
0.244380
0.244380
0.244380
0.244380
0.244380
0.244380
0.244380
0.244380
0.244370
0.244370
0.244370
0.244367
0.244367
0.244367
0.244367
0.244367
0.244363
0.244363
0.244363
0.244363
0.244363
0.244363
0.244363
0.244363
0.244363
0.244363
0.244363
0.243005
0.239899
0.239889
0.239889
0.239888
0.239888
0.239884
0.239884
0.239884
0.239884
0.239884
0.239884
0.239884
0.239884
0.239884
0.239884
0.239884
0.239884
0.239549
0.239549
0.239549
0.239356
0.239356
0.239356
0.239356
0.239356
0.239356
0.239356
0.239356
0.239356
0.239224
0.237925
0.237925
0.237599
0.237588
0.237588
0.237588
0.237588
0.237588
0.237588
0.237584
0.237584
0.237584
0.237584
0.237584
0.237584
0.237584
0.237584
0.237584
0.237584
0.237584
0.237584
0.237584
0.237584
0.237584
0.237584
0.237219
0.237219
0.237219
0.237219
0.237219
0.237219
0.237208
0.237208
0.237208
0.237208
0.237208
0.237208
0.237208
0.237208
0.237208
0.237208
0.237208
0.237208
0.237208
0.237208
0.237208
0.237208
0.237208
0.237208
0.237208
0.237208
0.237100
0.237100
0.237098
0.237098
0.237098
0.237098
0.237098
0.237098
0.237098
0.237098
0.237098
0.237098
0.237098
0.237098
0.237098
0.237098
0.237098
0.237098
0.237098
0.237098
0.237098
0.237098
0.237098
0.237098
0.237098
0.237098
0.237098
0.237098
0.237098
0.237098
0.237098
0.237098
0.236898
0.236898
0.236898
0.236898
0.236898
0.236898
0.236898
0.236846
0.236846
0.236846
0.236846
0.236846
0.236653
0.236653
0.236653
0.236453
0.236453
0.236453
0.236453
0.236453
0.236453
0.236453
0.236453
0.236453
0.236453
0.236453
0.235852
0.235852
0.235852
0.235852
0.235852
0.235852
0.235852
0.235613
0.235613
0.235613
0.235613
0.235613
0.235613
0.235613
0.235613
0.235613
0.235613
0.235613
0.235613
0.235520
0.235520
0.235520
0.235520
0.235520
0.235520
0.235520
0.235520
0.235520
0.235520
0.235520
0.235520
0.235520
0.235520
0.235520
0.235520
0.235520
0.235520
0.235520
0.235520
0.234701
0.232720
0.232720
0.232630
0.232630
0.232630
0.232201
0.231796
0.231796
0.231796
0.231796
0.231796
0.231796
0.231796
0.231398
0.231398
0.231398
0.231398
0.230268
0.230268
0.230268
0.230268
0.230268
0.230268
0.230268
0.230268
0.230268
0.230268
0.230268
0.230268
0.230259
0.230259
0.230259
0.230259
0.230259
0.230259
0.230259
0.230259
0.230259
0.230259
0.230259
0.228661
0.228661
0.228661
0.228661
0.228661
0.228661
0.228661
0.228661
0.228661
0.228661
0.228661
0.228661
0.228661
0.228661
0.228661
0.228540
0.228540
0.228540
0.228540
0.228540
0.228540
0.228540
0.228540
0.228540
0.228540
0.228540
0.228540
0.228540
0.228540
0.228540
0.228540
0.228540
0.228494
0.228494
0.228494
0.228494
0.228494
0.228494
0.228494
0.228494
0.228494
0.228494
0.228494
0.228494
0.228494
0.228494
0.228494
0.228494
0.228494
0.227589
0.227419
0.227419
0.227419
0.227175
0.227175
0.227175
0.227175
0.227175
0.227175
0.227175
0.227175
0.227175
0.226420
0.226420
0.226420
0.226420
0.226420
0.226420
0.226420
0.226420
0.226420
0.226420
0.226222
0.226222
0.226222
0.226222
0.226222
0.225750
0.225750
0.225750
0.225750
0.225704
0.225704
0.224079
0.224079
0.223987
0.223788
0.223788
0.223788
0.223788
0.223788
0.223788
0.223788
0.223788
0.223788
0.223788
0.223788
0.223788
0.223788
0.223788
0.223788
0.223788
0.223788
0.223788
0.223788
0.223788
0.223788
0.223788
0.223788
0.223788
0.223609
0.223609
0.223609
0.223609
0.223609
0.223439
0.223254
0.223254
0.223254
0.223254
0.223254
0.223254
0.223254
0.223254
0.223254
0.223254
0.223254
0.223254
0.223167
0.223167
0.223167
0.223167
0.223167
0.223167
0.222460
0.222460
0.222460
0.222460
0.222460
0.222321
0.222321
0.222321
0.222321
0.222321
0.222321
0.221126
0.221126
0.220710
0.220699
0.220699
0.220699
0.220699
0.220699
0.220699
0.220699
0.220699
0.220699
0.220699
0.220295
0.220295
0.220295
0.220295
0.220295
0.220295
0.220295
0.220295
0.220295
0.220295
0.220295
0.220295
0.220295
0.220295
0.220295
0.220295
0.220295
0.220295
0.220295
0.220295
0.220295
0.220295
0.220295
0.220295
0.220295
0.220295
0.220295
0.220295
0.220295
0.220295
0.220295
0.220295
0.220295
0.220295
0.220295
0.220165
0.220165
0.220165
0.220165
0.220165
0.220165
0.219268
0.219268
0.219268
0.219268
0.219268
0.219268
0.219248
0.219248
0.219248
0.219248
0.219248
0.219248
0.219248
0.219248
0.219248
0.219248
0.219248
0.219110
0.219090
0.219090
0.219090
0.219090
0.218954
0.218954
0.218954
0.218954
0.218954
0.218954
0.218954
0.218954
0.218954
0.218954
0.218954
0.218954
0.218954
0.218954
0.218954
0.218954
0.218954
0.218954
0.218954
0.218621
0.218621
0.216898
0.216898
0.216871
0.216871
0.216871
0.216871
0.216871
0.216389
0.216389
0.216389
0.216389
0.216389
0.216388
0.216388
0.216388
0.216388
0.216187
0.216187
0.216187
0.216187
0.216187
0.216187
0.216187
0.216187
0.216187
0.216187
0.216187
0.216187
0.215961
0.215961
0.215961
0.215961
0.215961
0.215961
0.215961
0.215961
0.215913
0.215762
0.215560
0.215560
0.215531
0.215531
0.215531
0.215531
0.215531
0.214885
0.214885
0.214885
0.214885
0.214885
0.214885
0.214885
0.214885
0.214885
0.214885
0.214885
0.214885
0.214885
0.214885
0.214885
0.214567
0.214567
0.214567
0.214567
0.214567
0.214567
0.214567
0.213988
0.213988
0.213988
0.213988
0.213988
0.213670
0.213670
0.213670
0.213670
0.213670
0.213590
0.213590
0.213590
0.213590
0.213590
0.213590
0.213590
0.213590
0.213590
0.213590
0.213590
0.213590
0.213590
0.213590
0.213590
0.213590
0.213590
0.213590
0.213590
0.213590
0.213590
0.213590
0.213590
0.213590
0.213590
0.213590
0.213590
0.213585
0.213585
0.213585
0.213018
0.212933
0.212853
0.212853
0.212853
0.212853
0.212853
0.212853
0.212853
0.212853
0.212853
0.212853
0.212853
0.212853
0.212853
0.212853
0.212402
0.212402
0.212402
0.211950
0.211950
0.211950
0.211950
0.211950
0.211950
0.211950
0.211950
0.211950
0.211950
0.211950
0.211950
0.211838
0.211838
0.211838
0.211838
0.211396
0.211396
0.211396
0.211396
0.211396
0.211396
0.211396
0.211396
0.211396
0.211396
0.211396
0.211396
0.211396
0.211396
0.210580
0.210580
0.210580
0.210580
0.210580
0.210580
0.210580
0.210580
0.210580
0.210580
0.210580
0.210580
0.210580
0.210580
0.210300
0.208166
0.208166
0.208166
0.208166
0.208166
0.208166
0.208166
0.208166
0.208166
0.208166
0.208166
0.208166
0.208166
0.208166
0.208166
0.208166
0.208166
0.208166
0.208166
0.208133
0.208133
0.208133
0.207697
0.207697
0.207697
0.207697
0.207697
0.207697
0.207697
0.207697
0.207697
0.207697
0.207697
0.207697
0.207697
0.207697
0.207697
0.207697
0.207697
0.207697
0.207697
0.207697
0.207409
0.207409
0.207409
0.207409
0.207409
0.207409
0.207409
0.206962
0.206939
0.206939
0.206779
0.206779
0.206779
0.206779
0.206779
0.206779
0.206779
0.206779
0.206779
0.206779
0.206779
0.206779
0.206779
0.206779
0.206779
0.206779
0.206779
0.206755
0.206755
0.206755
0.206755
0.206755
0.206755
0.206755
0.206755
0.206755
0.206755
0.206755
0.206755
0.206755
0.206755
0.206755
0.206755
0.206755
0.206755
0.206755
0.206755
0.206755
0.206755
0.206607
0.206607
0.206365
0.206365
0.206365
0.206365
0.206365
0.206365
0.206365
0.206365
0.205448
0.205448
0.205206
0.205206
0.205206
0.205195
0.205195
0.205077
0.205077
0.205077
0.205077
0.205066
0.205066
0.205066
0.205066
0.205066
0.205066
0.205066
0.205066
0.205062
0.205062
0.205062
0.205062
0.205062
0.205062
0.205062
0.205062
0.205062
0.205062
0.205062
0.205062
0.205062
0.205062
0.205062
0.205062
0.205062
0.205062
0.205062
0.205062
0.205062
0.205062
0.205062
0.205062
0.205062
0.205062
0.205062
0.205062
0.205062
0.205062
0.205062
0.205062
0.205062
0.205062
0.205062
0.205062
0.205062
0.205062
0.204981
0.204981
0.204981
0.204981
0.204981
0.204981
0.204981
0.204981
0.204981
0.204981
0.204981
0.204981
0.204981
0.204981
0.204981
0.204981
0.204793
0.204793
0.204793
0.204793
0.204793
0.204793
0.204793
0.204388
0.204388
0.204388
0.204233
0.204233
0.204233
0.204233
0.204233
0.204233
0.201944
0.201944
0.201944
0.201942
0.201942
0.201942
0.201942
0.201942
0.201942
0.201942
0.201942
0.201942
0.201942
0.201942
0.201942
0.201942
0.201942
0.201942
0.201942
0.201942
0.201928
0.201928
0.201928
0.201928
0.201928
0.201928
0.201928
0.201928
0.201928
0.201928
0.201928
0.201928
0.201928
0.201928
0.201926
0.201926
0.201299
0.201299
0.201155
0.201152
0.201139
0.201139
0.200265
0.200265
0.200265
0.200265
0.200265
0.200265
0.200265
0.200265
0.200265
0.200265
0.200265
0.200265
0.200265
0.199446
0.199288
0.199288
0.199288
0.199288
0.199288
0.199288
0.199288
0.199288
0.199288
0.199288
0.199288
0.199288
0.199288
0.199269
0.199269
0.199269
0.199188
0.199188
0.199188
0.199188
0.199188
0.199188
0.199188
0.199188
0.199169
0.199169
0.199169
0.199169
0.199169
0.199169
0.198211
0.198211
0.198211
0.198211
0.197346
0.197346
0.197346
0.197346
0.197346
0.197346
0.197346
0.197346
0.197346
0.197346
0.197346
0.197346
0.197346
0.197346
0.197346
0.197346
0.197346
0.197346
0.197346
0.197346
0.197346
0.197346
0.197346
0.197329
0.197329
0.196786
0.196715
0.196715
0.196502
0.196502
0.196502
0.195959
0.195959
0.195959
0.195959
0.195959
0.195959
0.195959
0.195959
0.195959
0.195959
0.195959
0.195959
0.195959
0.195959
0.195959
0.195959
0.195959
0.195959
0.195959
0.195959
0.195959
0.195959
0.195959
0.195905
0.195905
0.195905
0.195905
0.195905
0.195905
0.195905
0.195905
0.195905
0.195382
0.195382
0.195382
0.194154
0.194089
0.194089
0.194089
0.194089
0.194089
0.194089
0.194089
0.194089
0.194089
0.194089
0.194089
0.194089
0.194089
0.194089
0.194089
0.194089
0.194085
0.194085
0.194085
0.194085
0.194085
0.194085
0.194085
0.194085
0.194085
0.194085
0.194085
0.194085
0.194080
0.194080
0.194080
0.193922
0.193922
0.193922
0.193922
0.193922
0.193922
0.193922
0.193922
0.193922
0.193922
0.193922
0.193922
0.193720
0.193720
0.193562
0.193562
0.193562
0.193562
0.193562
0.193562
0.193562
0.193562
0.193562
0.193562
0.193562
0.193261
0.193261
0.193261
0.193261
0.193261
0.193261
0.193261
0.193261
0.193261
0.193261
0.193261
0.193261
0.193261
0.193209
0.193209
0.193209
0.193209
0.193209
0.193209
0.193209
0.193209
0.193209
0.193209
0.193209
0.193209
0.193209
0.193113
0.193113
0.193113
0.193113
0.193113
0.193113
0.193113
0.193113
0.193113
0.193113
0.193113
0.192919
0.192919
0.192919
0.192919
0.192919
0.192919
0.192919
0.192895
0.192895
0.192895
0.192895
0.192832
0.192832
0.192832
0.192814
0.192814
0.192814
0.192814
0.192814
0.192814
0.192814
0.192814
0.192814
0.192814
0.192814
0.192814
0.192814
0.192805
0.192805
0.192805
0.192805
0.192805
0.192805
0.192805
0.192805
0.192805
0.192805
0.192805
0.192802
0.192802
0.192802
0.192056
0.192056
0.192056
0.192056
0.192056
0.192056
0.192056
0.192056
0.192056
0.192056
0.192056
0.192056
0.192056
0.192056
0.192056
0.192056
0.191860
0.191860
0.191860
0.191860
0.191860
0.191858
0.191858
0.191858
0.191295
0.191295
0.191295
0.191295
0.191295
0.191295
0.191295
0.191099
0.191099
0.191099
0.191099
0.191092
0.191092
0.191092
0.191092
0.191092
0.191092
0.191092
0.191092
0.191092
0.191092
0.191092
0.191092
0.191092
0.191092
0.191092
0.191092
0.191092
0.191092
0.191092
0.191092
0.191092
0.191092
0.191092
0.191092
0.191092
0.191092
0.191012
0.191012
0.191012
0.191012
0.191012
0.191012
0.191012
0.191012
0.191012
0.191012
0.191012
0.191012
0.191012
0.191012
0.191012
0.191012
0.191012
0.191012
0.190417
0.190417
0.190417
0.190417
0.190417
0.190417
0.190417
0.190417
0.190417
0.190417
0.190417
0.190417
0.190417
0.190417
0.190223
0.190223
0.190223
0.190223
0.190223
0.190223
0.190223
0.190223
0.190223
0.190223
0.190223
0.190223
0.190223
0.190223
0.190116
0.189007
0.189007
0.189007
0.189007
0.189007
0.189007
0.189007
0.189007
0.189007
0.189007
0.189007
0.189007
0.189007
0.189007
0.189007
0.189007
0.188956
0.188953
0.188953
0.188941
0.187809
0.187809
0.187809
0.187809
0.187809
0.187809
0.187809
0.187732
0.187732
0.187179
0.187179
0.187179
0.187179
0.187179
0.187179
0.187179
0.187179
0.187179
0.187179
0.187179
0.187179
0.187179
0.187179
0.187179
0.187179
0.187179
0.187179
0.187179
0.187179
0.187179
0.187179
0.187179
0.187179
0.187179
0.187179
0.187179
0.187179
0.187179
0.187179
0.187179
0.187099
0.187099
0.187099
0.187099
0.187099
0.187099
0.187099
0.187099
0.187099
0.187099
0.187099
0.187099
0.187099
0.187099
0.187099
0.187099
0.187099
0.187099
0.187099
0.187099
0.187062
0.187062
0.187062
0.187062
0.187062
0.187035
0.187035
0.187035
0.187035
0.187035
0.187035
0.187035
0.187035
0.187035
0.187035
0.187035
0.187035
0.187035
0.187035
0.187035
0.187035
0.187035
0.187035
0.187035
0.187035
0.187035
0.187035
0.187035
0.187035
0.187035
0.187035
0.187035
0.187035
0.187035
0.187035
0.187035
0.187035
0.187035
0.187035
0.187035
0.187035
0.187035
0.187035
0.187035
0.187035
0.187035
0.187035
0.187035
0.187035
0.187035
0.187035
0.187035
0.187035
0.187035
0.187035
0.187035
0.187035
0.187035
0.187035
0.187035
0.187035
0.187035
0.187035
0.187027
0.187027
0.187027
0.186700
0.186700
0.186694
0.186694
0.186694
0.186694
0.186694
0.186694
0.186694
0.186694
0.186694
0.186694
0.186668
0.186668
0.186668
0.186668
0.186668
0.186668
0.186668
0.186668
0.186570
0.186570
0.186570
0.186570
0.186500
0.186500
0.186500
0.186500
0.186500
0.186500
0.185678
0.185678
0.185678
0.185678
0.185678
0.185678
0.185678
0.185678
0.185678
0.185678
0.185678
0.185678
0.185678
0.185678
0.185678
0.185678
0.185678
0.185678
0.185678
0.185678
0.185678
0.185678
0.185678
0.185678
0.185581
0.185581
0.185581
0.185581
0.185581
0.185581
0.185524
0.185518
0.185518
0.185518
0.185518
0.185518
0.185518
0.185518
0.185518
0.185518
0.185518
0.185518
0.185518
0.185205
0.185205
0.185205
0.185205
0.185205
0.185205
0.185054
0.185054
0.185054
0.185054
0.185054
0.185054
0.185054
0.185054
0.185054
0.185054
0.185054
0.185054
0.185054
0.185054
0.185054
0.185054
0.185054
0.185028
0.184925
0.184925
0.184925
0.184862
0.184862
0.184862
0.184862
0.184862
0.184862
0.184862
0.183607
0.183607
0.183607
0.183607
0.183607
0.183581
0.183581
0.183581
0.183581
0.183581
0.183581
0.183581
0.183523
0.183523
0.183523
0.183523
0.183523
0.183523
0.183523
0.183413
0.183413
0.183413
0.183413
0.183413
0.183413
0.183413
0.183413
0.183342
0.183342
0.183342
0.183342
0.183342
0.183342
0.183342
0.183342
0.183176
0.183176
0.183176
0.183176
0.183176
0.183176
0.183176
0.183176
0.183176
0.183176
0.183176
0.183176
0.183176
0.183176
0.183176
0.183176
0.183176
0.183176
0.183176
0.183176
0.183176
0.183176
0.183176
0.183176
0.183176
0.183176
0.183176
0.183176
0.183176
0.181708
0.181708
0.181708
0.181708
0.181708
0.181708
0.181708
0.181621
0.181621
0.181621
0.181621
0.181621
0.181621
0.181621
0.181621
0.181621
0.181621
0.181621
0.181621
0.181360
0.181360
0.181360
0.181360
0.181360
0.181360
0.181360
0.181360
0.181360
0.181360
0.181360
0.181360
0.181360
0.181360
0.181360
0.181360
0.181311
0.181230
0.181230
0.181230
0.181230
0.181230
0.181105
0.181105
0.181105
0.181105
0.181105
0.181105
0.181105
0.181105
0.181099
0.181099
0.181099
0.181099
0.181099
0.181099
0.181099
0.181099
0.181099
0.181099
0.181099
0.181089
0.181068
0.181068
0.181068
0.181068
0.181068
0.181068
0.181068
0.181068
0.181068
0.181068
0.181068
0.181068
0.181068
0.181068
0.181068
0.181068
0.181068
0.181068
0.181068
0.181068
0.181068
0.181068
0.181068
0.181068
0.181068
0.181068
0.181068
0.180305
0.180305
0.180305
0.180305
0.180305
0.180305
0.180305
0.180305
0.180305
0.180305
0.180305
0.180305
0.180305
0.180305
0.180305
0.180305
0.180305
0.180305
0.180305
0.180305
0.180305
0.180305
0.180305
0.180305
0.180305
0.180197
0.180197
0.180197
0.180197
0.180197
0.180197
0.180197
0.180197
0.180197
0.180197
0.180197
0.180197
0.180197
0.180197
0.180197
0.180197
0.180197
0.180197
0.180197
0.180197
0.180197
0.180197
0.180197
0.180197
0.180197
0.180197
0.180197
0.180197
0.180197
0.180197
0.180197
0.180197
0.180197
0.180197
0.179465
0.179465
0.179465
0.179465
0.179465
0.179465
0.179465
0.179465
0.179465
0.179465
0.179465
0.179465
0.179465
0.179465
0.178773
0.178773
0.178773
0.178773
0.178773
0.178773
0.178773
0.178773
0.178773
0.178773
0.178773
0.178773
0.178773
0.178773
0.178773
0.178773
0.178773
0.178773
0.178773
0.178773
0.178773
0.178773
0.178773
0.178773
0.178773
0.178773
0.178773
0.178773
0.178773
0.178773
0.178773
0.178773
0.178773
0.178773
0.178773
0.178773
0.178773
0.178773
0.178773
0.178773
0.178773
0.178773
0.178773
0.178773
0.178773
0.178773
0.178762
0.178762
0.178762
0.178193
0.178193
0.178193
0.178193
0.178193
0.178193
0.178193
0.178193
0.178193
0.178193
0.178193
0.178193
0.178193
0.178193
0.178193
0.178193
0.178089
0.178089
0.178089
0.178089
0.178089
0.178089
0.178089
0.178089
0.178089
0.177133
0.177133
0.177133
0.177133
0.177133
0.177133
0.177133
0.177133
0.177133
0.177133
0.177133
0.177121
0.177121
0.177074
0.177074
0.176031
0.176031
0.176031
0.176031
0.176031
0.176031
0.176031
0.176031
0.175447
0.175447
0.175447
0.175447
0.175447
0.175149
0.175149
0.175095
0.175095
0.175074
0.175074
0.175074
0.175074
0.175074
0.175074
0.175074
0.175066
0.175065
0.175065
0.175065
0.175065
0.175059
0.175059
0.175059
0.175059
0.175059
0.175059
0.175059
0.175059
0.175059
0.175059
0.175059
0.175059
0.175059
0.175059
0.175059
0.175059
0.175059
0.175059
0.174752
0.174752
0.174752
0.174752
0.174752
0.174752
0.174752
0.174752
0.174752
0.174752
0.174752
0.174752
0.174752
0.174752
0.174752
0.174752
0.174752
0.174752
0.174752
0.174752
0.174752
0.174752
0.174752
0.174752
0.174752
0.174752
0.174752
0.174752
0.174696
0.174696
0.174696
0.174696
0.174696
0.174696
0.174696
0.174696
0.174696
0.174696
0.174696
0.174696
0.174696
0.174696
0.174696
0.174696
0.174696
0.174696
0.174585
0.174585
0.174585
0.174585
0.173003
0.173003
0.173003
0.173003
0.173003
0.173003
0.173003
0.173003
0.173003
0.173003
0.173003
0.173003
0.173003
0.173003
0.173003
0.172996
0.172996
0.172996
0.172996
0.172996
0.172996
0.172996
0.172996
0.172996
0.172996
0.172996
0.172996
0.172996
0.172996
0.172996
0.172996
0.172996
0.172996
0.172996
0.172996
0.172996
0.172996
0.172996
0.172996
0.172996
0.172996
0.172996
0.172996
0.172996
0.172996
0.172996
0.172996
0.172996
0.172996
0.172996
0.172996
0.172996
0.172996
0.172996
0.172996
0.172996
0.172885
0.172885
0.172885
0.172885
0.172847
0.172847
0.172847
0.172826
0.172826
0.172826
0.172826
0.172745
0.172745
0.172745
0.172723
0.172723
0.172723
0.172723
0.172723
0.172723
0.172723
0.172723
0.172723
0.172214
0.172214
0.172214
0.172103
0.172103
0.172103
0.172103
0.172103
0.172103
0.172103
0.172103
0.172103
0.172068
0.172068
0.172068
0.172068
0.172068
0.172068
0.172068
0.172068
0.172068
0.172068
0.172068
0.172068
0.172068
0.172068
0.172068
0.172068
0.172068
0.172068
0.172068
0.172068
0.172068
0.172068
0.172068
0.172068
0.172068
0.172068
0.172068
0.172068
0.172068
0.172068
0.172068
0.172068
0.172068
0.172068
0.172068
0.172068
0.172068
0.172068
0.172068
0.172068
0.172068
0.172068
0.172068
0.172068
0.172068
0.172068
0.172001
0.172001
0.172001
0.172001
0.172001
0.172001
0.172001
0.172001
0.172001
0.172001
0.172001
0.172001
0.172001
0.172001
0.172001
0.172001
0.172001
0.172001
0.172001
0.170910
0.170910
0.170910
0.170910
0.170910
0.170910
0.170910
0.170910
0.170910
0.170910
0.170910
0.170910
0.170910
0.170910
0.170910
0.170910
0.170910
0.170910
0.170910
0.170910
0.170910
0.170910
0.170626
0.170626
0.170626
0.170559
0.170559
0.170192
0.170136
0.170136
0.170136
0.170136
0.170136
0.169613
0.169613
0.169613
0.169613
0.169613
0.169613
0.169613
0.169613
0.169613
0.169613
0.169613
0.169613
0.169613
0.169613
0.169613
0.169613
0.169613
0.169520
0.169520
0.169520
0.169520
0.169520
0.169520
0.169520
0.169520
0.169520
0.169520
0.169520
0.169520
0.168795
0.168795
0.168795
0.168795
0.168795
0.168795
0.168795
0.168363
0.168363
0.168363
0.168363
0.168363
0.168363
0.168363
0.168363
0.168363
0.168363
0.168363
0.168363
0.168363
0.168363
0.168363
0.168363
0.168363
0.167004
0.167004
0.167004
0.167004
0.167004
0.167004
0.167004
0.166905
0.166905
0.166905
0.166905
0.166905
0.166663
0.166663
0.166663
0.166663
0.166663
0.166265
0.166265
0.166265
0.166265
0.166265
0.166265
0.166228
0.166228
0.166228
0.166228
0.166228
0.166228
0.166228
0.166228
0.166228
0.166228
0.166228
0.166228
0.166228
0.165769
0.165769
0.165733
0.165733
0.165733
0.165733
0.165487
0.165487
0.165487
0.165487
0.165402
0.165188
0.165188
0.165188
0.165188
0.165188
0.165188
0.165188
0.165188
0.165188
0.165188
0.165188
0.165162
0.165162
0.165162
0.165162
0.165162
0.165162
0.165162
0.165162
0.164924
0.164924
0.164924
0.164924
0.164924
0.164924
0.164924
0.164924
0.164924
0.164924
0.164924
0.164924
0.164924
0.164924
0.164924
0.164924
0.164924
0.164924
0.164924
0.164897
0.164897
0.164897
0.164831
0.164831
0.164831
0.164831
0.164831
0.164831
0.164831
0.164831
0.164831
0.164831
0.164831
0.164831
0.164831
0.164831
0.164831
0.164831
0.164831
0.164831
0.164831
0.164831
0.164831
0.164831
0.164831
0.164831
0.164831
0.164831
0.164831
0.164831
0.164831
0.164831
0.164831
0.164366
0.164366
0.164366
0.164366
0.164366
0.164366
0.164366
0.161720
0.161720
0.161720
0.161720
0.161720
0.161720
0.161720
0.161720
0.161720
0.161720
0.161720
0.161720
0.161720
0.161720
0.161720
0.161720
0.161720
0.161720
0.161720
0.161720
0.161720
0.161720
0.161720
0.161720
0.161720
0.161720
0.161720
0.161720
0.161720
0.161720
0.161720
0.161720
0.161720
0.161720
0.161720
0.161720
0.161720
0.161720
0.161365
0.161365
0.161365
0.161305
0.161305
0.161305
0.161305
0.161305
0.161305
0.161305
0.161305
0.161305
0.161252
0.161252
0.161252
0.161252
0.161252
0.161252
0.161252
0.161252
0.161252
0.161252
0.160580
0.160580
0.160580
0.160580
0.160580
0.158985
0.158985
0.158985
0.158985
0.158985
0.158985
0.158985
0.158985
0.158985
0.158985
0.158985
0.158801
0.158801
0.158719
0.158719
0.158719
0.158719
0.158719
0.158719
0.158719
0.158699
0.158699
0.158699
0.158699
0.158699
0.158699
0.158699
0.158699
0.158699
0.158699
0.158699
0.158699
0.158699
0.158627
0.158627
0.158627
0.158627
0.158627
0.158602
0.158602
0.158395
0.158395
0.158395
0.158395
0.158395
0.158395
0.158395
0.158395
0.158395
0.158395
0.158395
0.158384
0.158384
0.158384
0.158384
0.158384
0.158384
0.158312
0.158312
0.158312
0.158312
0.158312
0.158312
0.158312
0.158312
0.158312
0.158312
0.158312
0.158312
0.158312
0.158312
0.158312
0.158312
0.158312
0.158312
0.154948
0.154948
0.154948
0.154948
0.154948
0.154948
0.154948
0.154948
0.154948
0.154948
0.154948
0.154948
0.154948
0.154948
0.154948
0.154948
0.154948
0.154948
0.154948
0.154948
0.154873
0.154873
0.154873
0.154873
0.154873
0.154873
0.154873
0.154865
0.154865
0.154865
0.154865
0.154865
0.154865
0.154865
0.154865
0.154865
0.154865
0.154865
0.154865
0.154865
0.154865
0.154389
0.154389
0.154389
0.154389
0.154389
0.154389
0.154389
0.154389
0.154389
0.154389
0.154372
0.154372
0.154372
0.154372
0.154372
0.154247
0.154247
0.154247
0.154247
0.154247
0.154018
0.154018
0.154018
0.154018
0.154018
0.154018
0.154018
0.154018
0.154018
0.154018
0.154018
0.154018
0.154018
0.154018
0.154018
0.154018
0.154018
0.154018
0.154018
0.154018
0.154018
0.154018
0.154018
0.154018
0.154018
0.154018
0.154018
0.154018
0.154018
0.154018
0.154018
0.154018
0.154018
0.154018
0.153546
0.153546
0.153546
0.153546
0.153546
0.153546
0.153546
0.153546
0.153546
0.153546
0.153546
0.153546
0.153546
0.153546
0.153546
0.153546
0.153546
0.153546
0.153546
0.153546
0.153546
0.153546
0.153546
0.153247
0.153247
0.153247
0.153247
0.153247
0.153247
0.153247
0.153247
0.153247
0.153247
0.153247
0.153247
0.153247
0.153078
0.153078
0.153076
0.153076
0.153076
0.153076
0.153076
0.153070
0.153070
0.153070
0.153070
0.153070
0.153070
0.153070
0.153070
0.153070
0.153070
0.153070
0.153070
0.153070
0.153070
0.153070
0.153070
0.153070
0.153070
0.153070
0.153070
0.153070
0.153070
0.153070
0.153070
0.153070
0.153070
0.153070
0.153070
0.153070
0.153070
0.153070
0.153070
0.153070
0.153070
0.153070
0.153070
0.153070
0.153070
0.153070
0.153070
0.153070
0.153070
0.153070
0.153070
0.153070
0.153070
0.153070
0.153070
0.153070
0.153070
0.153070
0.153070
0.153070
0.153070
0.153070
0.153049
0.153049
0.153049
0.152891
0.152891
0.152891
0.152891
0.152891
0.152891
0.152891
0.152891
0.152891
0.152891
0.152839
0.152839
0.152839
0.152839
0.152839
0.152839
0.152839
0.152839
0.152839
0.152839
0.152839
0.152839
0.152839
0.152839
0.152839
0.152839
0.152839
0.152839
0.152839
0.152839
0.152839
0.152839
0.152839
0.152839
0.152839
0.152839
0.152839
0.152839
0.152839
0.152839
0.152839
0.152839
0.152839
0.152839
0.152839
0.152821
0.152821
0.152821
0.152821
0.152821
0.152821
0.152821
0.152821
0.152821
0.152821
0.152821
0.152820
0.152820
0.152820
0.152820
0.152820
0.152796
0.152795
0.152795
0.152795
0.152791
0.152791
0.152791
0.152791
0.152791
0.152791
0.152791
0.152791
0.152791
0.152791
0.152791
0.152791
0.152791
0.152791
0.152791
0.152791
0.152791
0.152791
0.152791
0.152791
0.152791
0.152791
0.152791
0.152791
0.152791
0.152791
0.152791
0.152791
0.152791
0.152791
0.152791
0.152791
0.152791
0.152791
0.152791
0.152791
0.152791
0.152791
0.152043
0.152043
0.152043
0.152043
0.152043
0.152017
0.152017
0.152017
0.152017
0.152017
0.152017
0.152017
0.152017
0.152017
0.152017
0.152017
0.152017
0.152017
0.152017
0.152017
0.152017
0.152017
0.152017
0.152017
0.152017
0.152017
0.152017
0.152017
0.152017
0.151968
0.151968
0.151968
0.151968
0.151968
0.151968
0.151968
0.151968
0.151968
0.151968
0.151968
0.151968
0.151968
0.151968
0.151968
0.151968
0.151968
0.151968
0.151968
0.151968
0.151968
0.151938
0.151938
0.151938
0.151938
0.151938
0.151938
0.151938
0.151887
0.151887
0.151887
0.151887
0.151887
0.151887
0.151887
0.151887
0.151734
0.151734
0.151734
0.151734
0.151734
0.151734
0.151734
0.151734
0.151734
0.151727
0.151727
0.151727
0.151688
0.151688
0.151688
0.151688
0.151688
0.151688
0.151688
0.151688
0.151688
0.151688
0.151688
0.151688
0.151688
0.151688
0.151688
0.151688
0.151688
0.151688
0.151688
0.151688
0.151688
0.151688
0.151688
0.151688
0.151688
0.151688
0.151688
0.151688
0.151460
0.151460
0.151460
0.151460
0.151460
0.151460
0.151460
0.151460
0.151460
0.151133
0.151133
0.151133
0.151133
0.151133
0.151133
0.151133
0.151133
0.151133
0.151133
0.151133
0.151133
0.151133
0.151133
0.151133
0.151084
0.151084
0.151084
0.151084
0.151084
0.151084
0.151084
0.151084
0.151084
0.151084
0.151084
0.151084
0.151084
0.151084
0.151084
0.151084
0.151084
0.150949
0.150949
0.150949
0.150900
0.150900
0.150163
0.150163
0.150163
0.150163
0.150163
0.150163
0.150163
0.150163
0.150163
0.150163
0.150163
0.150163
0.150163
0.150163
0.150163
0.150163
0.150163
0.150163
0.150116
0.150116
0.150116
0.150116
0.150116
0.150116
0.150116
0.150116
0.150116
0.150116
0.150116
0.150116
0.150116
0.150116
0.150116
0.150116
0.150116
0.150116
0.150116
0.150116
0.150116
0.150116
0.150116
0.150116
0.149438
0.149438
0.149279
0.149279
0.149279
0.149279
0.149279
0.149279
0.149279
0.149279
0.149279
0.149279
0.149279
0.149279
0.149279
0.149279
0.149279
0.149279
0.149279
0.149229
0.149229
0.149229
0.149116
0.149116
0.149079
0.149079
0.149029
0.149029
0.149029
0.149029
0.148675
0.148675
0.148675
0.148675
0.148675
0.148192
0.148192
0.148192
0.148192
0.148192
0.148175
0.147999
0.147999
0.147999
0.147999
0.147999
0.147999
0.147999
0.147999
0.147903
0.147903
0.147903
0.147903
0.147903
0.147903
0.147903
0.147903
0.147903
0.147903
0.147903
0.147903
0.147903
0.147903
0.147903
0.147903
0.147903
0.147903
0.147903
0.147903
0.147903
0.147903
0.147903
0.147903
0.147903
0.147903
0.147903
0.147903
0.147903
0.147903
0.147903
0.147903
0.147903
0.147903
0.147903
0.147521
0.147521
0.147521
0.147521
0.147521
0.147521
0.147521
0.147521
0.147521
0.147521
0.147521
0.147521
0.147521
0.147521
0.147521
0.147521
0.147521
0.147521
0.147521
0.147521
0.147521
0.147521
0.147521
0.147521
0.147521
0.147521
0.147521
0.147521
0.147521
0.147521
0.147521
0.147521
0.147521
0.147521
0.147521
0.147521
0.147521
0.147521
0.147521
0.147521
0.147521
0.147521
0.147521
0.146929
0.146927
0.146927
0.146927
0.146927
0.146927
0.146927
0.146927
0.146927
0.146927
0.146927
0.146927
0.146927
0.146927
0.146927
0.146927
0.146927
0.146927
0.146927
0.146927
0.146927
0.146927
0.146927
0.146927
0.146927
0.146927
0.146927
0.146927
0.146927
0.146927
0.146927
0.146927
0.146927
0.146927
0.146927
0.146878
0.146878
0.146878
0.146878
0.146878
0.146878
0.146878
0.146878
0.146878
0.146878
0.146878
0.146878
0.146878
0.146878
0.146878
0.146878
0.146878
0.146878
0.146878
0.146878
0.146878
0.146878
0.146878
0.146878
0.146878
0.146878
0.146878
0.146878
0.146878
0.146878
0.146878
0.146878
0.146878
0.146878
0.146878
0.146878
0.146878
0.146861
0.146835
0.146835
0.146835
0.146835
0.146835
0.146835
0.146818
0.146818
0.146818
0.146818
0.146818
0.146818
0.146818
0.146818
0.146818
0.146818
0.146818
0.146818
0.146818
0.146818
0.146818
0.146818
0.146818
0.146818
0.146818
0.146818
0.146818
0.146818
0.146818
0.146818
0.146808
0.146808
0.146808
0.146808
0.146808
0.146407
0.146407
0.146407
0.146407
0.146407
0.146407
0.146407
0.146407
0.146407
0.146407
0.146407
0.146407
0.146367
0.146246
0.146246
0.146246
0.146246
0.146246
0.146246
0.146246
0.146246
0.146246
0.145878
0.145878
0.145878
0.145878
0.145878
0.145878
0.145878
0.145878
0.145878
0.145878
0.145878
0.145878
0.145878
0.145878
0.145878
0.145878
0.145878
0.145878
0.145878
0.145878
0.145878
0.145878
0.145878
0.145878
0.145878
0.145878
0.145878
0.145878
0.145878
0.145878
0.145878
0.145878
0.145878
0.145878
0.145878
0.145878
0.145878
0.145878
0.145878
0.145878
0.145878
0.145878
0.145878
0.145878
0.145878
0.145708
0.145708
0.145708
0.145708
0.145708
0.145708
0.145708
0.145708
0.145708
0.145708
0.145708
0.145708
0.145708
0.145708
0.145708
0.144559
0.144559
0.144559
0.144559
0.144559
0.144559
0.144559
0.144559
0.144559
0.144378
0.144378
0.144378
0.144354
0.144354
0.144354
0.144354
0.144354
0.144354
0.144354
0.144354
0.144354
0.144354
0.144347
0.144347
0.144347
0.144347
0.144347
0.144347
0.144347
0.144347
0.144347
0.144347
0.144347
0.144347
0.144347
0.142516
0.142516
0.142516
0.142511
0.142511
0.142511
0.142511
0.142511
0.142511
0.142511
0.142511
0.142511
0.142429
0.142429
0.142429
0.142429
0.142429
0.142429
0.142429
0.142429
0.141842
0.141842
0.141842
0.141842
0.141842
0.141842
0.141842
0.141842
0.141842
0.141842
0.141842
0.141842
0.141842
0.141729
0.141729
0.141729
0.141729
0.141729
0.141729
0.141729
0.141729
0.141729
0.141729
0.141729
0.141729
0.141729
0.141729
0.141729
0.141729
0.141729
0.141729
0.141729
0.141729
0.141729
0.141729
0.141729
0.141720
0.141720
0.141720
0.141720
0.141720
0.141720
0.141720
0.141720
0.141720
0.141720
0.141720
0.141720
0.141720
0.141720
0.141720
0.141720
0.141720
0.141720
0.141720
0.141720
0.141720
0.141720
0.141720
0.141720
0.141720
0.141720
0.141720
0.141720
0.141720
0.141720
0.141720
0.141720
0.141720
0.141720
0.141720
0.141720
0.141720
0.141720
0.141720
0.141720
0.141720
0.141720
0.141720
0.141699
0.141699
0.141699
0.141699
0.141699
0.141659
0.141659
0.141634
0.141634
0.141634
0.141634
0.141634
0.141634
0.141634
0.141634
0.141634
0.141634
0.141634
0.141634
0.141634
0.141634
0.141634
0.141634
0.141634
0.141634
0.141634
0.141186
0.141186
0.141186
0.141186
0.141186
0.141186
0.141186
0.141186
0.140939
0.140939
0.140939
0.140939
0.140939
0.140939
0.140939
0.140939
0.140939
0.140939
0.140939
0.140939
0.140939
0.140939
0.140939
0.140939
0.140939
0.140939
0.139767
0.139767
0.139693
0.139693
0.139693
0.139693
0.139693
0.139693
0.139693
0.139693
0.139693
0.139693
0.139693
0.139693
0.139693
0.139693
0.139693
0.139693
0.139693
0.139693
0.139693
0.139693
0.139693
0.139693
0.139693
0.139693
0.139693
0.139693
0.139693
0.139693
0.139693
0.139693
0.139693
0.139693
0.139693
0.139693
0.139693
0.139693
0.139693
0.139693
0.139693
0.139693
0.139693
0.139693
0.139693
0.139649
0.139649
0.139649
0.139649
0.139649
0.139649
0.139609
0.139609
0.139609
0.139609
0.139609
0.139609
0.139609
0.139478
0.139478
0.139438
0.139438
0.139438
0.139438
0.139438
0.139438
0.139438
0.139438
0.139438
0.139438
0.139438
0.139438
0.139438
0.139438
0.139438
0.139438
0.139438
0.139438
0.139438
0.139438
0.139438
0.139352
0.139352
0.139352
0.139352
0.139352
0.139352
0.139352
0.139352
0.139352
0.139352
0.139352
0.139352
0.139352
0.139352
0.139352
0.139352
0.139352
0.139334
0.139296
0.139296
0.139296
0.139263
0.139263
0.139244
0.139244
0.139244
0.139244
0.139244
0.139244
0.139244
0.139244
0.139244
0.139244
0.139244
0.138735
0.138735
0.138735
0.138733
0.138733
0.138733
0.138733
0.138654
0.138654
0.138654
0.138654
0.138654
0.138654
0.138654
0.138654
0.138654
0.138654
0.138654
0.138654
0.138654
0.138654
0.138654
0.138654
0.138614
0.138614
0.138614
0.138614
0.138614
0.138614
0.138614
0.138614
0.138614
0.138614
0.138614
0.138614
0.138614
0.138614
0.138614
0.138614
0.138614
0.138614
0.138614
0.138614
0.138614
0.138614
0.138614
0.138509
0.138509
0.138509
0.138509
0.138509
0.138509
0.138509
0.138509
0.138509
0.138509
0.138509
0.138509
0.138509
0.138509
0.138509
0.138509
0.138509
0.138509
0.138509
0.138509
0.138509
0.138509
0.138509
0.138509
0.138509
0.138509
0.138509
0.138509
0.138509
0.138509
0.138509
0.138509
0.138509
0.138509
0.138509
0.138509
0.138509
0.138509
0.138509
0.138509
0.138509
0.138509
0.138509
0.138509
0.138509
0.138509
0.138509
0.138509
0.138509
0.138509
0.138509
0.138509
0.138043
0.137689
0.137469
0.137469
0.137469
0.137469
0.137469
0.137469
0.137469
0.137469
0.137469
0.137469
0.137469
0.137469
0.137469
0.137469
0.137469
0.137469
0.135980
0.135980
0.135980
0.135980
0.135980
0.135980
0.135980
0.135980
0.135980
0.135980
0.135980
0.135980
0.135980
0.135980
0.135980
0.135980
0.135980
0.135980
0.135980
0.135980
0.135980
0.135980
0.135812
0.135812
0.135812
0.135812
0.135812
0.135812
0.135812
0.135812
0.135812
0.135812
0.135812
0.135812
0.135812
0.135812
0.135812
0.135812
0.135812
0.135812
0.135812
0.135812
0.135812
0.135812
0.135683
0.135673
0.135673
0.135673
0.135671
0.135671
0.135671
0.135671
0.135671
0.135671
0.135671
0.135671
0.135671
0.135671
0.135671
0.135671
0.135671
0.135671
0.135655
0.135655
0.135655
0.135655
0.135655
0.135655
0.135655
0.135655
0.135655
0.135655
0.135655
0.135655
0.135655
0.135655
0.135655
0.135451
0.135451
0.135451
0.135451
0.135451
0.135451
0.135451
0.135451
0.135451
0.135451
0.135451
0.135451
0.135451
0.135451
0.135451
0.135428
0.135428
0.135428
0.135428
0.135428
0.135428
0.135348
0.135348
0.135011
0.135011
0.135011
0.135011
0.135011
0.133938
0.133938
0.133859
0.133859
0.133859
0.133859
0.133859
0.133859
0.133859
0.133859
0.133859
0.133859
0.133859
0.133859
0.133859
0.133859
0.133859
0.133859
0.133859
0.133806
0.133806
0.133806
0.133806
0.133806
0.133806
0.133806
0.133806
0.133806
0.133806
0.133806
0.133806
0.133806
0.133806
0.133806
0.133806
0.133806
0.133806
0.133741
0.133741
0.133741
0.133741
0.133741
0.133741
0.133741
0.133045
0.133045
0.133045
0.133045
0.133045
0.133045
0.133045
0.133045
0.133045
0.133045
0.133045
0.133045
0.133045
0.133045
0.133045
0.133045
0.133045
0.133045
0.133045
0.133045
0.133045
0.133045
0.133045
0.133045
0.133045
0.133045
0.133045
0.133045
0.133045
0.133045
0.133045
0.133045
0.133045
0.133045
0.133045
0.133045
0.133045
0.133045
0.133045
0.133045
0.133045
0.133045
0.133045
0.133045
0.133045
0.133045
0.133045
0.133045
0.133045
0.133045
0.133045
0.133045
0.133045
0.133045
0.133045
0.133045
0.133045
0.133045
0.133045
0.133045
0.133045
0.133045
0.133045
0.133045
0.133045
0.133045
0.133045
0.133045
0.133045
0.133045
0.133045
0.133045
0.133045
0.133045
0.133045
0.133045
0.133045
0.133045
0.133045
0.133038
0.133038
0.133038
0.133038
0.133038
0.133038
0.133038
0.133038
0.133038
0.133038
0.133038
0.133038
0.133038
0.133038
0.133038
0.133038
0.133038
0.133038
0.133038
0.133038
0.133038
0.132084
0.132084
0.132084
0.132084
0.131844
0.131844
0.131844
0.131844
0.131792
0.131792
0.131792
0.131792
0.131792
0.131792
0.131792
0.131792
0.131792
0.131792
0.131792
0.131792
0.131792
0.131792
0.131792
0.131792
0.131792
0.131792
0.131792
0.131792
0.131792
0.131792
0.131792
0.131065
0.131065
0.131065
0.131065
0.131065
0.131065
0.131065
0.131065
0.131065
0.131065
0.131065
0.131065
0.130384
0.130384
0.130384
0.130384
0.130384
0.130384
0.130384
0.130384
0.130384
0.130384
0.129977
0.129977
0.129977
0.129977
0.129977
0.129977
