365.662857
352.614661
343.630307
325.293597
312.936566
308.872131
300.321716
293.103741
286.624265
278.870303
272.508173
267.139215
263.512689
255.228728
253.112349
251.293008
243.263947
242.904639
240.768637
239.643396
231.254523
227.824609
222.437064
221.638493
219.807790
217.259293
216.002258
213.034590
209.462830
206.664615
202.260410
201.942723
200.328003
195.777196
194.605650
190.708284
188.966556
188.045343
187.143250
185.915439
183.642822
182.494272
179.372871
177.107468
176.986176
173.846931
170.609111
168.489087
165.834805
165.714420
165.438124
164.996518
164.651132
164.362340
163.850188
160.805977
160.250403
159.531435
156.653019
155.717402
154.278101
152.921662
152.262734
148.278837
145.622085
142.384600
138.992171
138.124612
138.124612
135.845799
135.819027
134.341348
132.844522
132.844522
131.284102
130.094874
128.844726
128.844726
127.775879
127.676929
126.171828
125.636821
125.163406
123.401635
122.723934
122.315826
121.963616
120.088919
119.348193
117.129078
113.859975
112.784309
112.195683
110.685659
109.756748
108.985014
108.842211
107.351910
107.318142
106.967837
106.296864
105.517089
104.219802
103.610667
103.610667
103.610667
102.994806
102.753468
102.685720
102.366344
100.719737
99.705133
99.354446
99.354446
99.354446
99.329903
99.329903
97.974522
97.333678
97.282270
97.169456
96.590140
96.253289
95.213807
94.764499
94.691932
94.527389
94.527389
94.319037
94.179739
94.160865
93.972044
93.972044
91.146838
90.736164
90.581721
90.388306
90.000930
89.849033
89.832956
89.832956
89.220638
88.921372
88.487815
87.939554
87.915652
87.915652
87.391956
85.559166
85.180492
85.113667
84.663418
84.252040
83.438171
83.065831
82.933867
82.776133
82.705146
82.030791
81.877811
81.493471
80.755994
80.203854
79.985611
79.870863
78.621877
77.376950
77.356594
76.952644
74.511261
74.144203
73.074174
72.855413
71.975285
71.419767
71.417792
70.018600
69.229563
69.008199
67.860134
67.652723
66.009885
65.736303
65.550581
64.890816
63.620246
63.620246
62.807588
62.523610
62.377966
61.954652
60.952216
60.917752
60.020312
59.086037
58.269846
58.261630
56.738740
55.974176
54.704725
54.163860
53.469860
53.318734
51.773961
50.469403
50.328518
49.722441
48.983386
48.727824
47.890585
46.780400
46.447425
46.119720
45.307016
44.724907
44.295499
43.945067
43.798715
43.096697
43.013135
43.013135
42.517807
42.018340
41.664419
41.401695
40.934603
39.978429
39.479880
39.137124
37.995824
37.686315
37.562405
37.197221
37.158746
36.899560
36.585574
36.263921
35.607858
35.406446
35.196357
34.926666
34.735470
34.598059
34.523455
34.052986
33.896474
33.452537
33.189049
33.028610
32.890442
32.610900
32.479334
32.260087
32.096696
32.058454
31.642931
31.438486
31.342165
31.112446
30.735887
30.547873
30.243002
29.973438
29.824995
29.656565
29.419863
29.307127
29.108114
29.021778
28.790393
28.563340
28.115021
28.040850
27.938265
27.609303
27.410318
27.322382
27.072887
26.928207
26.707259
26.415925
26.256703
26.040133
25.946620
25.867456
25.732559
25.569390
25.413022
25.224396
25.110608
24.982256
24.631804
24.592362
24.551221
24.281028
24.182482
24.013726
24.013726
23.896597
23.553753
23.463076
23.354788
23.271458
23.168480
23.029160
22.958562
22.950710
22.814683
22.672131
22.616891
22.553791
22.446091
22.317209
22.138385
22.031062
21.792024
21.734383
21.658129
21.317623
20.996836
20.810756
20.676262
20.550679
20.377080
20.315644
20.234049
20.122455
20.048789
19.848448
19.792916
19.760321
19.742577
19.558390
19.533354
19.463782
19.320152
19.178860
18.993630
18.932161
18.879420
18.839968
18.606445
18.558487
18.380615
18.294849
18.270841
18.238245
18.207763
18.149395
18.091194
17.963349
17.959689
17.959689
17.768503
17.603446
17.597676
17.491088
17.362545
17.362545
17.259691
17.228800
17.162147
17.146519
16.909945
16.894880
16.759046
16.732013
16.636707
16.615686
16.558663
16.439312
16.396935
16.351220
16.327412
16.275604
16.275604
16.253868
16.143283
15.966621
15.820916
15.775569
15.627650
15.621478
15.547966
15.529838
15.414477
15.301285
15.265219
15.265219
15.231032
15.017028
14.869040
14.868723
14.852444
14.792667
14.719370
14.705542
14.617732
14.582927
14.531416
14.516546
14.505880
14.413470
14.208513
14.135515
14.130484
13.994253
13.979364
13.857119
13.790476
13.790214
13.678802
13.599812
13.585446
13.573947
13.572093
13.491702
13.307028
13.209723
13.192889
13.192889
13.150337
13.126360
13.028881
12.941655
12.882389
12.708877
12.641817
12.510095
12.468313
12.465353
12.382261
12.351981
12.351981
12.314631
12.284558
12.247812
12.246395
12.129859
12.020116
11.811780
11.715495
11.645265
11.645265
11.611165
11.591664
11.591664
11.560653
11.545125
11.513165
11.502763
11.493021
11.480595
11.415650
11.410203
11.308146
11.094687
10.983331
10.983331
10.969824
10.910026
10.847086
10.843475
10.799838
10.722031
10.682617
10.658280
10.638353
10.613510
10.424898
10.424898
10.331438
10.320312
10.320312
10.238383
10.190679
10.105461
10.083802
9.913655
9.900311
9.775874
9.771836
9.734694
9.661298
9.657083
9.598927
9.459567
9.459567
9.459567
9.434879
9.397501
9.397047
9.372086
9.362579
9.319113
9.252928
9.223150
9.195792
9.166476
9.139127
9.099220
9.098303
9.088033
9.081377
9.064004
9.064004
9.043326
9.043326
9.029699
9.029386
9.010692
9.010692
9.010692
8.870279
8.868856
8.824924
8.812981
8.812981
8.809861
8.699844
8.662731
8.631124
8.607219
8.599054
8.564590
8.557088
8.532647
8.505105
8.505105
8.422161
8.377291
8.377291
8.377291
8.361259
8.320613
8.225328
8.187457
8.145209
8.020648
8.020648
7.991160
7.954419
7.874256
7.874165
7.874165
7.760498
7.756138
7.756138
7.738476
7.705669
7.693726
7.693726
7.693726
7.689359
7.546189
7.420624
7.418208
7.405261
7.395917
7.382581
7.381324
7.375563
7.279549
7.250519
7.244065
7.193566
7.193566
7.170229
7.161924
7.161924
7.155978
7.133648
7.056028
7.049037
7.044069
7.031711
7.031711
7.011376
6.999244
6.978123
6.976574
6.948152
6.948152
6.931958
6.870383
6.866023
6.866023
6.791945
6.782406
6.782406
6.782406
6.620585
6.508982
6.504688
6.495435
6.483855
6.461005
6.453731
6.422491
6.422491
6.397696
6.397269
6.351747
6.249992
6.232881
6.178706
6.178706
6.178706
6.164418
6.158991
6.126872
6.118626
6.118626
6.112591
6.099075
6.081746
6.081746
6.060211
6.044632
6.041137
5.976195
5.920483
5.890488
5.890488
5.890102
5.856635
5.850937
5.811505
5.811505
5.746045
5.728964
5.666105
5.666105
5.652374
5.650525
5.584731
5.571793
5.568008
5.513026
5.504960
5.496767
5.446224
5.380025
5.380025
5.363150
5.342726
5.340620
5.294812
5.218364
5.124665
5.114456
5.114456
5.001772
4.855818
4.789228
4.789228
4.789228
4.789228
4.788695
4.769168
4.768533
4.760988
4.746603
4.746603
4.746603
4.746603
4.702287
4.689433
4.665539
4.665539
4.656278
4.649431
4.648032
4.640572
4.619869
4.615433
4.611079
4.608703
4.577834
4.577834
4.557216
4.557216
4.557216
4.507814
4.507814
4.507814
4.500946
4.481670
4.455244
4.455244
4.455244
4.451864
4.442326
4.442326
4.442326
4.373991
4.365755
4.365479
4.363551
4.315588
4.267458
4.236084
4.221422
4.128488
4.128488
4.128488
4.083802
4.063906
4.059087
3.989326
3.944018
3.933865
3.933865
3.933865
3.925661
3.922318
3.922318
3.916075
3.903024
3.903024
3.896926
3.896926
3.890546
3.890546
3.889548
3.881079
3.879176
3.879176
3.879176
3.841242
3.795618
3.795618
3.785909
3.758187
3.723274
3.691768
3.688283
3.688090
3.688090
3.665311
3.648722
3.636321
3.621284
3.621284
3.621284
3.618405
3.616985
3.616985
3.615161
3.615161
3.615161
3.615161
3.533169
3.533169
3.533169
3.529864
3.529864
3.522379
3.513591
3.513591
3.511457
3.511457
3.511457
3.511457
3.507394
3.498316
3.478307
3.473349
3.473349
3.465122
3.444612
3.442999
3.438884
3.438884
3.433029
3.418692
3.418692
3.393015
3.393015
3.359965
3.348466
3.348466
3.342278
3.342278
3.341233
3.334974
3.334974
3.334600
3.321975
3.321975
3.321975
3.315302
3.292742
3.292742
3.288344
3.288344
3.270460
3.265198
3.265198
3.265005
3.265005
3.265005
3.236100
3.234714
3.226204
3.226204
3.223692
3.223692
3.157659
3.157659
3.152922
3.151492
3.142167
3.141652
3.139965
3.139965
3.135849
3.126787
3.067599
3.042732
3.009106
3.009106
2.994403
2.990049
2.981774
2.980288
2.973438
2.961504
2.961504
2.954734
2.954734
2.954734
2.936985
2.936985
2.921694
2.909266
2.898358
2.898358
2.898358
2.893403
2.892366
2.892366
2.879582
2.879582
2.879582
2.872878
2.859664
2.859664
2.807070
2.807070
2.795151
2.795151
2.795151
2.795151
2.795151
2.794963
2.782898
2.770552
2.768033
2.755326
2.750093
2.750093
2.745003
2.745003
2.744534
2.744396
2.743587
2.738308
2.728461
2.728461
2.702895
2.696962
2.696962
2.696589
2.660568
2.652552
2.652552
2.652552
2.652552
2.630933
2.630026
2.630026
2.629813
2.629813
2.629813
2.628130
2.625992
2.620450
2.620450
2.608903
2.608903
2.608793
2.594272
2.585941
2.585941
2.585941
2.578346
2.578346
2.578346
2.577024
2.569785
2.567583
2.560504
2.560504
2.560504
2.560504
2.558758
2.553373
2.553373
2.462773
2.460570
2.460570
2.460570
2.460570
2.460570
2.460570
2.459093
2.446020
2.446020
2.445485
2.436750
2.436142
2.436142
2.436142
2.431802
2.429889
2.392953
2.382747
2.370007
2.370007
2.370007
2.370007
2.370007
2.370007
2.366957
2.363601
2.363601
2.359738
2.357359
2.357359
2.352859
2.352859
2.352172
2.352172
2.352172
2.349030
2.343463
2.326908
2.326908
2.325162
2.325162
2.325162
2.323023
2.323023
2.320520
2.320520
2.320520
2.320520
2.320520
2.320520
2.320520
2.320520
2.314630
2.313733
2.312895
2.303050
2.303050
2.303050
2.303050
2.303050
2.302797
2.302760
2.297654
2.294332
2.294332
2.287182
2.285973
2.279347
2.278231
2.265966
2.255391
2.255138
2.255138
2.255138
2.255138
2.252999
2.252999
2.252999
2.242578
2.242578
2.242578
2.242578
2.242578
2.242578
2.240913
2.238809
2.236345
2.236345
2.222483
2.216254
2.212728
2.170252
2.170252
2.170252
2.161694
2.161694
2.155987
2.155987
2.154353
2.154353
2.147397
2.147397
2.147397
2.147397
2.134180
2.134180
2.134180
2.134180
2.122927
2.122927
2.122927
2.111322
2.111226
2.111226
2.103978
2.091976
2.091976
2.075061
2.074748
2.074748
2.074748
2.070155
2.070155
2.069992
2.068621
2.068621
2.068621
2.060740
2.060740
2.060740
2.059709
2.059709
2.052708
2.052708
2.052303
2.044415
2.034020
2.032962
2.032962
2.032962
2.017991
2.001012
2.001012
1.995296
1.970451
1.970451
1.968211
1.964926
1.964926
1.964176
1.964176
1.964176
1.964176
1.964176
1.951411
1.951411
1.945517
1.921818
1.920738
1.920738
1.920738
1.910021
1.908990
1.908836
1.908836
1.908165
1.908165
1.872244
1.864778
1.864778
1.851706
1.851706
1.851706
1.851706
1.837448
1.837448
1.836571
1.816278
1.801684
1.801684
1.801684
1.799175
1.799175
1.799175
1.799175
1.799175
1.798104
1.798104
1.792832
1.728506
1.698064
1.695680
1.694603
1.692939
1.684452
1.684452
1.684452
1.684452
1.651450
1.651450
1.651450
1.648933
1.648933
1.637724
1.632017
1.632017
1.631984
1.631955
1.601277
1.600527
1.588520
1.588520
1.560283
1.560283
1.560283
1.560283
1.560283
1.558692
1.543243
1.543243
1.543032
1.537212
1.530951
1.530951
1.530951
1.530951
1.530951
1.530951
1.530951
1.530951
1.530951
1.530951
1.530951
1.530951
1.527605
1.527605
1.521169
1.521169
1.521169
1.519469
1.519469
1.517773
1.505391
1.505391
1.505391
1.501068
1.497927
1.497927
1.497604
1.497604
1.496606
1.496606
1.496606
1.495357
1.489819
1.489819
1.489819
1.489819
1.489819
1.468460
1.468460
1.468460
1.462096
1.462096
1.461387
1.448100
1.432810
1.432810
1.432810
1.432810
1.432810
1.432810
1.432810
1.430255
1.430255
1.418565
1.404353
1.404353
1.404353
1.404353
1.404353
1.404353
1.374652
1.363301
1.363301
1.363301
1.363301
1.363301
1.362512
1.362512
1.362512
1.362512
1.362512
1.362512
1.361506
1.361506
1.358863
1.348156
1.347448
1.347448
1.343904
1.343904
1.335811
1.325015
1.325015
1.325015
1.325015
1.325015
1.325015
1.325015
1.325015
1.325015
1.325015
1.325015
1.324800
1.315773
1.314543
1.314326
1.314326
1.312432
1.301008
1.300216
1.300216
1.299929
1.299929
1.299929
1.299929
1.297367
1.297367
1.291521
1.291521
1.291521
1.291521
1.291521
1.291521
1.291433
1.290725
1.281284
1.281284
1.278782
1.277954
1.275638
1.275638
1.275638
1.272310
1.272310
1.272310
1.271018
1.271018
1.270863
1.270863
1.268533
1.267527
1.267527
1.255784
1.247988
1.243021
1.243021
1.243021
1.234221
1.234221
1.234221
1.234221
1.229134
1.229134
1.225987
1.225987
1.203894
1.202158
1.202106
1.202106
1.202061
1.202044
1.202044
1.187803
1.181069
1.181069
1.181069
1.180883
1.180883
1.180883
1.180883
1.180883
1.156022
1.156022
1.156022
1.156022
1.153394
1.146607
1.142476
1.142476
1.142476
1.142476
1.142476
1.142172
1.139769
1.139769
1.137803
1.137183
1.125657
1.119951
1.119765
1.118479
1.118479
1.118479
1.115795
1.108776
1.103936
1.103936
1.103936
1.103936
1.103936
1.093421
1.093421
1.093047
1.093047
1.093047
1.093047
1.093047
1.093047
1.093047
1.092094
1.092094
1.092094
1.089167
1.085878
1.085878
1.085062
1.085062
1.085062
1.085062
1.082733
1.082733
1.082733
1.082733
1.082733
1.082733
1.073535
1.073535
1.073535
1.072974
1.070155
1.068209
1.062268
1.062268
1.051245
1.051245
1.051245
1.051245
1.051245
1.051245
1.051245
1.051245
1.051245
1.051245
1.050855
1.050855
1.050275
1.050275
1.038395
1.038395
1.038395
1.035225
1.024076
1.024076
1.024076
1.024076
1.022790
1.022790
1.003540
1.002370
1.001333
0.998757
0.998757
0.998757
0.998757
0.995305
0.995305
0.995305
0.995305
0.995305
0.994166
0.994166
0.992881
0.992881
0.992881
0.992215
0.992215
0.992215
0.992215
0.992215
0.992215
0.992215
0.992215
0.988336
0.987938
0.984227
0.980237
0.980237
0.980237
0.979675
0.979675
0.977466
0.977167
0.977167
0.976131
0.976131
0.976131
0.976131
0.976131
0.973651
0.973651
0.973651
0.972359
0.972359
0.970211
0.970211
0.962704
0.962704
0.962704
0.962704
0.962704
0.962704
0.962704
0.962704
0.962704
0.962704
0.961373
0.961373
0.961373
0.961373
0.961373
0.961373
0.961373
0.961373
0.961373
0.959054
0.959054
0.959054
0.959054
0.959054
0.956547
0.956547
0.956547
0.955117
0.955117
0.955117
0.955117
0.955117
0.953426
0.953426
0.950843
0.946868
0.946868
0.946868
0.946868
0.946868
0.946868
0.946868
0.946868
0.946868
0.943327
0.943327
0.943327
0.943327
0.943327
0.943327
0.941772
0.939252
0.939149
0.937782
0.937782
0.935021
0.929172
0.929172
0.929172
0.929012
0.929012
0.929012
0.929012
0.929012
0.928684
0.928684
0.928156
0.928156
0.926726
0.926726
0.926543
0.926543
0.923360
0.915837
0.915837
0.914469
0.914469
0.906495
0.906495
0.906030
0.906030
0.906030
0.905381
0.905381
0.904801
0.904801
0.904801
0.904800
0.904213
0.904213
0.904213
0.904213
0.898899
0.898899
0.896690
0.896690
0.896274
0.896274
0.896274
0.894742
0.894589
0.894589
0.892831
0.892831
0.892831
0.880488
0.872560
0.872560
0.872560
0.872560
0.872560
0.872560
0.872560
0.872560
0.872069
0.871778
0.871778
0.871198
0.871198
0.871198
0.866640
0.866640
0.866640
0.866640
0.866640
0.865943
0.865790
0.865790
0.865082
0.865082
0.860556
0.859520
0.857181
0.856602
0.856602
0.856602
0.856602
0.856602
0.856602
0.853994
0.853994
0.853994
0.853994
0.853975
0.853975
0.853975
0.853975
0.853975
0.853975
0.853975
0.853975
0.853975
0.850505
0.850505
0.850505
0.850505
0.847342
0.847342
0.847342
0.843092
0.843092
0.843092
0.841201
0.839498
0.839329
0.837745
0.837745
0.837745
0.837745
0.837614
0.836622
0.836622
0.836622
0.836622
0.836622
0.836622
0.836622
0.834117
0.834117
0.834117
0.825297
0.825297
0.825297
0.825063
0.825063
0.825063
0.825063
0.824089
0.822808
0.822808
0.822808
0.822808
0.822808
0.822808
0.822808
0.822808
0.814746
0.814746
0.799715
0.799715
0.799715
0.797791
0.797791
0.797791
0.797791
0.797661
0.797661
0.797661
0.797661
0.797661
0.797661
0.797661
0.797661
0.797661
0.797661
0.797661
0.797661
0.795294
0.793950
0.793950
0.793851
0.793851
0.792131
0.792131
0.790517
0.790517
0.790517
0.790517
0.790517
0.790517
0.790517
0.789922
0.789922
0.789364
0.789364
0.788871
0.787108
0.787108
0.787108
0.785199
0.785199
0.785199
0.785199
0.785199
0.783518
0.781255
0.781255
0.781255
0.781255
0.781255
0.781227
0.781227
0.781227
0.781227
0.781227
0.781227
0.781227
0.781227
0.780660
0.780660
0.780660
0.780660
0.780660
0.773618
0.773618
0.773618
0.773618
0.773618
0.773618
0.773618
0.772259
0.772259
0.772259
0.772259
0.771660
0.771660
0.770028
0.770028
0.770028
0.770028
0.770028
0.770028
0.770000
0.770000
0.769233
0.769233
0.768819
0.768819
0.768819
0.768819
0.768125
0.768125
0.768125
0.768060
0.768060
0.768060
0.768060
0.760792
0.759887
0.759887
0.758254
0.758254
0.758254
0.757830
0.757830
0.757830
0.757830
0.757416
0.757416
0.757416
0.757416
0.757416
0.757416
0.755149
0.755149
0.755076
0.755076
0.755076
0.755076
0.749584
0.749584
0.749584
0.749584
0.749584
0.749584
0.749584
0.747692
0.747692
0.747581
0.747581
0.747581
0.744050
0.744050
0.743443
0.742529
0.742529
0.740654
0.740654
0.740654
0.740654
0.740654
0.740654
0.740654
0.737513
0.735897
0.735897
0.735897
0.735013
0.733108
0.733030
0.732260
0.732260
0.732260
0.731769
0.731769
0.731769
0.731769
0.731769
0.731769
0.731162
0.731162
0.731162
0.731162
0.731162
0.731162
0.726104
0.726104
0.726104
0.726104
0.726104
0.726104
0.726104
0.726104
0.726104
0.726104
0.726104
0.726104
0.726104
0.726104
0.725878
0.725878
0.725499
0.725164
0.725164
0.725164
0.725164
0.725164
0.724702
0.724702
0.724373
0.723876
0.723876
0.723876
0.723876
0.723876
0.723876
0.723876
0.723652
0.723652
0.717085
0.715384
0.715384
0.715384
0.715050
0.715050
0.714670
0.714670
0.714124
0.714124
0.714124
0.709858
0.702719
0.702423
0.702423
0.700967
0.700967
0.700967
0.700967
0.696885
0.696885
0.688670
0.685128
0.685128
0.685128
0.684159
0.684159
0.684159
0.684159
0.684159
0.684159
0.683392
0.683392
0.683392
0.683392
0.679997
0.679997
0.679997
0.679997
0.679997
0.679997
0.679997
0.679997
0.679997
0.679997
0.679997
0.679997
0.676183
0.676183
0.675650
0.675650
0.675650
0.675650
0.675650
0.670678
0.670678
0.670678
0.667246
0.664206
0.660602
0.660602
0.660602
0.660602
0.654432
0.654432
0.654301
0.654301
0.654301
0.654301
0.654301
0.654263
0.654263
0.654263
0.654263
0.650992
0.650992
0.650992
0.650992
0.648920
0.648920
0.648920
0.648920
0.648808
0.648678
0.648678
0.648589
0.648589
0.648327
0.643542
0.643542
0.642313
0.641799
0.641799
0.641799
0.641799
0.641799
0.641799
0.640007
0.634441
0.633940
0.632936
0.630719
0.630719
0.630719
0.630719
0.630719
0.630719
0.630719
0.628841
0.628678
0.627895
0.627895
0.627895
0.627125
0.627125
0.627125
0.627125
0.627125
0.627125
0.626842
0.626842
0.626842
0.606859
0.606859
0.606859
0.606859
0.606859
0.605457
0.604048
0.604048
0.603699
0.600374
0.600374
0.600141
0.600141
0.600141
0.600141
0.595039
0.593909
0.593909
0.590977
0.590977
0.590977
0.590977
0.590977
0.590977
0.590977
0.590977
0.590977
0.590977
0.590977
0.590693
0.590693
0.590693
0.590305
0.590305
0.576723
0.576723
0.576723
0.576723
0.576723
0.571987
0.571987
0.570197
0.569602
0.566810
0.564355
0.564355
0.564355
0.564355
0.564355
0.564251
0.564251
0.564251
0.564251
0.564251
0.558022
0.558022
0.558022
0.538267
0.538267
0.537855
0.535528
0.534920
0.534920
0.534920
0.534920
0.534920
0.534287
0.533428
0.533428
0.533428
0.533016
0.533016
0.533016
0.533016
0.533016
0.533016
0.533016
0.532686
0.528746
0.528746
0.528746
0.528746
0.528746
0.528746
0.528746
0.523509
0.523179
0.523179
0.523179
0.523179
0.523179
0.519716
0.519716
0.519201
0.519201
0.519201
0.519201
0.519201
0.519201
0.519201
0.518829
0.518593
0.515508
0.515508
0.515103
0.515103
0.514902
0.514902
0.514501
0.514501
0.514501
0.514501
0.514501
0.514501
0.514501
0.514501
0.514501
0.514501
0.514501
0.514501
0.514501
0.511441
0.511016
0.506264
0.506264
0.506264
0.506027
0.506027
0.506027
0.506027
0.506027
0.503983
0.500448
0.500448
0.500448
0.500151
0.499901
0.499046
0.497471
0.497471
0.497471
0.497471
0.497081
0.497081
0.494521
0.494521
0.494521
0.494521
0.494521
0.494521
0.494521
0.494521
0.494521
0.494521
0.494521
0.494176
0.494176
0.492928
0.492928
0.492928
0.492928
0.492928
0.492928
0.492596
0.492596
0.492596
0.492241
0.492241
0.492241
0.492241
0.492241
0.492155
0.492155
0.492155
0.490843
0.490843
0.490843
0.490843
0.490843
0.490843
0.490843
0.490843
0.490843
0.490843
0.490843
0.490843
0.489710
0.488190
0.488190
0.488190
0.488190
0.482867
0.482867
0.482867
0.482867
0.480915
0.480915
0.480915
0.475658
0.475658
0.473277
0.473277
0.473277
0.473277
0.473277
0.473277
0.472728
0.472728
0.472728
0.472728
0.464997
0.464997
0.464997
0.464997
0.464997
0.464997
0.464997
0.464997
0.464625
0.461601
0.461540
0.461540
0.461540
0.461540
0.461540
0.461540
0.461540
0.461311
0.461311
0.461311
0.461311
0.461311
0.461311
0.461311
0.461311
0.461311
0.461311
0.461311
0.461311
0.456063
0.456063
0.456063
0.456063
0.456063
0.456063
0.456063
0.456063
0.454721
0.454634
0.454634
0.454634
0.453944
0.453868
0.452453
0.452453
0.452453
0.452453
0.452453
0.452352
0.452352
0.452352
0.452352
0.452352
0.452352
0.452352
0.452352
0.452352
0.452352
0.452352
0.452352
0.452352
0.452352
0.452352
0.451908
0.451908
0.451908
0.448247
0.448247
0.448171
0.448171
0.448171
0.448171
0.447460
0.447131
0.447131
0.446119
0.446119
0.446119
0.446119
0.446119
0.446119
0.446119
0.446119
0.442383
0.442383
0.442383
0.442383
0.442257
0.442257
0.442257
0.442257
0.441906
0.441560
0.441560
0.441560
0.440366
0.440366
0.440366
0.440366
0.440366
0.440366
0.440366
0.440366
0.440366
0.440366
0.440366
0.440326
0.440326
0.440326
0.440326
0.440326
0.440326
0.440200
0.440110
0.440110
0.440110
0.436938
0.436938
0.436938
0.436938
0.436938
0.436938
0.436938
0.436938
0.436905
0.436905
0.436905
0.436905
0.436905
0.436905
0.436883
0.436883
0.436883
0.432938
0.432938
0.432938
0.432938
0.432938
0.432417
0.432417
0.432417
0.432417
0.429151
0.429151
0.429151
0.429015
0.429015
0.429015
0.429015
0.428857
0.428857
0.428857
0.428731
0.428521
0.428521
0.428521
0.428521
0.428521
0.428473
0.428473
0.428473
0.426111
0.426111
0.426111
0.426111
0.426111
0.426111
0.425893
0.425683
0.425683
0.425683
0.425683
0.425683
0.425683
0.425683
0.425683
0.425683
0.425683
0.425683
0.425683
0.425683
0.425683
0.422810
0.422810
0.422645
0.422645
0.422645
0.422570
0.422570
0.422570
0.422512
0.422512
0.420676
0.420676
0.420246
0.420246
0.420246
0.420246
0.419306
0.419306
0.419306
0.419306
0.419306
0.419306
0.418041
0.418041
0.418041
0.418041
0.418041
0.418041
0.418041
0.418041
0.418041
0.418041
0.418041
0.418041
0.418041
0.418041
0.417984
0.417984
0.417519
0.416544
0.416544
0.416496
0.416496
0.416496
0.416496
0.416470
0.416470
0.416470
0.416470
0.416470
0.416470
0.416470
0.416470
0.416470
0.414923
0.414923
0.414923
0.414923
0.414858
0.409144
0.405618
0.405100
0.405100
0.405100
0.404944
0.404944
0.404944
0.404944
0.404944
0.404944
0.404944
0.404944
0.404944
0.404944
0.404810
0.404810
0.404810
0.404810
0.404810
0.404810
0.404810
0.404810
0.401531
0.401531
0.400804
0.400804
0.400804
0.400804
0.400804
0.400804
0.399527
0.399527
0.399527
0.399527
0.399527
0.399527
0.399445
0.399025
0.399025
0.399025
0.399025
0.399025
0.399025
0.399025
0.397929
0.397929
0.396700
0.396700
0.396700
0.396028
0.396028
0.395742
0.394497
0.394497
0.394497
0.394497
0.389395
0.389395
0.389395
0.389395
0.389395
0.389395
0.389395
0.389395
0.382759
0.382759
0.381284
0.381284
0.381284
0.381284
0.381284
0.381284
0.380872
0.380872
0.380872
0.380872
0.380872
0.380872
0.380872
0.380872
0.380641
0.379904
0.379904
0.379904
0.379524
0.379524
0.379266
0.379266
0.379266
0.379266
0.379003
0.378869
0.378869
0.378869
0.378869
0.378869
0.378869
0.378869
0.378869
0.378869
0.378869
0.378869
0.378869
0.378869
0.373852
0.373789
0.372635
0.372635
0.372635
0.372486
0.372486
0.372089
0.372089
0.372089
0.371578
0.371578
0.371578
0.371578
0.371578
0.371578
0.371578
0.371578
0.371578
0.371578
0.371578
0.371568
0.371568
0.369550
0.369550
0.369467
0.369467
0.369467
0.369467
0.369467
0.369467
0.369467
0.369467
0.369467
0.369318
0.369318
0.369318
0.368817
0.368817
0.368817
0.368817
0.368817
0.368817
0.368817
0.368817
0.368817
0.368817
0.368817
0.368817
0.368817
0.368817
0.368817
0.368171
0.368171
0.368171
0.368171
0.368171
0.368171
0.368171
0.368171
0.368171
0.368171
0.368171
0.368171
0.368171
0.368171
0.368171
0.366589
0.366589
0.366589
0.366589
0.366589
0.366589
0.366589
0.366589
0.358187
0.358187
0.358187
0.358085
0.358085
0.358085
0.358085
0.358085
0.358085
0.357821
0.357821
0.357821
0.357821
0.357821
0.357821
0.355999
0.353885
0.353885
0.353885
0.353885
0.353885
0.353810
0.353810
0.353810
0.353810
0.353810
0.351943
0.351943
0.351943
0.350952
0.350849
0.350849
0.350849
0.349928
0.349928
0.349928
0.349928
0.349928
0.349928
0.349928
0.349928
0.349928
0.349928
0.349856
0.349856
0.349856
0.349662
0.349662
0.349197
0.349197
0.349197
0.349197
0.349197
0.349197
0.349197
0.349197
0.349197
0.349197
0.349197
0.349197
0.349197
0.348691
0.346354
0.346354
0.346114
0.346114
0.346114
0.343199
0.342506
0.342506
0.342506
0.342023
0.342023
0.342023
0.342023
0.342023
0.342023
0.342023
0.342023
0.342023
0.342023
0.342023
0.342023
0.342023
0.342023
0.342023
0.342023
0.342023
0.342023
0.342023
0.342023
0.342023
0.342023
0.342023
0.342023
0.342023
0.342023
0.342023
0.342023
0.341739
0.341739
0.341739
0.341739
0.341739
0.341739
0.341209
0.341209
0.341209
0.341209
0.341209
0.341209
0.341209
0.339430
0.339430
0.339430
0.338900
0.338900
0.338900
0.338900
0.335753
0.335753
0.335753
0.335514
0.335514
0.335514
0.335514
0.335514
0.335514
0.335514
0.335514
0.335514
0.335514
0.335514
0.335514
0.331649
0.331398
0.331398
0.330231
0.330231
0.330231
0.328388
0.328388
0.325695
0.325695
0.325688
0.325688
0.325666
0.325666
0.325666
0.325499
0.322975
0.322975
0.322691
0.321606
0.321606
0.321569
0.321569
0.316799
0.316799
0.316799
0.316799
0.316799
0.316799
0.315501
0.314788
0.314788
0.314788
0.314788
0.312296
0.312296
0.312296
0.312296
0.312259
0.312259
0.312259
0.312123
0.312123
0.312123
0.312123
0.312123
0.312123
0.312123
0.312123
0.312100
0.312099
0.312099
0.312099
0.312099
0.312099
0.311531
0.311531
0.311531
0.311531
0.311531
0.311531
0.311531
0.311531
0.311531
0.311452
0.311452
0.311452
0.311452
0.311452
0.311452
0.311452
0.311452
0.311452
0.311452
0.311452
0.311452
0.311452
0.311452
0.311363
0.311363
0.311363
0.311363
0.311363
0.311363
0.310132
0.310132
0.310132
0.310132
0.301714
0.301714
0.301714
0.301714
0.301714
0.301221
0.301221
0.301221
0.301221
0.301221
0.301221
0.301221
0.301221
0.301221
0.301221
0.301221
0.301221
0.298421
0.298421
0.298421
0.298421
0.298421
0.298421
0.298421
0.298421
0.298421
0.298421
0.298048
0.298048
0.298048
0.298048
0.298016
0.298016
0.298016
0.297515
0.297515
0.297515
0.297515
0.297515
0.297515
0.297515
0.295399
0.295399
0.288123
0.288123
0.288123
0.287823
0.287823
0.287823
0.287823
0.287823
0.287823
0.287823
0.287823
0.287823
0.287823
0.287516
0.287516
0.287516
0.287427
0.287427
0.287427
0.287427
0.287427
0.287427
0.287427
0.287427
0.287064
0.287064
0.287064
0.284524
0.284524
0.284524
0.283870
0.283870
0.283870
0.283870
0.283870
0.283870
0.283870
0.283870
0.283870
0.283870
0.283870
0.283870
0.283870
0.283870
0.283046
0.282673
0.282673
0.282673
0.282673
0.279740
0.279740
0.279598
0.279529
0.279529
0.279529
0.279529
0.279529
0.279529
0.279529
0.279529
0.279529
0.277824
0.277824
0.277824
0.277824
0.277312
0.277312
0.277312
0.277312
0.277312
0.277312
0.277312
0.277312
0.277312
0.277312
0.277312
0.276119
0.276119
0.276119
0.276119
0.275746
0.275451
0.275451
0.275451
0.275451
0.275451
0.275451
0.275451
0.275451
0.275451
0.275451
0.272747
0.272747
0.272509
0.272509
0.271820
0.271820
0.271820
0.271820
0.271820
0.271820
0.271800
0.271800
0.271800
0.271800
0.271800
0.268685
0.267708
0.267708
0.267708
0.267708
0.267708
0.267708
0.267708
0.267708
0.267708
0.266580
0.266580
0.266580
0.266580
0.265451
0.265451
0.265451
0.264119
0.264119
0.264119
0.264119
0.264119
0.263920
0.263920
0.263920
0.263920
0.263070
0.263070
0.263070
0.262333
0.262333
0.262333
0.261204
0.261204
0.261204
0.261204
0.259151
0.259151
0.259151
0.259151
0.259151
0.259151
0.259151
0.259151
0.259151
0.259151
0.259151
0.259151
0.259151
0.259151
0.259151
0.259151
0.259151
0.259151
0.259151
0.259151
0.259151
0.259151
0.259151
0.259151
0.259151
0.259151
0.259151
0.259151
0.259151
0.259151
0.258260
0.258054
0.257897
0.257886
0.257886
0.256329
0.256329
0.256329
0.256329
0.256329
0.256329
0.256329
0.255328
0.255103
0.255103
0.255103
0.255103
0.255103
0.255030
0.255030
0.255030
0.255030
0.254805
0.254805
0.254805
0.254805
0.254805
0.254805
0.254122
0.254122
0.254122
0.253678
0.253678
0.253678
0.253678
0.253678
0.253348
0.253348
0.253250
0.253250
0.253250
0.253250
0.253250
0.253013
0.251467
0.251467
0.251369
0.251369
0.251369
0.251369
0.251369
0.251369
0.251369
0.251369
0.251369
0.251369
0.251369
0.251369
0.251369
0.251369
0.251369
0.251369
0.251369
0.251369
0.249011
0.248772
0.248772
0.248772
0.248772
0.248772
0.247870
0.247870
0.247870
0.247870
0.247870
0.247870
0.247794
0.247794
0.247794
0.247794
0.247794
0.247794
0.247794
0.247794
0.247794
0.247794
0.247794
0.247794
0.247794
0.247794
0.247794
0.247794
0.247794
0.247794
0.247794
0.247794
0.247794
0.247794
0.247291
0.247291
0.246546
0.246546
0.246546
0.246546
0.246546
0.246546
0.246546
0.246546
0.246546
0.246435
0.246435
0.246435
0.246435
0.246435
0.246435
0.246435
0.246224
0.246224
0.244626
0.244626
0.244626
0.244626
0.244626
0.244626
0.244626
0.244626
0.244626
0.244626
0.244626
0.244626
0.244287
0.244287
0.244287
0.243729
0.243729
0.243729
0.243729
0.243729
0.243729
0.242525
0.242525
0.242525
0.241348
0.241348
0.238914
0.238914
0.238914
0.238914
0.238914
0.238914
0.238914
0.238914
0.238914
0.238914
0.238914
0.238306
0.238306
0.238306
0.238306
0.238306
0.238277
0.238277
0.238277
0.238277
0.238277
0.238277
0.238277
0.238277
0.238277
0.238277
0.237112
0.237112
0.237112
0.237112
0.237112
0.237112
0.237112
0.237112
0.216208
0.215959
0.215959
0.215959
0.215959
0.215959
0.215959
0.215959
0.215959
0.215959
0.215959
0.215959
0.204406
0.204406
0.204406
0.204294
0.204294
0.204294
0.204294
0.204294
0.204294
0.204294
0.204294
0.204294
0.204294
0.204294
0.204294
0.204294
0.204294
0.203538
0.203538
0.202894
0.202894
0.202894
0.202894
0.202894
0.202894
0.202894
0.202894
0.202894
0.202894
0.202894
0.202894
0.202894
0.202894
0.202894
0.202894
0.202787
0.202787
0.202752
0.202752
0.202752
0.202752
0.202752
0.202246
0.198577
0.198168
0.198168
0.198168
0.197524
0.197524
0.197524
0.197524
0.197524
0.196155
0.196155
0.196155
0.195997
0.194515
0.194095
0.194095
0.194089
0.194089
0.192585
0.192585
0.192585
0.192493
0.192493
0.192493
0.192493
0.192493
0.191569
0.191569
0.191569
0.191569
0.191569
0.191569
0.191569
0.191569
0.191569
0.191569
0.191569
0.191569
0.191569
0.191569
0.191569
0.190258
0.190258
0.190258
0.190258
0.190258
0.190258
0.190258
0.190258
0.190216
0.190216
0.190216
0.190216
0.190216
0.190216
0.189941
0.189941
0.189941
0.189941
0.189941
0.188956
0.188956
0.188956
0.188956
0.188956
0.188956
0.188862
0.188862
0.188862
0.188862
0.188862
0.188862
0.188862
0.185012
0.185012
0.185012
0.185012
0.185012
0.185012
0.184803
0.184803
0.184803
0.184803
0.184803
0.184803
0.183727
0.183727
0.183727
0.183727
0.183727
0.183727
0.183727
0.183727
0.183727
0.183727
0.183727
0.183727
0.183727
0.183727
0.183708
0.183708
0.183708
0.183708
0.183708
0.183708
0.183708
0.183708
0.183708
0.183708
0.183708
0.183708
0.183131
0.183131
0.183131
0.183131
0.181965
0.181965
0.180238
0.180238
0.180238
0.179725
0.179108
0.179107
0.179107
0.179107
0.179107
0.179107
0.179107
0.179107
0.178447
0.178447
0.178447
0.178447
0.178447
0.178447
0.178447
0.178447
0.176743
0.176743
0.175855
0.175855
0.175855
0.175855
0.175855
0.175855
0.175855
0.173579
0.173579
0.173579
0.173579
0.173579
0.173579
0.173579
0.173579
0.173579
0.173579
0.173579
0.173579
0.173579
0.173579
0.173579
0.173579
0.173579
0.173579
0.173579
0.173579
0.173579
0.173579
0.173579
0.173579
0.173579
0.173111
0.173111
0.173111
0.173111
0.173111
0.173111
0.173111
0.173111
0.173111
0.173111
0.173111
0.169648
0.169648
0.169648
0.169648
0.169648
0.169648
0.169620
0.169620
0.169620
0.169620
0.169620
0.169620
0.169620
0.169620
0.169620
0.169620
0.169620
0.169620
0.169546
0.169546
0.169546
0.169546
0.169546
0.169115
0.169115
0.169115
0.169115
0.169115
0.169115
0.169115
0.169087
0.169087
0.169087
0.169087
0.169087
0.169087
0.169087
0.169087
0.169087
0.169087
0.169087
0.169087
0.169083
0.169083
0.169083
0.168972
0.168037
0.168037
0.168037
0.168037
0.168037
0.168037
0.168037
0.168037
0.168037
0.168037
0.168037
0.168037
0.167984
0.167984
0.167984
0.167984
0.167756
0.167756
0.167756
0.167756
0.167756
0.167756
0.167756
0.167756
0.167756
0.167756
0.167756
0.167756
0.167756
0.167597
0.167597
0.167597
0.166074
0.166074
0.166074
0.166074
0.166074
0.166074
0.166074
0.165794
0.165675
0.165675
0.165447
0.165447
0.165447
0.165447
0.165394
0.165394
0.165394
0.165394
0.165394
0.165394
0.165394
0.165394
0.165394
0.165394
0.165394
0.165394
0.162460
0.162460
0.162460
0.162460
0.162460
0.162460
0.162460
0.162460
0.162389
0.162389
0.162389
0.162389
0.162389
0.161809
0.161809
0.161809
0.161809
0.161809
0.161652
0.161652
0.161652
0.161652
0.161652
0.161652
0.161652
0.161652
0.161652
0.161652
0.161652
0.161652
0.161357
0.161167
0.161167
0.160277
0.160119
0.160119
0.160119
0.160022
0.160022
0.160022
0.160022
0.159619
0.159619
0.159619
0.159430
0.159430
0.159430
0.159430
0.158935
0.158935
0.158746
0.158746
0.158746
0.158746
0.158746
0.158746
0.158746
0.158746
0.158746
0.158746
0.158746
0.158746
0.158746
0.158746
0.158746
0.158746
0.158746
0.158746
0.158746
0.158746
0.158746
0.158722
0.158722
0.158722
0.158722
0.158615
0.158615
0.158615
0.158615
0.158615
0.158615
0.158615
0.158615
0.158615
0.158615
0.158615
0.158489
0.158489
0.158489
0.158489
0.158489
0.158489
0.158489
0.157750
0.157750
0.157750
0.157750
0.157750
0.157750
0.157750
0.157750
0.157750
0.157750
0.157750
0.157750
0.156758
0.156758
0.156758
0.156758
0.156758
0.156758
0.155426
0.155205
0.155205
0.155205
0.155205
0.155205
0.155205
0.155205
0.155205
0.155205
0.155205
0.155205
0.154433
0.152533
0.152533
0.152533
0.152533
0.152151
0.152151
0.152151
0.152151
0.152151
0.152151
0.152151
0.152151
0.152151
0.152151
0.152151
0.152151
0.152151
0.152151
0.152151
0.152151
0.152151
0.152151
0.150820
0.150820
0.150820
0.150820
0.150820
0.150820
0.150719
0.150719
0.150719
0.150719
0.150719
0.150719
0.150719
0.150719
0.150719
0.150719
0.150719
0.150719
0.150349
0.149338
0.149338
0.149338
0.149338
0.149338
0.149231
0.149231
0.149231
0.149112
0.148654
0.148654
0.148654
0.148575
0.148575
0.148546
0.148546
0.148546
0.148546
0.148546
0.148546
0.148546
0.148546
0.148546
0.148546
0.148546
0.148507
0.148507
0.148507
0.148507
0.148507
0.148507
0.148507
0.148507
0.148507
0.148507
0.148507
0.148507
0.148507
0.148507
0.148507
0.148507
0.148507
0.148507
0.148507
0.148086
0.147802
0.147802
0.147802
0.147802
0.147753
0.147753
0.147753
0.147753
0.147494
0.147494
0.147494
0.147494
0.147072
0.147072
0.147072
0.147072
0.147072
0.147072
0.147072
0.146777
0.146777
0.146777
0.146777
0.146777
0.146777
0.146777
0.146777
0.146777
0.146777
0.146777
0.146777
0.146777
0.146777
0.145621
0.145621
0.145563
0.145563
0.145563
0.145219
0.145219
0.145219
0.145219
0.145219
0.145219
0.145219
0.144930
0.144508
0.144508
0.144508
0.144508
0.144508
0.144508
0.144508
0.144503
0.143403
0.143403
0.143096
0.143096
0.143096
0.143096
0.143096
0.143096
0.143096
0.143096
0.143096
0.142589
0.142589
0.142589
0.142512
0.142170
0.142017
0.142017
0.142017
0.142017
0.142017
0.142017
0.142017
0.142017
0.141346
0.141282
0.141282
0.140937
0.140798
0.140798
0.140798
0.140798
0.140798
0.140798
0.140608
0.140608
0.140608
0.140608
0.140538
0.140538
0.140538
0.140538
0.140479
0.140479
0.140479
0.140479
0.140479
0.140324
0.140324
0.140265
0.140265
0.140260
0.140260
0.140260
0.140260
0.140260
0.140103
0.140103
0.140103
0.140103
0.140103
0.140103
0.140103
0.140103
0.140103
0.140103
0.140103
0.140103
0.140103
0.140103
0.138202
0.138202
0.138202
0.138202
0.138137
0.138137
0.138137
0.138137
0.138137
0.137363
0.137363
0.137363
0.137363
0.137363
0.137363
0.137363
0.137363
0.137363
0.137363
0.137363
0.137363
0.137363
0.137363
0.137363
0.137363
0.137363
0.137363
0.137361
0.137361
0.137361
0.137361
0.137361
0.137361
0.137361
0.137361
0.137361
0.135281
0.135281
0.135281
0.135281
0.135281
0.135281
0.135281
0.134768
0.134768
0.134768
0.134768
0.134768
0.134768
0.134768
0.134768
0.134768
0.134608
0.134608
0.134608
0.134608
0.134608
0.134608
0.134608
0.134608
0.134608
0.134608
0.134608
0.134608
0.134608
0.134608
0.134608
0.134608
0.134608
0.134608
0.134338
0.134338
0.134338
0.134338
0.134338
0.134338
0.134338
0.134338
0.134338
0.134338
0.134338
0.134338
0.134338
0.134246
0.134246
0.134246
0.134246
0.134246
0.134217
0.133990
0.133990
0.133990
0.133720
0.133720
0.133720
0.133720
0.133720
0.133720
0.133720
0.132549
0.132549
0.132549
0.132549
0.132549
0.132549
0.132549
0.132549
0.132549
0.132549
0.132549
0.132012
0.132012
0.132012
0.132012
0.132012
0.132012
0.132012
0.132012
0.132012
0.132012
0.132012
0.130385
0.129359
0.129359
0.129359
0.129359
0.129359
0.129359
0.129359
0.129359
0.129359
0.129359
0.129359
0.129140
0.129140
0.129140
0.129140
0.129140
0.129075
0.129075
0.129075
0.129075
0.129075
0.129075
0.129075
0.129075
0.129004
0.129004
0.129004
0.129004
0.129004
0.129004
0.129004
0.129004
0.129004
0.129004
0.129004
0.129004
0.129004
0.127526
0.127526
0.127526
0.127526
0.127526
0.127526
0.127526
0.127526
0.127526
0.127526
0.127526
0.127452
0.127452
0.127452
0.127452
0.127452
0.127452
0.127452
0.127452
0.127452
0.127452
0.127083
0.127083
0.127083
0.127083
0.127083
0.127032
0.126702
0.126702
0.126702
0.126628
0.126628
0.126625
0.126625
0.126625
0.126625
0.126625
0.126625
0.126625
0.126625
0.126625
0.126625
0.126625
0.126625
0.126625
0.126625
0.126625
0.126625
0.126625
0.126625
0.126625
0.126198
0.125751
0.125751
0.125751
0.125751
0.125751
0.125699
0.125699
0.125550
0.125550
0.125550
0.125550
0.125550
0.125550
0.125550
0.124753
0.124753
0.124753
0.124753
0.124753
0.124753
0.124753
0.124753
0.124753
0.124753
0.124753
0.124753
0.124753
0.124753
0.124753
0.124753
0.124753
0.124753
0.124753
0.124753
0.124753
0.124753
0.124753
0.124753
0.124753
0.124753
0.124753
0.124753
0.123913
0.123913
0.123913
0.123913
0.123913
0.123913
0.123913
0.123913
0.123913
0.123913
0.123913
0.123913
0.123913
0.122956
0.122956
0.122956
0.122956
0.122956
0.122956
0.122956
0.120460
0.120460
0.120460
0.120460
0.120460
0.120460
0.120460
0.120460
0.120460
0.120460
0.120460
0.120460
0.120460
0.120460
0.120460
0.120460
0.120460
0.120444
0.120444
0.120444
0.120444
0.120444
0.120444
0.120444
0.120444
0.120444
0.119728
0.119728
0.119728
0.119728
0.119728
0.119728
0.119728
0.119564
0.119564
0.119564
0.119564
0.119564
0.119564
0.117900
0.117900
0.117853
0.117853
0.117853
0.117853
0.117853
0.117853
0.117853
0.115330
0.115330
0.115330
0.115330
0.115330
0.115330
0.115330
0.115330
0.115330
0.115330
0.115330
0.115330
0.115330
0.115330
0.115330
0.115330
0.115330
0.115330
0.115299
0.115299
0.115299
0.115299
0.115299
0.115299
0.115299
0.115299
0.115299
0.115299
0.115299
0.115299
0.115299
0.115240
0.115240
0.115240
0.115240
0.115240
0.115240
0.115240
0.115240
0.115240
0.115240
0.115240
0.115240
0.115240
0.115240
0.115240
0.115240
0.115240
0.115240
0.115240
0.115240
0.115240
0.114338
0.114310
0.111944
0.111944
0.111944
0.111944
0.111944
0.111944
0.111944
0.111944
0.111944
0.111944
0.111944
0.111944
0.111944
0.111944
0.111944
0.111944
0.111944
0.111944
0.111944
0.111944
0.111633
0.111481
0.111453
0.111453
0.110737
0.110737
0.110737
0.110737
0.110737
0.110737
0.110245
0.110245
0.110245
0.110245
0.110245
0.109897
0.109897
0.109897
0.109897
0.109897
0.109897
0.109897
0.109385
0.109385
0.109279
0.109279
0.109279
0.109279
0.109279
0.109279
0.109279
0.109164
0.109164
0.109162
0.109162
0.109162
0.109162
0.109162
0.109162
0.109162
0.109162
0.109118
0.109118
0.109118
0.109118
0.109118
0.109118
0.109118
0.109118
0.109118
0.108906
0.108791
0.108791
0.108791
0.108791
0.108791
0.108791
0.108791
0.108762
0.108762
0.108762
0.108762
0.108578
0.108578
0.108578
0.108578
0.108578
0.108578
0.108578
0.108570
0.108570
0.108551
0.108241
0.108241
0.108241
0.108241
0.108241
0.108241
0.108241
0.108202
0.108159
0.108159
0.108159
0.108159
0.108159
0.108159
0.108159
0.108159
0.108159
0.108159
0.108159
0.108159
0.108159
0.107496
0.107496
0.107496
0.107496
0.107488
0.107488
0.107488
0.107488
0.107488
0.107488
0.107488
0.107488
0.107449
0.107449
0.106222
0.106222
0.106222
0.106222
0.105873
0.105873
0.105873
0.105873
0.105873
0.105873
0.105873
0.105865
0.105865
0.105704
0.105704
0.105704
0.105704
0.105704
0.105704
0.105704
0.105704
0.105339
0.105339
0.105339
0.105339
0.105339
0.105339
0.105339
0.105339
0.105339
0.105339
0.105339
0.104822
0.104822
0.104822
0.104822
0.104822
0.104822
0.104822
0.104822
0.104822
0.104822
0.104822
0.104822
0.104822
0.104822
0.104822
0.104822
0.104822
0.104822
0.104822
0.104822
0.104822
0.104822
0.104822
0.104822
0.104576
0.104576
0.104487
0.104487
0.104487
0.104487
0.104487
0.104487
0.104487
0.104487
0.104487
0.104487
0.104487
0.104487
0.104487
0.104487
0.104487
0.104364
0.104364
0.104083
0.104083
0.104083
0.104083
0.104083
0.104083
0.104083
0.104083
0.104083
0.104083
0.103996
0.103996
0.103996
0.103996
0.103996
0.103996
0.103996
0.103828
0.103828
0.103828
0.103828
0.103828
0.103828
0.103024
0.103024
0.103024
0.103024
0.103024
0.103024
0.103024
0.103024
0.103024
0.103024
0.103024
0.103024
0.103024
0.103024
0.103024
0.103024
0.103024
0.103024
0.102495
0.102495
0.102447
0.101611
0.101326
0.101326
0.101326
0.101326
0.101326
0.101321
0.100667
0.100667
0.100667
0.100667
0.100667
0.100029
0.100029
0.100029
0.100029
0.100029
0.100029
0.100029
0.100029
0.100029
0.100029
0.100029
0.100029
0.099118
0.099118
0.099105
0.099105
0.099105
0.098582
0.098582
0.098582
0.098582
0.098582
0.098582
0.098582
0.098582
0.098093
0.098093
0.098093
0.097957
0.097957
0.097957
0.097957
0.097957
0.097953
0.097953
0.097953
0.097953
0.097211
0.097211
0.097211
0.097211
0.097211
0.097211
0.097211
0.097211
0.097211
0.097211
0.097211
0.097211
0.097211
0.097211
0.097211
0.097211
0.097211
0.097211
0.097211
0.097211
0.096922
0.096922
0.096922
0.096922
0.096922
0.096922
0.096922
0.096922
0.096922
0.096922
0.096922
0.096922
0.096922
0.096922
0.096922
0.096922
0.096922
0.096922
0.096922
0.096922
0.096922
0.096922
0.096922
0.096922
0.096855
0.096855
0.096855
0.096855
0.096855
0.093823
0.093823
0.093823
0.093823
0.093823
0.093823
0.093823
0.093823
0.093823
0.093823
0.093823
0.093823
0.093823
0.093823
0.093823
0.092816
0.092816
0.092816
0.092816
0.092816
0.092816
0.092816
0.092816
0.092816
0.092816
0.092816
0.092816
0.092816
0.092816
0.092816
0.092816
0.092816
0.092816
0.092816
0.092816
0.092816
0.092816
0.092816
0.092816
0.092816
0.092816
0.092816
0.092816
0.092816
0.092816
0.092816
0.092816
0.091677
0.091586
0.091586
0.091586
0.091586
0.091586
0.091586
0.091586
0.091586
0.091586
0.091586
0.091586
0.091586
0.091586
0.091586
0.091557
0.091557
0.091557
0.091557
0.091557
0.091557
0.091557
0.091557
0.091557
0.091436
0.091436
0.091436
0.091436
0.091286
0.091286
0.091286
0.091286
0.091286
0.091286
0.091286
0.091286
0.091286
0.091286
0.091286
0.091286
0.091257
0.091257
0.091257
0.091257
0.091257
0.091257
0.091257
0.091257
0.091257
0.091257
0.091257
0.091257
0.091257
0.091257
0.091257
0.091257
0.091257
0.091257
0.091257
0.091257
0.091257
0.091257
0.091257
0.091257
0.091257
0.091257
0.091257
0.091257
0.091257
0.091257
0.091257
0.091257
0.091257
0.091257
0.091257
0.091257
0.091257
0.091257
0.091257
0.091257
0.091257
0.091257
0.091257
0.091171
0.091171
0.091171
0.091171
0.091171
0.091171
0.089878
0.089582
0.089582
0.089582
0.089582
0.089582
0.089582
0.089582
0.089582
0.089582
0.089582
0.089582
0.088874
0.088874
0.088663
0.088316
0.088316
0.088316
0.088316
0.088308
0.088295
0.088295
0.088295
0.088295
0.088295
0.088295
0.088295
0.088295
0.088295
0.088295
0.088295
0.088295
0.087849
0.087849
0.087849
0.087849
0.087849
0.087849
0.087086
0.087061
0.087061
0.087061
0.087061
0.087061
0.087061
0.086989
0.086989
0.086989
0.086989
0.086989
0.085922
0.085922
0.085922
0.085922
0.085922
0.085922
0.085922
0.085922
0.085922
0.085922
0.085922
0.085737
0.085737
0.085737
0.085737
0.085737
0.085737
0.085737
0.085717
0.085717
0.085717
0.085717
0.085717
0.085717
0.085717
0.085717
0.085717
0.085717
0.085717
0.085717
0.085717
0.085717
0.085717
0.085717
0.085717
0.085717
0.085717
0.085717
0.085717
0.085717
0.085717
0.085717
0.085717
0.084293
0.084293
0.084293
0.084140
0.084140
0.084140
0.084140
0.084140
0.084140
0.084140
0.084140
0.084140
0.084140
0.084140
0.084140
0.084140
0.084140
0.084078
0.084078
0.084078
0.084048
0.084048
0.084048
0.084048
0.084048
0.084048
0.084048
0.084048
0.084048
0.084048
0.084048
0.084048
0.083863
0.083863
0.083839
0.083839
0.083839
0.083839
0.083839
0.083839
0.083839
0.083839
0.083839
0.083839
0.083839
0.083839
0.083839
0.083839
0.083839
0.083839
0.083839
0.083839
0.083427
0.083427
0.083427
0.083427
0.083427
0.083427
0.083427
0.083427
0.083427
0.083427
0.083427
0.083427
0.083427
0.083427
0.083427
0.083427
0.083427
0.083427
0.082513
0.082277
0.082277
0.082277
0.082277
0.082277
0.082277
0.082277
0.082277
0.082277
0.082277
0.082277
0.082277
0.082277
0.082277
0.082277
0.082277
0.082277
0.082277
0.082277
0.082277
0.082277
0.082277
0.082277
0.082277
0.082277
0.082277
0.082277
0.082277
0.082277
0.082277
0.082277
0.082277
0.082247
0.082247
0.082247
0.082247
0.082247
0.082247
0.082247
0.082247
0.082247
0.082247
0.082247
0.082247
0.082247
0.082247
0.082202
0.082202
0.082202
0.082202
0.082202
0.082202
0.082202
0.082202
0.082202
0.082202
0.082202
0.082202
0.081721
0.081721
0.081721
0.081721
0.081721
0.081721
0.081721
0.081721
0.081721
0.081721
0.081721
0.081721
0.081721
0.081721
0.081721
0.081721
0.081721
0.081721
0.081721
0.081721
0.081721
0.081721
0.081721
0.081721
0.081721
0.081566
0.081566
0.081566
0.081566
0.081566
0.081566
0.081540
0.081540
0.081540
0.081497
0.081497
0.081497
0.081145
0.081145
0.081145
0.081145
0.081145
0.081145
0.081145
0.081145
0.081145
0.081145
0.081145
0.081145
0.081145
0.081145
0.081145
0.081145
0.079318
