1.000000
0.992235
0.986142
0.969672
0.977418
0.953351
0.957582
0.939029
0.944796
0.940509
0.925372
0.917413
0.914956
0.898817
0.900156
0.899255
0.877426
0.869419
0.870902
0.852791
0.849051
0.845566
0.828406
0.820573
0.812912
0.796112
0.794802
0.787486
0.773557
0.763015
0.775310
0.761428
0.752049
0.739560
0.737305
0.735476
0.730606
0.732251
0.715823
0.704642
0.705644
0.704190
0.704445
0.692135
0.689117
0.682888
0.682794
0.676475
0.668526
0.672786
0.660117
0.651066
0.651759
0.650663
0.637769
0.634776
0.634094
0.633454
0.622184
0.620827
0.613913
0.612039
0.592396
0.608208
0.599014
0.594704
0.589037
0.585737
0.584317
0.582111
0.572130
0.565009
0.562779
0.564043
0.561861
0.558454
0.553878
0.550435
0.544381
0.541200
0.541095
0.543180
0.536263
0.539657
0.529118
0.531355
0.534142
0.532705
0.527571
0.517551
0.509959
0.507344
0.510041
0.499274
0.502740
0.501803
0.492562
0.491996
0.493217
0.489281
0.494153
0.489352
0.482729
0.481768
0.482604
0.482715
0.475317
0.473195
0.472297
0.490748
0.474783
0.468958
0.476068
0.470082
0.465306
0.466007
0.461058
0.452295
0.458498
0.458801
0.452196
0.452691
0.449087
0.442429
0.448619
0.442498
0.442382
0.442219
0.434381
0.433727
0.432018
0.422834
0.418081
0.413862
0.415583
0.418376
0.411320
0.414905
0.400636
0.408921
0.403132
0.402032
0.400865
0.388692
0.395404
0.393534
0.396481
0.389135
0.387241
0.388573
0.379582
0.377015
0.368324
0.370767
0.366535
0.365165
0.366494
0.365324
0.360089
0.353399
0.359047
0.351181
0.346950
0.342512
0.344318
0.337991
0.339777
0.337441
0.340009
0.336174
0.330976
0.327911
0.332452
0.326995
0.325075
0.313679
0.316146
0.313460
0.310154
0.309187
0.305758
0.308643
0.301429
0.292133
0.298802
0.292743
0.295188
0.292970
0.288952
0.283965
0.280490
0.278761
0.276552
0.271521
0.266767
0.268771
0.265406
0.261793
0.254872
0.251825
0.251718
0.243701
0.239814
0.236435
0.236200
0.235308
0.232811
0.228736
0.222165
0.219358
0.221625
0.213061
0.215472
0.213833
0.209184
0.204104
0.205253
0.207885
0.203822
0.201281
0.198668
0.199832
0.199401
0.192648
0.192432
0.188231
0.182187
0.186612
0.188317
0.184913
0.181916
0.184952
0.180457
0.177083
0.178961
0.172788
0.174186
0.173557
0.173084
0.167022
0.165312
0.163729
0.162781
0.161405
0.155641
0.157091
0.156089
0.153936
0.152751
0.154878
0.151718
0.151451
0.149462
0.147241
0.145757
0.143901
0.145576
0.142667
0.141162
0.140429
0.137664
0.138640
0.131342
0.130749
0.131146
0.127877
0.127741
0.129680
0.125031
0.128135
0.126010
0.126333
0.126309
0.123706
0.124020
0.121519
0.119785
0.119059
0.119009
0.116604
0.114636
0.112768
0.110442
0.109947
0.109409
0.109562
0.106899
0.105834
0.103968
0.104953
0.102293
0.102570
0.102429
0.102874
0.101875
0.100188
0.098982
0.099948
0.098821
0.097535
0.097902
0.094580
0.095707
0.095761
0.093767
0.093946
0.094825
0.094619
0.095257
0.093456
0.092140
0.090691
0.091780
0.091827
0.091559
0.089376
0.089730
0.088950
0.090228
0.091260
0.088659
0.087911
0.087871
0.087270
0.087885
0.085887
0.086899
0.085308
0.086075
0.085743
0.086110
0.084574
0.085371
0.086008
0.085175
0.086396
0.084146
0.082235
0.083295
0.083239
0.081772
0.080016
0.080404
0.080245
0.079494
0.079742
0.079963
0.080052
0.078766
0.079597
0.080313
0.079287
0.077216
0.075879
0.077709
0.075204
0.075324
0.075207
0.076531
0.076213
0.074164
0.076537
0.074808
0.073498
0.073718
0.072712
0.072260
0.072943
0.072275
0.071636
0.071183
0.072956
0.070668
0.074054
0.072079
0.071886
0.071439
0.070630
0.073053
0.070929
0.069667
0.069273
0.071087
0.070402
0.070396
0.068335
0.068827
0.068620
0.069353
0.068696
0.067538
0.068384
0.068944
0.068164
0.069283
0.068402
0.067499
0.067062
0.067301
0.068247
0.066344
0.066950
0.067384
0.065690
0.066753
0.066404
0.066117
0.066450
0.066055
0.066171
0.065912
0.066974
0.067376
0.065789
0.066238
0.069269
0.066162
0.068824
0.068273
0.067928
0.068910
0.068953
0.067664
0.067599
0.067503
0.068924
0.067166
0.067657
0.070110
0.068954
0.068669
0.068661
0.068969
0.067842
0.066886
0.067658
0.068330
0.068208
0.068501
0.066914
0.068709
0.065919
0.066044
0.068034
0.067037
0.068812
0.068257
0.067905
0.066787
0.068824
0.068077
0.068523
0.067940
0.068450
0.067216
0.066554
0.068374
0.067880
0.066455
0.067867
0.066301
0.066168
0.067159
0.064906
0.066063
0.065776
0.066797
0.065763
0.067274
0.065446
0.064442
0.064867
0.064273
0.065235
0.062965
0.064577
0.065631
0.064888
0.065160
0.064562
0.065348
0.066297
0.064905
0.064985
0.066914
0.065756
0.065704
0.067335
0.067403
0.067245
0.067447
0.067355
0.066656
0.065865
0.066817
0.067099
0.067575
0.066468
0.068718
0.065808
0.066970
0.065121
0.066766
0.066497
0.066875
0.066507
0.066501
0.067390
0.065480
0.067655
0.066460
0.065966
0.067474
0.065093
0.065959
0.064183
0.065337
0.065740
0.065756
0.066643
0.065226
0.063671
0.065807
0.063452
0.065028
0.065877
0.066051
0.064089
0.065773
0.065953
0.065136
0.066167
0.064648
0.066805
0.066193
0.067474
0.065471
0.065133
0.064386
0.064692
0.064593
0.064660
0.066651
0.066293
0.066167
0.065081
0.064492
0.065534
0.065348
0.065775
0.065254
0.064034
0.063429
0.062147
0.063256
0.063229
0.062617
0.063588
0.064620
0.062469
0.063109
0.062504
0.062370
0.062509
0.062516
0.063156
0.062967
0.064023
0.064823
0.064310
0.063593
0.063959
0.063686
0.063419
0.064314
0.065099
0.063833
0.064313
0.065449
0.062398
0.063704
0.064252
0.061772
0.064700
0.062388
0.061877
0.062752
0.064585
0.060532
0.059664
0.061088
0.061170
0.060386
0.060395
0.059024
0.058426
0.061363
0.060726
0.059772
0.059058
0.059797
0.058749
0.057539
0.057800
0.058686
0.058189
0.058003
0.057976
0.060326
0.059004
0.059350
0.060364
0.057845
0.059882
0.061557
0.061368
0.060953
0.059895
0.061774
0.062411
0.060959
0.062176
0.059861
0.060405
0.061190
0.060924
0.060195
0.061186
0.059740
0.060828
0.061674
0.061654
0.062093
0.060122
0.058941
0.057931
0.059206
0.060268
0.059679
0.060226
0.058719
0.057219
0.059704
0.060363
0.057794
0.059185
0.058084
0.058390
0.058946
0.057627
0.059461
0.060172
0.059247
0.060654
0.057220
0.059453
0.060444
0.060397
0.060928
0.058887
0.058347
0.059013
0.057890
0.058123
0.057449
0.058917
0.058709
0.058458
0.058411
0.057941
0.058440
0.058817
0.057902
0.058306
0.058106
0.056694
0.057449
0.059143
0.059263
0.058163
0.056441
0.058391
0.057480
0.057567
0.057855
0.057337
0.058873
0.059369
0.058195
0.057319
0.057734
0.059150
0.057271
0.058754
0.057360
0.058830
0.058490
0.058488
0.056536
0.058092
0.055931
0.057630
0.058208
0.057330
0.059610
0.057992
0.059612
0.059116
0.058808
0.057660
0.058331
0.058274
0.058736
0.059095
0.059380
0.058056
0.059614
0.060532
0.060152
0.059445
0.060766
0.060938
0.061341
0.061079
0.060265
0.060169
0.060463
0.059947
0.059993
0.060464
0.060817
0.062123
0.063415
0.062934
0.063775
0.062782
0.062306
0.060546
0.062403
0.062215
0.061450
0.060214
0.062253
0.062134
0.061646
0.061710
0.061704
0.059807
0.060525
0.060901
0.057581
0.057889
0.058028
0.060003
0.057779
0.058767
0.057516
0.055628
0.055782
0.055710
0.057695
0.056664
0.056694
0.057411
0.055698
0.055585
0.054414
0.055202
0.056247
0.055219
0.055741
0.053880
0.053190
0.054846
0.052738
0.053507
0.053803
0.054813
0.053104
0.054678
0.053802
0.051407
0.052263
0.052312
0.052584
0.051611
0.050697
0.051951
0.051082
0.053042
0.052364
0.051336
0.051253
0.050081
0.051502
0.052050
0.050776
0.052224
0.054165
0.052747
0.052011
0.051648
0.052669
0.054032
0.053415
0.051935
0.052743
0.052438
0.052361
0.052803
0.054959
0.052100
0.052910
0.053636
0.053842
0.051850
0.051733
0.053620
0.052954
0.052753
0.052948
0.052612
0.053924
0.051280
0.052375
0.052769
0.052564
0.053569
0.053502
0.054339
0.055313
0.055899
0.055779
0.055290
0.055031
0.053483
0.052445
0.052728
0.052235
0.053912
0.053210
0.053659
0.054370
0.053635
0.054195
0.054222
0.056139
0.054818
0.053339
0.052723
0.052038
0.053464
0.052077
0.051755
0.051341
0.052274
0.051132
0.052333
0.051606
0.049838
0.052000
0.052454
0.051002
0.053725
0.051703
0.051696
0.051938
0.051926
0.052079
0.052953
0.052186
0.051584
0.050988
0.050689
0.052264
0.049655
0.050842
0.051256
0.050535
0.050806
0.051921
0.052108
0.050974
0.052973
0.052184
0.052722
0.053205
0.054535
0.054720
0.055207
0.052020
0.051846
0.053658
0.053432
0.052853
0.051295
0.051935
0.053024
0.053302
0.053470
0.050915
0.050812
0.050628
0.051129
0.051316
0.052611
0.050555
0.050863
0.050677
0.051071
0.051801
0.051862
0.051384
0.050757
0.051179
0.051574
0.053094
0.052025
0.053698
0.053209
0.052746
0.052113
0.052838
0.052693
0.052936
0.052357
0.051335
0.052038
0.053434
0.054480
0.052810
0.052321
0.054245
0.052559
0.051290
0.052492
0.051546
0.052923
0.052089
0.051385
0.051090
0.050416
0.051466
0.051282
0.051190
0.051033
0.053613
0.052034
0.050280
0.053306
0.052001
0.051312
0.051407
0.051332
0.051862
0.052202
0.051716
0.052324
0.052650
0.051763
0.051854
0.051099
0.051936
0.050250
0.050993
0.051768
0.050988
0.051460
0.051257
0.051144
0.051505
0.050928
0.052501
0.052074
0.049953
0.050961
0.049750
0.049509
0.049458
0.049847
0.050368
0.050577
0.050288
0.049271
0.048108
0.048593
0.048367
0.050036
0.047918
0.049061
0.048333
0.047694
0.047115
0.048415
0.046648
0.047172
0.047821
0.047388
0.048224
0.048845
0.050093
0.049496
0.049320
0.050053
0.048010
0.048538
0.047537
0.047878
0.048115
0.046614
0.047905
0.048607
0.048625
0.047931
0.048044
0.047786
0.046744
0.047047
0.048500
0.046833
0.046492
0.046638
0.046034
0.047826
0.048021
0.047271
0.047381
0.048832
0.048058
0.047612
0.049653
0.047271
0.048003
0.047126
0.048534
0.047336
0.049026
0.047021
0.047628
0.047387
0.049051
0.047801
0.048334
0.047355
0.047790
0.045682
0.046056
0.046497
0.046625
0.047494
0.047980
0.047675
0.048751
0.048061
0.048228
0.048544
0.048114
0.048063
0.047367
0.048618
0.048822
0.048240
0.047969
0.047655
0.047498
0.048079
0.048299
0.047510
0.047137
0.046871
0.048471
0.048568
0.048045
0.048765
0.048583
0.047274
0.048814
0.048144
0.048705
0.049858
0.049325
0.048120
0.049039
0.048226
0.049552
0.048927
0.049692
0.050385
0.049162
0.049485
0.049931
0.050045
0.049011
0.048872
0.048276
0.048565
0.047108
0.046895
0.049975
0.048861
0.049645
0.047500
0.046123
0.046937
0.046735
0.047919
0.047634
0.046159
0.047747
0.047484
0.047151
0.046740
0.047322
0.047059
0.047692
0.046759
0.046175
0.047211
0.044838
0.045589
0.045944
0.045374
0.045036
0.046225
0.046933
0.046810
0.046708
0.047601
0.045465
0.045816
0.044661
0.043929
0.045569
0.047272
0.046578
0.046829
0.045860
0.046568
0.044977
0.046035
0.045368
0.045305
0.046563
0.044949
0.045392
0.045229
0.046314
0.045043
0.046097
0.046477
0.043813
0.045210
0.045914
0.046562
0.046576
0.047802
0.045732
0.045744
0.047904
0.046733
0.046908
0.046023
0.045842
0.046692
0.047817
0.048058
0.049910
0.048959
0.048764
0.048791
0.048495
0.048236
0.048555
0.048021
0.048138
0.046993
0.049141
0.048876
0.048385
0.047422
0.047549
0.048247
0.048248
0.049855
0.049334
0.049628
0.049823
0.049146
0.049725
0.048263
0.050288
0.048317
0.047288
0.047340
0.048342
0.046381
0.047110
0.048435
0.047233
0.049524
0.047642
0.047822
0.047823
0.047791
0.046461
0.048093
0.047932
0.047582
0.047348
0.046726
0.048682
0.046779
0.049481
0.048203
0.046905
0.047856
0.047142
0.048996
0.049451
0.047788
0.049598
0.048935
0.048992
0.048402
0.049281
0.049291
0.049174
0.049255
0.049082
0.048651
0.049976
0.049577
0.047956
0.050240
0.047885
0.048326
0.048633
0.047922
0.048587
0.048615
0.046984
0.050373
0.048420
0.050735
0.049490
0.048374
0.047913
0.049614
0.047786
0.047767
0.048479
0.048163
0.048453
0.048037
0.047546
0.047733
0.048972
0.049529
0.048645
0.049399
0.047568
0.047093
0.046800
0.048515
0.048774
0.046653
0.047799
0.047015
0.048402
0.047405
0.047323
0.046638
0.046324
0.048575
0.047129
0.047908
0.046536
0.045757
0.046615
0.046296
0.046578
0.045781
0.046919
0.046658
0.047013
0.047256
0.045347
0.046448
0.044682
0.046225
0.044884
0.045446
0.044445
0.043996
0.046825
0.046173
0.044558
0.044536
0.045862
0.045896
0.044374
0.045534
0.045997
0.045319
0.044381
0.046100
0.046370
0.046760
0.046852
0.046625
0.046511
0.047500
0.048108
0.047959
0.047778
0.047846
0.048183
0.048006
0.047223
0.046946
0.045961
0.046278
0.045193
0.044824
0.046778
0.044770
0.046336
0.045738
0.043958
0.044997
0.043445
0.044321
0.045488
0.046586
0.046122
0.046882
0.045771
0.044656
0.044979
0.046293
0.046475
0.046357
0.046375
0.046738
0.047046
0.046638
0.045847
0.046109
0.045535
0.046580
0.045887
0.044956
0.046091
0.045082
0.044896
0.045073
0.045166
0.044919
0.044339
0.044288
0.044154
0.043536
0.043682
0.045075
0.044634
0.044925
0.045572
0.045916
0.045674
0.044860
0.045286
0.045708
0.044545
0.044127
0.045258
0.043127
0.044832
0.043642
0.043573
0.043350
0.044436
0.041986
0.042260
0.041764
0.042285
0.043203
0.043249
0.043259
0.044391
0.042314
0.041859
0.044072
0.042664
0.044704
0.044556
0.043555
0.044729
0.044679
0.044041
0.043759
0.044862
0.046831
0.045520
0.044230
0.045556
0.046337
0.044221
0.044326
0.043801
0.044130
0.043987
0.042611
0.044791
0.043553
0.043551
0.042026
0.042150
0.042857
0.043314
0.043412
0.043144
0.043261
0.043711
0.044275
0.044156
0.042651
0.042490
0.042544
0.042835
0.044675
0.043756
0.043309
0.044309
0.044184
0.046150
0.044917
0.045144
0.044475
0.046602
0.046408
0.045661
0.046698
0.045710
0.045078
0.046101
0.046338
0.045876
0.048298
0.047451
0.047214
0.044929
0.045719
0.044950
0.046589
0.045752
0.046456
0.046733
0.045929
0.045118
0.045168
0.045754
0.045005
0.046419
0.045501
0.047072
0.046748
0.044571
0.044482
0.046439
0.044012
0.044426
0.044934
0.045997
0.045177
0.046240
0.046390
0.044967
0.045053
0.045060
0.046383
0.047575
0.044695
0.045535
0.043985
0.044318
0.047478
0.046709
0.045952
0.047101
0.045777
0.044789
0.045910
0.046361
0.046276
0.046391
0.046118
0.044601
0.045904
0.045914
0.045035
0.044854
0.044233
0.044514
0.044007
0.044187
0.044913
0.045211
0.046084
0.046510
0.046775
0.045700
0.046460
0.047157
0.046089
0.046166
0.045261
0.046666
0.046066
0.045499
0.045681
0.045120
0.045317
0.046793
0.045929
0.046459
0.044805
0.043430
0.044181
0.045347
0.045502
0.044912
0.045200
0.045467
0.043673
0.045411
0.044956
0.045476
0.045478
0.045165
0.045120
0.045373
0.045483
0.047315
0.045915
0.043931
0.043977
0.044002
0.045372
0.044720
0.044383
0.045377
0.043836
0.043205
0.042866
0.044401
0.043399
0.044620
0.045265
0.045783
0.043909
0.043658
0.044978
0.044881
0.046017
0.043660
0.044774
0.043314
0.043233
0.043965
0.043377
0.042510
0.042537
0.042946
0.043909
0.043636
0.043058
0.043720
0.044002
0.042817
0.043578
0.043540
0.044299
0.043782
0.044515
0.045814
0.044214
0.043645
0.045020
0.044167
0.042874
0.045524
0.042930
0.044012
0.043400
0.045481
0.045977
0.045904
0.045594
0.045067
0.044677
0.044069
0.045492
0.045020
0.044529
0.044419
0.044629
0.044461
0.046180
0.046402
0.046084
0.044785
0.044550
0.046838
0.046910
0.048402
0.046874
0.046421
0.046329
0.044681
0.045557
0.045591
0.046252
0.046277
0.046487
0.045699
0.046268
0.047765
0.046163
0.045617
0.046058
0.046993
0.045172
0.045231
0.044650
0.044886
0.045385
0.046393
0.045475
0.046136
0.045929
0.046302
0.047920
0.047367
0.044941
0.045709
0.046545
0.047158
0.047517
0.047103
0.046809
0.046366
0.046170
0.045364
0.043647
0.045533
0.044114
0.043921
0.045602
0.043201
0.045485
0.045914
0.045155
0.044268
0.046061
0.043933
0.044402
0.043107
0.043812
0.043682
0.045216
0.044403
0.044771
0.044988
0.043947
0.043997
0.044350
0.044600
0.044280
0.042846
0.044042
0.044747
0.043494
0.044283
0.043974
0.043394
0.044046
0.044444
0.045354
0.046121
0.045279
0.043610
0.043972
0.043629
0.044471
0.044355
0.044519
0.044962
0.043591
0.044863
0.044475
0.045737
0.044089
0.044855
0.046068
0.044218
0.044674
0.046184
0.044632
0.044685
0.046479
0.043844
0.045455
0.043947
0.043062
0.043025
0.043765
0.041764
0.045360
0.043075
0.043613
0.044566
0.044104
0.043660
0.043274
0.043251
0.045014
0.045747
0.044862
0.045502
0.044923
0.044931
0.043516
0.043958
0.044771
0.045142
0.044836
0.046672
0.045879
0.043799
0.045784
0.042194
0.043654
0.042887
0.043060
0.043701
0.043825
0.044340
0.042957
0.042892
0.043257
0.043621
0.042770
0.042443
0.041958
0.043924
0.044111
0.041933
0.043304
0.042788
0.043100
0.040476
0.042799
0.041920
0.041883
0.041571
0.042127
0.042546
0.041763
0.043096
0.042902
0.042011
0.042340
0.043883
0.043867
0.044720
0.044173
0.043227
0.044139
0.043389
0.044241
0.043298
0.043386
0.044367
0.043788
0.043397
0.043624
0.043008
0.042522
0.042706
0.041901
0.042739
0.040285
0.041548
0.040623
0.042593
0.040847
0.039696
0.039540
0.039875
0.039835
0.042104
0.041693
0.041398
0.041149
0.041483
0.040271
0.039927
0.042076
0.040967
0.041563
0.041228
0.040759
0.041044
0.041565
0.041177
0.041658
0.042243
0.041710
0.042251
0.044023
0.044212
0.043740
0.043372
0.042817
0.042329
0.042426
0.042705
0.041805
0.042753
0.041520
0.043179
0.041720
0.041892
0.042600
0.041817
0.041719
0.043023
0.043629
0.043497
0.043710
0.044177
0.043356
0.042825
0.043199
0.044396
0.044488
0.044001
0.045375
0.044588
0.043763
0.042975
0.044387
0.043962
0.044115
0.044532
0.044689
0.043817
0.044729
0.043845
0.043991
0.044059
0.043131
0.043919
0.044373
0.044636
0.043973
0.042900
0.042760
0.044822
0.042953
0.043693
0.043755
0.044274
0.044595
0.044393
0.044209
0.044021
0.043586
0.044281
0.043268
0.044769
0.043994
0.043187
0.042892
0.044094
0.042885
0.043597
0.042481
0.043964
0.043727
0.043629
0.043198
0.043718
0.043960
0.044463
0.043567
0.043805
0.043313
0.043690
0.044077
0.045248
0.045643
0.044709
0.044864
0.044550
0.043961
0.043951
0.043591
0.044450
0.045313
0.045335
0.045370
0.044369
0.044617
0.045569
0.044578
0.044884
0.045710
0.045821
0.045280
0.044265
0.043752
0.043502
0.044334
0.043809
0.043037
0.042819
0.042260
0.044581
0.044259
0.044870
0.044187
0.044518
0.045657
0.043903
0.044602
0.043237
0.045029
0.043137
0.042917
0.043749
0.043253
0.043078
0.044979
0.043217
0.044657
0.045452
0.044129
0.043221
0.043310
0.044745
0.045663
0.044494
0.044734
0.043751
0.045913
0.046038
0.044702
0.045477
0.044793
0.044971
0.045838
0.045209
0.044582
0.045884
0.046249
0.044906
0.043265
0.045989
0.044717
0.047052
0.046531
0.045345
0.045394
0.045009
0.045557
0.045709
0.044397
0.044989
0.043443
0.044016
0.044041
0.046085
0.045956
0.044839
0.044882
0.043294
0.044384
0.044086
0.042212
0.041265
0.042429
0.041581
0.042201
0.042164
0.041480
0.041368
0.041782
0.042959
0.042575
0.042783
0.043740
0.042564
0.041813
0.042253
0.041751
0.041642
0.042720
0.042079
0.043924
0.041809
0.043858
0.043965
0.043307
0.042406
0.041629
0.042687
0.043527
0.042708
0.041837
0.041632
0.044570
0.043677
0.043474
0.044172
0.043622
0.043490
0.044687
0.043652
0.044458
0.044587
0.044828
0.043710
0.046472
0.047625
0.046706
0.045923
0.044591
0.045064
0.045205
0.044027
0.046117
0.046089
0.046177
0.046866
0.046207
0.045145
0.045233
0.045708
0.045913
0.044991
0.044401
0.045874
0.044321
0.045418
0.045654
0.043922
0.042417
0.043432
0.042732
0.041822
0.042377
0.040967
0.043209
0.044041
0.042777
0.044225
0.044470
0.042678
0.043464
0.043292
0.043035
0.044149
0.043070
0.042594
0.044159
0.043873
0.043763
0.043280
0.043264
0.044204
0.043416
0.044447
0.044323
0.043952
0.044013
0.043603
0.043133
0.044439
0.043458
0.045035
0.044173
0.043967
0.044073
0.043933
0.044998
0.045616
0.045775
0.045073
0.044032
0.044365
0.044908
0.043149
0.045262
0.045428
0.045651
0.045914
0.045498
0.045006
0.045752
0.046383
0.046362
0.046143
0.045372
0.047278
0.045993
0.044623
0.044927
0.045213
0.044667
0.043995
0.044024
0.044874
0.044063
0.043849
0.043009
0.044549
0.046062
0.044687
0.046339
0.046210
0.045621
0.045080
0.045323
0.044718
0.045311
0.046134
0.045067
0.043797
0.042957
0.043260
0.042470
0.043000
0.044921
0.044499
0.042906
0.043157
0.042192
0.042790
0.043950
0.041228
0.042580
0.041634
0.040379
0.041729
0.042069
0.042505
0.042926
0.042775
0.044217
0.040588
0.041242
0.042172
0.041406
0.042535
0.041722
0.041764
0.041722
0.042739
0.041984
0.041932
0.042566
0.043921
0.044132
0.043889
0.042809
0.043159
0.044281
0.043198
0.042230
0.042453
0.044736
0.042906
0.041909
0.043105
0.041789
0.042023
0.043846
0.044300
0.042990
0.044297
0.043003
0.043472
0.041793
0.043177
0.042383
0.042096
0.042179
0.042196
0.042371
0.043256
0.042177
0.043384
0.043930
0.044657
0.042902
0.043785
0.043120
0.043838
0.043151
0.042707
0.044217
0.042879
0.044561
0.044117
0.044324
0.044650
0.044737
0.045808
0.044539
0.043088
0.042970
0.043592
0.042199
0.042880
0.043403
0.043023
0.045510
0.044905
0.043355
0.043648
0.043045
0.044276
0.043091
0.044721
0.044928
0.044714
0.043769
0.045730
0.044309
0.046070
0.045349
0.044762
0.045141
0.043964
0.045402
0.045644
0.044363
0.045527
0.045050
0.042906
0.041027
0.042767
0.043803
0.043018
0.044487
0.042553
0.042038
0.041423
0.043537
0.042630
0.042433
0.041993
0.041965
0.041714
0.042213
0.041991
0.041390
0.040882
0.041529
0.039785
0.041077
0.040286
0.040240
0.040968
0.039935
0.041001
0.040834
0.042182
0.041925
0.043076
0.042367
0.042074
0.043412
0.043647
0.044132
0.044729
0.042672
0.043276
0.044993
0.043677
0.043582
0.044857
0.043095
0.045821
0.043746
0.043892
0.044327
0.044432
0.042873
0.044358
0.046262
0.043465
0.045131
0.043737
0.044755
0.043233
0.044600
0.045144
0.044217
0.045188
0.044918
0.045733
0.047055
0.046857
0.045838
0.044842
0.044048
0.046678
0.046394
0.048102
0.046698
0.046853
0.045735
0.044458
0.045343
0.045453
0.046008
0.045942
0.044596
0.045268
0.044881
0.043975
0.045317
0.046902
0.046676
0.046732
0.045813
0.046481
0.046499
0.045874
0.046781
0.045274
0.045337
0.044569
0.045408
0.045583
0.045411
0.043483
0.043915
0.042301
0.044291
0.045659
0.045004
0.043824
0.044889
0.045634
0.044716
0.046283
0.045320
0.044540
0.045018
0.044296
0.042746
0.044027
0.043916
0.043071
0.045095
0.043731
0.043889
0.043957
0.042918
0.043748
0.043002
0.045681
0.044294
0.043901
0.044675
0.044097
0.044558
0.044382
0.043912
0.044166
0.044033
0.044600
0.043957
0.044654
0.044186
0.044323
0.043490
0.043260
0.043620
0.043438
0.043308
0.042760
0.043155
0.042637
0.044236
0.044113
0.044049
0.043188
0.044194
0.044532
0.043647
0.043115
0.042527
0.043062
0.043506
0.043870
0.041672
0.042578
0.043252
0.045123
0.044055
0.044129
0.043634
0.042931
0.043369
0.045204
0.044456
0.043377
0.042733
0.041478
0.042535
0.043705
0.044019
0.043076
0.042819
0.043197
0.043192
0.043806
0.042562
0.042920
0.041968
0.042755
0.042966
0.043584
0.043830
0.042647
0.041561
0.041737
0.043079
0.044301
0.043476
0.043628
0.043772
0.043771
0.043191
0.045786
0.044143
0.045549
0.045872
0.044926
0.045831
0.045199
0.044587
0.045769
0.046571
0.045260
0.048172
0.044533
0.045490
0.045090
0.043972
0.043301
0.044443
0.044383
0.046369
0.045533
0.045137
0.045497
0.044016
0.043094
0.043235
0.044355
0.042822
0.044815
0.044209
0.044454
0.045055
0.043168
0.043227
0.042834
0.043860
0.043538
0.044180
0.045162
0.044918
0.046079
0.046817
0.045738
0.045252
0.045152
0.045489
0.046001
0.046510
0.046160
0.045305
0.045921
0.045223
0.046436
0.046350
0.046328
0.044293
0.044698
0.045377
0.044069
0.045285
0.045058
0.043623
0.045174
0.043656
0.044027
0.043587
0.044749
0.043390
0.044085
0.045080
0.044630
0.042980
0.042587
0.043300
0.044188
0.043274
0.042621
0.044108
0.043198
0.042792
0.042351
0.043456
0.042130
0.043592
0.043002
0.042269
0.042414
0.042591
0.041915
0.042510
0.042575
0.040327
0.041357
0.040490
0.041234
0.041202
0.040108
0.040081
0.039894
0.040056
0.040444
0.038466
0.039478
0.038359
0.038409
0.038755
0.038047
0.038710
0.038544
0.038827
0.040250
0.039972
0.040746
0.039721
0.041060
0.041951
0.042252
0.042697
0.041591
0.042332
0.041483
0.041191
0.041365
0.041122
0.042436
0.042884
0.042713
0.040742
0.042671
0.042433
0.041428
0.042482
0.043204
0.041975
0.043252
0.041236
0.042037
0.042494
0.042221
0.041902
0.042476
0.041435
0.042107
0.044000
0.042619
0.042988
0.041853
0.042724
0.042399
0.042646
0.043542
0.041198
0.041794
0.041517
0.043264
0.042704
0.044540
0.043290
0.043581
0.043844
0.043085
0.043881
0.044488
0.045758
0.045335
0.043162
0.042116
0.042488
0.043890
0.043120
0.042822
0.041667
0.042333
0.043631
0.043511
0.043173
0.044554
0.045137
0.045241
0.044078
0.043261
0.045371
0.043904
0.043666
0.043792
0.042143
0.042500
0.043042
0.042909
0.044515
0.043511
0.044635
0.044871
0.045348
0.043587
0.045960
0.046342
0.045965
0.046455
0.045945
0.046891
0.044884
0.044155
0.045886
0.047097
0.045671
0.044777
0.045788
0.044634
0.045543
0.042886
0.044924
0.043687
0.043229
0.043504
0.044032
0.045672
0.047065
0.044675
0.045419
0.045708
0.043942
0.044599
0.045349
0.044514
0.044777
0.044913
0.044889
0.046212
0.044440
0.044811
0.044829
0.045712
0.045626
0.043835
0.043810
0.044971
0.044432
0.044110
0.043307
0.044508
0.044278
0.044345
0.045154
0.044283
0.044849
0.044204
0.042777
0.042544
0.044701
0.044543
0.043011
0.044705
0.044732
0.044347
0.044511
0.044374
0.043679
0.044528
0.044552
0.044541
0.043281
0.044768
0.043160
0.044427
0.044440
0.044092
0.043201
0.044216
0.044557
0.043412
0.043813
0.043820
0.043376
0.041544
0.042865
0.042681
0.042695
0.044176
0.042308
0.043225
0.041460
0.041891
0.042189
0.041907
0.041537
0.043150
0.041874
0.043506
0.042305
0.041629
0.042130
0.042144
0.042381
0.043464
0.042645
0.042577
0.042911
0.043416
0.045153
0.043992
0.041915
0.041677
0.042327
0.041980
0.043735
0.042911
0.042794
0.042910
0.042714
0.042064
0.041773
0.042918
0.043134
0.042144
0.042479
0.042042
0.043099
0.042320
0.043184
0.042426
0.042407
0.043440
0.043246
0.043173
0.042735
0.041833
0.043692
0.043277
0.043850
0.044512
0.043797
0.042095
0.043350
0.041886
0.042355
0.042331
0.042594
0.041374
0.042054
0.042674
0.043249
0.042279
0.042094
0.041279
0.042555
0.041808
0.041138
0.042984
0.042907
0.041988
0.043566
0.043635
0.045547
0.044142
0.043891
0.044707
0.044144
0.043841
0.043743
0.043763
0.043330
0.042934
0.043272
0.042599
0.043890
0.043380
0.042626
0.042940
0.044206
0.041170
0.042074
0.042206
0.039969
0.041928
0.041169
0.041678
0.042197
0.042375
0.041852
0.042508
0.042220
0.042057
0.042618
0.042369
0.043378
0.042154
0.042024
0.044867
0.043353
0.043773
0.041635
0.043265
0.042943
0.043202
0.043281
0.043195
0.043327
0.042655
0.043108
0.043588
0.042996
0.045575
0.043370
0.043712
0.043647
0.043926
0.044441
0.043002
0.041785
0.042329
0.042013
0.040973
0.042116
0.041751
0.042002
0.042358
0.041493
0.043470
0.043779
0.044173
0.044327
0.044648
0.045198
0.045208
0.043788
0.042845
0.044094
0.043207
0.042406
0.041345
0.043326
0.043797
0.041842
0.042923
0.043308
0.043255
0.043480
0.043740
0.042108
0.042256
0.042458
0.042092
0.044232
0.044043
0.044582
0.044126
0.044998
0.043632
0.044212
0.044776
0.045944
0.044134
0.043157
0.042963
0.042916
0.043648
0.042904
0.042937
0.042938
0.045059
0.043356
0.044053
0.042857
0.044743
0.042756
0.042824
0.042689
0.043606
0.042649
0.042644
0.044416
0.044053
0.045539
0.046037
0.044459
0.045348
0.044800
0.043289
0.042894
0.042166
0.042172
0.042746
0.043265
0.042868
0.044843
0.044553
0.045777
0.044721
0.045281
0.044284
0.043657
0.044441
0.045091
0.044959
0.045014
0.045097
0.044696
0.044367
0.043113
0.044642
0.046079
0.044510
0.043987
0.044573
0.045937
0.044437
0.045222
0.043273
0.043813
0.044750
0.044887
0.043024
0.042602
0.042506
0.044115
0.044256
0.043346
0.044239
0.043035
0.044378
0.043839
0.042310
0.043626
0.042405
0.043830
0.043987
0.044162
0.045303
0.044204
0.044666
0.044223
0.044206
0.045177
0.045182
0.044946
0.044996
0.046031
0.046177
0.045756
0.046096
0.044733
0.045538
0.045517
0.043662
0.044416
0.044667
0.045310
0.044907
0.045784
0.044676
0.046030
0.045812
0.045680
0.046378
0.044596
0.045159
0.043455
0.044581
0.045022
0.044578
0.043517
0.043860
0.043816
0.043867
0.044431
0.045166
0.043186
0.040903
0.043969
0.043047
0.043122
0.043359
0.042470
0.042458
0.044723
0.044750
0.044052
0.043896
0.044181
0.044910
0.043337
0.045109
0.044178
0.044742
0.044455
0.043800
0.045466
0.045150
0.045828
0.046235
0.045621
0.045798
0.044343
0.045117
0.046617
0.044250
0.046306
0.043869
0.044086
0.044628
0.045639
0.046342
0.045247
0.044700
0.044096
0.044868
0.045176
0.044456
0.045142
0.044622
0.046061
0.044670
0.043454
0.043874
0.043733
0.043864
0.044712
0.044286
0.044128
0.042521
0.042443
0.044119
0.042082
0.041386
0.042181
0.042283
0.040568
0.041956
0.040562
0.042277
0.041910
0.043478
0.044008
0.045330
0.045011
0.043625
0.043222
0.043516
0.044294
0.043990
0.042390
0.042932
0.043019
0.043216
0.042730
0.041863
0.043284
0.043055
0.042696
0.043302
0.042559
0.042644
0.041863
0.041647
0.042795
0.042804
0.042527
0.043144
0.042868
0.041989
0.042592
0.042534
0.041030
0.041712
0.042285
0.041322
0.043199
0.045944
0.043905
0.045911
0.044581
0.044608
0.044916
0.043700
0.044244
0.044896
0.044936
0.043269
0.043237
0.043351
0.045547
0.043925
0.045400
0.044375
0.045365
0.044652
0.044759
0.045436
0.043827
0.044547
0.043492
0.044417
0.044412
0.043765
0.043723
0.043392
0.045777
0.043545
0.043500
0.043157
0.045064
0.044073
0.045791
0.045962
0.045291
0.045268
0.044065
0.041837
0.044114
0.044456
0.043737
0.045275
0.044718
0.044527
0.044685
0.045097
0.044389
0.043189
0.044047
0.044737
0.043384
0.043737
0.042547
0.042006
0.043983
0.042781
0.042672
0.042768
0.042645
0.043514
0.044600
0.043527
0.043875
0.042909
0.044221
0.044629
0.046571
0.045146
0.044268
0.044103
0.044130
0.044861
0.045855
0.044149
0.045115
0.046244
0.044498
0.045489
0.043748
0.042655
0.044144
0.044668
0.044321
0.044679
0.042387
0.043974
0.041443
0.043382
0.042299
0.042987
0.042455
0.044068
0.042405
0.043003
0.043362
0.044070
0.043611
0.043975
0.043276
0.042713
0.043228
0.044549
0.042149
0.043871
0.041728
0.043666
0.043311
0.042279
0.042483
0.043636
0.042723
0.042499
0.042487
0.044037
0.043298
0.043182
0.043973
0.043174
0.043897
0.044436
0.043174
0.042880
0.041802
0.040876
0.041601
0.043634
0.040889
0.042205
0.040905
0.041719
0.041729
0.041310
0.040158
0.041408
0.042264
0.043047
0.043526
0.043003
0.041809
0.043177
0.042361
0.041715
0.044612
0.043638
0.043454
0.043769
0.042421
0.043211
0.043295
0.042231
0.042470
0.043026
0.042581
0.043793
0.045105
0.043117
0.043379
0.042813
0.042720
0.042933
0.043231
0.043643
0.042325
0.043605
0.042317
0.044175
0.042808
0.043779
0.043374
0.042855
0.044966
0.045983
0.044694
0.044195
0.043667
0.043702
0.042641
0.043802
0.043933
0.042948
0.042265
0.041066
0.041774
0.041831
0.043413
0.042320
0.044544
0.043177
0.043526
0.043644
0.043782
0.044102
0.042893
0.042919
0.043688
0.042584
0.041699
0.042018
0.041459
0.042118
0.042095
0.042455
0.042300
0.042584
0.042247
0.043059
0.046491
0.043405
0.043661
0.042689
0.044624
0.043709
0.043938
0.044052
0.043082
0.044278
0.043997
0.042626
0.043025
0.042264
0.042005
0.042721
0.043194
0.044478
0.043403
0.042774
0.043718
0.043472
0.043284
0.043898
0.044088
0.045140
0.043162
0.044083
0.043179
0.043194
0.043211
0.044410
0.043494
0.044019
0.043033
0.042873
0.042165
0.042420
0.042515
0.042757
0.042839
0.042565
0.042420
0.042577
0.041606
0.042557
0.041685
0.041833
0.041751
0.040868
0.041923
0.041895
0.042122
0.042828
0.043527
0.043508
0.044149
0.042838
0.042176
0.043565
0.043856
0.043107
0.041054
0.041861
0.042435
0.042085
0.041487
0.040773
0.040855
0.041155
0.041494
0.040964
0.040820
0.041562
0.040261
0.041760
0.041790
0.040887
0.040613
0.040697
0.040164
0.040524
0.039898
0.039609
0.040699
0.039261
0.039644
0.040189
0.039298
0.040277
0.038494
0.040922
0.039370
0.040467
0.041125
0.039821
0.040111
0.039614
0.041778
0.039800
0.039555
0.040952
0.039997
0.039844
0.042274
0.041196
0.041998
0.040202
0.040933
0.040413
0.039320
0.040884
0.039758
0.041856
0.041243
0.041764
0.040857
0.042001
0.042313
0.042624
0.040780
0.040934
0.040565
0.041442
0.042525
0.041045
0.042231
0.043841
0.043180
0.043470
0.044575
0.043848
0.044260
0.043005
0.045812
0.045596
0.044770
0.043935
0.045681
0.044342
0.043671
0.045760
0.044765
0.045565
0.043165
0.042686
0.044036
0.043470
0.044860
0.045673
0.044755
0.045032
0.042386
0.043704
0.042216
0.044364
0.043752
0.043385
0.042931
0.043315
0.042176
0.042318
0.042976
0.041126
0.043055
0.042810
0.042902
0.042020
0.042187
0.042248
0.042890
0.043257
0.043312
0.042587
0.042156
0.041102
0.040897
0.041965
0.043739
0.042526
0.043277
0.042584
0.041430
0.042602
0.042681
0.043652
0.042050
0.042301
0.042293
0.042532
0.042602
0.042959
0.042350
0.043176
0.042483
0.041612
0.044803
0.043334
0.043179
0.042548
0.042119
0.043377
0.043695
0.043618
0.043180
0.045423
0.044164
0.045521
0.044201
0.044524
0.044884
0.044179
0.044819
0.043611
0.044068
0.043469
0.043789
0.045712
0.044326
0.043654
0.044026
0.043902
0.045764
0.046290
0.046471
0.046596
0.044499
0.045566
0.045252
0.044847
0.044791
0.044272
0.043888
0.043312
0.043614
0.043151
0.044442
0.044144
0.045078
0.044152
0.044410
0.042532
0.043017
0.042726
0.042543
0.042470
0.041566
0.041725
0.042709
0.042037
0.042234
0.043402
0.042108
0.043028
0.041228
0.042621
0.042462
0.042771
0.042108
0.041987
0.041432
0.042555
0.043276
0.044110
0.043343
0.042460
0.042626
0.043320
0.041791
0.042154
0.043980
0.043946
0.042922
0.042869
0.043196
0.042127
0.042503
0.043771
0.044852
0.045141
0.043163
0.043245
0.043172
0.043485
0.043259
0.043340
0.043094
0.041584
0.042932
0.044707
0.044049
0.043510
0.043509
0.044892
0.042627
0.043110
0.041237
0.042261
0.041800
0.042049
0.042138
0.041217
0.041453
0.040030
0.041970
0.040509
0.041534
0.042588
0.043017
0.042005
0.042093
0.041555
0.041884
0.042960
0.042796
0.042544
0.042754
0.042989
0.043426
0.043468
0.043753
0.041530
0.042359
0.041890
0.043416
0.043225
0.041702
0.041392
0.041188
0.041583
0.039979
0.041151
0.042411
0.042059
0.042032
0.041929
0.040962
0.043650
0.042854
0.043848
0.041991
0.043194
0.042770
0.042980
0.043092
0.042122
0.042232
0.042748
0.042251
0.042615
0.042467
0.043737
0.042731
0.042893
0.043547
0.043451
0.043437
0.042745
0.043528
0.041087
0.043015
0.043585
0.043592
0.044509
0.044296
0.043568
0.044527
0.044774
0.043121
0.044832
0.043501
0.043885
0.045278
0.044986
0.045207
0.043515
0.044504
0.044846
0.043833
0.043678
0.043894
0.043395
0.043385
0.044491
0.045339
0.044201
0.044735
0.045799
0.044368
0.044520
0.043410
0.043890
0.044687
0.044589
0.044505
0.043736
0.044567
0.043461
0.043388
0.043780
0.042644
0.042336
0.042875
0.043379
0.044092
0.041869
0.041891
0.042726
0.044504
0.043777
0.043300
0.042756
0.043789
0.042407
0.042296
0.041904
0.042919
0.041966
0.043453
0.043176
0.043731
0.044951
0.043755
0.043520
0.044194
0.043815
0.042999
0.041633
0.042899
0.042498
0.042253
0.043577
0.043832
0.043378
0.043450
0.041463
0.042924
0.042951
0.044346
0.042604
0.044517
0.044240
0.044798
0.044419
0.042779
0.044368
0.045485
0.043131
0.044846
0.045627
0.044900
0.045495
0.043842
0.043786
0.043866
0.045493
0.044662
0.043811
0.042813
0.043412
0.044933
0.045119
0.044255
0.042662
0.042013
0.043337
0.043358
0.043796
0.043905
0.043567
0.043273
0.043484
0.045193
0.043915
0.042726
0.042979
0.043057
0.043409
0.043210
0.042668
0.042203
0.043485
0.043753
0.044559
0.043918
0.044036
0.043055
0.043978
0.044180
0.043500
0.044601
0.043248
0.044019
0.044218
0.044319
0.044567
0.044043
0.042907
0.044437
0.043816
0.043141
0.043224
0.042928
0.042210
0.044158
0.044064
0.042692
0.042062
0.041966
0.043294
0.042063
0.043038
0.040740
0.042360
0.040355
0.041102
0.041757
0.040756
0.039691
0.040064
0.039560
0.041294
0.041381
0.040506
0.042312
0.040066
0.039078
0.041124
0.041700
0.040947
0.040072
0.040462
0.039996
0.039826
0.041008
0.039550
0.039680
0.039404
0.040056
0.038700
0.039326
0.039144
0.040947
0.038625
0.040003
0.040809
0.038938
0.041297
0.040220
0.041754
0.041322
0.040106
0.040717
0.041463
0.040914
0.040822
0.040380
0.040907
0.040403
0.040749
0.039790
0.039956
0.040470
0.041140
0.041127
0.041193
0.039087
0.040698
0.041275
0.040735
0.039547
0.039098
0.039250
0.041148
0.041297
0.041021
0.040380
0.041786
0.040119
0.041541
0.041382
0.042074
0.041385
0.043003
0.042651
0.041261
0.041830
0.042767
0.043096
0.042506
0.042781
0.041857
0.043378
0.043684
0.044527
0.046579
0.045263
0.044611
0.044410
0.044967
0.043309
0.042913
0.042804
0.043841
0.043713
0.043612
0.044444
0.043761
0.043709
0.043101
0.044573
0.042709
0.043985
0.043944
0.043423
0.044206
0.042923
0.044360
0.044053
0.044101
0.044542
0.043452
0.044844
0.042991
0.041919
0.043669
0.044359
0.042977
0.041445
0.042811
0.042379
0.041824
0.042375
0.042629
0.042415
0.041681
0.041109
0.042465
0.042180
0.040906
0.042592
0.042466
0.042460
0.043515
0.042245
0.042857
0.043475
0.043520
0.043681
0.043423
0.042823
0.041858
0.043043
0.042426
0.041843
0.042169
0.042101
0.041545
0.042056
0.040993
0.041119
0.042171
0.039963
0.041856
0.042137
0.040853
0.040892
0.041276
0.040624
0.041421
0.040722
0.040206
0.040219
0.041984
0.042902
0.040956
0.041127
0.042139
0.042793
0.042563
0.041332
0.041730
0.043482
0.043106
0.041317
0.041037
0.040278
0.041240
0.040444
0.040928
0.039177
0.041727
0.041462
0.041827
0.042975
0.043204
0.042998
0.044098
0.042835
0.043011
0.041426
0.042490
0.042753
0.044842
0.042579
0.044074
0.043286
0.043629
0.044143
0.043846
0.044061
0.042774
0.044623
0.043610
0.043209
0.043543
0.044799
0.044329
0.044614
0.043719
0.043750
0.045340
0.045372
0.045514
0.044846
0.044403
0.044599
0.045147
0.045470
0.042563
0.043595
0.043342
0.044039
0.043181
0.043366
0.043288
0.042390
0.043558
0.043245
0.042431
0.043988
0.042369
0.044072
0.042672
0.043442
0.042814
0.044086
0.042661
0.042153
0.041762
0.041661
0.040754
0.041709
0.043166
0.042902
0.043022
0.042918
0.042657
0.042045
0.042782
0.041786
0.042599
0.041920
0.042101
0.043263
0.041703
0.041088
0.041770
0.040963
0.043278
0.042823
0.041066
0.041685
0.042103
0.042274
0.041908
0.042662
0.042960
0.042640
0.042078
0.043277
0.042700
0.041066
0.042824
0.042477
0.044249
0.043430
0.043719
0.043620
0.044028
0.043502
0.042081
0.043366
0.042009
0.042134
0.043175
0.044197
0.045513
0.044133
0.044356
0.044934
0.044571
0.044365
0.043315
0.043542
0.043512
0.042404
0.040953
0.041077
0.044261
0.043588
0.042642
0.042749
0.041842
0.043997
0.043980
0.044871
0.044718
0.046613
0.046718
0.044150
0.045746
0.044194
0.045164
0.044770
0.045109
0.045438
0.043867
0.044621
0.044280
0.042537
0.043263
0.045232
0.043877
0.043014
0.045057
0.045400
0.045582
0.044443
0.044977
0.043935
0.043722
0.043947
0.046784
0.044633
0.045631
0.044227
0.044811
0.044355
0.043863
0.044479
0.043609
0.044610
0.043988
0.043321
0.045204
0.044750
0.044949
0.044555
0.044224
0.044214
0.044931
0.044144
0.044946
0.043929
0.044020
0.044557
0.042357
0.044216
0.043395
0.042105
0.043552
0.044314
0.043561
0.043272
0.043520
0.043697
0.044988
0.043952
0.043507
0.043866
0.043368
0.041922
0.043381
0.044813
0.042513
0.044815
0.043596
0.043088
0.042094
0.042968
0.043452
0.045416
0.044073
0.046072
0.044615
0.044479
0.042707
0.044312
0.044993
0.044036
0.044377
0.043794
0.044407
0.042419
0.043195
0.043874
0.043227
0.044827
0.043947
0.044879
0.043513
0.041760
0.043081
0.042918
0.042915
0.042298
0.043144
0.042114
0.041531
0.041948
0.042483
0.042872
0.041030
0.042429
0.041121
0.041947
0.042018
0.042351
0.043120
0.043262
0.043664
0.041805
0.041772
0.042786
0.041848
0.042319
0.042510
0.041731
0.042213
0.042635
0.041211
0.040621
0.041299
0.040526
0.041597
0.041747
0.041991
0.042230
0.041106
0.042217
0.042160
0.042632
0.041387
0.043877
0.042996
0.043269
0.042808
0.041083
0.043264
0.042307
0.042828
0.041469
0.041506
0.041014
0.040621
0.041767
0.041634
0.042282
0.041615
0.042384
0.041965
0.041989
0.040045
0.043782
0.042715
0.042965
0.042504
0.042852
0.041861
0.042756
0.042817
0.042537
0.044120
0.043073
0.043541
0.042190
0.042428
0.043404
0.043314
0.043667
0.045677
0.044930
0.044814
0.045295
0.043988
0.045100
0.043773
0.043637
0.045957
0.045258
0.042989
0.043407
0.045290
0.044749
0.044679
0.045087
0.044220
0.045968
0.044667
0.044214
0.046721
0.045022
0.045466
0.044116
0.044910
0.043922
0.044805
0.044537
0.044618
0.043162
0.044072
0.043255
0.045139
0.043937
0.043194
0.043370
0.042385
0.043499
0.043506
0.045141
0.045326
0.044748
0.044292
0.045134
0.045291
0.045138
0.044404
0.044995
0.044373
0.044714
0.045241
0.044881
0.044348
0.043103
0.043320
0.042934
0.043614
0.043811
0.044611
0.043476
0.043131
0.044567
0.043126
0.045504
0.044569
0.043645
0.043134
0.043017
0.044503
0.044215
0.044822
0.043646
0.043612
0.044160
0.044336
0.044250
0.044760
0.045951
0.044106
0.046094
0.043440
0.042271
0.042781
0.043937
0.044755
0.044756
0.046254
0.044359
0.044148
0.045578
0.045967
0.043547
0.044564
0.045133
0.041865
0.042720
0.043257
0.045479
0.044568
0.043485
0.044131
0.043080
0.044041
0.042703
0.043573
0.044144
0.043380
0.043209
0.042874
0.041761
0.041928
0.042497
0.041855
0.042640
0.042317
0.041969
0.042680
0.040866
0.041787
0.042164
0.040398
0.041047
0.042841
0.043097
0.041020
0.041704
0.041316
0.041330
0.040862
0.041761
0.042588
0.042862
0.043093
0.044802
0.041011
0.042448
0.042596
0.042486
0.042167
0.044594
0.041684
0.042585
0.042768
0.042238
0.040209
0.041544
0.041727
0.041581
0.042061
0.040522
0.040150
0.040919
0.041179
0.039675
0.040362
0.041841
0.042649
0.041027
0.042012
0.039836
0.039845
0.038483
0.039670
0.039331
0.041243
0.041809
0.041615
0.042489
0.041957
0.043284
0.042235
0.041443
0.042198
0.042739
0.043356
0.045012
0.043056
0.043713
0.043400
0.043407
0.044399
0.043467
0.042198
0.042482
0.042265
0.041859
0.041846
0.042535
0.041742
0.041979
0.042159
0.042434
0.042763
0.042998
0.042216
0.043270
0.044696
0.044664
0.043022
0.043434
0.043837
0.043892
0.045202
0.044206
0.043161
0.044585
0.044141
0.043975
0.043722
0.042736
0.043611
0.044396
0.044175
0.044123
0.044493
0.044580
0.045648
0.046969
0.046160
0.044902
0.044420
0.044677
0.044859
0.044376
0.044159
0.044863
0.043881
0.043479
0.042837
0.041199
0.042696
0.042470
0.042410
0.043612
0.044597
0.044366
0.043281
0.042804
0.042013
0.043789
0.042306
0.042875
0.041903
0.041813
0.042791
0.042490
0.043552
0.042957
0.042785
0.041839
0.042990
0.042796
0.042417
0.043560
0.044503
0.043333
0.042887
0.044494
0.043800
0.045147
0.045627
0.044852
0.045071
0.045747
0.045317
0.047539
0.045934
0.045870
0.047047
0.045722
0.045011
0.044448
0.044082
0.043746
0.043879
0.042208
0.044421
0.043580
0.044312
0.042917
0.043661
0.043102
0.043096
0.044758
0.044344
0.043733
0.044226
0.044533
0.042704
0.042835
0.042964
0.042817
0.043790
0.042927
0.044193
0.042575
0.041270
0.042592
0.043214
0.044571
0.041656
0.044054
0.043206
0.045315
0.044423
0.045345
0.044691
0.043754
0.044481
0.045544
0.044179
0.046300
0.045042
0.045380
0.044082
0.044252
0.043623
0.046403
0.044337
0.044670
0.045555
0.043832
0.043827
0.042384
0.043788
0.042961
0.042596
0.043312
0.041760
0.043237
0.043556
0.043819
0.042761
0.043088
0.043764
0.041623
0.043185
0.043516
0.043440
0.042275
0.041085
0.041834
0.042790
0.043630
0.044280
0.043286
0.041129
0.040847
0.042553
0.043094
0.043219
0.042560
0.043566
0.043981
0.044005
0.044591
0.046096
0.044407
0.045953
0.047113
0.046077
0.044116
0.044705
0.044829
0.046564
0.045631
0.044657
0.044650
0.044585
0.044843
0.044926
0.045967
0.044394
0.046157
0.045247
0.045670
0.045236
0.046958
0.046084
0.046808
0.046334
0.046880
0.045609
0.044822
0.046009
0.045722
0.045535
0.045089
0.046222
0.044880
0.045790
0.046526
0.045786
0.045439
0.045386
0.046154
0.045407
0.044508
0.045538
0.044575
0.043673
0.045098
0.043096
0.044219
0.043708
0.045090
0.043947
0.045355
0.042742
0.043222
0.043131
0.043075
0.043373
0.044523
0.043687
0.043831
0.042424
0.043691
0.042798
0.043274
0.042955
0.042840
0.042994
0.042940
0.042091
0.043379
0.044555
0.044058
0.043702
0.044612
0.043579
0.044336
0.043886
0.043589
0.042816
0.043528
0.042901
0.044038
0.043969
0.044749
0.043648
0.044863
0.043240
0.044358
0.044453
0.042768
0.042961
0.042843
0.043591
0.045602
0.043623
0.042629
0.043144
0.042433
0.041974
0.042709
0.042541
0.042476
0.042816
0.043598
0.041798
0.041302
0.042571
0.043337
0.042635
0.043548
0.041957
0.042969
0.042372
0.043407
0.044198
0.045823
0.043276
0.043833
0.044404
0.043662
0.044418
0.043088
0.043158
0.042246
0.041619
0.043195
0.041731
0.042550
0.041853
0.041173
0.043261
0.041541
0.042284
0.042083
0.041814
0.041806
0.042344
0.042925
0.043177
0.042441
0.042714
0.044339
0.042780
0.043442
0.042901
0.040715
0.040881
0.042501
0.040948
0.041618
0.041725
0.043433
0.043289
0.041242
0.042244
0.042891
0.041784
0.043930
0.042519
0.043464
0.043208
0.042231
0.044024
0.043254
0.043462
0.041654
0.041751
0.042457
0.042366
0.043408
0.041855
0.042552
0.042831
0.044302
0.043639
0.044270
0.043931
0.042521
0.044262
0.043371
0.043610
0.044285
0.044058
0.043566
0.043540
0.043464
0.044732
0.044703
0.044886
0.045130
0.043066
0.044320
0.043652
0.044761
0.044481
0.043122
0.043304
0.042785
0.044081
0.041987
0.042820
0.041342
0.041957
0.041420
0.043054
0.042748
0.043116
0.043834
0.044457
0.045683
0.044800
0.045478
0.044773
0.045528
0.045866
0.044189
0.043908
0.042952
0.043581
0.044013
0.043312
0.043791
0.043856
0.042767
0.043547
0.043488
0.042467
0.041337
0.043458
0.042796
0.041233
0.043550
0.043235
0.043266
0.042060
0.041793
0.041904
0.043083
0.042304
0.040497
0.041496
0.042795
0.042355
0.041235
0.040633
0.041527
0.042665
0.041241
0.041288
0.040263
0.042011
0.041121
0.041685
0.042073
0.041624
0.042618
0.040683
0.041436
0.040311
0.042346
0.042389
0.043211
0.043239
0.041653
0.042190
0.042838
0.042739
0.043554
0.042312
0.042631
0.042631
0.042299
0.042820
0.041907
0.041625
0.042281
0.041607
0.041370
0.042493
0.043053
0.041545
0.041057
0.042374
0.042774
0.042134
0.042031
0.042991
0.042231
0.041625
0.043091
0.042297
0.041339
0.042403
0.044524
0.044082
0.043854
0.045106
0.044440
0.044848
0.044487
0.044774
0.045379
0.044911
0.046201
0.044707
0.044784
0.044078
0.044423
0.045311
0.045469
0.045026
0.043925
0.044904
0.043247
0.044550
0.045040
0.044008
0.044574
0.044819
0.044323
0.043114
0.044570
0.043673
0.044523
0.041625
0.042612
0.043622
0.043498
