1.000000
0.991258
0.977373
0.987440
0.981591
0.972324
0.967695
0.955645
0.949093
0.956777
0.953663
0.939320
0.932414
0.936622
0.932901
0.934395
0.939349
0.937746
0.918959
0.919242
0.903440
0.898610
0.894687
0.876331
0.882991
0.879456
0.881231
0.865826
0.865623
0.844212
0.844069
0.854098
0.836127
0.821492
0.827410
0.828802
0.808471
0.809023
0.805654
0.789262
0.764375
0.775831
0.784793
0.768595
0.754257
0.743832
0.748125
0.730174
0.731515
0.706761
0.713489
0.722709
0.692287
0.715756
0.705696
0.699607
0.671117
0.662986
0.658586
0.653578
0.652196
0.629909
0.640339
0.620983
0.626117
0.604125
0.594979
0.605934
0.592573
0.587908
0.590390
0.561400
0.557577
0.559923
0.554373
0.556381
0.552658
0.559373
0.544251
0.529902
0.526806
0.548882
0.519964
0.510040
0.508833
0.493068
0.491718
0.482165
0.489745
0.496775
0.484785
0.465777
0.466899
0.452538
0.451001
0.449330
0.453984
0.442873
0.435618
0.445409
0.428296
0.435916
0.435088
0.418110
0.415398
0.416800
0.405377
0.405088
0.406646
0.400355
0.387782
0.400640
0.400012
0.391778
0.378339
0.383505
0.381272
0.368732
0.378773
0.373799
0.378204
0.372923
0.373319
0.366551
0.363047
0.368890
0.354877
0.361424
0.364898
0.351711
0.348895
0.352668
0.344656
0.349411
0.336689
0.339463
0.342700
0.340717
0.341496
0.339250
0.335237
0.329532
0.329750
0.330326
0.328110
0.323380
0.321795
0.315810
0.320879
0.313006
0.318729
0.316898
0.305736
0.309380
0.315610
0.309938
0.300143
0.301141
0.304500
0.301436
0.294104
0.298464
0.300541
0.286688
0.299470
0.292115
0.293547
0.291967
0.281957
0.285705
0.274293
0.278551
0.273334
0.277383
0.277442
0.275811
0.273773
0.278991
0.271892
0.268506
0.271041
0.263032
0.265660
0.265130
0.259829
0.256126
0.258634
0.255575
0.244510
0.245899
0.232022
0.231460
0.233176
0.228115
0.234952
0.224264
0.218301
0.219184
0.219879
0.219802
0.209534
0.208140
0.204821
0.203208
0.200139
0.194754
0.195534
0.193438
0.192868
0.187361
0.188617
0.188136
0.191106
0.186896
0.180259
0.177019
0.178185
0.173308
0.168581
0.167693
0.164942
0.160366
0.160707
0.163595
0.160622
0.158956
0.155005
0.151792
0.154386
0.146790
0.147401
0.149250
0.147078
0.146247
0.144643
0.142959
0.138540
0.140468
0.141817
0.136891
0.133140
0.131701
0.124425
0.122893
0.122077
0.118919
0.120721
0.121172
0.120154
0.120864
0.112192
0.115654
0.107808
0.107904
0.103735
0.105534
0.100283
0.097780
0.101391
0.101634
0.097687
0.096935
0.092017
0.093248
0.094663
0.091098
0.096711
0.093667
0.092362
0.088215
0.089105
0.088403
0.089877
0.084019
0.088202
0.086208
0.086382
0.081023
0.080221
0.079947
0.079174
0.075416
0.082047
0.077781
0.080106
0.078866
0.074974
0.075750
0.075457
0.075833
0.072363
0.071265
0.074207
0.073110
0.072943
0.071918
0.069099
0.067858
0.069638
0.067767
0.070038
0.068372
0.070682
0.068497
0.064699
0.066178
0.067834
0.067203
0.065953
0.066756
0.063306
0.061903
0.063536
0.063379
0.062647
0.062984
0.062361
0.061840
0.062735
0.062106
0.060733
0.060368
0.062033
0.062360
0.060948
0.058944
0.058145
0.058604
0.061842
0.057311
0.059586
0.058213
0.059097
0.059893
0.060341
0.060967
0.060808
0.059073
0.059600
0.060246
0.060211
0.061336
0.059299
0.058510
0.056656
0.058198
0.057106
0.057375
0.057790
0.060117
0.057759
0.058556
0.059238
0.059655
0.059311
0.057968
0.058461
0.057198
0.059496
0.059129
0.058354
0.060044
0.058726
0.059641
0.059896
0.059783
0.059372
0.061276
0.060145
0.060662
0.058964
0.059286
0.057946
0.057476
0.059472
0.058737
0.057754
0.059087
0.058154
0.057411
0.057809
0.057956
0.055370
0.054754
0.056540
0.057541
0.057474
0.055096
0.056895
0.057080
0.054741
0.056739
0.057621
0.055545
0.054238
0.055953
0.055009
0.054654
0.054857
0.054425
0.055647
0.054818
0.053360
0.050583
0.051892
0.054093
0.051066
0.051583
0.052229
0.053974
0.050874
0.051951
0.051096
0.050368
0.049654
0.050210
0.050172
0.049421
0.050032
0.049669
0.050699
0.049019
0.050417
0.052500
0.052249
0.053406
0.051971
0.054199
0.052346
0.051807
0.052115
0.052651
0.052686
0.051487
0.052762
0.050815
0.052164
0.051971
0.051548
0.050783
0.050609
0.049846
0.050019
0.048425
0.049241
0.051032
0.049379
0.047920
0.049947
0.048480
0.048960
0.049525
0.049388
0.049157
0.049090
0.048988
0.048192
0.047044
0.048346
0.047023
0.048808
0.048494
0.048364
0.048587
0.047829
0.047997
0.047380
0.048490
0.049010
0.048279
0.046973
0.046947
0.047491
0.048674
0.048127
0.048931
0.048858
0.048325
0.047084
0.049002
0.048741
0.047100
0.047332
0.045625
0.047238
0.047718
0.048714
0.049428
0.048655
0.048905
0.050260
0.049619
0.050598
0.050680
0.048940
0.048757
0.047875
0.048331
0.048391
0.046814
0.048466
0.049603
0.048577
0.048555
0.048558
0.048203
0.049362
0.049352
0.047795
0.048831
0.048464
0.048903
0.049317
0.048211
0.048347
0.048861
0.048153
0.049434
0.047014
0.045983
0.046375
0.046643
0.046328
0.046822
0.045680
0.044742
0.045126
0.043839
0.044678
0.044681
0.043591
0.044516
0.043414
0.042924
0.044147
0.043071
0.042410
0.043262
0.044570
0.044365
0.043958
0.045090
0.044246
0.044925
0.045525
0.045077
0.044506
0.046651
0.045572
0.045153
0.044938
0.042984
0.044638
0.045328
0.045388
0.045514
0.045272
0.044057
0.044254
0.043085
0.043823
0.043230
0.043364
0.040996
0.043603
0.044156
0.045359
0.044160
0.045606
0.046074
0.046182
0.048031
0.049099
0.049366
0.048943
0.048179
0.048922
0.049494
0.049741
0.050180
0.049353
0.049443
0.050056
0.050841
0.050864
0.051233
0.051383
0.051309
0.053934
0.053679
0.051821
0.055104
0.053792
0.054844
0.054728
0.056101
0.055566
0.055836
0.054766
0.054505
0.054806
0.055115
0.055752
0.055356
0.054597
0.055833
0.055646
0.053893
0.054081
0.055399
0.054777
0.054235
0.052938
0.051935
0.054004
0.054599
0.055502
0.053796
0.054440
0.056546
0.055613
0.055523
0.053463
0.052795
0.052516
0.054449
0.053251
0.051134
0.051830
0.053456
0.053621
0.053659
0.053000
0.052139
0.053313
0.051676
0.052152
0.052816
0.052677
0.053438
0.052079
0.051227
0.051283
0.051358
0.051763
0.051424
0.048340
0.052110
0.049995
0.050673
0.049669
0.051908
0.051428
0.050723
0.052679
0.051669
0.051456
0.051236
0.051205
0.050028
0.049895
0.049259
0.051296
0.049544
0.051034
0.049810
0.049839
0.049499
0.047389
0.047844
0.047281
0.047851
0.046196
0.045810
0.046937
0.047904
0.047784
0.048764
0.047327
0.048260
0.048001
0.048152
0.047039
0.048533
0.047351
0.047942
0.046351
0.047901
0.046681
0.045834
0.047359
0.046840
0.045017
0.046218
0.047121
0.046983
0.046458
0.047629
0.047093
0.044392
0.046847
0.047190
0.046480
0.047994
0.047651
0.049763
0.048524
0.045415
0.047508
0.047691
0.048845
0.047299
0.047646
0.046960
0.049439
0.048605
0.050007
0.047591
0.047798
0.047793
0.048265
0.047036
0.048691
0.047282
0.048543
0.050863
0.049501
0.051052
0.050510
0.050173
0.050563
0.050160
0.050604
0.049929
0.049689
0.049610
0.049939
0.049423
0.048861
0.048162
0.048976
0.049598
0.048299
0.049386
0.047784
0.047199
0.046328
0.046566
0.048337
0.048589
0.046940
0.048145
0.045677
0.046392
0.046427
0.048412
0.047354
0.048737
0.046864
0.048844
0.049825
0.048630
0.048262
0.047811
0.048453
0.047838
0.048710
0.049607
0.049533
0.050686
0.049291
0.050442
0.050364
0.050023
0.050831
0.048204
0.049228
0.050227
0.047801
0.049004
0.049816
0.048833
0.049964
0.050450
0.049184
0.048587
0.049270
0.048332
0.048257
0.046245
0.045760
0.048892
0.048698
0.048139
0.047629
0.047748
0.046016
0.046643
0.048736
0.048737
0.049714
0.050560
0.050681
0.050109
0.051220
0.051796
0.051548
0.051287
0.054489
0.052356
0.053136
0.052078
0.052329
0.051567
0.052586
0.053678
0.052111
0.050734
0.053467
0.050657
0.051190
0.052157
0.052275
0.050078
0.052288
0.051758
0.052351
0.050694
0.050875
0.050066
0.050009
0.048084
0.048511
0.050128
0.049289
0.049649
0.049442
0.049543
0.047308
0.050619
0.049006
0.049461
0.047735
0.048037
0.047236
0.049175
0.048618
0.048617
0.048030
0.051263
0.048959
0.050491
0.047969
0.049301
0.049502
0.050291
0.048937
0.047900
0.049332
0.049295
0.048089
0.049028
0.047415
0.046549
0.045567
0.048469
0.048880
0.047292
0.046800
0.047617
0.048666
0.048033
0.046500
0.047168
0.045367
0.048852
0.047789
0.047963
0.047090
0.048187
0.046555
0.046619
0.047233
0.048729
0.048129
0.048091
0.047604
0.048455
0.048368
0.048083
0.049028
0.048438
0.049426
0.050031
0.050645
0.050953
0.048784
0.049076
0.048183
0.051079
0.049419
0.048827
0.050968
0.049109
0.049495
0.050489
0.049631
0.051074
0.049908
0.049904
0.051043
0.049931
0.049296
0.050737
0.050775
0.050052
0.050393
0.050174
0.051317
0.052093
0.050084
0.052202
0.050572
0.051925
0.051109
0.050958
0.050086
0.052132
0.052038
0.050038
0.051315
0.051455
0.049420
0.048427
0.048373
0.051019
0.050673
0.049685
0.049382
0.050549
0.051307
0.050454
0.050700
0.050546
0.049526
0.050867
0.051527
0.050304
0.052130
0.052093
0.051806
0.054145
0.052346
0.052576
0.054606
0.055719
0.053961
0.055606
0.054083
0.053844
0.054027
0.055337
0.054125
0.054433
0.053143
0.054480
0.054965
0.056599
0.057070
0.054859
0.055132
0.055674
0.056147
0.055552
0.056841
0.057348
0.057011
0.057680
0.056132
0.057401
0.057695
0.058123
0.054751
0.056025
0.055290
0.054724
0.055393
0.056723
0.057397
0.058043
0.056618
0.054159
0.054700
0.055606
0.056562
0.055279
0.056262
0.054740
0.054815
0.055850
0.055403
0.054522
0.055377
0.055577
0.055414
0.053504
0.055963
0.054585
0.055094
0.056690
0.055864
0.055764
0.053689
0.055276
0.054233
0.055202
0.055263
0.055654
0.054619
0.055786
0.053899
0.053177
0.053718
0.054487
0.053749
0.053928
0.052893
0.053754
0.053985
0.052144
0.053989
0.050580
0.051802
0.051078
0.050373
0.049801
0.051453
0.051625
0.050759
0.050955
0.051263
0.050330
0.051453
0.049188
0.050561
0.049137
0.049397
0.049740
0.051444
0.050971
0.050557
0.053086
0.053113
0.052584
0.051811
0.053223
0.051453
0.051766
0.051874
0.049217
0.050691
0.049430
0.050385
0.048883
0.048902
0.049024
0.048236
0.049489
0.048109
0.046199
0.047419
0.046960
0.049094
0.047849
0.047763
0.048039
0.047879
0.048439
0.049122
0.050785
0.050026
0.049315
0.049428
0.047570
0.047146
0.048051
0.047776
0.046733
0.047904
0.049581
0.048646
0.048767
0.049727
0.050134
0.049538
0.051238
0.050344
0.050444
0.048800
0.051372
0.049605
0.050333
0.050075
0.048584
0.047918
0.047533
0.047864
0.046844
0.046202
0.044966
0.046338
0.045850
0.046264
0.045411
0.047176
0.047233
0.047395
0.048413
0.045718
0.046367
0.046708
0.047259
0.047032
0.047207
0.047940
0.047799
0.046746
0.049179
0.047626
0.049343
0.047394
0.050244
0.047975
0.046989
0.049328
0.049738
0.047744
0.049317
0.049114
0.050411
0.050228
0.051075
0.051689
0.050336
0.051925
0.052344
0.051852
0.052259
0.053778
0.052642
0.051995
0.053174
0.053001
0.053037
0.054653
0.055001
0.053763
0.054493
0.054035
0.052826
0.054378
0.052455
0.053706
0.053664
0.055552
0.055182
0.054410
0.053554
0.054510
0.054202
0.054120
0.054810
0.053692
0.054889
0.054428
0.054078
0.055376
0.054178
0.052860
0.054283
0.053453
0.054788
0.054602
0.056152
0.055759
0.052717
0.054355
0.054351
0.054112
0.055032
0.054545
0.055455
0.053570
0.054201
0.053221
0.054187
0.053287
0.054321
0.053319
0.053601
0.056162
0.053884
0.054547
0.055571
0.053816
0.053747
0.054577
0.053750
0.053131
0.053586
0.052640
0.052893
0.053993
0.053453
0.054888
0.053284
0.055335
0.055178
0.057065
0.056182
0.056140
0.054061
0.055110
0.054382
0.053016
0.054207
0.053362
0.052849
0.051122
0.053996
0.050920
0.050738
0.051199
0.051945
0.053125
0.053655
0.053612
0.051852
0.052272
0.052367
0.052392
0.052766
0.051918
0.050476
0.052950
0.050786
0.050362
0.051987
0.051860
0.051264
0.051135
0.048783
0.050627
0.050148
0.048805
0.050398
0.049312
0.048039
0.048875
0.049606
0.050212
0.048816
0.047998
0.047342
0.047199
0.047061
0.047300
0.045913
0.047669
0.046866
0.047561
0.047903
0.048983
0.048207
0.047684
0.049642
0.050280
0.047842
0.050454
0.048321
0.049386
0.049699
0.049790
0.048482
0.049956
0.048453
0.050932
0.050109
0.051755
0.048781
0.048141
0.048434
0.049600
0.048674
0.049332
0.049855
0.051017
0.049450
0.049493
0.049783
0.049907
0.047927
0.048406
0.048561
0.049229
0.049099
0.050888
0.051168
0.051888
0.050126
0.050284
0.049620
0.048884
0.049961
0.048002
0.048130
0.047842
0.048242
0.049417
0.047769
0.047223
0.050088
0.048068
0.046471
0.047415
0.047886
0.047019
0.045766
0.048853
0.047618
0.048374
0.048224
0.049165
0.046011
0.048627
0.048056
0.050684
0.050258
0.049983
0.047858
0.048354
0.048998
0.047868
0.048072
0.048366
0.046996
0.047072
0.048338
0.049377
0.049689
0.050665
0.050810
0.049772
0.050704
0.049603
0.049622
0.049174
0.049640
0.048587
0.048292
0.047872
0.048247
0.050330
0.049306
0.048627
0.047603
0.046443
0.048785
0.048983
0.049171
0.050280
0.049314
0.050321
0.050059
0.050871
0.051341
0.050197
0.051681
0.051051
0.050561
0.050265
0.051884
0.050980
0.049782
0.050179
0.051126
0.050966
0.051865
0.051229
0.050257
0.050984
0.051388
0.050884
0.051687
0.051885
0.051904
0.052032
0.051013
0.051015
0.051727
0.051358
0.050629
0.049228
0.049561
0.048355
0.050625
0.050125
0.049991
0.051341
0.049226
0.049885
0.049479
0.049247
0.047909
0.048449
0.050797
0.047124
0.047109
0.048200
0.047554
0.046967
0.048016
0.047621
0.047976
0.048816
0.049173
0.049543
0.050468
0.048366
0.050182
0.049430
0.051239
0.049120
0.051972
0.051423
0.049704
0.050796
0.049586
0.049620
0.049615
0.050699
0.050372
0.050106
0.050215
0.049862
0.049219
0.049112
0.049384
0.047430
0.049335
0.049153
0.050049
0.051115
0.048222
0.049100
0.050234
0.049401
0.048194
0.048730
0.048539
0.049703
0.048785
0.049714
0.051320
0.050675
0.049802
0.051746
0.052050
0.052021
0.052517
0.051007
0.052297
0.050440
0.050095
0.050352
0.050277
0.051769
0.051334
0.052074
0.052883
0.055011
0.053289
0.054790
0.054691
0.053364
0.055748
0.055193
0.054038
0.055267
0.053952
0.054386
0.053800
0.054417
0.051090
0.052784
0.054195
0.050658
0.051362
0.054029
0.050857
0.052098
0.049232
0.050649
0.049698
0.050066
0.051151
0.050766
0.050134
0.052333
0.050529
0.050815
0.050607
0.051621
0.051299
0.053099
0.051020
0.050789
0.051430
0.050829
0.048749
0.049459
0.048811
0.050095
0.050043
0.048045
0.049879
0.049586
0.050119
0.048293
0.048661
0.050547
0.049381
0.048742
0.052660
0.050713
0.049830
0.051329
0.052114
0.051270
0.049545
0.049784
0.049449
0.048603
0.049064
0.048791
0.051219
0.050237
0.049694
0.048931
0.048299
0.046771
0.046863
0.046380
0.045314
0.048616
0.049084
0.049750
0.049060
0.047660
0.047114
0.047573
0.047452
0.048836
0.050429
0.048654
0.049958
0.049265
0.050793
0.050509
0.053377
0.051743
0.053032
0.049929
0.051290
0.051462
0.051080
0.049771
0.050735
0.051580
0.050377
0.050086
0.052248
0.052537
0.051113
0.050418
0.052715
0.050974
0.052970
0.051202
0.053259
0.052208
0.051248
0.050688
0.050764
0.050319
0.050147
0.050886
0.050555
0.050401
0.050599
0.050738
0.050010
0.049286
0.048784
0.051317
0.050345
0.049819
0.050608
0.051163
0.051055
0.050118
0.049880
0.049100
0.049277
0.050752
0.051437
0.049877
0.049517
0.047139
0.047809
0.047588
0.047265
0.046927
0.046589
0.047344
0.045464
0.046731
0.044685
0.044890
0.042423
0.044056
0.044645
0.045795
0.045898
0.043806
0.044358
0.043928
0.045079
0.044764
0.044186
0.042500
0.041828
0.043203
0.041974
0.042419
0.041229
0.042981
0.042457
0.042256
0.043642
0.042055
0.044433
0.041812
0.042551
0.043584
0.044411
0.042785
0.043714
0.042588
0.042889
0.042644
0.041182
0.042582
0.042747
0.041380
0.042571
0.042354
0.042925
0.043295
0.043131
0.043292
0.042140
0.043047
0.043631
0.042458
0.040895
0.044709
0.042126
0.043022
0.042360
0.042202
0.040873
0.041682
0.042245
0.040935
0.042106
0.041938
0.041867
0.041548
0.043311
0.043324
0.042519
0.043386
0.044775
0.042785
0.042232
0.043144
0.042813
0.045432
0.044138
0.043094
0.045442
0.045093
0.043442
0.043830
0.043997
0.042758
0.043335
0.044574
0.042772
0.044578
0.044907
0.044936
0.044702
0.043287
0.045129
0.046006
0.045824
0.044698
0.045508
0.045735
0.045880
0.045184
0.046456
0.045840
0.045835
0.047442
0.048108
0.046416
0.048165
0.047298
0.047370
0.046626
0.046647
0.047707
0.046839
0.048152
0.046476
0.046714
0.045078
0.047268
0.046279
0.046379
0.046707
0.046196
0.046531
0.047015
0.045316
0.046234
0.045694
0.045319
0.046372
0.046932
0.050012
0.048079
0.048865
0.048022
0.049454
0.049598
0.048950
0.048591
0.047685
0.046919
0.047160
0.046037
0.048070
0.045977
0.048185
0.048608
0.047875
0.047358
0.048855
0.048574
0.050202
0.048377
0.049291
0.048513
0.048480
0.049321
0.047886
0.047324
0.049896
0.050742
0.050799
0.049263
0.049608
0.051348
0.049661
0.050339
0.048378
0.049199
0.048456
0.051027
0.050090
0.048599
0.049289
0.048198
0.047510
0.047049
0.047396
0.048075
0.047434
0.047977
0.046636
0.046264
0.045892
0.046922
0.046106
0.044035
0.045343
0.046551
0.045814
0.045859
0.045564
0.045572
0.046709
0.044495
0.044158
0.046329
0.045247
0.045860
0.044471
0.047544
0.047552
0.046328
0.045615
0.047186
0.045315
0.046804
0.047421
0.045564
0.045184
0.046608
0.045231
0.044997
0.044419
0.044912
0.045042
0.045329
0.045187
0.046252
0.045801
0.045489
0.044923
0.044307
0.045368
0.046612
0.045993
0.046872
0.046341
0.046165
0.043703
0.044957
0.043559
0.044578
0.045072
0.045476
0.044219
0.045368
0.047098
0.044778
0.045108
0.045637
0.045655
0.045365
0.045733
0.046760
0.044896
0.046381
0.045409
0.046106
0.048489
0.048041
0.048601
0.048357
0.048331
0.048710
0.049520
0.047566
0.048392
0.048909
0.047508
0.046400
0.046967
0.047512
0.046067
0.046772
0.047812
0.048265
0.048252
0.046333
0.046491
0.046693
0.047270
0.046227
0.046496
0.047123
0.048650
0.048938
0.047467
0.048782
0.048618
0.048231
0.048853
0.047963
0.048716
0.049487
0.049258
0.048034
0.050118
0.050096
0.051260
0.053752
0.051871
0.051556
0.052086
0.051452
0.052736
0.051376
0.051915
0.053085
0.052085
0.052211
0.052287
0.050953
0.050909
0.050970
0.051006
0.051207
0.047361
0.048835
0.047455
0.047747
0.048116
0.047672
0.047923
0.049711
0.048548
0.050765
0.049914
0.049288
0.050361
0.048413
0.050223
0.047728
0.049280
0.049272
0.049940
0.050309
0.049289
0.050153
0.050910
0.050248
0.049861
0.050731
0.048542
0.047051
0.047433
0.045868
0.046544
0.048877
0.048234
0.047337
0.047952
0.047899
0.047691
0.049201
0.048771
0.049483
0.050043
0.049889
0.048255
0.048478
0.046798
0.046775
0.046996
0.047196
0.048281
0.047368
0.048545
0.045453
0.047358
0.045684
0.046787
0.045631
0.046070
0.045982
0.046124
0.044615
0.045717
0.044877
0.045443
0.047422
0.046260
0.045684
0.045861
0.044106
0.044929
0.044770
0.045416
0.045118
0.044533
0.044042
0.044810
0.044954
0.043330
0.042824
0.043483
0.043254
0.044522
0.045280
0.044462
0.044236
0.045155
0.043925
0.044221
0.045267
0.045272
0.045620
0.046259
0.045570
0.044722
0.044535
0.045611
0.045993
0.045608
0.045352
0.043451
0.045591
0.045338
0.044764
0.045606
0.044575
0.043670
0.044070
0.042914
0.043567
0.044156
0.041769
0.042525
0.042990
0.039967
0.041548
0.040605
0.042617
0.043246
0.043429
0.041365
0.041831
0.042260
0.041320
0.042514
0.041951
0.042966
0.044882
0.044552
0.044535
0.044316
0.043262
0.045089
0.042991
0.043656
0.043685
0.044595
0.044945
0.043049
0.042475
0.043874
0.042192
0.042223
0.043635
0.042836
0.041551
0.042809
0.042508
0.040221
0.041251
0.040153
0.042260
0.043943
0.042172
0.041391
0.039494
0.041009
0.041798
0.040241
0.040472
0.039379
0.040108
0.040504
0.044386
0.041552
0.042626
0.040649
0.042310
0.041033
0.039401
0.041232
0.042663
0.041914
0.040483
0.042744
0.042137
0.041047
0.042583
0.042494
0.042470
0.042399
0.042428
0.043496
0.042856
0.042575
0.041968
0.042939
0.043794
0.044131
0.043812
0.043129
0.043598
0.041732
0.043910
0.043096
0.044714
0.045036
0.045439
0.045271
0.045231
0.045952
0.044535
0.046326
0.044272
0.046361
0.045456
0.045740
0.045190
0.044931
0.045631
0.046795
0.047405
0.047060
0.049032
0.046899
0.046443
0.045445
0.047045
0.046140
0.047130
0.048230
0.047779
0.047527
0.047077
0.046710
0.046642
0.044474
0.044908
0.043656
0.046402
0.045698
0.045393
0.044387
0.046251
0.046142
0.047898
0.046493
0.047054
0.046543
0.046377
0.047712
0.046622
0.045902
0.046003
0.045689
0.046638
0.048067
0.046514
0.046760
0.047211
0.047915
0.046510
0.045569
0.046413
0.046769
0.046225
0.048311
0.049899
0.047760
0.048747
0.047792
0.049070
0.047402
0.048580
0.048309
0.049497
0.048522
0.050898
0.047022
0.050249
0.046858
0.046608
0.046615
0.049980
0.048580
0.047858
0.046332
0.045421
0.045743
0.047734
0.046626
0.045794
0.045390
0.046890
0.045884
0.044780
0.044673
0.042128
0.041974
0.042153
0.041645
0.041541
0.042257
0.043549
0.043844
0.043883
0.043594
0.042389
0.042635
0.043725
0.044982
0.044700
0.043909
0.044043
0.043706
0.043160
0.042794
0.045068
0.045130
0.044364
0.044022
0.044810
0.045674
0.047434
0.047055
0.046619
0.046223
0.045762
0.045579
0.046535
0.046648
0.044544
0.044314
0.045187
0.044604
0.046936
0.045856
0.045165
0.045708
0.045462
0.045428
0.045476
0.043892
0.046120
0.044100
0.042751
0.043476
0.044552
0.043164
0.044809
0.045461
0.044470
0.045294
0.045842
0.044782
0.045360
0.044883
0.044690
0.047230
0.045091
0.046289
0.045059
0.046504
0.046167
0.046252
0.046715
0.046018
0.045117
0.047033
0.045464
0.045678
0.046080
0.045885
0.044610
0.044894
0.044615
0.043560
0.045076
0.045404
0.044665
0.044529
0.044834
0.046738
0.047995
0.047568
0.047150
0.047334
0.046160
0.046456
0.049311
0.046968
0.046973
0.047597
0.047340
0.046235
0.047230
0.046715
0.046919
0.045439
0.044375
0.045285
0.045109
0.046046
0.046806
0.047232
0.047521
0.045568
0.046256
0.044290
0.045182
0.044212
0.044869
0.044233
0.044256
0.045081
0.045607
0.045671
0.045553
0.044385
0.044418
0.044807
0.045741
0.044105
0.044049
0.043943
0.044140
0.043962
0.045175
0.044755
0.045462
0.043684
0.043754
0.044850
0.043388
0.044573
0.044486
0.044955
0.045203
0.044084
0.041710
0.042338
0.042134
0.042660
0.042398
0.040822
0.040480
0.041367
0.043267
0.042215
0.041822
0.041967
0.042150
0.040803
0.041527
0.039114
0.041367
0.039193
0.039355
0.039166
0.038620
0.039302
0.039647
0.039825
0.040468
0.038850
0.039364
0.038649
0.038557
0.038479
0.039289
0.039312
0.036734
0.036250
0.036978
0.038103
0.036850
0.037902
0.037327
0.037116
0.037618
0.038635
0.037864
0.038293
0.037268
0.039446
0.037719
0.039328
0.038810
0.039349
0.039447
0.039957
0.040760
0.039050
0.038685
0.039001
0.039663
0.039294
0.041418
0.041073
0.039265
0.039199
0.038162
0.038956
0.037438
0.038861
0.039443
0.038083
0.039385
0.038194
0.037801
0.038275
0.040072
0.039132
0.039466
0.039806
0.040627
0.040079
0.039914
0.041528
0.039936
0.042678
0.042203
0.040723
0.041250
0.042939
0.041658
0.041662
0.039746
0.040414
0.042579
0.040930
0.042877
0.042074
0.042586
0.041859
0.041999
0.041186
0.043421
0.040743
0.042260
0.041893
0.041762
0.042403
0.043418
0.043894
0.044617
0.044055
0.042751
0.043216
0.043182
0.042606
0.043563
0.044310
0.043062
0.043882
0.042062
0.043495
0.044098
0.042150
0.042465
0.044518
0.043635
0.042266
0.041849
0.042466
0.043190
0.042963
0.043402
0.043143
0.042979
0.045094
0.043156
0.044398
0.045887
0.045102
0.046212
0.045768
0.046064
0.047570
0.046234
0.045773
0.045566
0.045620
0.047263
0.045036
0.045095
0.046199
0.046617
0.045668
0.045698
0.047445
0.045895
0.045857
0.044149
0.044939
0.044987
0.043588
0.043198
0.045002
0.042978
0.043596
0.043401
0.042960
0.043265
0.045040
0.044307
0.043223
0.043536
0.044792
0.044968
0.045361
0.045645
0.044751
0.046015
0.043156
0.044320
0.042864
0.044665
0.043724
0.043835
0.044270
0.043488
0.044114
0.046924
0.044653
0.043967
0.044685
0.043462
0.044295
0.044514
0.042812
0.045222
0.043325
0.043161
0.043546
0.044718
0.046420
0.043885
0.044775
0.043609
0.043172
0.042316
0.043157
0.041572
0.042152
0.042543
0.039977
0.041782
0.041142
0.041542
0.043221
0.043742
0.043218
0.042818
0.041829
0.041809
0.040941
0.040957
0.039948
0.039843
0.041772
0.040941
0.040248
0.040480
0.038935
0.040685
0.041096
0.042559
0.042689
0.042633
0.040923
0.041890
0.042124
0.040953
0.043691
0.041956
0.044091
0.041963
0.040509
0.041473
0.040084
0.040041
0.039158
0.040529
0.041454
0.039327
0.039446
0.040834
0.040679
0.040081
0.040444
0.040415
0.041851
0.039929
0.039095
0.039078
0.040713
0.041125
0.040085
0.039361
0.039567
0.038637
0.038771
0.040661
0.040093
0.040315
0.039147
0.037589
0.039538
0.039752
0.041706
0.040459
0.040350
0.039551
0.040317
0.039633
0.040333
0.040194
0.041016
0.040822
0.041478
0.041060
0.041276
0.042014
0.039566
0.041661
0.039033
0.039062
0.038903
0.039995
0.038221
0.039129
0.038552
0.037961
0.040195
0.041249
0.040732
0.038773
0.040005
0.038861
0.038881
0.039102
0.038433
0.038193
0.037893
0.038226
0.039685
0.039554
0.039438
0.038877
0.035629
0.037296
0.037095
0.038895
0.038190
0.037918
0.038587
0.036831
0.037977
0.036815
0.038794
0.039128
0.038772
0.040117
0.040141
0.040556
0.039535
0.038848
0.039975
0.038800
0.040097
0.039732
0.038717
0.037807
0.038541
0.039775
0.039152
0.039940
0.041142
0.041469
0.041000
0.041636
0.043367
0.040563
0.041416
0.040564
0.039310
0.039102
0.043490
0.040983
0.040490
0.043174
0.041618
0.041161
0.041804
0.041323
0.041911
0.040040
0.041449
0.041141
0.041067
0.041658
0.040411
0.039998
0.041236
0.041708
0.040584
0.038886
0.039170
0.041191
0.041891
0.040312
0.040552
0.039335
0.042298
0.040153
0.040125
0.039911
0.040612
0.040476
0.040488
0.041268
0.041854
0.041655
0.040041
0.041011
0.041256
0.040937
0.041684
0.042705
0.041754
0.042797
0.042307
0.040642
0.041728
0.042093
0.042038
0.043489
0.042470
0.043250
0.041502
0.041972
0.042114
0.043530
0.042445
0.041067
0.042400
0.042560
0.043834
0.044296
0.045169
0.044495
0.044000
0.043370
0.044158
0.045312
0.044015
0.043289
0.043066
0.042884
0.042384
0.042566
0.044912
0.043729
0.045064
0.044405
0.043377
0.044429
0.042723
0.044705
0.043997
0.043205
0.044615
0.044655
0.042823
0.043151
0.043503
0.042414
0.041211
0.040721
0.041677
0.041741
0.041256
0.040646
0.040763
0.039708
0.039834
0.039045
0.039438
0.039531
0.041425
0.041412
0.040978
0.042232
0.041481
0.041564
0.039834
0.041244
0.041235
0.040812
0.040488
0.041549
0.041775
0.042290
0.041776
0.040779
0.041448
0.041289
0.041917
0.040262
0.040485
0.041174
0.040761
0.040101
0.039897
0.041103
0.039516
0.041020
0.042059
0.042090
0.042563
0.041760
0.042501
0.041359
0.042341
0.041748
0.041745
0.041338
0.041271
0.040784
0.039631
0.041193
0.038972
0.038760
0.040143
0.039988
0.039592
0.039948
0.039775
0.040508
0.040452
0.041008
0.040239
0.040445
0.040909
0.039432
0.039278
0.040778
0.040213
0.040654
0.041055
0.039735
0.040303
0.040402
0.040542
0.040712
0.040019
0.039418
0.040845
0.040470
0.040790
0.039991
0.041088
0.038203
0.039838
0.040217
0.041601
0.039819
0.038516
0.038893
0.040285
0.037342
0.039670
0.040281
0.039360
0.040093
0.037762
0.038386
0.037774
0.037371
0.037018
0.037823
0.039164
0.038718
0.038641
0.039890
0.039434
0.039648
0.040212
0.038878
0.039379
0.039758
0.039575
0.038848
0.040177
0.041330
0.040560
0.039621
0.039911
0.039575
0.039602
0.038454
0.038786
0.038218
0.038064
0.036246
0.038423
0.038302
0.038061
0.036995
0.036224
0.036120
0.036106
0.038615
0.036543
0.037662
0.036203
0.035947
0.036978
0.037014
0.037686
0.036211
0.035344
0.036984
0.037222
0.036585
0.038135
0.037452
0.036588
0.038966
0.038624
0.038055
0.036548
0.037545
0.036447
0.036195
0.037192
0.036109
0.035957
0.038137
0.039083
0.038833
0.037358
0.038426
0.039157
0.038727
0.037530
0.040465
0.040237
0.037086
0.038463
0.037505
0.039003
0.038319
0.037367
0.037851
0.040351
0.037953
0.039589
0.037923
0.037446
0.037472
0.038059
0.034884
0.035494
0.036519
0.036487
0.036818
0.035289
0.036082
0.035308
0.035928
0.037182
0.035152
0.036372
0.034910
0.035566
0.035127
0.033790
0.034514
0.035709
0.035524
0.035390
0.037483
0.035670
0.034701
0.035364
0.035602
0.038212
0.037168
0.038821
0.038789
0.039323
0.041045
0.039803
0.040236
0.039629
0.038121
0.039724
0.039442
0.038024
0.037963
0.038439
0.039872
0.040659
0.039663
0.038682
0.039992
0.040250
0.040131
0.041134
0.040621
0.041929
0.041355
0.040568
0.040423
0.041380
0.040915
0.040794
0.040393
0.040345
0.040728
0.040265
0.040926
0.042513
0.040091
0.041014
0.041877
0.040094
0.043032
0.041825
0.041199
0.041549
0.042789
0.041801
0.042556
0.042088
0.042132
0.040280
0.040882
0.039723
0.040262
0.039068
0.038987
0.037480
0.038632
0.038952
0.038600
0.037903
0.039628
0.038162
0.038554
0.037432
0.035823
0.036569
0.036813
0.035470
0.036451
0.035838
0.036622
0.036026
0.036806
0.036651
0.036989
0.035545
0.037819
0.037374
0.037548
0.037045
0.036078
0.034807
0.036066
0.035896
0.035802
0.033833
0.035076
0.035047
0.035314
0.034519
0.034926
0.037433
0.034572
0.035803
0.034121
0.035841
0.035627
0.036194
0.035981
0.035348
0.034103
0.036058
0.034449
0.034703
0.035623
0.036853
0.036130
0.036368
0.035619
0.036059
0.036917
0.035821
0.034855
0.036416
0.035369
0.036831
0.034259
0.036271
0.035559
0.034782
0.036164
0.036538
0.034591
0.037047
0.036594
0.035585
0.035816
0.035287
0.035711
0.036676
0.036547
0.036642
0.036760
0.038115
0.035840
0.037878
0.038973
0.037708
0.039093
0.038002
0.038777
0.040309
0.038039
0.040306
0.039195
0.039236
0.039265
0.038116
0.039148
0.039821
0.039833
0.039332
0.039538
0.039310
0.039567
0.039172
0.038473
0.039696
0.039541
0.040361
0.040065
0.039950
0.040192
0.040480
0.041930
0.038764
0.041284
0.040667
0.039726
0.040131
0.039902
0.039216
0.038629
0.039821
0.040198
0.039584
0.038319
0.038737
0.038375
0.039870
0.038971
0.040306
0.039152
0.039491
0.040738
0.040891
0.041245
0.040820
0.041125
0.042026
0.041685
0.041907
0.040268
0.039736
0.039872
0.040542
0.039229
0.039808
0.039539
0.039322
0.039512
0.037996
0.040291
0.039200
0.039430
0.038715
0.038758
0.037929
0.039554
0.040184
0.039879
0.039116
0.038425
0.038154
0.038105
0.038571
0.039560
0.040428
0.037536
0.039185
0.040026
0.038646
0.037719
0.039876
0.038330
0.038061
0.036552
0.036187
0.038094
0.036912
0.037178
0.038517
0.037566
0.038037
0.037434
0.039034
0.038016
0.038783
0.038867
0.037755
0.036004
0.038010
0.039139
0.039193
0.037733
0.038312
0.038942
0.039056
0.038210
0.039348
0.037671
0.036999
0.037519
0.037729
0.039741
0.039663
0.037863
0.037391
0.037006
0.034896
0.037825
0.037180
0.037072
0.036798
0.038673
0.038943
0.038652
0.037884
0.040201
0.038665
0.037890
0.040058
0.039132
0.037212
0.035835
0.036797
0.036329
0.038596
0.037925
0.037687
0.037006
0.035640
0.036938
0.036191
0.036018
0.034533
0.034951
0.034703
0.034606
0.037961
0.037142
0.036637
0.036401
0.036079
0.035763
0.036372
0.035059
0.035251
0.035645
0.035807
0.037121
0.035831
0.034997
0.036503
0.034502
0.034166
0.034892
0.034201
0.032815
0.035132
0.033315
0.033951
0.034404
0.034750
0.034326
0.034453
0.033731
0.035067
0.035439
0.035042
0.035118
0.033351
0.034672
0.035077
0.036038
0.035299
0.035312
0.036395
0.034220
0.035408
0.035038
0.034927
0.034681
0.037408
0.035732
0.035157
0.035643
0.034601
0.034071
0.034734
0.035961
0.034510
0.035050
0.034832
0.034838
0.034999
0.035136
0.035475
0.035070
0.034534
0.033982
0.035254
0.034320
0.034803
0.035138
0.037329
0.037821
0.036311
0.034980
0.036965
0.036204
0.036697
0.035014
0.034931
0.034492
0.036075
0.035014
0.034733
0.034169
0.034151
0.032969
0.033783
0.034268
0.033286
0.032822
0.033055
0.034148
0.033781
0.033220
0.033407
0.034035
0.032038
0.034820
0.035218
0.034172
0.035663
0.034461
0.033394
0.033992
0.034887
0.034851
0.034538
0.032930
0.034462
0.035187
0.033953
0.034604
0.036149
0.035273
0.035189
0.034896
0.033052
0.033969
0.032964
0.034519
0.033266
0.034408
0.035305
0.036158
0.035674
0.036436
0.035437
0.034865
0.034870
0.034366
0.034968
0.034492
0.034872
0.034484
0.034874
0.035272
0.035169
0.034057
0.035618
0.035861
0.036884
0.037212
0.035124
0.035477
0.035883
0.035446
0.036209
0.036426
0.037077
0.035854
0.036896
0.036290
0.035686
0.035588
0.036838
0.036288
0.035969
0.035618
0.038599
0.036752
0.036424
0.036514
0.036382
0.037771
0.036721
0.036572
0.035353
0.036725
0.036669
0.038122
0.037042
0.037596
0.038002
0.037602
0.037189
0.036328
0.037044
0.037727
0.037096
0.035742
0.037233
0.037457
0.036654
0.036903
0.036720
0.037474
0.037756
0.036300
0.035643
0.037473
0.036569
0.036515
0.036897
0.036745
0.038531
0.034729
0.035709
0.035646
0.034811
0.035614
0.037046
0.035054
0.036249
0.034831
0.036406
0.037444
0.036966
0.037056
0.036065
0.037282
0.038502
0.036035
0.036291
0.036188
0.036099
0.035291
0.034542
0.035934
0.035045
0.033645
0.034638
0.036775
0.035627
0.037940
0.036745
0.037303
0.036200
0.037679
0.037679
0.036685
0.036195
0.037041
0.037123
0.037952
0.036661
0.036003
0.035756
0.037227
0.036201
0.036190
0.036739
0.034460
0.035210
0.037184
0.036709
0.036572
0.036609
0.037365
0.038223
0.036915
0.035666
0.037879
0.034505
0.035969
0.035787
0.035851
0.034053
0.036326
0.036117
0.034831
0.036538
0.035743
0.034824
0.036839
0.036871
0.036611
0.035512
0.035343
0.034704
0.034971
0.037142
0.035852
0.036493
0.036001
0.035672
0.036638
0.036517
0.034637
0.036062
0.037758
0.036880
0.038533
0.036689
0.035783
0.037235
0.036684
0.036063
0.038276
0.036066
0.036572
0.036060
0.035464
0.036842
0.037333
0.038072
0.037352
0.035051
0.034097
0.035028
0.034284
0.034142
0.034898
0.035337
0.034650
0.035232
0.036131
0.033964
0.034279
0.033369
0.035146
0.034962
0.036065
0.035072
0.034809
0.034325
0.034809
0.034138
0.033812
0.034744
0.033083
0.033296
0.033871
0.034336
0.033403
0.034387
0.034474
0.033697
0.032925
0.034720
0.034615
0.033198
0.033091
0.032483
0.035074
0.035534
0.034437
0.036399
0.033569
0.035526
0.035246
0.035029
0.035169
0.035110
0.035354
0.035586
0.033530
0.034637
0.036113
0.036339
0.036022
0.035404
0.037863
0.034903
0.035695
0.036095
0.034921
0.034891
0.034231
0.034460
0.034087
0.035355
0.035218
0.035673
0.035693
0.035079
0.035413
0.034831
0.035919
0.033930
0.034560
0.036079
0.037542
0.036754
0.038529
0.037030
0.038095
0.038115
0.037959
0.037165
0.037911
0.038839
0.035910
0.036334
0.035406
0.036343
0.036432
0.035135
0.036305
0.036740
0.037265
0.037855
0.037874
0.036414
0.036113
0.035243
0.034697
0.034965
0.035332
0.034467
0.034297
0.033620
0.031581
0.032442
0.032097
0.032762
0.031101
0.030862
0.032424
0.030941
0.032174
0.031187
0.031494
0.031054
0.032834
0.031416
0.030466
0.030937
0.030070
0.032933
0.032581
0.031872
0.031535
0.031847
0.030813
0.030580
0.032491
0.032190
0.032666
0.032480
0.032617
0.032311
0.032049
0.031497
0.032114
0.031445
0.030859
0.031628
0.031789
0.030485
0.030680
0.032393
0.031156
0.030558
0.033137
0.031597
0.032206
0.030819
0.030595
0.032520
0.030677
0.030308
0.030234
0.030558
0.029958
0.032318
0.032221
0.031178
0.030556
0.030931
0.030384
0.029058
0.031006
0.031060
0.030994
0.032461
0.034222
0.033701
0.033749
0.034383
0.032570
0.034171
0.034620
0.032907
0.032616
0.033231
0.033600
0.033153
0.033471
0.034173
0.033043
0.032822
0.032193
0.031333
0.031955
0.032065
0.030998
0.032231
0.033836
0.031798
0.031860
0.034103
0.033507
0.033774
0.035212
0.032771
0.033388
0.034708
0.033707
0.033758
0.033444
0.033340
0.032348
0.032085
0.031118
0.032924
0.032611
0.030304
0.030809
0.031455
0.032474
0.032828
0.034042
0.033812
0.031975
0.031854
0.034021
0.033722
0.032882
0.033808
0.031685
0.030803
0.034081
0.033582
0.033397
0.032362
0.031078
0.031273
0.032499
0.033552
0.034339
0.033047
0.033580
0.033957
0.033217
0.034490
0.033223
0.034477
0.033546
0.033103
0.035144
0.033579
0.033974
0.034792
0.033476
0.032206
0.032077
0.031962
0.032392
0.032261
0.032010
0.029977
0.031630
0.031217
0.031350
0.032498
0.031652
0.034179
0.032069
0.032265
0.034019
0.032688
0.032962
0.031646
0.032656
0.033765
0.034281
0.032216
0.032661
0.031907
0.033452
0.032956
0.032644
0.032212
0.031304
0.033146
0.032908
0.035099
0.034277
0.033642
0.033770
0.034071
0.034161
0.035695
0.036164
0.035342
0.035042
0.035930
0.036718
0.035074
0.036102
0.037175
0.036192
0.036667
0.035685
0.035611
0.037330
0.036517
0.035790
0.035690
0.034932
0.034385
0.034982
0.034164
0.036118
0.036104
0.034820
0.034493
0.034634
0.034397
0.034044
0.037039
0.036319
0.038323
0.036786
0.037158
0.035464
0.035111
0.035068
0.037236
0.036762
0.034688
0.035191
0.035539
0.035524
0.035737
0.035172
0.035392
0.034636
0.035576
0.034235
0.034260
0.033612
0.034542
0.034850
0.034383
0.035098
0.034135
0.035699
0.034897
0.034447
0.034572
0.034946
0.033343
0.032467
0.035751
0.035578
0.033243
0.035333
0.034333
0.034532
0.034306
0.035023
0.035329
0.032520
0.033326
0.035258
0.034582
0.035007
0.034860
0.034011
0.035141
0.033339
0.033597
0.033538
0.032593
0.032882
0.032935
0.033552
0.034979
0.032952
0.035336
0.034655
0.033468
0.034622
0.037090
0.034690
0.034071
0.034258
0.034257
0.034506
0.033811
0.036186
0.032093
0.036294
0.033876
0.034412
0.035199
0.033564
0.034820
0.032941
0.033835
0.032410
0.033034
0.032441
0.032851
0.031222
0.032929
0.031901
0.031812
0.031658
0.033889
0.032613
0.032384
0.033078
0.034375
0.034172
0.032508
0.032422
0.031831
0.031409
0.033328
0.033463
0.033202
0.033104
0.032451
0.033535
0.032173
0.030434
0.032137
0.031517
0.032713
0.032128
0.032358
0.032599
0.032053
0.032972
0.032151
0.033371
0.032122
0.032061
0.032186
0.033502
0.033402
0.033932
0.032144
0.032151
0.033851
0.033173
0.032580
0.032102
0.033037
0.032515
0.032775
0.031016
0.030843
0.031745
0.031624
0.030380
0.032597
0.032583
0.032144
0.031518
0.032769
0.032792
0.032682
0.033502
0.031648
0.030325
0.034692
0.032863
0.034518
0.033112
0.032264
0.032716
0.033505
0.033131
0.033748
0.034142
0.034212
0.035072
0.034521
0.034520
0.034724
0.035315
0.035274
0.034471
0.033799
0.035392
0.036331
0.034801
0.035260
0.037055
0.036361
0.036566
0.035912
0.036024
0.033896
0.036300
0.035895
0.036102
0.036257
0.037187
0.036670
0.035282
0.036197
0.034875
0.035992
0.035541
0.037024
0.036234
0.037341
0.035937
0.036796
0.038403
0.036991
0.036881
0.037578
0.038344
0.036443
0.037282
0.037464
0.037111
0.037585
0.036688
0.036013
0.037243
0.035776
0.037049
0.034958
0.036133
0.037455
0.036018
0.034850
0.034759
0.035333
0.034978
0.034929
0.035391
0.033704
0.032710
0.031916
0.032687
0.032134
0.032760
0.031546
0.032078
0.033159
0.032704
0.033579
0.031219
0.033044
0.033569
0.032522
0.031826
0.032290
0.032229
0.030565
0.032478
0.032416
0.031758
0.033069
0.032296
0.032273
0.034010
0.033106
0.031051
0.030829
0.033912
0.031926
0.030869
0.030448
0.032047
0.032936
0.032386
0.031757
0.031613
0.031016
0.031605
0.031762
0.031403
0.031516
0.030429
0.032337
0.031957
0.032569
0.033017
0.035052
0.032613
0.031997
0.032793
0.033847
0.032581
0.032732
0.033177
0.034055
0.033743
0.034817
0.033362
0.033184
0.032877
0.033354
0.031950
0.032167
0.032515
0.034478
0.032474
0.032537
0.034449
0.033469
0.033396
0.033731
0.034081
0.032541
0.032509
0.033080
0.033138
0.033335
0.031631
0.033319
0.033797
0.034089
0.034892
0.035331
0.032871
0.033943
0.034497
0.033765
0.034089
0.033905
0.033948
0.033829
0.033339
0.032690
0.031408
0.032855
0.032868
0.034022
0.032809
0.032668
0.033098
0.032154
0.032814
0.033492
0.034889
0.035119
0.035478
0.035583
0.035024
0.035195
0.035447
0.035490
0.035566
0.035844
0.034294
0.033199
0.034889
0.031917
0.032309
0.032060
0.031820
0.034053
0.031338
0.031671
0.032614
0.033223
0.033251
0.032179
0.032825
0.032961
0.032020
0.034071
0.034107
0.033908
0.032754
0.034267
0.033793
0.032493
0.032936
0.033424
0.031620
0.032594
0.032869
0.032185
0.032117
0.032377
0.032946
0.030657
0.032133
0.032227
0.034481
0.034039
0.033134
0.033736
0.032862
0.034655
0.032127
0.032517
0.031924
0.032685
0.033997
0.033496
0.034204
0.033421
0.032613
0.032594
0.032249
0.031538
0.032799
0.032560
0.031214
0.032088
0.029947
0.031715
0.032339
0.030785
0.031556
0.031384
0.031616
0.031708
0.032747
0.031893
0.033150
0.032727
0.033267
0.033755
0.033553
0.032480
0.031395
0.031509
0.031372
0.032196
0.032569
0.032845
0.031947
0.032766
0.030894
0.031251
0.031247
0.032845
0.032291
0.031963
0.033518
0.035200
0.034805
0.035337
0.034508
0.034955
0.034132
0.032537
0.035332
0.033551
0.033966
0.032714
0.031920
0.033416
0.033182
0.033160
0.033485
0.033001
0.033219
0.034823
0.034087
0.033000
0.033290
0.033378
0.032620
0.035003
0.033958
0.033186
0.034621
0.033357
0.034575
0.034679
0.032448
0.033955
0.032435
0.033329
0.032731
0.035497
0.035485
0.035941
0.034261
0.035481
0.034773
0.033833
0.034042
0.030634
0.032894
0.030649
0.031617
0.033150
0.032736
0.032261
0.032290
0.033084
0.032809
0.033617
0.033693
0.032758
0.034251
0.033849
0.033486
0.033350
0.032632
0.034128
0.033187
0.032976
0.033454
0.034156
0.034062
0.032664
0.033370
0.034126
0.033368
0.033525
0.033282
0.033615
0.032816
0.032867
0.033050
0.032930
0.033575
0.033966
0.033608
0.032020
0.033286
0.034287
0.033982
0.032913
0.034446
0.033581
0.033894
0.033185
0.033230
0.034560
0.033631
0.033534
0.032671
0.032091
0.033874
0.033383
0.032942
0.034864
0.035272
0.035283
0.034176
0.034669
0.035967
0.035031
0.034524
0.034486
0.036015
0.032477
0.033299
0.033730
0.033059
0.032699
0.031967
0.032296
0.032201
0.032770
0.033247
0.032636
0.032085
0.030884
0.031231
0.031840
0.032212
0.031926
0.032373
0.031417
0.032082
0.031601
0.031299
0.031196
0.032445
0.030764
0.030713
0.031989
0.030747
0.031277
0.031739
0.031459
0.031761
0.031233
0.032362
0.031369
0.029564
0.030073
0.028742
0.029259
0.029978
0.030226
0.029661
0.029230
0.029537
0.029500
0.029625
0.030712
0.030975
0.030405
0.030357
0.029069
0.029804
0.029787
0.028518
0.029728
0.029740
0.028950
0.029824
0.028656
0.028159
0.029080
0.027912
0.029006
0.030034
0.028929
0.029507
0.030134
0.029847
0.029094
0.028139
0.029312
0.029445
0.029457
0.030504
0.030497
0.032052
0.029860
0.028844
0.029861
0.031972
0.030622
0.031147
0.032451
0.031951
0.031879
0.032562
0.033470
0.032837
0.034462
0.032195
0.032349
0.033362
0.031202
0.033106
0.034401
0.032625
0.032439
0.033554
0.032843
0.032243
0.031765
0.030973
0.030880
0.030978
0.031782
0.032100
0.033541
0.033093
0.032841
0.032386
0.031086
0.032653
0.032605
0.032876
0.033421
0.033147
0.032842
0.032936
0.034763
0.032359
0.032445
0.031468
0.032508
0.032747
0.031972
0.032307
0.033137
0.032996
0.031964
0.034211
0.033844
0.033548
0.032825
0.032613
0.034229
0.033214
0.033029
0.033802
0.032791
0.032560
0.033648
0.035193
0.034732
0.033327
0.031537
0.031415
0.032483
0.032683
0.031567
0.031905
0.032518
0.032917
0.033357
0.032513
0.031568
0.031600
0.032720
0.032996
0.032710
0.036086
0.033788
0.034926
0.035013
0.034860
0.033460
0.033284
0.034734
0.033676
0.034500
0.035001
0.033033
0.033990
0.033382
0.032773
0.033345
0.033096
0.035760
0.035510
0.034614
0.035260
0.034264
0.034184
0.035611
0.034675
0.035960
0.033831
0.033893
0.032760
0.033694
0.032961
0.032570
0.034676
0.033454
0.033963
0.033354
0.033668
0.035071
0.034667
0.034402
0.034871
0.034998
0.034344
0.033521
0.034502
0.034325
0.033496
0.033483
0.034565
0.032989
0.033737
0.034008
0.032722
0.035165
0.034480
0.033601
0.033900
0.032385
0.032918
0.032642
0.033068
0.033110
0.032541
0.032055
0.033645
0.033335
0.033006
0.033288
0.033266
0.032025
0.033747
0.032383
0.031903
0.031998
0.032285
0.034156
0.033096
0.031809
0.032501
0.032836
0.032898
0.032335
0.033195
0.032797
0.031750
0.031900
0.033688
0.033377
0.034825
0.034514
0.034221
0.034278
0.034483
0.034482
0.035792
0.036046
0.034169
0.034658
0.032540
0.032376
0.032431
0.034326
0.033094
0.034899
0.033740
0.033539
0.033358
0.033460
0.033240
0.031907
0.034229
0.035794
0.033567
0.034363
0.033824
0.034064
0.033325
0.032829
0.033761
0.034012
0.033232
0.034056
0.033631
0.033790
0.032651
0.032162
0.032386
0.032210
0.030869
0.030735
0.031595
0.033008
0.031398
0.031649
0.033020
0.030672
0.031028
0.031268
0.032017
0.031780
0.031317
0.030516
0.029899
0.032587
0.031333
0.031980
0.032050
0.031508
0.033327
0.033165
0.033188
0.031133
0.032931
0.031924
0.031586
0.031724
0.031981
0.032663
0.029997
0.031713
0.030902
0.031810
0.033123
0.030283
0.031469
0.030565
0.031041
0.031518
0.031131
0.032535
0.032574
0.032532
0.032781
0.032953
0.033185
0.032993
0.032384
0.032232
0.031766
0.033935
0.033231
0.033040
0.032253
0.031549
0.031304
0.031572
0.032764
0.034406
0.034363
0.033896
0.032907
0.035572
0.033649
0.034222
0.034713
0.032676
0.034333
0.033149
0.033130
0.034934
0.035742
0.035313
0.033826
0.035867
0.033986
0.034626
0.034781
0.034676
0.035084
0.035444
0.033596
0.035872
0.033470
0.035372
0.033360
0.033941
0.032258
0.033020
0.033503
0.034385
0.033194
0.032782
0.032503
0.032188
0.033609
0.033390
0.033050
0.032994
0.033125
0.033248
0.033771
0.033093
0.033392
0.033158
0.034056
0.034020
0.034144
0.033999
0.033977
0.033716
0.034052
0.033972
0.034223
0.033121
0.034297
0.033603
0.032362
0.032511
0.031770
0.033312
0.033166
0.032746
0.032569
0.034212
0.033191
0.034084
0.036375
0.035018
0.033439
0.033804
0.034418
0.034202
0.033362
0.035190
0.035081
0.034752
0.033613
0.034646
0.034771
0.032649
0.035206
0.035126
0.034451
0.036277
0.034598
0.036136
0.034169
0.034081
0.034276
0.035194
0.033770
0.035381
0.035677
0.035010
0.035304
0.035010
0.033540
0.034115
0.034230
0.035618
0.034636
0.032103
0.033196
0.031922
0.032549
0.032342
0.031946
0.031182
0.034061
0.031887
0.034038
0.033213
0.034778
0.033783
0.032975
0.033735
0.035299
0.034699
0.035518
0.035534
0.035805
0.035728
0.036873
0.035412
0.037606
0.035714
0.035257
0.035657
0.036800
0.034900
0.036251
0.037674
0.035627
0.036405
0.036339
0.036820
0.036327
0.037251
0.036880
0.036084
0.035694
0.036467
0.036045
0.036700
0.037811
0.037052
0.037347
0.036570
0.037069
0.035174
0.037630
0.035813
0.035333
0.034694
0.035129
0.034434
0.032807
0.034120
0.035033
0.033690
0.035747
0.035821
0.034656
0.035917
0.035769
0.034734
0.035598
0.034599
0.033403
0.033405
0.035669
0.034419
0.033814
0.034529
0.034818
0.035330
0.033522
0.034148
0.035328
0.034375
0.034943
0.034177
0.034647
0.035401
0.035654
0.035052
0.034359
0.033935
0.034860
0.035869
0.033790
0.034895
0.033835
0.034157
0.034346
0.034620
0.033829
0.033418
0.033769
0.033810
0.032391
0.034724
0.033352
0.033337
0.031969
0.032512
0.032224
0.031344
0.032236
0.032221
0.031655
0.031231
0.032488
0.031003
0.031310
0.030956
0.031156
0.031823
0.032597
0.033448
0.032705
0.033880
0.033077
0.031211
0.033170
0.032369
0.032752
0.033401
0.031466
0.031283
0.030666
0.031898
0.031681
0.030700
0.031699
0.031047
0.031230
0.031124
0.032124
0.031093
0.032151
0.031745
0.031536
0.032644
0.031961
0.033039
0.031279
0.031812
0.033082
0.032444
0.032955
0.032226
0.030955
0.032444
0.033697
0.033572
0.032571
0.031401
0.033231
0.032857
0.032779
0.032450
0.033229
0.034188
0.032825
0.032289
0.033336
0.033392
0.033609
0.032898
0.033714
0.034290
0.033907
0.032958
0.034592
0.032395
0.032820
0.033673
0.031782
0.032662
0.034010
0.032876
0.034586
0.032117
0.031970
0.032463
0.032110
0.033241
0.031385
0.031646
0.032285
0.031034
0.031614
0.030732
0.030847
0.031328
0.030914
0.032320
0.032516
0.032112
0.032816
0.032518
0.031998
0.032673
0.033731
0.032078
0.033170
0.033786
0.032013
0.033809
0.032791
0.032034
0.033850
0.033030
0.033967
0.032085
0.033278
0.032996
0.034070
0.035185
0.033631
0.034475
0.034442
0.036786
0.035051
0.033591
0.033693
0.035693
0.034833
0.036222
0.033663
0.035409
0.035698
0.034452
0.034766
0.035110
0.036402
0.036074
0.034293
0.034596
0.035146
0.035263
0.036111
0.033436
0.036057
0.036007
0.037402
0.035949
0.037008
0.035673
0.035444
0.035580
0.034876
0.034128
0.034235
0.035255
0.036428
0.035810
0.034798
0.033689
0.034470
0.034632
0.034493
0.033206
0.035258
0.034853
0.034211
0.035632
0.033080
0.033866
0.033005
0.032906
0.033050
0.032105
0.032743
0.032956
0.033520
0.033656
0.034645
0.032924
0.032734
0.034154
0.032588
0.033086
0.033757
0.034694
0.034181
0.033114
0.032779
0.033786
0.034778
0.033243
0.035144
0.034773
0.034333
0.033878
0.034458
0.034966
0.034146
0.035919
0.033381
0.033558
0.033389
0.034016
0.033231
0.032159
0.032061
0.032534
0.031749
0.032283
0.032549
0.032058
0.032563
0.033990
0.035071
0.034055
0.034900
0.034021
0.031958
0.031209
0.033072
0.032448
0.034327
0.032991
0.032364
0.034203
0.033120
0.034536
0.035319
0.034051
0.034546
0.034315
0.035101
0.034105
0.034745
0.035418
0.033759
0.035229
0.035440
0.036828
0.034261
0.035582
0.035920
0.033507
0.035975
0.036199
0.035920
0.034069
0.034603
0.033536
0.033578
0.034468
0.033248
0.034620
0.035331
0.037237
0.034578
0.036635
0.036384
0.037077
0.036339
0.035569
0.036181
0.034630
0.036340
0.035062
0.033919
0.035471
0.035037
0.034787
0.033086
0.033347
0.032448
0.032148
0.032223
0.032156
0.032409
0.032562
0.031775
0.032197
0.031957
0.032043
0.032712
0.031410
0.032396
0.032230
0.032873
0.033591
0.032696
0.032070
0.033541
0.034182
0.034229
0.034781
0.034054
0.033468
0.034480
0.033671
0.035354
0.032994
0.032707
0.031732
0.032963
0.031893
0.031323
0.031602
0.029943
0.031661
0.032836
0.031237
0.032109
0.033511
0.032608
0.033803
0.034407
0.033406
0.033470
0.031807
0.032804
0.030546
0.032463
0.031796
0.030640
0.033365
0.032407
0.030451
0.031410
0.031893
0.032112
0.030444
0.031625
0.032400
0.029495
0.029899
0.029336
0.029838
0.030856
0.032266
0.031696
0.032130
0.032411
0.031407
0.031005
0.031834
0.030539
0.031743
0.029836
0.030197
0.030019
0.031658
0.029540
0.030780
0.032473
0.031807
0.031679
0.032487
0.031798
0.032238
0.031798
0.032887
0.032353
0.031847
0.031467
0.032955
0.034846
0.032604
0.033832
0.032188
0.032656
0.033289
0.032766
0.033324
0.033485
0.034244
0.034966
0.035673
0.033634
0.034181
0.035215
0.034104
0.033115
0.033022
0.033342
0.033497
0.033172
0.033796
0.032227
0.032927
0.033633
0.033070
0.033412
0.034150
0.032944
0.033398
0.033242
0.032507
0.032751
0.033392
0.031097
0.032276
0.032058
0.032298
0.033621
0.032370
0.032203
0.031634
0.033048
0.033224
0.034745
0.033223
0.033458
0.033166
0.031664
0.032665
0.031756
0.031328
0.031736
0.031407
0.031557
0.031763
0.032004
0.032168
0.033180
0.030576
0.032775
0.031920
0.031916
0.033179
0.034966
0.032252
0.034102
0.033013
0.031739
0.034268
0.033559
0.032702
0.032249
0.030480
0.033222
0.034350
0.033941
0.034100
0.033461
0.033101
0.033458
0.033170
0.032294
0.033722
0.032182
0.033443
0.033027
0.032509
0.033418
0.032455
0.031428
0.031363
0.032369
0.032310
0.033160
0.032078
0.032372
0.033447
0.034385
0.033631
0.032463
0.033395
0.032723
0.033226
0.034312
0.033212
0.031956
0.033339
0.032490
0.035136
0.033173
0.032607
0.031101
0.032732
0.031618
0.033385
0.033562
0.033517
0.034086
0.034007
0.034329
0.034100
0.033530
0.032952
0.034836
0.032723
0.033953
0.032773
0.031833
0.030896
0.031694
0.030707
0.031846
0.032860
0.032454
0.032568
0.031990
0.032190
0.031449
0.032179
0.032444
0.032444
0.032877
0.031421
0.031923
0.030724
0.030935
0.032391
0.032558
0.032363
0.031308
0.032259
0.033794
0.032785
0.031057
0.031075
0.032447
0.032691
0.032028
0.032874
0.030434
0.031506
0.031463
0.030075
0.031190
0.028558
0.029835
0.029743
0.030477
0.031067
0.031685
0.030210
0.030035
0.029048
0.030640
0.029477
0.029780
0.029829
0.029290
0.029275
0.029757
0.029744
0.031566
0.030109
0.029940
0.031115
0.031374
0.030256
0.029627
0.029806
0.029783
0.028400
0.027793
0.026730
0.028475
0.027999
0.028374
0.028731
0.028063
0.028283
0.027914
0.028788
0.029529
0.029623
0.029322
0.030087
0.031007
0.031017
0.030793
0.029181
0.029577
0.029418
0.029600
0.030439
0.028908
0.030060
0.029987
0.030810
0.029582
0.029766
0.030306
0.030794
0.030606
0.030470
0.030137
0.030959
0.030879
0.030504
0.029713
0.029789
0.030411
0.031336
0.029801
0.030789
0.030909
0.031652
0.032692
0.032358
0.032470
0.031804
0.032759
0.031774
0.032411
0.032900
0.033877
0.034835
0.036064
0.036073
0.036959
0.035644
0.034501
0.034664
0.035390
0.035201
0.034558
0.033833
0.033365
0.034901
0.034618
0.033530
0.034469
0.033961
0.033866
0.033583
0.032704
0.032812
0.033283
0.031806
0.031645
0.031780
0.030693
0.031329
0.030207
0.030098
0.030570
0.033036
0.032988
0.032069
0.032997
0.032270
0.029956
0.030035
0.032208
0.031798
0.032078
0.031459
0.033166
0.033341
0.031826
0.033821
0.031639
0.032322
0.033591
0.031738
0.033163
0.031105
0.030924
0.032417
0.031717
0.031780
0.032226
0.033226
0.031928
0.032142
0.030959
0.033553
0.033416
0.032790
0.029442
0.028513
0.029323
0.030996
0.031250
0.030576
0.029650
0.031508
0.029441
0.030870
0.031160
0.031524
0.031982
0.031177
0.030418
0.030597
0.031929
0.031824
0.030629
0.031289
0.031934
0.031383
0.030902
0.031920
0.031028
0.032132
0.031400
0.030520
0.030978
0.031084
0.031056
0.030486
0.031586
0.029353
0.030792
0.029690
0.030630
0.030385
0.030239
0.031256
0.030700
0.032979
0.030931
0.031535
0.032203
0.031865
0.032339
0.032123
0.031453
0.031928
0.031394
0.032586
0.031052
0.031020
0.030133
0.032277
0.033323
0.032486
0.032053
0.030430
0.031219
0.030506
0.029586
0.029151
0.029761
0.032190
0.031498
0.030833
0.030261
0.029903
0.029882
0.032893
0.032194
0.030366
0.029718
0.029864
0.028951
0.028243
0.030693
0.029119
0.029580
0.029294
0.030219
0.029684
0.030516
0.030456
0.030726
0.031381
0.030469
0.029318
0.031043
0.031264
0.031267
0.030520
0.029963
0.031276
0.028928
0.028231
0.031096
0.027940
0.029675
0.029729
0.030067
0.030030
0.029292
0.028046
0.028129
0.029142
0.029944
0.031143
0.030329
0.030697
0.031436
0.030582
0.031392
0.030974
0.032229
0.031544
0.031386
0.031992
0.032563
0.031427
0.031586
0.031701
0.034325
0.032986
0.032625
0.034262
0.033135
0.032516
0.032318
0.031737
0.031187
0.031714
0.031261
0.033922
0.031812
0.032569
0.031433
0.032500
0.034809
0.034217
0.035293
0.035175
0.034078
0.033394
0.033191
0.034130
0.034497
0.035081
0.035966
0.034626
0.034296
0.034502
0.034866
0.034635
0.033347
0.035189
0.035335
0.037421
0.034810
0.035112
0.035473
0.035935
0.034977
0.036657
0.037496
0.036669
0.035640
0.034492
0.035217
0.035298
0.034693
0.035320
0.033730
0.034218
0.034774
0.033884
0.033230
0.032261
0.033820
0.034337
0.033387
0.033445
0.031944
0.031255
0.032107
0.032400
0.032109
0.032001
0.031217
0.031745
0.032369
0.032980
0.031819
0.033872
0.033249
0.031977
0.032671
0.032998
0.032409
0.033035
0.032947
0.032425
0.032689
0.034828
0.034086
0.034622
0.034715
0.036680
0.034392
0.036357
0.034656
0.035732
0.034700
0.034561
0.035104
0.034106
0.034307
0.036778
0.034426
0.035357
0.035250
0.034812
0.033586
0.034230
0.035133
0.034795
0.034080
0.033018
0.033872
0.033157
0.033202
0.032824
0.031309
0.032081
0.032508
0.030707
0.032095
0.030459
0.031781
0.032163
0.032093
0.031219
0.032507
0.033447
0.031167
0.032011
0.032297
0.031324
0.031176
0.030704
0.031391
0.030891
0.029654
0.031193
0.031770
0.029934
0.030717
0.031056
0.031549
0.033218
0.031091
0.032158
0.031732
0.031430
0.030975
0.030515
0.030947
0.030104
0.030434
0.030550
0.029586
0.030381
0.029767
0.030103
0.031393
0.030964
0.030616
0.031374
0.031476
0.031582
0.030851
0.032241
0.030814
0.031630
0.033693
0.030417
0.031866
0.030998
0.032549
0.031169
0.030546
0.031779
0.032416
0.032103
0.032281
0.031705
0.032639
0.032305
0.033333
0.032317
0.033616
0.033526
0.033367
0.033697
0.034154
0.035136
0.033852
0.033884
0.036096
0.034334
0.035544
0.035256
0.035007
0.034878
0.032276
0.032924
0.035190
0.033998
0.033231
0.033867
0.033522
0.033705
0.035222
0.035467
0.035760
0.035360
0.035295
0.034953
0.037126
0.036336
0.035318
0.036025
0.035048
0.034758
0.034744
0.034341
0.035713
0.034315
0.034619
0.033587
0.032867
0.033831
0.033262
0.034270
0.033911
0.033864
0.032934
0.033990
0.031792
0.033187
0.033634
0.034311
0.034078
0.033254
0.033131
0.032963
0.033200
0.033161
0.035078
0.033851
0.033621
0.032674
0.033092
0.034380
0.032617
0.033200
0.031334
0.032325
0.031533
0.032649
0.032770
0.033878
0.033585
0.031686
0.034018
0.034884
0.035074
0.034431
0.032269
0.033158
0.033067
0.032917
0.033708
0.033523
0.033826
0.034496
0.034187
0.035918
0.035026
0.034845
0.034912
0.034813
0.033875
0.033361
0.035002
0.033583
0.033152
0.032954
0.032823
0.032196
0.033781
0.034738
0.035325
0.033618
0.034023
0.034234
0.033703
0.033914
0.034126
0.033748
0.030787
0.031680
0.033207
0.032047
0.031579
0.034424
0.032743
0.033742
0.033079
0.033050
0.033558
0.034351
0.036087
0.035654
0.035116
0.033518
0.033721
0.032767
0.031808
0.032534
0.031333
0.031454
0.030611
0.031482
0.031983
0.031968
0.032060
0.031476
0.032084
0.032025
0.032359
0.033496
0.031962
0.031862
0.033436
0.032357
0.031419
0.030498
0.031618
0.031158
0.032158
0.030645
0.032101
0.034076
0.034305
0.032764
0.035462
0.032723
0.033975
0.032812
0.034441
0.032869
0.032452
0.032798
0.031891
0.032300
0.032179
0.031739
0.032686
0.032898
0.034635
0.033420
0.032248
0.031778
0.032380
0.032107
0.031724
0.032465
0.032038
0.032205
0.032763
0.032553
0.033395
0.032289
0.033555
0.033161
0.031786
0.031846
0.030475
0.030517
0.030801
0.030815
0.030645
0.032536
0.032126
0.030673
0.031953
0.031453
0.030872
0.030466
0.029208
0.030736
0.029779
0.030000
0.031055
0.030203
0.030220
0.030911
0.029337
0.028416
0.029462
0.028816
0.029645
0.029641
0.029031
0.029236
0.029821
0.028885
0.029048
0.029965
0.029362
0.031537
0.030263
0.030770
0.030724
0.030219
0.028564
0.029302
0.029307
0.029644
0.029487
0.028966
0.029680
0.029310
0.030102
0.030436
0.030455
0.029405
0.031035
0.030759
0.029812
0.029478
0.029837
0.029634
0.029893
0.030651
0.029904
0.031040
0.029943
0.030721
0.030911
0.029608
0.029387
0.028928
0.029618
0.028789
0.030360
0.028691
0.029260
0.028849
0.030072
0.028038
0.027648
0.028093
0.029609
0.029472
0.027379
0.028567
0.028516
0.028177
0.028384
0.028774
0.029113
0.029627
0.028446
0.028298
0.029633
0.029365
0.029401
0.030358
0.030020
0.030108
0.030406
0.029743
0.028807
0.030149
0.031545
0.028859
0.029274
0.030836
0.029934
0.028596
0.029172
0.029089
0.029524
0.028369
0.029371
0.028940
0.030895
0.031476
0.031598
0.031470
0.031872
0.030631
0.030470
0.031168
0.031734
0.031380
0.031863
0.033505
0.031937
0.030496
0.031421
0.030473
0.030516
0.031622
0.030736
0.031104
0.029512
0.032074
0.030521
0.030503
0.029135
0.030794
0.031150
0.029825
0.029671
0.029018
0.030460
0.029951
0.030631
0.031274
0.030392
0.029029
0.029264
0.029333
0.029667
0.029620
0.030613
0.029779
0.030494
0.029635
0.030191
0.030931
0.030868
0.032037
0.031371
0.031310
0.031586
0.030911
0.032310
0.030434
0.030946
0.031631
0.031763
0.032231
0.033340
0.033085
0.032739
0.032694
0.033838
0.033024
0.032236
0.030925
0.033119
0.031314
0.030920
0.031427
0.031178
0.031050
0.032358
0.031312
0.032535
0.032456
0.032758
0.031922
0.033551
0.034067
0.034044
0.033248
0.032532
0.033965
0.033560
0.033403
0.032790
0.033908
0.031692
0.031349
0.032188
0.031446
0.032353
0.032076
0.033324
0.032534
0.032876
0.032105
0.031146
0.031151
0.032104
0.032134
0.031754
0.030148
0.030905
0.031888
0.030783
0.032778
0.030254
0.029884
0.030916
0.029555
0.030503
0.030088
0.030841
0.030503
0.028831
0.029579
0.031056
0.031342
0.030987
0.030288
0.031372
0.030698
0.029771
0.030495
0.029770
0.030314
0.030520
0.030754
0.029132
0.030482
0.029668
0.030102
0.031863
0.029957
0.030047
0.029562
0.028642
0.030955
0.030096
0.029085
0.030933
0.031546
0.031265
0.030247
0.030070
0.030875
0.030500
0.030949
0.029824
0.029105
0.031298
0.030583
0.030053
0.029396
0.029564
0.031141
0.031731
0.030717
0.032296
0.031657
0.031555
0.032652
0.031798
0.032456
0.031177
0.030693
0.030761
0.033152
0.030702
0.030608
0.032096
0.030420
0.031333
0.030679
0.033189
0.032490
0.030667
0.030835
0.030707
0.030776
0.030531
0.031962
0.031369
0.031267
0.030792
0.032639
0.031372
0.032665
0.031203
0.031547
0.031646
0.031996
0.032107
0.033022
0.032102
0.032979
0.031245
0.032749
0.030979
0.032399
0.031595
0.032745
0.034648
0.033455
0.031874
0.032921
0.032618
0.033472
0.035147
0.034094
0.032768
0.033100
0.033205
0.034834
0.034281
0.033004
0.033868
0.033444
0.031932
0.031725
0.033311
0.031731
0.032834
0.032546
0.032272
0.031116
0.029995
0.034719
0.033047
0.033408
0.032880
0.032843
0.032699
0.032218
0.030921
0.031342
0.030882
0.030656
0.031498
0.030102
0.029793
0.031082
0.032334
0.031368
0.031100
0.032629
0.032230
0.031679
0.032737
0.032513
0.031758
0.033159
0.033497
0.032509
0.034021
0.032134
0.032168
0.033238
0.032042
0.033383
0.031741
0.032148
0.032098
0.031465
0.032639
0.031257
0.034063
0.031662
0.032784
0.032601
0.033330
0.033627
0.034206
0.035251
0.034805
0.034863
0.035108
0.033959
0.033674
0.035716
0.033465
0.034482
0.033189
0.034371
0.033925
0.034130
0.031426
0.032833
0.032075
0.033801
0.033075
0.033747
0.034349
0.032804
0.033743
0.033069
0.031422
0.032607
0.032589
0.032856
0.032928
0.033202
0.033200
0.033433
0.035225
0.033812
0.034394
0.032663
0.033469
0.033146
0.033790
0.032141
0.034020
0.034430
0.033102
0.033506
0.032851
0.034237
0.033921
0.033751
0.033093
0.035254
0.033934
0.035959
0.034889
0.033769
0.034171
0.033469
0.034577
0.034123
0.033639
0.034017
0.036032
0.035201
0.034322
0.035373
0.035155
0.034377
0.036025
0.034490
0.034030
0.032469
0.034165
0.033988
0.032840
0.034042
0.034690
0.034850
0.034209
0.032559
0.032780
0.032725
0.031977
0.034433
0.033556
0.031664
0.034086
0.033065
0.033016
0.034428
0.033569
0.032911
0.032533
0.034295
0.033617
0.032656
0.034078
0.034146
0.034417
0.034905
0.033990
0.034661
0.034855
0.035004
0.034217
0.034766
0.032664
0.033510
0.033663
0.033502
0.033166
0.033863
0.033486
0.033964
0.035255
0.034685
0.032140
0.033812
0.032141
0.031905
0.031800
0.032552
0.031692
0.033592
0.032707
0.033241
0.032958
0.032566
0.033201
0.031344
0.031638
0.032179
0.029628
0.031460
0.032359
0.031744
0.031409
0.031664
0.033319
0.033108
0.033102
0.033072
0.032474
0.031873
0.032008
0.032368
0.032969
0.032409
0.031783
0.031974
0.033117
0.031937
0.032732
0.032511
0.032292
0.031963
0.030751
0.029679
0.031090
0.030778
0.031276
0.029862
0.030522
0.030265
0.031493
0.029922
0.030161
0.029916
0.029647
0.030005
0.030790
0.029628
0.029370
0.030808
0.032211
0.029911
0.030347
0.027861
0.029226
0.030331
0.029728
0.028967
0.028962
0.029261
0.029875
0.029111
0.029018
0.029529
0.030649
0.031280
0.032393
0.031515
0.031115
0.032395
0.032487
0.031460
0.031486
0.030325
0.031653
0.031124
0.029556
0.028152
0.029142
0.029475
0.029191
0.028095
0.029263
0.029398
0.029837
0.028950
0.031172
0.029208
0.029822
0.029552
0.029245
0.029386
0.030500
0.030553
0.031738
0.032393
0.030832
0.029787
0.029272
0.030640
0.033729
0.031207
0.031346
0.031147
0.032205
0.032018
0.031467
0.032393
0.031614
0.032383
0.030786
0.031365
0.030292
0.031614
0.031020
0.031739
0.030460
0.030432
0.031057
0.031330
0.030132
0.030180
0.029932
0.029520
0.031062
0.030764
0.031466
0.029544
0.029533
0.030839
0.029589
0.029485
0.029825
0.029242
0.029015
0.028679
0.029191
0.029984
0.031579
0.031448
0.031495
0.031303
0.031637
0.032330
0.033039
0.031569
0.032682
0.032518
0.033637
0.033977
0.032903
0.032632
0.033119
0.033296
0.033066
0.033388
0.035258
0.032932
0.033319
0.033626
0.033431
0.035643
0.034624
0.033001
0.032400
0.032494
0.033804
0.032555
0.033373
0.032587
0.034028
0.032795
0.032559
0.031731
0.033296
0.031907
0.032873
0.033403
0.032001
0.030115
0.030328
0.030024
0.030688
0.031754
0.032359
0.031334
0.030593
0.031320
0.031162
0.031590
0.029518
0.032808
0.031827
0.030903
0.031690
0.030910
0.032626
0.032690
0.032499
0.031023
0.031269
0.031606
0.031369
0.029783
0.030961
0.031882
0.031744
0.031277
0.031782
0.032367
0.029682
0.031807
0.029918
0.031351
0.029743
0.030751
0.029934
0.030707
0.031642
0.030151
0.029702
0.030193
0.030860
0.031174
0.031313
0.029557
0.030778
0.032844
0.030745
0.030623
0.029460
0.031439
0.030068
0.030541
0.029403
0.031799
0.032582
0.031266
0.031636
0.031933
0.033426
0.031555
0.031661
0.033428
0.031916
0.032097
0.031650
0.031306
0.031538
0.032628
0.032804
0.034040
0.032801
0.033398
0.032169
0.032367
0.032795
0.032724
0.031637
0.031682
0.033211
0.032166
0.031716
0.030825
0.030770
0.031386
0.031723
0.032203
0.032474
0.034198
0.031311
0.032383
0.033220
0.032568
0.031954
0.032138
0.033214
0.034186
0.033864
0.034803
0.033767
0.034082
0.033555
0.033954
0.034595
0.035002
0.032241
0.033972
0.035047
0.034271
0.035144
0.035948
0.035167
0.034862
0.032489
0.034736
0.034900
0.035492
0.034283
0.034216
0.034225
0.035158
0.034560
0.034844
0.034077
0.035999
0.035054
0.034466
0.035265
0.034294
0.035653
0.035727
0.035315
0.035610
0.036066
0.037694
0.036162
0.036377
0.035252
0.034851
0.034859
0.034725
0.034575
0.035886
0.034455
0.034044
0.035040
0.035467
0.035840
0.032959
0.032122
0.033835
0.033483
0.034517
0.035170
0.034964
0.036145
0.035785
0.033176
0.033073
0.033294
0.036001
0.034721
0.035388
0.036136
0.034722
0.035922
0.035046
0.035743
0.034047
0.033494
0.035526
0.032885
0.034941
0.034651
0.035845
0.034218
0.033883
0.034653
0.034674
0.032772
0.033395
0.033413
0.032669
0.033588
0.032501
0.032785
0.032890
0.031026
0.031627
0.031373
0.032100
0.032097
0.032349
0.031102
0.030538
0.030927
0.031705
0.032733
0.030560
0.030180
0.030443
0.030115
0.030478
0.033490
0.032245
0.031295
0.031544
0.031796
0.033174
0.033418
0.032532
0.031291
0.031512
0.032897
0.031154
0.031941
0.032115
0.031319
0.032561
0.031839
0.030755
0.031346
0.033035
0.030504
0.030356
0.030868
0.031023
0.032843
0.031801
0.032007
0.032131
0.031865
0.031511
0.032028
0.033724
0.031945
0.032343
0.032856
0.032212
0.031769
0.031697
0.031556
0.031981
0.031426
0.032057
0.032515
0.032086
0.031013
0.032276
0.032382
0.031388
0.033103
0.031943
0.032638
0.032362
0.030783
0.032843
0.032094
0.031532
0.031498
0.031615
0.030580
0.033274
0.032077
0.033043
0.033430
0.033085
0.032772
0.031958
0.031992
0.031754
0.032514
0.033167
0.033276
0.031484
0.030214
0.032834
0.030963
0.031596
0.031267
0.033587
0.033106
0.032745
0.032276
0.032412
0.032968
0.033152
0.033416
0.033089
0.033961
0.032189
0.031872
0.030675
0.031002
0.032826
0.033126
0.033034
0.032870
0.033579
0.033744
0.032726
0.032478
0.034325
0.034101
0.034933
0.033790
0.034153
0.032501
0.032209
0.032497
0.031998
0.033540
0.032522
0.034053
0.034513
0.032637
0.032539
0.034394
0.033514
0.033845
0.033752
0.032681
0.033150
0.032958
0.033366
0.033773
0.035096
0.034867
0.033816
0.033274
0.035534
0.035436
0.034056
0.034397
0.034647
0.034107
0.032869
0.032540
0.032981
0.031467
0.033577
0.032589
0.031953
0.032237
0.031425
0.032315
0.029922
0.032098
0.034192
0.032569
0.032415
0.033555
0.033541
0.033535
0.032155
0.032764
0.031164
0.033283
0.032494
0.030942
0.031724
0.030882
0.030498
0.031473
0.030842
0.030175
0.030045
0.030774
0.028960
0.031275
0.030629
0.030423
0.031148
0.030924
0.030629
0.031250
0.031400
0.030219
0.030082
0.030905
0.031108
0.031644
0.031442
0.033185
0.032326
0.031028
0.031138
0.032737
0.032512
0.031452
0.032269
0.032355
0.031726
0.031882
0.032950
0.031970
0.032192
0.032470
0.031439
0.032382
0.032310
0.032015
0.034200
0.032200
0.031607
0.034772
0.032202
0.032304
0.032266
0.032217
0.033551
0.033347
0.032857
0.031777
0.032760
0.033635
0.032811
0.034137
0.034998
0.034225
0.034583
0.032307
0.033624
0.032852
0.033417
0.033201
0.033533
0.031431
0.032326
0.032520
0.033160
0.033817
0.034164
0.031537
0.032510
0.034163
0.033626
0.031669
0.033493
0.032799
0.031304
0.032984
0.032269
0.033562
0.034714
0.033347
0.033145
0.034024
0.030996
0.030400
0.030702
0.031365
0.033227
0.033003
0.032195
0.033894
0.033204
0.033057
0.032967
0.032541
0.033198
0.031916
0.031813
0.032535
0.032974
0.031354
0.031039
0.030979
0.030659
0.031958
0.031815
0.031470
0.032031
0.031185
0.032696
0.031939
0.032188
0.029862
0.032380
0.032170
0.031923
0.033188
0.033174
0.033199
0.032416
0.032936
0.034051
0.033411
0.035237
0.034707
0.035609
0.034405
0.033971
0.033225
0.034100
0.034522
0.035954
0.035455
0.034074
0.033213
0.034100
0.032290
0.033045
0.033511
0.032355
0.033369
0.032833
0.032291
0.032378
0.031825
0.032151
0.032973
0.032232
0.032396
0.031350
0.031733
0.033007
0.033433
0.033286
0.033020
0.035348
0.034910
0.036441
0.035848
0.034161
0.035039
0.035206
0.034329
0.033851
0.032317
0.032075
0.033343
0.034150
0.032458
0.033094
0.033793
0.033809
0.032989
0.032531
0.031592
0.032199
0.031020
0.031332
0.031920
0.032248
0.031310
0.031511
0.031579
0.029975
0.030681
0.031210
0.031068
0.031534
0.031199
0.030886
0.030672
0.030684
0.029780
0.030848
0.030823
0.030677
0.031550
0.031735
0.032452
0.030636
0.031719
0.030783
0.031434
0.029980
0.031993
0.030427
0.031709
0.031109
0.032037
0.030779
0.032267
0.030301
0.031748
0.031725
0.031368
0.031756
0.031414
0.031729
0.031797
0.030465
0.029972
0.029952
0.030187
0.030094
0.029552
0.028447
0.030513
0.029514
0.030787
0.030406
0.029843
0.030103
0.030660
0.030995
0.031602
0.030488
0.031304
0.031067
0.031024
0.031266
0.031034
0.030046
0.031268
0.030152
0.031395
0.031540
0.030491
0.029557
0.031111
0.031414
0.030709
0.030761
0.031010
0.030414
0.031097
0.031772
0.032009
0.031154
0.031767
0.030057
0.031610
0.030910
0.030631
0.030566
0.030666
0.031946
0.031690
0.030706
0.030301
0.031237
0.031905
0.030529
0.032474
0.032233
0.031996
0.031754
0.032385
0.032904
0.032566
0.031463
0.030150
0.031868
0.030887
0.031071
0.029951
0.029341
0.030955
0.032142
0.032199
0.032461
0.030645
0.030570
0.030796
0.031793
0.031039
0.032196
0.031732
0.029403
0.030322
0.030099
0.032307
0.030846
0.030840
0.031347
0.031245
0.032956
0.034006
0.031936
0.033093
0.032418
0.031015
0.031196
0.032077
0.031875
0.032001
0.032065
0.031534
0.032083
0.030316
0.031691
0.031658
0.031767
0.031799
0.031889
0.031094
0.033104
0.032320
0.032910
0.031430
0.030738
0.032025
0.032040
0.031740
0.031197
0.030935
0.032465
0.032549
0.033620
0.033006
0.033016
0.032693
0.033024
0.031606
0.032806
0.030977
0.034774
0.032354
0.031927
0.029921
0.031359
0.030327
0.029157
0.030290
0.030891
0.031301
0.031266
0.030571
0.032126
0.030351
0.030597
0.029834
0.030535
0.030456
0.030469
0.029825
0.029212
0.029209
0.029890
0.030417
0.031153
0.030535
0.029467
0.030277
0.031349
0.031337
0.031358
0.032290
0.031054
0.029834
0.031947
0.033383
0.032071
0.033056
0.033715
0.034147
0.034198
0.033316
0.034396
0.034619
0.033647
0.034159
0.035764
0.033910
0.034851
0.033833
0.034699
0.033728
0.034576
0.035465
0.034392
0.033895
0.035112
0.034901
0.033668
0.032743
0.034015
0.033284
0.035247
0.035093
0.035595
0.034426
0.032606
0.034137
0.033394
0.033087
0.033470
0.031717
0.033889
0.032353
0.034312
0.032930
0.032758
0.032396
0.031143
0.030460
0.031772
0.032125
0.031552
0.031068
0.032408
0.031502
0.032132
0.032887
0.031222
0.032634
0.032481
0.031496
0.031866
0.033418
0.032616
0.034206
0.032652
0.033060
0.032709
0.032144
0.031901
0.032194
0.032984
0.031744
0.032573
0.031939
0.033659
0.032554
0.033235
0.033134
0.033591
0.033864
0.035274
0.033943
0.035192
0.036730
0.035703
0.035902
0.036441
0.034241
0.035521
0.036334
0.035934
0.034231
0.035283
0.034134
0.035429
0.036523
0.035022
0.033440
0.035806
0.032907
0.033822
0.036169
0.035395
0.034214
0.034777
0.034409
0.034556
0.033393
0.034510
0.032995
0.034444
0.035519
0.035285
0.034494
0.033695
0.034529
0.033304
0.033736
0.032700
0.033584
0.033010
0.034568
0.034466
0.033885
0.035727
0.033576
0.033207
0.033256
0.032521
0.033295
0.031791
0.033077
0.031916
0.033706
0.033748
0.031880
0.031792
0.032842
0.031217
0.031119
0.032103
0.031273
0.031114
0.030184
0.031638
0.031615
0.031307
0.031278
0.030630
0.031042
0.029986
0.031566
0.030428
0.030997
0.028974
0.030557
0.029334
0.031517
0.031318
0.031705
0.030952
0.030322
0.031599
0.031054
0.030694
0.031078
0.031282
0.030286
0.033391
0.032892
0.033536
0.031556
0.033024
0.031595
0.032356
0.031594
0.031136
0.032891
0.033065
0.033902
0.033492
0.033047
0.035157
0.033772
0.034023
0.035335
0.033512
0.033965
0.034028
0.033821
0.034308
0.034925
0.035517
0.035785
0.034464
0.035035
0.035292
0.034284
0.032702
0.032781
0.033086
0.032710
0.033467
0.032499
0.032412
0.031939
0.031738
0.031631
0.032327
0.031021
0.030385
0.031261
0.030401
0.030635
0.033378
0.032510
0.031514
0.032300
0.030814
0.030904
0.030272
0.031699
0.029008
0.030601
0.030128
0.030700
0.031253
0.031147
0.029773
0.030715
0.031304
0.029700
0.030217
0.030401
0.029856
0.029740
0.030403
0.029790
0.030832
0.029463
0.031489
0.030284
0.030315
0.031418
0.032672
0.030759
0.031373
0.032514
0.031738
0.030589
0.030695
0.031946
0.031510
0.033111
0.032755
0.032677
0.032938
0.033278
0.034374
0.032787
0.034716
0.033107
0.034847
0.035055
0.035115
0.033846
0.033926
0.034778
0.031905
0.032679
0.033854
0.033215
0.032295
0.031863
0.032228
0.032675
0.033930
0.032675
0.032210
0.035705
0.034187
0.034288
0.033079
0.033341
0.034557
0.033683
0.032520
0.032646
0.032883
0.034179
0.029913
0.033834
0.032013
0.031911
0.033619
0.032790
0.030285
0.030902
0.031877
0.031014
0.033386
0.032373
0.031977
0.031277
0.030553
0.032401
0.032669
0.031808
0.032367
0.032181
0.031278
0.032508
0.032542
0.031648
0.032731
0.032039
0.032797
0.032737
0.033113
0.031589
0.033277
0.032579
0.032454
0.033314
0.031451
0.033358
0.032134
0.031973
0.030834
0.033351
0.031080
0.033069
0.032057
0.032082
0.032222
0.032190
0.032228
0.032740
0.031705
0.032458
0.034703
0.033547
0.034561
0.032448
0.031912
0.033353
0.032575
0.032546
0.032390
0.031239
0.033592
0.032605
0.031521
0.030236
0.031344
0.032334
0.032514
0.031575
0.031180
0.030716
0.030670
0.031822
0.033478
0.031755
0.033436
0.030930
0.032161
0.030954
0.032866
0.032439
0.033456
0.032594
0.032524
0.033048
0.032786
0.032451
0.031169
0.031892
0.029922
0.031417
0.029412
0.030130
0.030803
0.030175
0.031184
0.030537
0.030062
0.030942
0.029989
0.029644
0.029739
0.028106
0.030789
0.029207
0.028845
0.028865
0.028223
0.029894
0.030184
0.028017
0.031534
0.032062
0.031203
0.031846
0.029297
0.031291
0.031804
0.031518
0.032295
0.031207
0.032031
0.030602
0.030869
0.031869
0.030804
0.030176
0.030779
0.033812
0.033090
0.032092
0.030290
0.031993
0.030484
0.030541
0.030189
0.030175
0.032437
0.031327
0.030826
0.031274
0.031510
0.031734
0.033004
0.032914
0.032481
0.033528
0.032852
0.033441
0.034999
0.033089
0.033765
0.031418
0.031836
0.035174
0.034651
0.033940
0.033945
0.033580
0.035114
0.035517
0.035485
0.036129
0.036541
0.034497
0.035318
0.034372
0.034269
0.034335
0.033039
0.035828
0.035053
0.033455
0.034935
0.034653
0.034927
0.033676
0.033147
0.032269
0.034075
0.033194
0.033807
0.032923
0.034886
0.034941
0.034199
0.034102
0.033033
0.034301
0.032840
0.033060
0.032891
0.033422
0.034559
0.033103
0.031769
0.031680
0.031903
0.031527
0.033508
0.033115
0.032858
0.035006
0.033571
0.032349
0.031897
0.030636
0.032084
0.031735
0.034288
0.033298
0.033252
0.031879
0.031748
0.031760
0.031839
0.032456
0.032847
0.031722
0.032513
0.032476
0.032386
0.033401
0.034456
0.034021
0.034188
0.032571
0.033676
0.034543
0.032867
0.032443
0.034346
0.032021
0.032646
0.032768
0.031817
0.031848
0.032388
0.031505
0.032906
0.032885
0.033522
0.033164
0.031261
0.031487
0.033205
0.033481
0.033374
0.033161
0.031460
0.033339
0.032608
0.032466
0.032507
0.030884
0.031007
0.033224
0.032759
0.032578
0.031182
0.031524
0.031185
0.031414
0.031669
0.029994
0.031123
0.031033
0.031318
0.033173
0.031370
0.031322
0.031689
0.031820
0.031901
0.032033
0.030977
0.031255
0.030764
0.030280
0.032960
0.031784
0.032414
0.031758
0.031959
0.030508
0.032105
0.031460
0.030955
0.031109
0.031681
0.032142
0.031471
0.032548
0.031257
0.031039
0.031971
0.031079
0.030854
0.030388
0.031119
0.030493
0.030223
0.031465
0.029416
0.030509
0.030344
0.031927
0.029670
0.031498
0.031047
0.029973
0.030785
0.029841
0.031244
0.031371
0.030645
0.032931
0.033457
0.032701
0.031737
0.031038
0.031020
0.031724
0.032838
0.030808
0.030978
0.030619
0.029622
0.031567
0.030879
0.032191
0.032820
0.031044
0.030992
0.030584
0.030565
0.031342
0.031902
0.031073
0.029193
0.032192
0.030213
0.030783
0.032619
0.031177
0.030486
0.031517
0.031246
0.029817
0.029939
0.031646
0.029912
0.030065
0.028922
0.029273
0.029379
0.028223
0.029543
0.028662
0.029286
0.030180
0.029343
0.031171
0.029305
0.031256
0.030785
0.030218
0.031161
0.030168
0.030705
0.030565
0.031264
0.031675
0.031234
0.032554
0.031479
0.030825
0.032488
0.033473
0.033667
0.031768
0.032969
0.033469
0.033302
0.032457
0.032692
0.032134
0.031866
0.031611
0.032086
0.030757
0.031527
0.032287
0.031349
0.031915
0.032587
0.030844
0.033428
0.032452
0.034449
0.031713
0.032528
0.031169
0.032380
0.031867
0.032999
0.032257
0.031399
0.032471
0.032577
0.032785
0.032433
0.030948
0.030360
0.030173
0.031762
0.031640
0.031989
0.031798
0.032556
0.032528
0.032100
0.030977
0.031828
0.031754
0.031076
0.030653
0.030982
0.030489
0.030705
0.031588
0.030635
0.032947
0.031315
0.030200
0.029896
0.031408
0.032288
0.031745
0.030989
0.030208
0.030143
0.029991
0.030233
0.029397
0.030086
0.030475
0.030443
0.029749
0.030722
0.031575
0.029313
0.029060
0.028137
0.028188
0.028830
0.027572
0.026903
0.027267
0.026854
0.027336
0.028285
0.030659
0.030162
0.030481
0.030113
0.031197
0.030694
0.029274
0.029501
0.030324
0.029653
0.031649
0.031658
0.031968
0.031979
0.032169
0.034149
0.031530
0.033322
0.032680
0.033518
0.031574
0.032163
0.032652
0.032767
0.032964
0.033564
0.033726
0.033071
0.034719
0.034359
0.033876
0.035247
0.034006
0.034875
0.034567
0.034402
0.034668
0.033954
0.035119
0.034102
0.034631
0.033735
0.034032
0.033232
0.033778
0.034196
0.035954
0.033686
0.034307
0.033516
0.031926
0.032495
0.032813
0.033197
0.031646
0.032863
0.033522
0.031851
0.032677
0.032936
0.033189
0.034245
0.033121
0.032697
0.033059
0.032930
0.032151
0.032479
0.031922
0.032922
0.031134
0.032000
0.031276
0.032173
0.033012
0.031244
0.031961
0.032883
0.031299
0.030900
0.030145
0.029961
0.031294
0.030531
0.030483
0.031338
0.030475
0.030687
0.032283
0.031235
0.030580
0.030641
0.032883
0.032450
0.031517
0.030128
0.030755
0.031658
0.029807
0.029422
0.031993
0.032095
0.031618
0.031333
0.030805
0.031583
0.031324
0.029752
0.031341
0.030896
0.030132
0.030409
0.031307
0.031794
0.031766
0.031282
0.030908
0.030794
0.031023
0.030521
0.031340
0.031013
0.030907
0.030590
0.030067
0.029635
0.031175
0.030149
0.030583
0.028712
0.029002
0.029524
0.029543
0.028493
0.027595
0.028956
0.028896
0.029193
0.029746
0.029646
0.031203
0.030490
0.029683
0.029872
0.028343
0.028615
0.029896
0.029626
0.029262
0.028557
0.031010
0.029899
0.029899
0.029919
0.030834
0.029388
0.030459
0.033070
0.031624
0.030413
0.032306
0.032301
0.032873
0.033301
0.031759
0.033052
0.035297
0.035400
0.033668
0.034625
0.032194
0.033474
0.033907
0.034236
0.033013
0.033416
0.033523
0.034251
0.034109
0.033302
0.032652
0.032978
0.033913
0.033610
0.033132
0.033560
0.034583
0.034763
0.034223
0.033894
0.034511
0.036192
0.035481
0.034113
0.032204
0.033989
0.034497
0.032302
0.033469
0.033720
0.033571
0.033911
0.034239
0.033273
0.033618
0.033956
0.033155
0.033330
0.033791
0.032742
0.031967
0.033558
0.033328
0.033304
0.033461
0.032063
0.032728
0.031739
0.031377
0.031362
0.032525
0.031796
0.031295
0.030515
0.031478
0.030927
0.031228
0.031163
0.031445
0.030274
0.030993
0.030972
0.030057
0.031177
0.030639
0.033928
0.032570
0.031870
0.032080
0.031417
0.032145
0.032806
0.030546
0.031416
0.031626
0.031030
0.030524
0.032178
0.028883
0.030483
0.030182
0.031127
0.030886
0.031818
0.030277
0.030429
0.029804
0.029705
0.031206
0.030084
0.030058
0.028970
0.031393
0.029912
0.029428
0.029748
0.030134
0.030080
0.030018
0.030931
0.030401
0.031268
0.031276
0.029281
0.029534
0.029576
0.028853
0.029829
0.029600
0.030758
0.031581
0.029895
0.031302
0.030990
0.030661
0.031285
0.032162
0.030535
0.031140
0.030402
0.030928
0.031269
0.030212
0.031845
0.030850
0.030871
0.030716
0.031927
0.032920
0.032428
0.033449
0.033531
0.031509
0.032351
0.033353
0.032044
0.031125
0.032117
0.032821
0.032521
0.032716
0.032302
0.033315
0.034421
0.034274
0.033800
0.032925
0.032607
0.032905
0.032439
0.030471
0.031412
0.031017
0.032215
0.031362
0.031722
0.031965
0.032526
0.034547
0.031733
0.032253
0.031295
0.031172
0.032436
0.033668
0.031880
0.032753
0.031838
0.033363
0.033719
0.033930
0.031915
0.032443
0.033614
0.032731
0.031854
0.034526
0.033713
0.035258
0.034158
0.033069
0.032838
0.031911
0.033475
0.032813
0.031517
0.031624
0.032531
0.031480
0.031548
0.031556
0.032430
0.033708
0.032498
0.032230
0.031145
0.031744
0.030380
0.033256
0.031174
0.033378
0.031841
0.032433
0.031995
0.032696
0.031566
0.031897
0.033110
0.032666
0.032571
0.032505
0.031927
0.032261
0.032199
0.032333
0.031897
0.031268
0.032046
0.031974
0.031781
0.032899
0.032409
0.032026
0.032521
0.033312
0.032794
0.031754
0.031195
0.033221
0.033469
0.033107
0.032298
0.033801
0.034958
0.034756
0.034491
0.035722
0.036323
0.034109
0.034359
0.033736
0.033089
0.034112
0.035498
0.034602
0.035768
0.035969
0.034870
0.034262
0.033630
0.033790
0.034230
0.034304
0.033887
0.033750
0.031875
0.032574
0.032647
0.033619
0.032450
0.031964
0.033187
0.036012
0.033922
0.033568
0.034479
0.034546
0.034471
0.032765
0.032889
0.030803
0.031008
0.032482
0.031791
0.031175
0.032020
0.032110
0.029182
0.031455
0.030069
0.030943
0.031704
0.032987
0.032632
0.032719
0.033242
0.031983
0.031223
0.031336
0.032501
0.031216
0.032216
0.032354
0.030893
0.032794
0.032111
0.033002
0.031984
0.033845
0.033371
0.033398
0.034162
0.033185
0.033393
0.035809
0.032379
0.033301
0.032955
0.032755
0.032497
0.033741
0.034213
0.033434
0.032071
0.032780
0.033763
0.033004
0.034830
0.034171
0.033580
0.032975
0.033626
0.033804
0.032269
0.033155
0.032440
0.031616
0.032949
0.032025
0.034419
0.033532
0.032078
0.031406
0.032665
0.031567
0.031371
0.033270
0.031613
0.033335
0.032468
0.032649
0.031385
0.031845
0.031782
0.032937
0.031464
0.030419
0.030192
0.029652
0.029373
0.030062
0.028708
0.028053
0.030038
0.028290
0.029276
0.030057
0.030342
0.031103
0.030318
0.029737
0.029311
0.029114
0.030549
0.029730
0.029668
0.030457
0.030034
0.029386
0.028364
0.029217
0.028224
0.028771
0.027697
0.027583
0.028384
0.028308
0.028699
0.029188
0.028568
0.029899
0.028479
0.028234
0.029247
0.028741
0.028878
0.029562
0.030528
0.030264
0.030957
0.031475
0.030107
0.030364
0.031421
0.028890
0.029133
0.028905
0.028168
0.028908
0.029851
0.030477
0.031186
0.030797
0.030614
0.030155
0.031773
0.030214
0.030647
0.031163
0.030918
0.031418
0.032060
0.030321
0.030132
0.030197
0.029305
0.029580
0.030451
0.030032
0.028737
0.028664
0.030482
0.029564
0.028537
0.028562
0.029457
0.029463
0.029455
0.030665
0.030531
0.029378
0.030952
0.029793
0.030209
0.031124
0.030761
0.029586
0.030241
0.030058
0.030321
0.030563
0.030273
0.029395
0.031617
0.030001
0.031154
0.030031
0.029211
0.028642
0.028969
0.027956
0.030334
0.028873
0.028181
0.029735
0.031210
0.031445
0.031234
0.030640
0.029455
0.029176
0.029371
0.029421
0.029101
0.029750
0.030539
0.031194
0.030999
0.029928
0.030129
0.030273
0.030418
0.030930
0.032046
0.031145
0.029632
0.030122
0.031452
0.032302
0.031309
0.031901
0.031791
0.030633
0.031801
0.032277
0.032897
0.034246
0.033076
0.034152
0.033153
0.032816
0.033180
0.032947
0.032641
0.034067
0.034532
0.035234
0.032880
0.033213
0.032160
0.034365
0.034732
0.033434
0.034436
0.033327
0.032620
0.032915
0.033326
0.034110
0.036175
0.035249
0.034369
0.035213
0.033754
0.033666
0.033950
0.033042
0.031535
0.034180
0.032764
0.032466
0.032230
0.032360
0.032821
0.033134
0.034748
0.033915
0.033232
0.033418
0.033270
0.032996
0.032560
0.032992
0.029853
0.032186
0.031511
0.032258
0.033161
0.031827
0.032412
0.033148
0.033026
0.034202
0.032253
0.031255
0.032331
0.032473
0.031408
0.032817
0.033050
0.032999
0.033100
0.035333
0.033706
0.034672
0.033773
0.033794
0.033971
0.034827
0.035792
0.032728
0.033852
0.033647
0.034524
0.034410
0.035179
0.034631
0.033647
0.034096
0.035043
0.033884
0.034315
0.033016
0.034555
0.033958
0.035180
0.033623
0.033206
0.034877
0.034541
0.034758
0.032908
0.032556
0.035299
0.034323
0.033438
0.034148
0.033454
0.033416
0.032635
0.034593
0.033138
0.034177
0.033901
0.034421
0.034835
0.034210
0.033913
0.034474
0.033624
0.032537
0.034082
0.032727
0.033586
0.032681
0.033200
0.031169
0.032862
0.031031
0.032763
0.031735
0.032512
0.031360
0.030461
0.030742
0.032428
0.031328
0.032322
0.030878
0.032183
0.030647
0.030307
0.031482
0.030001
0.030245
0.032271
0.034119
0.031530
0.032789
0.032672
0.031583
0.030048
0.031708
0.031517
0.030417
0.032193
0.032722
0.032172
0.032007
0.032665
0.032931
0.032123
0.031187
0.030701
0.030760
0.031303
0.032353
0.032069
0.034629
0.031324
0.031671
0.030988
0.030585
0.030352
0.030896
0.031333
0.032699
0.032017
0.031575
0.031339
0.032773
0.030425
0.031910
0.031279
0.030935
0.031497
0.031642
0.030613
0.031246
0.031496
0.030149
0.029833
0.030337
0.030774
0.031954
0.031472
0.031203
0.031363
0.031608
0.030540
0.030229
0.029580
0.030553
0.031567
0.030642
0.032062
0.032085
0.034863
0.033345
0.032834
0.033065
0.033069
0.033118
0.031610
0.032206
0.032849
0.033501
0.032374
0.032623
0.034966
0.033343
0.033419
0.033312
0.031183
0.031839
0.033869
0.031924
0.033412
0.033210
0.033133
0.033611
0.034483
0.034123
0.034053
0.033534
0.033651
0.033068
0.033218
0.032319
0.033201
0.031818
0.033076
0.032601
0.032660
0.032795
0.032870
0.033675
0.033838
0.032735
0.032638
0.032644
0.033243
0.031150
0.033055
0.034162
0.031941
0.031606
0.032562
0.034082
0.033973
0.033095
0.033380
0.032536
0.032646
0.032957
0.032303
0.032943
0.033752
0.032878
0.033409
0.032579
0.033544
0.034119
0.033775
0.035744
0.034168
0.036221
0.035024
0.034590
0.034645
0.036345
0.035558
0.034298
0.035089
0.036059
0.034267
0.036487
0.034412
0.034803
0.034507
0.034057
0.033837
0.034568
0.034693
0.034275
0.035430
0.034885
0.035415
0.035586
0.035229
0.036046
0.034296
0.035777
0.035354
0.035471
0.035683
0.034680
0.033974
0.035682
0.034189
0.035238
0.033749
0.033093
0.032939
0.031022
0.032672
0.031604
0.032717
0.032629
0.033058
0.031866
0.031726
0.031479
0.032389
0.031098
0.031567
0.032940
0.031700
0.032328
0.030054
0.030553
0.028604
0.029112
0.029395
0.029919
0.029304
0.029984
0.030685
0.031743
0.031282
0.030571
0.031339
0.032447
0.031671
0.029992
0.030320
0.031130
0.031698
0.030285
0.031548
0.030768
0.030781
0.031662
0.031334
0.032226
0.032479
0.030381
0.029588
0.030496
0.030607
0.030687
0.030624
0.031974
0.030194
0.029729
0.029481
0.029424
0.029073
0.029851
0.028424
0.029816
0.030161
0.031414
0.030154
0.029402
0.029689
0.029883
0.031867
0.030457
0.028753
0.029718
0.030165
0.028768
0.029130
0.029934
0.030539
0.031452
0.029682
0.031106
0.030938
0.030506
0.029543
0.029388
0.030561
0.031455
0.029366
0.030551
0.029031
0.030154
0.030603
0.029439
0.029199
0.030620
0.029567
0.030747
0.029969
0.031490
0.030698
0.030102
0.029857
0.028978
0.030310
0.029399
0.031271
0.029156
0.028469
0.029508
0.029525
0.030150
0.030512
0.028931
0.031100
0.031461
0.031136
0.030349
0.031225
0.030653
0.030509
0.032224
0.029936
0.031674
0.031100
0.031643
0.032344
0.031458
0.032938
0.032131
0.032539
0.033834
0.032694
0.034810
0.035090
0.035488
0.034887
0.034506
0.034908
0.034494
0.034450
0.034848
0.033919
0.034483
0.035293
0.034232
0.033135
0.034946
0.036007
0.035167
0.035062
0.035078
0.033701
0.033868
0.034093
0.035193
0.034717
0.035045
0.034638
0.034194
0.034574
0.033519
0.032737
0.034270
0.033888
0.033501
0.034181
0.033543
0.033422
0.033624
0.033318
0.034092
0.033506
0.033562
0.033820
0.032045
0.033517
0.033219
0.033594
0.034218
0.032936
0.032749
0.032573
0.032543
0.032994
0.033898
0.034508
0.034114
0.034179
0.033635
0.034296
0.032810
0.033923
0.034977
0.034131
0.034540
0.032809
0.032017
0.034648
0.034752
0.033502
0.033887
0.033230
0.032748
0.032996
0.033326
0.033141
0.033069
0.033392
0.033223
0.033759
0.033025
0.033371
0.034657
0.030640
0.029766
0.029526
0.031625
0.032192
0.031665
0.031938
0.031169
0.033199
0.031148
0.032254
0.030767
0.031091
0.030974
0.033577
0.031764
0.031687
0.031289
0.032119
0.029691
0.031053
0.031669
0.030938
0.029442
0.030066
0.030734
0.030479
0.032484
0.030617
0.030918
0.031170
0.032676
0.031184
0.031004
0.032079
0.033249
0.031179
0.032560
0.031382
0.033492
0.033268
0.034844
0.033518
0.032624
0.034491
0.033366
0.032297
0.031298
0.031147
0.032292
0.031783
0.031596
0.031363
0.033624
0.032557
0.033046
0.031681
0.032342
0.034065
0.033328
0.033274
0.034000
0.033765
0.034126
0.032443
0.033746
0.033244
0.034230
0.033568
0.032786
0.032796
0.034248
0.032684
0.034032
0.033389
0.034264
0.033859
0.034510
0.033647
0.034125
0.033913
0.033063
0.033322
0.033817
0.033933
0.033539
0.033496
0.032796
0.031927
0.031530
0.032695
0.031462
0.032803
0.032526
0.032478
0.033158
0.033358
0.033551
0.034882
0.032753
0.034087
0.034372
0.033440
0.033861
0.033477
0.033261
0.034178
0.034089
0.033182
0.034396
0.034457
0.033182
0.034324
0.034160
0.035284
0.035510
0.032893
0.032761
0.034245
0.033694
0.033229
0.033318
0.033175
0.033667
0.035106
0.033549
0.032921
0.035402
0.033353
0.033942
0.033187
0.031527
0.031958
0.032663
0.032207
0.033105
0.032284
0.033670
0.033291
0.032714
0.032964
0.033736
0.033494
0.032969
0.032628
0.034085
0.035174
0.033340
0.033225
0.032639
0.032720
0.032962
0.032923
0.033675
0.032632
0.034152
0.033687
0.033121
0.034408
0.034304
0.034273
0.033006
0.033616
0.033927
0.034317
0.032747
0.034524
0.033799
0.035466
0.035314
0.034988
0.035494
0.034759
0.034588
0.034210
0.033426
0.033759
0.032636
0.033485
0.034459
0.034211
0.034576
0.034631
0.034353
0.035453
0.036148
0.035540
0.035856
0.034958
0.034233
0.034196
0.034806
0.035230
0.032807
0.035000
0.033187
0.036353
0.034514
0.035174
0.035466
0.034478
0.034957
0.034658
0.034661
0.033353
0.033823
0.031486
0.033769
0.032537
0.034094
0.033424
0.034261
0.034662
0.035188
0.033719
0.033506
0.034216
0.033696
0.034026
0.033208
0.035162
0.034038
0.034438
0.035547
0.033050
0.035230
0.034267
0.032270
0.032398
0.032561
0.033813
0.033955
0.032391
0.033107
0.033134
0.032270
0.035195
0.034837
0.035459
0.035582
0.036604
0.035081
0.035628
0.034908
0.035680
0.035068
0.036586
0.035664
0.034916
0.034788
0.034808
0.033628
0.031817
0.031912
0.032852
0.032453
0.032204
0.031374
0.031697
0.031833
0.030934
0.031420
0.031952
0.031782
0.031262
0.032320
0.030973
0.030849
0.030281
0.030241
0.030936
0.031634
0.030817
0.031511
0.032366
0.030610
0.031342
0.031210
0.030138
0.031036
0.032212
0.032786
0.032873
0.035696
0.033329
0.033662
0.034125
0.032388
0.034342
0.033400
0.031990
0.031462
0.031675
0.030455
0.030405
0.030891
0.030695
0.031771
0.032163
0.030825
0.031437
0.030580
0.030359
0.030053
0.029934
0.030846
0.030097
0.030415
0.030936
0.029072
0.031655
0.031585
0.031257
0.031586
0.032852
0.032669
0.033042
0.032144
0.032672
0.033415
0.031111
0.032027
0.033597
0.031691
0.032012
0.030675
0.030952
0.031410
0.032880
0.033236
0.031685
0.033820
0.033810
0.035000
0.033539
0.033671
0.031529
0.034000
0.032557
0.030930
0.033729
0.030561
0.031850
0.033247
0.031923
0.033948
0.033220
0.033223
0.033283
0.033956
0.033013
0.032727
0.034641
0.033497
0.032306
0.033481
0.031916
0.032837
0.033429
0.032699
0.031105
0.031953
0.033611
0.032408
0.032250
0.031422
0.032307
0.031511
0.032871
0.032096
0.033417
0.033706
0.033888
0.034435
0.033761
0.033919
0.034191
0.032292
0.034341
0.033377
0.033358
0.032280
0.033895
0.033900
0.032957
0.032993
0.031321
0.031875
0.031474
0.030187
0.029046
0.032067
0.030777
0.030851
0.031977
0.029205
0.030378
0.031305
0.031914
0.030722
0.030456
0.031936
0.031354
0.030024
0.033070
0.032545
0.032474
0.031700
0.032742
0.032406
0.032436
0.032835
0.031060
0.031634
0.031113
0.031617
0.031683
0.030687
0.030767
0.031973
0.031720
0.029864
0.030834
0.031024
0.032198
0.031072
0.030816
0.031342
0.030385
0.031691
0.032449
0.034078
0.033112
0.031917
0.032181
0.029299
0.031210
0.030435
0.030950
0.031350
0.031400
0.030868
0.032670
0.031223
0.031565
0.031283
0.031832
0.030681
0.030211
0.030627
0.032118
0.030632
0.031967
0.031157
0.031461
0.030224
0.032219
0.032358
0.031998
0.033068
0.031334
0.030149
0.031030
0.031044
0.030976
0.030821
0.030186
0.031985
0.030488
0.030674
0.030953
0.031274
0.031935
0.032476
0.032118
0.032311
0.032560
0.033066
0.032354
0.032989
0.033043
0.033013
0.032969
0.032694
0.034815
0.033220
0.032292
0.033716
0.032522
0.033115
0.032676
0.033474
0.033892
0.033320
0.036103
0.034054
0.033520
0.032628
0.032132
0.032830
0.033582
0.031921
0.032695
0.032028
0.030291
