1.000000
0.997228
0.998870
0.997614
0.989195
0.975067
0.980354
0.987716
0.980589
0.979387
0.983755
0.965713
0.962434
0.962108
0.950177
0.939825
0.943243
0.926971
0.939140
0.940031
0.940377
0.933272
0.924450
0.933894
0.927554
0.919247
0.919676
0.930870
0.927857
0.942653
0.932496
0.923165
0.913613
0.920335
0.910699
0.910651
0.906232
0.905475
0.892553
0.883817
0.918982
0.891309
0.865222
0.873936
0.902458
0.896788
0.861800
0.881315
0.870591
0.879896
0.864932
0.891444
0.878660
0.870096
0.865978
0.881764
0.872679
0.854978
0.847354
0.840988
0.856400
0.842129
0.858874
0.846753
0.855730
0.850759
0.849099
0.859344
0.849922
0.833742
0.831169
0.836916
0.839315
0.826489
0.833659
0.830722
0.802128
0.830999
0.850489
0.843112
0.832241
0.838811
0.819624
0.836213
0.826923
0.830732
0.818473
0.807846
0.810938
0.813206
0.820782
0.818099
0.824344
0.826405
0.836072
0.791295
0.802343
0.802902
0.795601
0.815379
0.806568
0.794331
0.798341
0.803408
0.806201
0.772739
0.783534
0.756810
0.771234
0.765812
0.770040
0.776019
0.770336
0.773075
0.762909
0.763626
0.750391
0.742177
0.773466
0.762129
0.765229
0.762268
0.736083
0.736139
0.748546
0.745846
0.749812
0.753338
0.724454
0.716053
0.737837
0.734756
0.743861
0.727840
0.717461
0.722395
0.689963
0.715557
0.711035
0.718112
0.715059
0.714143
0.714632
0.708540
0.715666
0.692051
0.697357
0.691044
0.712345
0.694314
0.691002
0.677253
0.672390
0.656039
0.661521
0.666322
0.646282
0.658847
0.659997
0.642481
0.647533
0.654214
0.652675
0.656518
0.649466
0.630071
0.614409
0.614154
0.630662
0.614825
0.619455
0.613486
0.623486
0.612835
0.599193
0.586392
0.591706
0.597247
0.581126
0.575052
0.588716
0.593026
0.577107
0.571407
0.562888
0.553841
0.568902
0.552997
0.552468
0.550368
0.536615
0.520633
0.521518
0.501131
0.516937
0.503319
0.498934
0.475107
0.481164
0.477526
0.466373
0.460182
0.449275
0.455940
0.460023
0.440356
0.449279
0.435880
0.428992
0.416135
0.408743
0.399988
0.408485
0.401441
0.395876
0.388016
0.374652
0.381017
0.376332
0.385939
0.378330
0.363656
0.358890
0.355669
0.347861
0.347047
0.333610
0.327399
0.332316
0.322944
0.325772
0.313344
0.305963
0.308358
0.309280
0.305630
0.304187
0.307934
0.290295
0.297096
0.291672
0.286692
0.289721
0.298414
0.281699
0.286324
0.270254
0.270685
0.261588
0.262729
0.256732
0.255280
0.254832
0.256933
0.254990
0.249159
0.249514
0.250186
0.249944
0.244208
0.255623
0.253864
0.241643
0.239309
0.243088
0.244249
0.243891
0.241385
0.239286
0.235717
0.239267
0.233869
0.232689
0.227301
0.222975
0.222723
0.223419
0.219338
0.208459
0.208833
0.207005
0.207439
0.203788
0.200757
0.199104
0.202159
0.204674
0.195393
0.191687
0.186815
0.196944
0.188533
0.188726
0.191089
0.193347
0.192176
0.188422
0.186690
0.179708
0.188772
0.178170
0.178472
0.178196
0.185699
0.171561
0.179554
0.174016
0.172982
0.178787
0.178083
0.174338
0.180993
0.178949
0.178452
0.182128
0.174294
0.177010
0.174522
0.180335
0.179088
0.174353
0.173834
0.171923
0.171227
0.171083
0.173743
0.168846
0.171263
0.174910
0.174263
0.170646
0.173320
0.162462
0.168218
0.165237
0.169806
0.174732
0.172121
0.170191
0.169925
0.171098
0.165973
0.171366
0.172356
0.170382
0.176625
0.175114
0.172271
0.170865
0.178834
0.176032
0.173282
0.176579
0.178872
0.180732
0.180528
0.174849
0.177464
0.176404
0.173831
0.175568
0.170734
0.167512
0.175684
0.168843
0.164656
0.171899
0.170730
0.170636
0.172396
0.171055
0.170960
0.169296
0.171237
0.168504
0.173631
0.171861
0.171446
0.172376
0.170316
0.172564
0.165958
0.171253
0.164785
0.161500
0.161767
0.168550
0.173460
0.166138
0.159362
0.168928
0.165414
0.167475
0.169082
0.166272
0.162945
0.164455
0.169500
0.171548
0.164089
0.167982
0.166590
0.165800
0.163785
0.162590
0.170099
0.164081
0.162298
0.170248
0.164310
0.159145
0.165630
0.159510
0.163409
0.165412
0.161132
0.165164
0.168297
0.161560
0.160618
0.167029
0.157431
0.166598
0.159353
0.162942
0.163155
0.156249
0.161932
0.157893
0.153389
0.150521
0.151529
0.156480
0.159898
0.154961
0.161946
0.155170
0.154714
0.156000
0.154046
0.156288
0.152277
0.157253
0.156385
0.152473
0.146258
0.147262
0.144040
0.148570
0.149373
0.152147
0.155426
0.144260
0.155136
0.151382
0.151270
0.152056
0.149883
0.149466
0.147451
0.149445
0.151880
0.149531
0.149974
0.143859
0.147123
0.147590
0.143543
0.144892
0.145087
0.146508
0.147524
0.144909
0.145661
0.143824
0.138046
0.137602
0.140764
0.139429
0.134137
0.136209
0.135866
0.140632
0.138265
0.138563
0.143972
0.136643
0.138113
0.139863
0.145530
0.147189
0.143364
0.145421
0.141487
0.148308
0.148201
0.140155
0.145745
0.147269
0.150751
0.140037
0.140941
0.147009
0.145217
0.146345
0.145339
0.148746
0.145267
0.146836
0.147890
0.148708
0.148067
0.147462
0.144971
0.140293
0.144121
0.147584
0.140117
0.140164
0.145872
0.149035
0.145844
0.144001
0.145922
0.145278
0.144899
0.148155
0.146975
0.147177
0.149851
0.153196
0.150662
0.151248
0.152656
0.149788
0.149149
0.141431
0.144406
0.143473
0.149127
0.152215
0.142587
0.141523
0.148597
0.147829
0.144734
0.137496
0.139614
0.137083
0.137124
0.139094
0.134974
0.133854
0.137224
0.130783
0.136183
0.136153
0.141409
0.133250
0.140470
0.135359
0.132200
0.131250
0.136899
0.135022
0.136378
0.136497
0.131207
0.134282
0.137965
0.133752
0.131436
0.134244
0.133149
0.129822
0.133643
0.129203
0.133391
0.132670
0.133768
0.133916
0.130904
0.131235
0.127244
0.128818
0.132837
0.135024
0.139564
0.133684
0.136439
0.134116
0.140579
0.140294
0.143506
0.139760
0.137084
0.138539
0.141878
0.137410
0.137136
0.143697
0.142625
0.138347
0.137983
0.137803
0.135070
0.144175
0.143742
0.145077
0.141976
0.142905
0.134755
0.135365
0.136281
0.134269
0.137971
0.140334
0.136984
0.136402
0.134848
0.140253
0.138584
0.139966
0.137071
0.138648
0.140163
0.144219
0.133822
0.135480
0.135265
0.134099
0.130007
0.128822
0.133180
0.137648
0.134014
0.133607
0.134818
0.134271
0.135349
0.135004
0.139686
0.135743
0.131680
0.133046
0.134606
0.134049
0.133239
0.135111
0.134579
0.135526
0.135269
0.141570
0.136234
0.139143
0.140811
0.139550
0.140082
0.144630
0.136804
0.139547
0.142645
0.141373
0.139662
0.140222
0.141294
0.139712
0.143541
0.137405
0.135553
0.143554
0.145618
0.149605
0.150390
0.145042
0.146012
0.145131
0.139749
0.144773
0.149267
0.147637
0.141214
0.139078
0.138511
0.142278
0.144575
0.143447
0.140361
0.142614
0.142611
0.145832
0.140906
0.143432
0.137923
0.138557
0.144418
0.133727
0.139659
0.138078
0.136852
0.136172
0.127496
0.126238
0.129442
0.130906
0.130940
0.125369
0.131200
0.131178
0.128251
0.118528
0.124889
0.126288
0.125124
0.120490
0.122982
0.120953
0.117861
0.125899
0.121812
0.122306
0.120264
0.122854
0.124010
0.122987
0.124824
0.118968
0.115013
0.119828
0.125063
0.124447
0.119326
0.120252
0.125049
0.120143
0.121024
0.124936
0.121054
0.126688
0.122735
0.118392
0.124705
0.123394
0.131607
0.122408
0.126097
0.121080
0.122825
0.122011
0.129639
0.127227
0.126287
0.130330
0.124535
0.132861
0.136132
0.131227
0.125335
0.126844
0.124440
0.126893
0.130815
0.128348
0.125971
0.127634
0.128984
0.127701
0.131517
0.131360
0.133413
0.127939
0.125515
0.124611
0.123618
0.125335
0.127857
0.124931
0.128649
0.120585
0.117107
0.124575
0.122942
0.118370
0.121078
0.121413
0.120776
0.118499
0.120709
0.122034
0.125512
0.132615
0.122807
0.129236
0.126016
0.130747
0.125351
0.126188
0.132582
0.129027
0.126549
0.126155
0.129923
0.126486
0.129706
0.127287
0.120597
0.124708
0.124748
0.125234
0.124850
0.123511
0.124244
0.123313
0.122573
0.120566
0.122340
0.125477
0.130504
0.129180
0.131610
0.128896
0.130168
0.123992
0.122050
0.121031
0.129863
0.119180
0.126528
0.131757
0.127762
0.126235
0.120146
0.129900
0.125326
0.122204
0.123139
0.124860
0.121101
0.120122
0.125247
0.128610
0.128293
0.128914
0.132107
0.133855
0.129093
0.126780
0.130300
0.130344
0.135612
0.135551
0.137107
0.132887
0.133414
0.129196
0.128208
0.137778
0.131937
0.127560
0.133128
0.125463
0.124280
0.125720
0.123575
0.128038
0.123195
0.120149
0.126041
0.125442
0.127014
0.117321
0.121688
0.124363
0.114701
0.125092
0.121812
0.117819
0.127321
0.119711
0.126197
0.124839
0.127193
0.126908
0.125112
0.121357
0.127814
0.122722
0.123479
0.118604
0.117971
0.128138
0.127442
0.127132
0.135565
0.128776
0.130111
0.127593
0.125909
0.128595
0.131100
0.130675
0.136878
0.141524
0.135361
0.135398
0.137165
0.134712
0.130507
0.129545
0.132143
0.129079
0.131736
0.135246
0.132433
0.134580
0.137020
0.137690
0.141516
0.135760
0.134627
0.134708
0.133904
0.137243
0.134045
0.128398
0.133806
0.132076
0.130709
0.130717
0.131587
0.131288
0.128794
0.129540
0.133079
0.130913
0.134279
0.125629
0.130562
0.130688
0.127873
0.124041
0.126541
0.128251
0.124787
0.132434
0.128652
0.133515
0.136373
0.136095
0.135600
0.130708
0.126428
0.134299
0.135522
0.127497
0.132690
0.131791
0.128986
0.131664
0.136818
0.126593
0.133136
0.127496
0.134531
0.132433
0.131718
0.128885
0.126257
0.128000
0.128437
0.129216
0.126354
0.129920
0.131298
0.128053
0.128659
0.132076
0.129706
0.127781
0.122417
0.122995
0.122642
0.125104
0.122229
0.121585
0.122203
0.121802
0.119235
0.125234
0.127365
0.128949
0.127749
0.133176
0.131583
0.127794
0.129099
0.134612
0.125274
0.128053
0.125517
0.127791
0.121067
0.123203
0.124400
0.125431
0.125731
0.118704
0.123603
0.120359
0.124532
0.122481
0.125068
0.121351
0.129317
0.128242
0.133378
0.130960
0.121626
0.123152
0.124304
0.128466
0.126874
0.124363
0.127378
0.131361
0.125161
0.119769
0.125814
0.129102
0.126012
0.122785
0.130346
0.124432
0.125643
0.130367
0.125146
0.124020
0.123662
0.127806
0.126481
0.123184
0.123325
0.120563
0.126943
0.128737
0.130382
0.130350
0.129859
0.125204
0.132708
0.132833
0.134118
0.140577
0.133670
0.134076
0.138131
0.132403
0.131570
0.130414
0.131748
0.126054
0.127074
0.127216
0.130947
0.128138
0.119819
0.116303
0.116593
0.114632
0.117996
0.122637
0.122129
0.124507
0.120570
0.120978
0.118048
0.114390
0.117509
0.118567
0.119355
0.120686
0.119858
0.118676
0.119678
0.123619
0.128958
0.117842
0.124400
0.120988
0.127614
0.124081
0.120083
0.121269
0.119111
0.120843
0.122739
0.117272
0.117770
0.118551
0.113629
0.113677
0.115259
0.113977
0.118937
0.117764
0.116664
0.122066
0.123533
0.117126
0.120535
0.122707
0.125206
0.128132
0.121911
0.123686
0.131334
0.127118
0.127744
0.127955
0.132743
0.133743
0.126736
0.125576
0.129931
0.128788
0.124058
0.122380
0.120006
0.121149
0.120842
0.119861
0.117272
0.119848
0.128037
0.118456
0.120699
0.124582
0.120625
0.123541
0.118829
0.119077
0.116620
0.117585
0.120295
0.117624
0.115834
0.116201
0.120875
0.117918
0.114070
0.112165
0.111185
0.112643
0.115708
0.121791
0.114801
0.120035
0.119741
0.120543
0.113267
0.118073
0.116200
0.118197
0.113125
0.120058
0.119689
0.115434
0.116491
0.120370
0.119617
0.118529
0.119647
0.119254
0.113914
0.115739
0.116057
0.111951
0.112990
0.116906
0.114816
0.116719
0.116882
0.117345
0.114434
0.111050
0.118258
0.115304
0.117055
0.115220
0.112106
0.120671
0.115585
0.116910
0.112071
0.114176
0.120267
0.115553
0.114338
0.112219
0.111384
0.115664
0.123418
0.125380
0.117567
0.113425
0.112340
0.117656
0.113898
0.113501
0.110625
0.117380
0.115246
0.119120
0.121324
0.116412
0.118725
0.120641
0.118067
0.121574
0.117300
0.120818
0.122260
0.116629
0.115600
0.121543
0.120711
0.122228
0.120480
0.117178
0.114185
0.119828
0.121379
0.127067
0.118480
0.117131
0.116644
0.115746
0.121798
0.120307
0.114255
0.117835
0.119741
0.122998
0.121338
0.117999
0.121348
0.116892
0.120523
0.120981
0.124240
0.120963
0.117460
0.116175
0.116156
0.117781
0.117748
0.114419
0.120562
0.121614
0.115848
0.114732
0.112721
0.116357
0.117058
0.114805
0.117253
0.112144
0.115463
0.114283
0.125539
0.117935
0.113578
0.118735
0.117063
0.112857
0.112665
0.121343
0.117055
0.112568
0.108887
0.116618
0.109082
0.113142
0.117358
0.119527
0.111741
0.107541
0.112817
0.109921
0.111691
0.113291
0.118053
0.110802
0.117841
0.119957
0.118113
0.119389
0.122586
0.115865
0.121757
0.114985
0.119114
0.117912
0.116110
0.118849
0.118993
0.120356
0.123523
0.121623
0.124359
0.124239
0.120429
0.123201
0.123746
0.120832
0.120780
0.122465
0.121235
0.127756
0.124337
0.126091
0.125500
0.128866
0.123400
0.126368
0.121189
0.121462
0.129304
0.124029
0.124502
0.122478
0.118836
0.126649
0.125461
0.130952
0.128231
0.123794
0.128203
0.126361
0.122016
0.120043
0.123027
0.127755
0.125898
0.129905
0.123466
0.127737
0.127725
0.132906
0.129540
0.137822
0.133402
0.127282
0.126430
0.127831
0.131855
0.131234
0.130877
0.134028
0.126437
0.126727
0.129745
0.131644
0.124921
0.128695
0.121998
0.123726
0.121056
0.123787
0.129412
0.126211
0.129775
0.129508
0.128536
0.129285
0.131176
0.128373
0.129894
0.129342
0.125889
0.131018
0.129455
0.129043
0.130171
0.127928
0.128643
0.127577
0.125280
0.123253
0.124051
0.118805
0.119227
0.127926
0.128746
0.125696
0.126230
0.125076
0.124078
0.125117
0.126160
0.128744
0.123052
0.129681
0.124482
0.129996
0.128859
0.130498
0.130465
0.127285
0.127823
0.130280
0.125714
0.123522
0.125984
0.129490
0.130910
0.128781
0.126388
0.133912
0.126504
0.123544
0.120042
0.127349
0.125556
0.124640
0.125306
0.124665
0.126479
0.122317
0.123894
0.121514
0.126433
0.124193
0.125741
0.129335
0.125769
0.131527
0.132432
0.131803
0.130970
0.137167
0.131916
0.123705
0.132256
0.129273
0.131249
0.129808
0.125513
0.125400
0.130020
0.131025
0.127021
0.125416
0.127822
0.124907
0.127759
0.126091
0.120816
0.131123
0.130921
0.123161
0.125817
0.126577
0.129594
0.125069
0.124282
0.126336
0.120279
0.127248
0.123183
0.121205
0.123499
0.126001
0.130079
0.120977
0.130719
0.125038
0.120691
0.122749
0.121507
0.119968
0.119171
0.129542
0.126611
0.128215
0.132652
0.122041
0.117993
0.122055
0.124095
0.123874
0.129312
0.121275
0.129038
0.129270
0.125173
0.129853
0.131090
0.126026
0.131549
0.139150
0.133839
0.126302
0.128382
0.128221
0.125471
0.124978
0.123033
0.122549
0.129373
0.130336
0.128252
0.124459
0.133702
0.126363
0.126350
0.119717
0.126092
0.122843
0.124326
0.119664
0.121338
0.121112
0.123200
0.124495
0.120887
0.125922
0.120712
0.124187
0.120779
0.118135
0.116390
0.118354
0.119243
0.124449
0.122643
0.122650
0.120518
0.120307
0.120018
0.120934
0.122186
0.116241
0.118342
0.117051
0.117581
0.126075
0.124057
0.123119
0.125448
0.129439
0.131227
0.130039
0.127893
0.137590
0.136399
0.138646
0.130990
0.128456
0.130647
0.131020
0.127971
0.127546
0.132543
0.132893
0.132394
0.135839
0.128257
0.126798
0.128553
0.125684
0.131207
0.127438
0.132192
0.133466
0.131389
0.126400
0.129567
0.123032
0.128614
0.127233
0.126599
0.129418
0.130349
0.128226
0.128417
0.127377
0.126721
0.130350
0.133837
0.132248
0.127821
0.129724
0.131456
0.127821
0.127333
0.128948
0.125979
0.133157
0.125346
0.124145
0.129700
0.124902
0.126625
0.125150
0.133962
0.131544
0.132967
0.131273
0.127850
0.131296
0.134542
0.127376
0.127148
0.126766
0.132506
0.134592
0.128257
0.129981
0.129010
0.129505
0.127881
0.128278
0.126428
0.127765
0.126821
0.126548
0.122399
0.128946
0.126485
0.124488
0.124576
0.124597
0.128480
0.122402
0.124359
0.122326
0.120944
0.117201
0.123966
0.121164
0.122506
0.119741
0.125506
0.124267
0.121473
0.119867
0.116148
0.123786
0.117735
0.118724
0.121121
0.125685
0.127164
0.124009
0.133974
0.129602
0.128853
0.135149
0.126273
0.133117
0.133300
0.130889
0.133025
0.129753
0.126706
0.126201
0.133962
0.124560
0.125851
0.126008
0.125310
0.124061
0.127088
0.125690
0.129174
0.123859
0.122855
0.115852
0.114437
0.122727
0.116660
0.122683
0.122149
0.119719
0.129979
0.117341
0.122397
0.126016
0.121312
0.121566
0.128404
0.119376
0.121891
0.122263
0.122685
0.119881
0.122839
0.117888
0.123590
0.122813
0.118806
0.117878
0.120508
0.127497
0.120062
0.121458
0.121619
0.118495
0.118049
0.116601
0.116487
0.114361
0.117845
0.118462
0.114192
0.115148
0.119066
0.118224
0.117354
0.124634
0.123658
0.122460
0.123152
0.124066
0.126634
0.128669
0.120038
0.121134
0.120053
0.123639
0.123514
0.126674
0.122707
0.115876
0.109166
0.114306
0.114042
0.111821
0.110051
0.110971
0.114270
0.109443
0.115570
0.113791
0.111822
0.114426
0.115414
0.114736
0.116056
0.118213
0.120893
0.116683
0.118831
0.121062
0.118110
0.123591
0.120957
0.124296
0.123760
0.119935
0.119196
0.118039
0.125169
0.118509
0.119813
0.119043
0.120013
0.116635
0.115732
0.114577
0.114130
0.115285
0.114919
0.117869
0.119661
0.117582
0.124541
0.117647
0.118293
0.116100
0.115387
0.121369
0.113254
0.115038
0.116066
0.112679
0.120993
0.114422
0.115840
0.116390
0.120990
0.114224
0.112600
0.118051
0.113570
0.115720
0.111119
0.111716
0.113904
0.112770
0.114560
0.112450
0.114415
0.114342
0.112607
0.112104
0.110168
0.111621
0.104751
0.105646
0.107230
0.105061
0.108298
0.110063
0.109492
0.112575
0.109975
0.110359
0.110562
0.107291
0.110608
0.106294
0.111609
0.114696
0.118636
0.117428
0.115904
0.119702
0.123501
0.124237
0.121141
0.119426
0.117950
0.121004
0.115140
0.114092
0.115863
0.115708
0.108101
0.113387
0.114674
0.112012
0.114426
0.111167
0.113907
0.111290
0.111970
0.117103
0.123367
0.118309
0.116561
0.118571
0.121438
0.120733
0.120717
0.118402
0.122309
0.125330
0.114990
0.116534
0.114463
0.119564
0.119111
0.120300
0.128350
0.122904
0.122241
0.119972
0.123945
0.131058
0.121679
0.126188
0.124656
0.123513
0.119711
0.126049
0.129815
0.131563
0.125997
0.131235
0.135168
0.133012
0.137983
0.137485
0.130012
0.134551
0.136573
0.134992
0.133854
0.134738
0.129519
0.125378
0.125278
0.129344
0.131550
0.126871
0.131370
0.131302
0.133279
0.132241
0.133229
0.139934
0.134176
0.137884
0.135552
0.135596
0.131377
0.135287
0.146516
0.131734
0.124665
0.126880
0.125188
0.126484
0.128593
0.126646
0.128399
0.127605
0.125070
0.128371
0.123194
0.126493
0.122156
0.123660
0.128819
0.126512
0.124890
0.131681
0.128225
0.130834
0.122860
0.124794
0.123137
0.125292
0.125815
0.121842
0.126755
0.118455
0.116530
0.120277
0.119018
0.119871
0.114101
0.121278
0.114427
0.118172
0.117720
0.119556
0.112425
0.117888
0.128836
0.121833
0.122219
0.113824
0.112950
0.118232
0.112556
0.119659
0.115273
0.121496
0.122442
0.126081
0.127213
0.126944
0.130813
0.120662
0.121654
0.126351
0.121477
0.127755
0.125897
0.129439
0.130267
0.123210
0.130989
0.123930
0.126500
0.131265
0.123403
0.116725
0.122282
0.123059
0.119011
0.120415
0.119293
0.118682
0.122152
0.124704
0.125111
0.121705
0.120001
0.121194
0.117508
0.121174
0.119987
0.117604
0.114390
0.113370
0.114841
0.122520
0.118869
0.114869
0.118949
0.117063
0.118035
0.120384
0.115741
0.109565
0.117613
0.115817
0.119144
0.115008
0.118983
0.116510
0.117978
0.111132
0.119209
0.112384
0.119119
0.116400
0.117408
0.116651
0.115181
0.115471
0.115423
0.116182
0.109439
0.114779
0.116853
0.122042
0.116552
0.117651
0.118584
0.113873
0.114731
0.115647
0.120208
0.119638
0.118208
0.120198
0.115065
0.114346
0.115573
0.112223
0.117800
0.113519
0.112263
0.111583
0.113676
0.115295
0.117526
0.114313
0.118600
0.124515
0.121529
0.117263
0.119097
0.120768
0.128048
0.121309
0.124840
0.115586
0.113637
0.115452
0.118912
0.116897
0.116145
0.118437
0.112439
0.120835
0.117111
0.119282
0.112253
0.119958
0.108004
0.116496
0.117795
0.112749
0.112140
0.106565
0.109504
0.107174
0.109602
0.110094
0.111008
0.106708
0.107140
0.102251
0.107718
0.107294
0.107372
0.101791
0.111857
0.112750
0.111416
0.108618
0.114804
0.112587
0.110853
0.111319
0.114075
0.115984
0.115989
0.118148
0.113640
0.115865
0.115458
0.118908
0.119866
0.116609
0.118762
0.116986
0.115642
0.122135
0.118728
0.117405
0.119637
0.119753
0.123064
0.127023
0.126164
0.127739
0.123461
0.127452
0.130220
0.125020
0.119582
0.127680
0.118013
0.125087
0.121341
0.123430
0.119048
0.121984
0.124772
0.128092
0.125074
0.129178
0.124277
0.128171
0.124225
0.123736
0.118457
0.122190
0.123576
0.122519
0.125279
0.122676
0.121383
0.129274
0.121485
0.116840
0.122371
0.120559
0.122834
0.128651
0.129266
0.125814
0.124577
0.125402
0.122167
0.124630
0.126403
0.124424
0.122072
0.127158
0.122187
0.123596
0.121017
0.127558
0.128363
0.129759
0.128156
0.126432
0.130238
0.130503
0.125434
0.124085
0.129072
0.122959
0.127959
0.123266
0.122576
0.120806
0.121935
0.127901
0.129098
0.127674
0.123608
0.127086
0.126045
0.127347
0.124094
0.126517
0.120013
0.119656
0.124495
0.117683
0.115397
0.116358
0.119920
0.112764
0.111689
0.118396
0.111152
0.112977
0.111624
0.117560
0.113602
0.111607
0.110362
0.112855
0.111971
0.111081
0.111034
0.119054
0.115359
0.118056
0.117425
0.114553
0.114160
0.117595
0.113227
0.110123
0.109419
0.111736
0.118210
0.110108
0.119247
0.113321
0.116117
0.116811
0.115839
0.115314
0.113803
0.113335
0.112699
0.115294
0.114003
0.112304
0.104214
0.115321
0.113194
0.111224
0.114449
0.111565
0.109767
0.110451
0.109048
0.104023
0.106183
0.107360
0.105538
0.107840
0.114720
0.104208
0.104861
0.103184
0.108483
0.112586
0.111925
0.112706
0.110455
0.111909
0.113401
0.114828
0.120279
0.112335
0.113029
0.107348
0.109547
0.112622
0.113529
0.108121
0.113164
0.116674
0.109103
0.114906
0.117078
0.113388
0.113157
0.116494
0.113071
0.112740
0.113420
0.109773
0.110507
0.109316
0.115738
0.118108
0.110473
0.112844
0.112270
0.109016
0.110576
0.111964
0.115773
0.113991
0.110756
0.110038
0.114271
0.115825
0.112876
0.113127
0.116937
0.112384
0.118778
0.110991
0.111540
0.108861
0.112160
0.108320
0.112909
0.115358
0.112829
0.117251
0.116064
0.116616
0.120541
0.117786
0.121223
0.115579
0.117310
0.122724
0.115414
0.117721
0.115404
0.118480
0.117568
0.124570
0.124988
0.123736
0.120798
0.121953
0.121945
0.119457
0.125148
0.125855
0.121716
0.122437
0.121410
0.124901
0.117171
0.121834
0.121589
0.125537
0.122182
0.126119
0.121415
0.122728
0.119764
0.119958
0.122434
0.123897
0.125868
0.131206
0.127265
0.123597
0.123975
0.127628
0.127844
0.124657
0.125059
0.124933
0.125402
0.123931
0.118149
0.123566
0.114648
0.120535
0.122405
0.111820
0.110779
0.117245
0.110937
0.112109
0.113921
0.111541
0.115982
0.113790
0.115719
0.113423
0.112535
0.108076
0.112025
0.116093
0.113914
0.114485
0.116686
0.121705
0.120252
0.116402
0.121223
0.119172
0.120272
0.114672
0.117134
0.114723
0.116058
0.114925
0.118491
0.116693
0.109996
0.113319
0.116323
0.117294
0.119413
0.116391
0.118511
0.115843
0.120865
0.120582
0.116251
0.121272
0.113859
0.125213
0.115886
0.116807
0.118517
0.121980
0.113738
0.120357
0.115090
0.114336
0.110939
0.122504
0.123394
0.123743
0.122626
0.121960
0.120056
0.116242
0.124837
0.118981
0.121941
0.121012
0.123277
0.119839
0.113715
0.121585
0.123869
0.118862
0.120866
0.121150
0.120963
0.124635
0.119855
0.119676
0.123388
0.123069
0.123511
0.122649
0.122825
0.122453
0.118663
0.119994
0.119980
0.120154
0.128931
0.122223
0.124270
0.120575
0.126217
0.127948
0.126736
0.122133
0.124945
0.126446
0.121143
0.119536
0.123331
0.119543
0.112537
0.112339
0.115218
0.123189
0.119873
0.121757
0.117480
0.119379
0.119135
0.123737
0.128843
0.124897
0.117523
0.123512
0.120661
0.120453
0.119324
0.128880
0.127468
0.126874
0.119502
0.126439
0.128198
0.122553
0.118840
0.122937
0.118960
0.119485
0.120401
0.124308
0.134030
0.130225
0.125325
0.122843
0.124423
0.125385
0.120028
0.121028
0.114879
0.115854
0.117618
0.117504
0.115108
0.118826
0.120437
0.125274
0.126736
0.124184
0.121508
0.123446
0.122332
0.120445
0.118974
0.116961
0.118008
0.116114
0.127920
0.119860
0.118389
0.119871
0.123548
0.121629
0.114219
0.116952
0.118649
0.116299
0.115562
0.114325
0.114848
0.116399
0.118064
0.119393
0.118343
0.118045
0.120647
0.122380
0.121650
0.118757
0.117283
0.114421
0.118531
0.116387
0.114520
0.119558
0.120380
0.123321
0.115562
0.119261
0.129268
0.123942
0.122850
0.124440
0.118025
0.117755
0.120609
0.120788
0.120320
0.120522
0.114971
0.121688
0.122990
0.121502
0.118047
0.119098
0.119243
0.122745
0.113013
0.113981
0.117029
0.116541
0.122477
0.117472
0.117775
0.118702
0.120149
0.116495
0.118994
0.120854
0.116249
0.116862
0.120333
0.119195
0.113508
0.120731
0.116440
0.122846
0.116973
0.122142
0.121297
0.121235
0.122620
0.115867
0.120647
0.125599
0.122294
0.126902
0.122719
0.127713
0.117715
0.118053
0.116137
0.111763
0.117503
0.109793
0.111806
0.115002
0.118495
0.116065
0.116261
0.117063
0.119100
0.121453
0.125307
0.119490
0.124322
0.116190
0.115337
0.112276
0.124253
0.114999
0.115115
0.121221
0.117817
0.114358
0.111086
0.118353
0.118583
0.114220
0.107936
0.108023
0.107291
0.107115
0.109652
0.118310
0.113654
0.113536
0.113814
0.115788
0.113430
0.112799
0.113511
0.113048
0.116478
0.118983
0.125305
0.119080
0.112933
0.113600
0.118898
0.112419
0.118426
0.118132
0.116268
0.114222
0.115872
0.117128
0.120824
0.120672
0.116113
0.118732
0.112390
0.121729
0.116288
0.112334
0.124143
0.120658
0.118931
0.119675
0.118140
0.121172
0.121467
0.124195
0.120823
0.123714
0.124465
0.114425
0.121146
0.117067
0.124934
0.118974
0.115137
0.123121
0.118809
0.118875
0.123080
0.122759
0.121965
0.121893
0.119608
0.118395
0.122630
0.120873
0.118238
0.116332
0.122375
0.120849
0.125405
0.122625
0.114215
0.116605
0.117016
0.119491
0.114343
0.115929
0.113391
0.114157
0.113882
0.111669
0.114953
0.113494
0.109021
0.117111
0.111659
0.112889
0.110948
0.116356
0.110112
0.113456
0.109839
0.117162
0.115836
0.115612
0.118191
0.118441
0.115883
0.112775
0.111905
0.113053
0.121445
0.119498
0.110752
0.115819
0.115858
0.112317
0.114526
0.113345
0.112455
0.111834
0.109232
0.114518
0.115952
0.114918
0.115693
0.109992
0.118811
0.121897
0.115912
0.111013
0.114334
0.115855
0.114418
0.114486
0.114370
0.115447
0.117329
0.120233
0.122890
0.117061
0.116948
0.111841
0.113366
0.113773
0.117148
0.113515
0.118449
0.116283
0.111800
0.113455
0.108125
0.106841
0.110138
0.109983
0.110247
0.114205
0.116268
0.113666
0.111908
0.116811
0.117743
0.113940
0.114047
0.118944
0.112212
0.112797
0.111480
0.114636
0.111742
0.108705
0.114334
0.117308
0.110308
0.113830
0.114758
0.111777
0.113274
0.113770
0.108319
0.107653
0.111607
0.114782
0.114542
0.116533
0.105562
0.113895
0.107312
0.108286
0.111232
0.112119
0.110408
0.110090
0.108097
0.108833
0.112199
0.107622
0.115835
0.108294
0.113190
0.115260
0.114342
0.115991
0.120422
0.111839
0.120016
0.117897
0.122727
0.120691
0.118059
0.120864
0.116227
0.121161
0.121545
0.116298
0.115670
0.116937
0.118610
0.115425
0.120785
0.119113
0.127828
0.121542
0.125260
0.128204
0.123581
0.120172
0.121012
0.120775
0.125834
0.117648
0.115215
0.123661
0.123084
0.118639
0.118245
0.116128
0.118957
0.120989
0.122060
0.122652
0.127552
0.124245
0.120135
0.118941
0.121772
0.121026
0.123132
0.120867
0.115951
0.116657
0.117410
0.119531
0.117797
0.118379
0.124877
0.121165
0.121005
0.125282
0.127014
0.129783
0.123589
0.129182
0.131363
0.125859
0.119201
0.125185
0.120806
0.123876
0.122267
0.122540
0.120029
0.117606
0.116916
0.114940
0.112654
0.110707
0.114820
0.115381
0.113652
0.114513
0.115657
0.120011
0.111512
0.113112
0.118180
0.118815
0.121318
0.121106
0.112065
0.113080
0.123678
0.123044
0.122851
0.118506
0.122111
0.118593
0.116463
0.119382
0.120811
0.123076
0.121126
0.122989
0.116709
0.119910
0.123411
0.121606
0.122779
0.122422
0.122497
0.123641
0.120840
0.124738
0.121456
0.121835
0.122916
0.118843
0.119731
0.122549
0.119267
0.124326
0.123898
0.120424
0.117017
0.119187
0.117816
0.111945
0.117280
0.114962
0.121108
0.121785
0.119910
0.120734
0.123709
0.118650
0.120263
0.125210
0.123220
0.117467
0.118592
0.117173
0.119122
0.114738
0.120568
0.108665
0.116285
0.114960
0.112428
0.122953
0.112607
0.117454
0.114512
0.114094
0.115108
0.116547
0.118606
0.117219
0.113728
0.114592
0.116183
0.114818
0.118118
0.115076
0.119028
0.118551
0.116400
0.116002
0.121629
0.122863
0.117160
0.114541
0.116204
0.116747
0.117485
0.116420
0.120564
0.123747
0.123870
0.118408
0.120126
0.114440
0.119476
0.110624
0.112333
0.119076
0.116634
0.115550
0.121337
0.113820
0.115976
0.116855
0.115345
0.119939
0.118598
0.120667
0.127539
0.121798
0.119860
0.120914
0.114189
0.117151
0.117890
0.116412
0.125440
0.121805
0.122263
0.123609
0.117314
0.120487
0.119608
0.125030
0.123230
0.124518
0.122638
0.129195
0.127079
0.123503
0.124531
0.127693
0.124904
0.126779
0.125327
0.126813
0.132953
0.136337
0.128320
0.124142
0.128496
0.128363
0.129057
0.127986
0.125380
0.124773
0.124906
0.129482
0.128970
0.126001
0.121269
0.127770
0.125881
0.125338
0.125861
0.129832
0.129983
0.129034
0.128823
0.124303
0.129918
0.120885
0.125751
0.120632
0.119784
0.119752
0.119245
0.121043
0.120808
0.123195
0.118687
0.122687
0.116243
0.116963
0.118778
0.122870
0.125546
0.121116
0.126165
0.122216
0.122216
0.125114
0.122694
0.124482
0.125908
0.125386
0.125046
0.116593
0.121930
0.114371
0.112086
0.114781
0.117320
0.118396
0.117160
0.115148
0.120795
0.120749
0.123011
0.119531
0.121109
0.129933
0.125443
0.125534
0.122967
0.120831
0.122683
0.126046
0.123604
0.125395
0.124761
0.128795
0.124024
0.126264
0.125512
0.129196
0.126198
0.122566
0.125770
0.124940
0.126637
0.124839
0.122480
0.122850
0.122515
0.125819
0.126641
0.131341
0.134773
0.128020
0.123787
0.122472
0.123729
0.121906
0.124002
0.123373
0.122947
0.122655
0.123801
0.120581
0.122872
0.122999
0.116705
0.121231
0.121179
0.125812
0.120814
0.123856
0.126263
0.128344
0.129037
0.128007
0.124120
0.134121
0.128641
0.132335
0.134651
0.134474
0.135261
0.131511
0.125604
0.124628
0.119349
0.116454
0.119910
0.117757
0.121121
0.115468
0.116714
0.117016
0.117874
0.117088
0.117793
0.112466
0.111120
0.113505
0.113624
0.115018
0.103283
0.103720
0.109247
0.111414
0.103835
0.111987
0.112350
0.113599
0.108743
0.113225
0.114588
0.116393
0.116217
0.109485
0.118226
0.112263
0.113012
0.118512
0.116130
0.116339
0.122631
0.119701
0.118910
0.121244
0.120827
0.114755
0.114176
0.119498
0.119099
0.112012
0.115250
0.115016
0.119214
0.121184
0.121068
0.117672
0.120218
0.114441
0.119858
0.118107
0.120684
0.119989
0.122493
0.121197
0.121530
0.123037
0.125142
0.127822
0.125180
0.126778
0.120485
0.122506
0.124140
0.128633
0.125463
0.121578
0.120866
0.120332
0.120416
0.121436
0.120082
0.120371
0.121626
0.116832
0.119039
0.111040
0.112657
0.121560
0.119888
0.126877
0.122341
0.117746
0.120832
0.123618
0.119057
0.117297
0.116036
0.113958
0.115106
0.114022
0.114716
0.109265
0.111452
0.116075
0.114082
0.112555
0.115671
0.110056
0.108660
0.111170
0.109005
0.111759
0.111924
0.109819
0.111102
0.111147
0.113311
0.115127
0.112417
0.115178
0.111764
0.113516
0.114507
0.116608
0.113010
0.118374
0.109900
0.114536
0.115184
0.121078
0.120964
0.122603
0.124956
0.120257
0.124457
0.122513
0.130406
0.130971
0.126374
0.125417
0.123450
0.122424
0.122354
0.119558
0.127943
0.121106
0.120424
0.124524
0.124979
0.122281
0.121407
0.119313
0.119415
0.121781
0.123910
0.123957
0.123082
0.124445
0.119966
0.121216
0.120650
0.118445
0.119074
0.114764
0.119196
0.117740
0.116441
0.115915
0.122762
0.120164
0.121377
0.120058
0.119260
0.121670
0.121378
0.115955
0.123175
0.125354
0.120596
0.121406
0.122833
0.121616
0.124512
0.120737
0.113645
0.115412
0.115290
0.117632
0.118149
0.117329
0.116500
0.118049
0.112122
0.114529
0.118330
0.118111
0.116001
0.114056
0.113841
0.115371
0.118373
0.119280
0.121312
0.123844
0.116825
0.118677
0.120918
0.122698
0.122213
0.124076
0.121401
0.129220
0.124146
0.122477
0.120205
0.118605
0.123289
0.123728
0.126871
0.124177
0.122799
0.120317
0.122124
0.125600
0.128439
0.123689
0.119151
0.126517
0.126555
0.125327
0.121491
0.125523
0.115930
0.118410
0.120165
0.120198
0.116666
0.121204
0.114775
0.120777
0.114436
0.114520
0.116375
0.121657
0.121941
0.118279
0.116983
0.119809
0.118004
0.118405
0.110287
0.106983
0.112322
0.109970
0.108260
0.107693
0.115937
0.114012
0.108606
0.114935
0.116708
0.116038
0.115825
0.114366
0.109870
0.108956
0.108251
0.108319
0.117060
0.118184
0.114191
0.114869
0.117822
0.117768
0.116784
0.113888
0.115285
0.115007
0.113884
0.115375
0.107883
0.111234
0.110960
0.109683
0.109627
0.114554
0.113573
0.114360
0.112416
0.112099
0.110268
0.110089
0.122304
0.120969
0.116475
0.113929
0.114240
0.114484
0.112211
0.116272
0.111254
0.108488
0.114792
0.114869
0.112879
0.112071
0.111930
0.116724
0.108899
0.110120
0.109813
0.114582
0.110203
0.114573
0.113554
0.111063
0.109162
0.111220
0.109212
0.107967
0.110127
0.111411
0.111659
0.109960
0.112248
0.116627
0.112386
0.113402
0.118946
0.114524
0.115126
0.111838
0.109407
0.110532
0.109704
0.111061
0.109511
0.109988
0.110801
0.111571
0.105805
0.106577
0.113715
0.110953
0.114898
0.107998
0.114712
0.108139
0.113054
0.109425
0.110697
0.114585
0.113852
0.114511
0.115987
0.117737
0.114139
0.112050
0.117201
0.116350
0.117106
0.116930
0.119001
0.121516
0.121092
0.124665
0.124850
0.117498
0.121987
0.120092
0.131578
0.121515
0.125738
0.122163
0.118107
0.116495
0.119639
0.110130
0.113291
0.114791
0.123043
0.121933
0.122326
0.124722
0.127228
0.122694
0.119331
0.119925
0.123629
0.123760
0.124661
0.126649
0.119858
0.123261
0.125052
0.127467
0.125418
0.122979
0.125894
0.123305
0.128947
0.128134
0.123767
0.120595
0.127360
0.123587
0.126693
0.117530
0.118520
0.118012
0.118804
0.112014
0.114049
0.114932
0.115121
0.115186
0.116722
0.116284
0.117839
0.110697
0.113545
0.111339
0.115813
0.115692
0.117590
0.114550
0.112036
0.112530
0.110986
0.110226
0.111914
0.109350
0.115605
0.112395
0.112562
0.117014
0.112146
0.118451
0.117003
0.116697
0.114108
0.117998
0.111179
0.115525
0.115226
0.117404
0.119398
0.112449
0.116030
0.115588
0.117546
0.116769
0.120012
0.115730
0.115946
0.120669
0.112627
0.119412
0.118215
0.116575
0.120854
0.123935
0.120262
0.120679
0.127037
0.122070
0.119837
0.118952
0.126225
0.120113
0.120233
0.119068
0.127291
0.122064
0.120870
0.123723
0.115696
0.120015
0.122851
0.120476
0.115673
0.122597
0.112389
0.115918
0.118155
0.115960
0.115762
0.120063
0.113555
0.115542
0.117302
0.117295
0.110328
0.109820
0.114126
0.118075
0.111824
0.113175
0.112068
0.115044
0.112934
0.113369
0.106946
0.112505
0.112378
0.116634
0.111550
0.106638
0.113236
0.112061
0.120748
0.119023
0.122635
0.117074
0.123417
0.125953
0.125383
0.125291
0.118093
0.121075
0.125453
0.119868
0.121309
0.123545
0.125513
0.125101
0.126619
0.123783
0.123041
0.123780
0.121466
0.119313
0.122287
0.118683
0.125065
0.124141
0.120454
0.117481
0.119531
0.121628
0.122758
0.118565
0.122452
0.119568
0.110979
0.115394
0.111876
0.120574
0.114683
0.117055
0.122751
0.120609
0.117865
0.120791
0.117479
0.121009
0.116385
0.123160
0.119077
0.120394
0.125296
0.128402
0.121785
0.119236
0.121592
0.120083
0.119865
0.122574
0.123199
0.131580
0.123267
0.123321
0.122123
0.119798
0.124007
0.125398
0.123078
0.121681
0.121413
0.131127
0.124453
0.123686
0.126453
0.125671
0.123696
0.118738
0.120167
0.123000
0.122995
0.117189
0.121099
0.119099
0.118646
0.119328
0.121643
0.127543
0.123648
0.129462
0.122977
0.128766
0.125320
0.124531
0.129224
0.124278
0.125362
0.124259
0.123465
0.121661
0.118744
0.114779
0.110354
0.118401
0.122548
0.116482
0.121437
0.120186
0.119439
0.121997
0.119149
0.117972
0.117882
0.119411
0.118469
0.112326
0.116771
0.118353
0.120966
0.112957
0.111691
0.116289
0.110132
0.114355
0.111607
0.116421
0.123091
0.120159
0.115339
0.122201
0.116787
0.115937
0.122325
0.115345
0.117229
0.122333
0.114407
0.113504
0.115915
0.114054
0.114724
0.121214
0.117516
0.125990
0.126455
0.120497
0.121142
0.122792
0.120339
0.122063
0.128200
0.125173
0.118382
0.125053
0.115738
0.123398
0.122690
0.121305
0.119450
0.124602
0.126371
0.124715
0.127393
0.123079
0.120944
0.123868
0.116277
0.124775
0.123568
0.117324
0.116081
0.122900
0.117386
0.115797
0.117304
0.112680
0.112385
0.118746
0.114613
0.116291
0.113123
0.115363
0.114951
0.113182
0.116934
0.115754
0.114013
0.111369
0.117798
0.115656
0.118406
0.114978
0.116916
0.118074
0.119078
0.114516
0.117495
0.121466
0.118614
0.120198
0.117691
0.123925
0.118391
0.118299
0.109870
0.112190
0.114407
0.109591
0.110084
0.118385
0.110266
0.111808
0.112281
0.110646
0.110996
0.115243
0.110316
0.106774
0.111373
0.108983
0.107684
0.114080
0.113409
0.117529
0.111875
0.110642
0.110587
0.111621
0.111330
0.111599
0.114397
0.115817
0.110238
0.110904
0.114650
0.115114
0.113294
0.115986
0.119450
0.112888
0.111083
0.110421
0.114016
0.117292
0.116460
0.113905
0.113547
0.116359
0.112576
0.114966
0.120483
0.116621
0.115038
0.123991
0.121643
0.118333
0.116392
0.114651
0.117076
0.119906
0.115517
0.122953
0.117985
0.121511
0.117967
0.116831
0.121011
0.114877
0.120298
0.117229
0.120823
0.112658
0.115717
0.117609
0.114568
0.119001
0.122083
0.119152
0.119413
0.114972
0.115744
0.115595
0.121188
0.116415
0.116488
0.121583
0.115848
0.120687
0.116880
0.116097
0.118871
0.120148
0.119183
0.116758
0.118906
0.114220
0.120104
0.118612
0.127518
0.122688
0.115142
0.117765
0.113496
0.115673
0.120446
0.119018
0.114807
0.116421
0.114985
0.117047
0.115989
0.121176
0.114444
0.115525
0.117299
0.121024
0.115314
0.117300
0.120089
0.121704
0.123073
0.118432
0.123613
0.124201
0.124530
0.116732
0.119604
0.120142
0.117978
0.115170
0.118697
0.123202
0.122113
0.119691
0.120904
0.122458
0.119181
0.122542
0.122479
0.132887
0.133005
0.128093
0.119337
0.123755
0.129427
0.122575
0.119894
0.122690
0.119050
0.118731
0.120342
0.121383
0.119856
0.120651
0.120024
0.120723
0.116049
0.113093
0.117309
0.115233
0.120668
0.122731
0.114310
0.116421
0.119063
0.115500
0.115946
0.123578
0.122483
0.122753
0.120457
0.120179
0.120876
0.126488
0.127847
0.125002
0.124587
0.129250
0.126030
0.125025
0.121229
0.122398
0.116565
0.120544
0.120334
0.119902
0.114562
0.114073
0.116447
0.116077
0.120598
0.123856
0.117769
0.115989
0.116688
0.116621
0.121089
0.121003
0.112309
0.113352
0.112373
0.114432
0.115317
0.121030
0.116388
0.117411
0.122796
0.114290
0.110975
0.116226
0.113056
0.117645
0.115819
0.114932
0.118995
0.118523
0.114718
0.116983
0.116428
0.117276
0.116465
0.110573
0.111487
0.115187
0.109288
0.116336
0.117885
0.112582
0.116233
0.115185
0.115186
0.115204
0.112695
0.112100
0.114021
0.122121
0.119530
0.118144
0.117233
0.120310
0.118736
0.117940
0.112438
0.115125
0.107665
0.111378
0.109781
0.111957
0.112690
0.113147
0.109088
0.114832
0.108411
0.104555
0.107650
0.109686
0.113806
0.110615
0.108548
0.116616
0.115593
0.120799
0.120720
0.115333
0.115348
0.112268
0.114746
0.115177
0.110775
0.111294
0.121500
0.111030
0.112569
0.114053
0.119197
0.120743
0.114616
0.111919
0.115341
0.117436
0.113901
0.113160
0.110064
0.116545
0.115839
0.112465
0.119464
0.118414
0.120304
0.123418
0.118380
0.123348
0.116829
0.118544
0.115201
0.112995
0.115243
0.112367
0.106546
0.112406
0.108863
0.113023
0.107518
0.111070
0.113038
0.108575
0.109206
0.111570
0.117482
0.114412
0.111920
0.113066
0.114675
0.116921
0.116327
0.119026
0.110586
0.114576
0.113341
0.123248
0.118078
0.113063
0.120989
0.114259
0.126624
0.122466
0.122118
0.127537
0.120014
0.119073
0.120129
0.121009
0.114557
0.118795
0.116703
0.110449
0.114364
0.112408
0.113204
0.113534
0.115254
0.117931
0.116424
0.116268
0.115856
0.112962
0.109296
0.113992
0.111230
0.115535
0.116711
0.118104
0.114493
0.115967
0.115814
0.117606
0.112773
0.115039
0.120623
0.119866
0.118015
0.116261
0.119981
0.116415
0.119683
0.119267
0.120564
0.120311
0.117057
0.121415
0.112292
0.117525
0.125607
0.122229
0.120650
0.121018
0.120339
0.118288
0.114013
0.114688
0.119892
0.121109
0.120468
0.119831
0.123580
0.121081
0.119016
0.118881
0.119284
0.119951
0.118643
0.119887
0.119778
0.115745
0.114396
0.115812
0.117311
0.112701
0.111619
0.117960
0.117040
0.114072
0.112404
0.115920
0.118759
0.120496
0.122357
0.119276
0.118734
0.120687
0.119054
0.116210
0.115632
0.112904
0.114459
0.113493
0.114467
0.114203
0.113390
0.118472
0.114494
0.122933
0.123210
0.115879
0.117865
0.116632
0.119227
0.119010
0.122550
0.117255
0.118031
0.115593
0.114515
0.116916
0.118153
0.119397
0.118848
0.119959
0.119805
0.118818
0.115049
0.119264
0.122888
0.123443
0.119032
0.116805
0.123196
0.115471
0.118141
0.125689
0.125173
0.118038
0.123541
0.118768
0.125896
0.120461
0.121961
0.123782
0.130501
0.126885
0.125546
0.123162
0.127136
0.127862
0.128533
0.125335
0.125733
0.127114
0.129728
0.131374
0.137273
0.134765
0.135098
0.131269
0.130356
0.126634
0.121477
0.128557
0.127459
0.123922
0.123965
0.123202
0.121805
0.125233
0.122589
0.124673
0.119989
0.119385
0.124267
0.118136
0.118495
0.119305
0.117697
0.117880
0.121317
0.116137
0.116091
0.123219
0.115017
0.124517
0.119892
0.118166
0.119531
0.114260
0.117878
0.113397
0.118642
0.122603
0.117843
0.113742
0.122469
0.117728
0.124234
0.111043
0.113992
0.117229
0.115010
0.117280
0.122883
0.117107
0.118962
0.120448
0.119269
0.116252
0.119012
0.117333
0.118757
0.115651
0.124335
0.123360
0.116903
0.119935
0.111388
0.109791
0.108167
0.114418
0.119158
0.114678
0.116993
0.120288
0.118676
0.116910
0.120188
0.121832
0.116373
0.122225
0.117470
0.120855
0.122947
0.115416
0.118808
0.118754
0.117056
0.117260
0.114806
0.114368
0.113658
0.115185
0.115088
0.116384
0.110755
0.114618
0.117300
0.118084
0.116287
0.115239
0.117780
0.117590
0.115595
0.112594
0.117351
0.116858
0.111705
0.118492
0.115552
0.118032
0.118000
0.118340
0.116309
0.119271
0.117892
0.120028
0.119983
0.120875
0.119592
0.114187
0.122622
0.115429
0.113667
0.111795
0.118372
0.116019
0.113943
0.114579
0.117583
0.114364
0.120360
0.117959
0.121268
0.116194
0.121494
0.120515
0.120028
0.119157
0.118652
0.115989
0.122988
0.117907
0.117517
0.122374
0.115080
0.120175
0.119993
0.126270
0.125575
0.122580
0.128895
0.120699
0.136151
0.130430
0.130285
0.129153
0.132639
0.131944
0.133500
0.128210
0.129499
0.133287
0.125520
0.127245
0.130812
0.130734
0.126677
0.126852
0.123839
0.125227
0.126001
0.129050
0.113686
0.122104
0.115549
0.119000
0.118356
0.111175
0.115484
0.111628
0.115258
0.109836
0.106524
0.111538
0.117312
0.111488
0.106771
0.108232
0.107425
0.107050
0.107284
0.109162
0.110635
0.116419
0.110991
0.118281
0.113176
0.114116
0.111833
0.114600
0.122356
0.113736
0.117977
0.117479
0.116354
0.118383
0.124611
0.112754
0.112057
0.111385
0.111595
0.109305
0.113583
0.116336
0.114804
0.113030
0.110007
0.114251
0.119122
0.115923
0.115877
0.119664
0.119033
0.117864
0.112484
0.111647
0.117266
0.113417
0.115481
0.112440
0.114398
0.118600
0.117657
0.116279
0.120781
0.124032
0.120491
0.118034
0.117840
0.113204
0.117605
0.113069
0.118528
0.115483
0.120034
0.116132
0.117065
0.118329
0.124304
0.123936
0.118201
0.125045
0.117029
0.121922
0.125284
0.118288
0.117455
0.117115
0.115940
0.123058
0.120261
0.120555
0.121719
0.122989
0.123007
0.124696
0.123738
0.123706
0.122556
0.125557
0.123579
0.119428
0.123745
0.121745
0.123067
0.115281
0.118941
0.115951
0.117053
0.119743
0.123244
0.120086
0.115491
0.117280
0.119701
0.121038
0.119036
0.119884
0.118154
0.113394
0.117099
0.114720
0.121928
0.116543
0.117155
0.118639
0.123716
0.116547
0.120227
0.118653
0.119074
0.116011
0.116844
0.115952
0.118698
0.115389
0.114959
0.114393
0.117223
0.115208
0.119683
0.115872
0.120403
0.120054
0.121505
0.118351
0.119050
0.125174
0.116781
0.119500
0.117576
0.117570
0.120823
0.122711
0.121248
0.118023
0.117260
0.120362
0.124366
0.124773
0.125904
0.116820
0.120739
0.121600
0.122893
0.126392
0.126704
0.122451
0.117104
0.120773
0.119124
0.121230
0.120241
0.127108
0.119850
0.117115
0.114915
0.122904
0.122930
0.127973
0.129057
0.128445
0.121431
0.126810
0.127918
0.125147
0.128602
0.127422
0.117619
0.125618
0.125638
0.130214
0.125776
0.125018
0.122651
0.117021
0.126151
0.120263
0.122401
0.121339
0.123507
0.122848
0.125165
0.122293
0.126897
0.125292
0.122571
0.126868
0.120675
0.122842
0.120805
0.120797
0.120238
0.125563
0.119885
0.120522
0.123260
0.120141
0.120505
0.124855
0.123893
0.117173
0.118581
0.113523
0.117723
0.119102
0.119452
0.117974
0.116891
0.118259
0.118487
0.117561
0.118396
0.121087
0.121587
0.120488
0.116679
0.116212
0.118038
0.124420
0.116301
0.122944
0.123096
0.121583
0.121017
0.117469
0.117990
0.117159
0.116607
0.113210
0.113784
0.114413
0.117775
0.113826
0.116691
0.121623
0.119336
0.122163
0.115750
0.115390
0.114933
0.114571
0.122700
0.115471
0.119663
0.115008
0.116035
0.114406
0.119274
0.117446
0.118296
0.117562
0.116498
0.115840
0.117393
0.116673
0.120526
0.117943
0.116409
0.113833
0.118457
0.116544
0.116751
0.114462
0.119139
0.117825
0.125175
0.124059
0.121466
0.118493
0.123171
0.122791
0.117570
0.119147
0.116034
0.117969
0.117302
0.115817
0.120934
0.115826
0.118458
0.119584
0.115325
0.115679
0.115626
0.117846
0.115096
0.115484
0.108365
0.110820
0.110538
0.112253
0.111223
0.109952
0.113890
0.108900
0.113343
0.114031
0.112436
0.111097
0.111022
0.114085
0.120157
0.116446
0.116695
0.115727
0.116328
0.118859
0.115150
0.119868
0.116114
0.112694
0.115610
0.116305
0.117051
0.119259
0.118710
0.115552
0.119440
0.118521
0.121288
0.113306
0.116839
0.121083
0.117175
0.112433
0.113098
0.115843
0.116428
0.115540
0.110268
0.111855
0.115054
0.114371
0.108569
0.112518
0.113394
0.112228
0.117449
0.117061
0.116878
0.120726
0.119260
0.122753
0.122383
0.119871
0.123929
0.117039
0.119832
0.112235
0.115502
0.115798
0.112449
0.114631
0.120119
0.114297
0.118026
0.123569
0.118583
0.122011
0.125602
0.127105
0.127769
0.125968
0.125372
0.125303
0.129308
0.124698
0.127433
0.118752
0.120888
0.119574
0.116386
0.114804
0.117934
0.118102
0.124162
0.118838
0.117938
0.119364
0.119375
0.122026
0.119011
0.118644
0.119617
0.117693
0.118162
0.118993
0.124716
0.123928
0.121443
0.124883
0.125026
0.125133
0.126947
0.124800
0.123580
0.123566
0.123896
0.127468
0.125774
0.125423
0.128277
0.125900
0.118004
0.121553
0.124711
0.125667
0.123455
0.127293
0.124701
0.122814
0.122649
0.127350
0.124554
0.128926
0.124350
0.123689
0.120461
0.124765
0.124012
0.121233
0.121036
0.125528
0.126332
0.118607
0.120544
0.122076
0.118106
0.114804
0.113369
0.121086
0.117355
0.120919
0.116300
0.118624
0.117886
0.126804
0.115563
0.117953
0.116917
0.115568
0.122346
0.118353
0.117217
0.116162
0.117048
0.111368
0.117469
0.112638
0.113892
0.110802
0.117138
0.108982
0.114335
0.115721
0.113581
0.117931
0.115032
0.119637
0.114610
0.113387
0.111210
0.116099
0.113153
0.116694
0.113091
0.116843
0.116332
0.113864
0.114499
0.113050
0.115846
0.108262
0.113876
0.110986
0.114786
0.113995
0.115221
0.109676
0.109380
0.110334
0.112859
0.112805
0.105604
0.106967
0.108387
0.112803
0.110637
0.110168
0.112041
0.107983
0.108290
0.111647
0.111471
0.110535
0.113906
0.114059
0.118430
0.113718
0.117391
0.113925
0.113556
0.117058
0.116088
0.113831
0.117924
0.121535
0.121971
0.120560
0.120036
0.115469
0.118793
0.115777
0.114911
0.117701
0.117020
0.120519
0.120159
0.115012
0.112383
0.112780
0.117858
0.112514
0.114977
0.114536
0.110036
0.118453
0.119903
0.114070
0.114045
0.114950
0.114927
0.112673
0.117778
0.111615
0.119292
0.112333
0.114286
0.118657
0.118128
0.111444
0.116703
0.126931
0.122467
0.118293
0.122924
0.125073
0.126201
0.121117
0.124598
0.125178
0.120168
0.116320
0.116922
0.119972
0.115469
0.112497
0.120717
0.114930
0.113374
0.110333
0.111868
0.112133
0.114442
0.112975
0.111565
0.115268
0.115641
0.111182
0.109871
0.106044
0.113019
0.108440
0.117587
0.120902
0.121343
0.124504
0.121213
0.117007
0.119664
0.115503
0.123581
0.120122
0.121074
0.118870
0.116369
0.117496
0.122847
0.120087
0.113977
0.118692
0.123571
0.121450
0.119696
0.117712
0.119324
0.118372
0.117907
0.116412
0.116223
0.113846
0.113339
0.113283
0.112915
0.108642
0.108367
0.105749
0.114514
0.110502
0.109996
0.108704
0.110202
0.109772
0.110570
0.110658
0.112594
0.112718
0.112201
0.110384
0.117841
0.111895
0.113923
0.114860
0.113712
0.119663
0.119042
0.117715
0.117635
0.116983
0.115351
0.122200
0.117634
0.118250
0.116256
0.121165
0.120730
0.119800
0.120795
0.122904
0.120446
0.118541
0.113281
0.117639
0.113050
0.116963
0.115089
0.114462
0.118861
0.120722
0.119823
0.123201
0.122721
0.119475
0.126662
0.127253
0.120147
0.121774
0.123364
0.122428
0.121490
0.122712
0.123614
0.122288
0.119611
0.124890
0.121481
0.126191
0.130122
0.131468
0.137365
0.131186
0.129012
0.134173
0.125390
0.128957
0.128663
0.123285
0.124827
0.128211
0.126697
0.126700
0.126853
0.127294
0.135882
0.131372
0.132297
0.130403
0.125665
0.131225
0.127977
0.124093
0.119694
0.119844
0.113735
0.120348
0.120966
0.126722
0.119765
0.120955
0.128113
0.121702
0.129840
0.128063
0.128077
0.129536
0.127412
0.127601
0.128386
0.125898
0.124337
0.124921
0.120068
0.125570
0.128371
0.125162
0.124113
0.121792
0.123092
0.123899
0.121872
0.124411
0.127109
0.121564
0.119396
0.119557
0.115508
0.115530
0.112125
0.116359
0.121618
0.124097
0.124522
0.122488
0.119618
0.126184
0.118461
0.121673
0.118996
0.119371
0.116651
0.121896
0.120866
0.115205
0.117641
0.116825
0.118919
0.113703
0.117432
0.118664
0.124229
0.125041
0.116850
0.120739
0.117090
0.119707
0.118890
0.123444
0.123342
0.123623
0.122727
0.125597
0.128624
0.129454
0.126775
0.131648
0.126334
0.127756
0.117678
0.123352
0.118823
0.126013
0.123752
0.118278
0.126148
0.128031
0.122106
0.115408
0.118955
0.115612
0.117123
0.113323
0.117601
0.115310
0.114610
0.109748
0.112332
0.115724
0.114688
0.113004
0.117277
0.115197
0.115990
0.118790
0.109127
0.109054
0.115757
0.114727
0.119377
0.115418
0.117021
0.114081
0.112137
0.116372
0.121009
0.118611
0.119437
0.120261
0.120901
0.115920
0.116407
0.113013
0.118130
0.115123
0.113109
0.115383
0.117558
0.116566
0.126015
0.118530
0.120067
0.117509
0.125890
0.120512
0.127316
0.122586
0.117528
0.118301
0.124798
0.115610
0.121882
0.117684
0.112157
0.115862
0.119819
0.121771
0.123005
0.126697
0.124717
0.127064
0.121912
0.122501
0.122053
0.124496
0.127761
0.125934
0.124798
0.127983
0.127018
0.122297
0.119773
0.125228
0.119587
0.120329
0.120647
0.123067
0.119062
0.120899
0.123967
0.125991
0.124020
0.125222
0.116544
0.118485
0.121425
0.125074
0.122176
0.129323
0.121257
0.123536
0.122768
0.126101
0.124669
0.121135
0.122472
0.114173
0.116342
0.119574
0.117738
0.114978
0.113377
0.113572
0.117970
0.117232
0.118928
0.117902
0.114953
0.120387
0.118462
0.121249
0.119799
0.112668
0.117150
0.116241
0.112458
0.109090
0.110552
0.110871
0.107957
0.112262
0.114968
0.113618
0.109700
0.109428
0.113878
0.118053
0.117493
0.114036
0.120784
0.120384
0.120546
0.117511
0.122388
0.119193
0.123652
0.116495
0.117621
0.116197
0.117048
0.117283
0.116008
0.116213
0.116733
0.117740
0.113707
0.113619
0.111195
0.115510
0.112067
0.117400
0.112014
0.118302
0.120380
0.112761
0.114872
0.115019
0.110077
0.116705
0.115678
0.117823
0.112507
0.116623
0.116645
0.112912
0.115692
0.113421
0.115997
0.115855
0.112033
0.118115
0.114778
0.116547
0.118031
0.114968
0.121366
0.120709
0.118379
0.118603
0.119201
0.116742
0.115217
0.124987
0.117759
0.118733
0.118546
0.116886
0.114021
0.119735
0.119860
0.114673
0.117028
0.121606
0.120358
0.121290
0.117632
0.116283
0.118175
0.113976
0.114379
0.113522
0.114902
0.114610
0.114685
0.115817
0.113274
0.117720
0.116677
0.113903
0.120406
0.115240
0.114201
0.116114
0.117858
0.126466
0.118910
0.122542
0.118135
0.117521
0.117433
0.127311
0.118523
0.120023
0.117017
0.114811
0.118260
0.122777
0.127910
0.122704
0.119471
0.114704
0.112926
0.117069
0.116507
0.122447
0.122020
0.120995
0.121866
0.117212
0.119732
0.130317
0.126894
0.125072
0.123736
0.130945
0.127891
0.123251
0.123326
0.127631
0.129569
0.123553
0.131127
0.132491
0.129105
0.128412
0.128010
0.120965
0.117940
0.125211
0.131517
0.129343
0.126377
0.136018
0.127211
0.130488
0.123464
0.122894
0.125978
0.127003
0.122485
0.119409
0.117558
0.118586
0.119055
0.115827
0.118400
0.122988
0.125090
0.121858
0.121801
0.122567
0.120619
0.125615
0.120367
0.118284
0.123262
0.117247
0.124935
0.129804
0.126181
0.122987
0.122352
0.123316
0.124827
0.123755
0.121572
0.124404
0.123667
0.121804
0.124150
0.122825
0.127587
0.122145
0.125369
0.123571
0.124443
0.128663
0.119046
0.120724
0.117926
0.128426
0.116252
0.116224
0.121330
0.125256
0.122040
0.122736
0.125030
0.124090
0.123409
0.128213
0.119921
0.125960
0.122238
0.121863
0.121968
0.121600
0.122367
0.123674
0.117138
0.124460
0.125662
0.120369
0.121613
0.121981
0.126843
0.135253
0.129516
0.127865
0.123691
0.121180
0.116791
0.123493
0.128754
0.126148
0.125732
0.123473
0.128315
0.126228
0.126923
0.124648
0.124557
0.125018
0.121852
0.127660
0.121142
0.115076
0.113200
0.119991
0.116087
0.119799
0.117925
0.115261
0.118328
0.116504
0.123138
0.120798
0.122222
0.120731
0.119417
0.120295
0.120146
0.115225
0.110922
0.113173
0.111382
0.114759
0.118428
0.119440
0.120853
0.120882
0.119924
0.120871
0.122643
0.122574
0.117304
0.117232
0.120480
0.118298
0.124469
0.124350
0.127812
0.123385
0.122973
0.126053
0.125795
0.122073
0.123914
0.121043
0.118402
0.124242
0.123257
0.124194
0.130033
0.116059
0.118761
0.126791
0.124805
0.128553
0.132849
0.121892
0.124002
0.120579
0.116344
0.125286
0.121598
0.126203
0.122702
0.119421
0.117707
0.122587
0.116691
0.123084
0.123161
0.119354
0.120219
0.125406
0.123679
0.119987
0.116568
0.116897
0.118436
0.115703
0.120927
0.119349
0.119715
0.119979
0.117273
0.114787
0.115890
0.113140
0.113345
0.113029
0.113424
0.118302
0.118503
0.112993
0.116804
0.116044
0.112179
0.118434
0.117521
0.123046
0.116920
0.121202
0.116260
0.118566
0.122411
0.116480
0.123019
0.125769
0.119729
0.120958
0.120627
0.118796
0.118485
0.117403
0.121905
0.124756
0.118728
0.115876
0.110832
0.110872
0.114296
0.114764
0.115103
0.116108
0.110231
0.109134
0.111901
0.115727
0.115701
0.114380
0.116538
0.116881
0.119463
0.117723
0.120744
0.119360
0.119585
0.121429
0.109599
0.115764
0.122198
0.124358
0.126668
0.126446
0.119717
0.120467
0.121348
0.122585
0.123146
0.125014
0.129539
0.124629
0.125781
0.118631
0.123814
0.127233
0.122302
0.121578
0.127156
0.120818
0.124022
0.126182
0.134186
0.121964
0.126171
0.130456
0.121663
0.121358
0.121187
0.121101
0.115116
0.122828
0.118997
0.121562
0.120015
0.122564
0.121045
0.120846
0.121535
0.118956
0.118357
0.122714
0.118327
0.117665
0.117153
0.118156
0.115194
0.118278
0.115075
0.118644
0.117566
0.123456
0.121503
0.116705
0.115193
0.114514
0.120441
0.116580
0.117685
0.121651
0.116343
0.118957
0.113286
0.112182
0.117580
0.117139
0.112144
0.116940
0.117589
0.112473
0.114661
0.120310
0.120633
0.116605
0.114866
0.117941
0.115486
0.124888
0.124557
0.118710
0.117302
0.119113
0.115324
0.113300
0.110221
0.114974
0.120886
0.118720
0.116887
0.114498
0.111106
0.115289
0.114970
0.113812
0.119049
0.118511
0.125040
0.120419
0.124482
0.121578
0.127526
0.122436
0.122957
0.117499
0.119928
0.123131
0.124804
0.126326
0.123866
0.129902
0.120923
0.129430
0.132092
0.126903
0.127135
0.123605
0.122380
0.120088
0.117352
0.124262
0.123488
0.127183
0.125267
0.126723
0.123144
0.121498
0.124607
0.128807
0.122864
0.124499
0.122687
0.125741
0.119833
0.113627
0.120769
0.118616
0.119850
0.118004
0.119330
0.128709
0.122752
0.124004
0.126449
0.126909
0.122059
0.118252
0.128285
0.128818
0.129562
0.122472
0.130336
0.136229
0.127858
0.129744
0.122968
0.128787
0.130631
0.125311
0.120432
0.123474
0.123605
0.125580
0.131185
0.127341
0.128238
0.129976
0.123261
0.120123
0.121731
0.119040
0.121141
0.119521
0.116595
0.118547
0.120256
0.120315
0.115124
0.116018
0.119867
0.121614
0.118378
0.125580
0.121832
0.116096
0.125852
0.127263
0.124914
0.123499
0.124549
0.116982
0.125416
0.121980
0.119405
0.117996
0.114823
0.119690
0.119627
0.117798
0.122343
0.120342
0.118107
0.119957
0.117252
0.117638
0.118294
0.118312
0.119436
0.123573
0.120043
0.120471
0.117542
0.121159
0.111698
0.113649
0.109459
0.117386
0.117835
0.115031
0.106665
0.111679
0.115416
0.115674
0.111285
0.115338
0.115162
0.116611
0.121278
0.115518
0.115313
0.121040
0.115301
0.117446
0.113766
0.115712
0.113275
0.111419
0.115683
0.108544
0.115693
0.115974
0.113794
0.111364
0.115859
0.117424
0.123957
0.127144
0.123735
0.120194
0.119892
0.122942
0.127103
0.120256
0.118525
0.116785
0.114038
0.116518
0.114746
0.111838
0.120413
0.114064
0.119104
0.122120
0.116442
0.119188
0.115497
0.115208
0.114816
0.118420
0.109650
0.112284
0.125119
0.114701
0.115954
0.121450
0.118299
0.113661
0.120416
0.119491
0.121420
0.117663
0.125669
0.118383
0.119371
0.121598
0.121430
0.121896
0.120171
0.118251
0.119561
0.123971
0.118044
0.117626
0.118088
0.115400
0.120223
0.117059
0.118500
0.118706
0.115473
0.122076
0.121195
0.120178
0.116079
0.116534
0.116283
0.116599
0.117849
0.123098
0.118536
0.119567
0.117003
0.116390
0.117444
0.117139
0.118511
0.113891
0.121263
0.117863
0.112754
0.117853
0.116315
0.113451
0.113451
0.114691
0.109085
0.112474
0.111184
0.112030
0.112176
0.107362
0.109334
0.111312
0.116237
0.111784
0.110031
0.117883
0.120782
0.116623
0.114250
0.120174
0.116002
0.114028
0.116924
0.116461
0.112664
0.109356
0.109528
0.114220
0.117001
0.112302
0.105443
0.106476
0.108727
0.108498
0.113512
0.113691
0.117045
0.120418
0.114080
0.124333
0.119141
0.121077
0.117908
0.115464
0.115112
0.117046
0.117286
0.121809
0.116233
0.122721
0.114329
0.120642
0.114876
0.111794
0.118757
0.111884
0.118429
0.118499
0.117767
0.112376
0.117997
0.121504
0.121683
0.115435
0.118501
0.118266
0.116605
0.114922
0.119304
0.114205
0.115616
0.117474
0.113985
0.115158
0.112300
0.117421
0.115058
0.116752
0.110411
0.116573
0.114098
0.117549
0.112924
0.114169
0.112285
0.113006
0.114688
0.117912
0.116424
0.117351
0.114555
0.111414
0.116694
0.117093
0.115873
0.114712
0.118893
0.119558
0.118431
0.118539
0.117460
0.114287
0.115269
0.115059
0.119277
0.112785
0.107769
0.113497
0.113489
0.113966
0.112555
0.111203
0.114919
0.113407
0.110566
0.117808
0.110677
0.114161
0.112883
0.115889
0.113739
0.109980
0.107035
0.116380
0.115618
0.115102
0.113879
0.119547
0.113701
0.117918
0.122616
0.118199
0.118910
0.122907
0.121470
0.118661
0.118238
0.119480
0.122314
0.123770
0.117224
0.118446
0.119481
0.112020
0.121451
0.120624
0.117025
0.119562
0.119119
0.120484
0.121971
0.117453
0.112492
0.114506
0.112062
0.107928
0.111235
0.108468
0.104855
0.107108
0.103342
0.106947
0.108038
0.103807
0.111957
0.107766
0.104631
0.110322
0.114984
0.106032
0.104554
0.111155
0.107243
0.107358
0.102226
0.106455
0.106075
0.103672
0.107078
0.103948
0.106368
0.104757
0.103696
0.109571
0.112789
0.115060
0.115137
0.108116
0.111347
0.103744
0.110403
0.112227
0.112024
0.110165
0.111506
0.109132
0.114271
0.109496
0.111001
0.109519
0.112936
0.112975
0.111621
0.109208
0.110406
0.110623
0.108485
0.111025
0.113097
0.111055
0.111843
0.110178
0.107608
0.105306
0.107279
0.107728
0.110072
0.115272
0.113891
0.113511
0.105285
0.111394
0.109674
0.103287
0.109998
0.100476
0.100345
0.099209
0.100220
0.099992
0.106020
0.101327
0.101491
0.105176
0.097605
0.103208
0.102961
0.101126
0.098434
0.096578
0.102348
0.102152
0.102033
0.107130
0.108603
0.110262
0.108377
0.106341
0.110250
0.110961
0.110742
0.110458
0.113641
0.111693
0.110735
0.110284
0.112754
0.106494
0.109867
0.112816
0.122570
0.113891
0.117805
0.113440
0.114734
0.107632
0.110708
0.107248
0.112143
0.113409
0.109141
0.111915
0.107413
0.107394
0.113322
0.114478
0.115589
0.117544
0.118856
0.116277
0.116853
0.117365
0.113811
0.122333
0.118507
0.112465
0.116256
0.115870
0.115656
0.123190
0.114300
0.115283
0.123422
0.119275
0.123271
0.115393
0.115526
0.118793
0.119781
0.123756
0.123408
0.123806
0.121461
0.116870
0.117418
0.112585
0.118520
0.112469
0.109244
0.117283
0.113789
0.122087
0.121709
0.119362
0.123208
0.115544
0.117201
0.122190
0.118433
0.119910
0.118364
0.116803
0.114747
0.113976
0.117477
0.112512
0.117402
0.123597
0.123320
0.112973
0.116186
0.121233
0.126590
0.124774
0.127380
0.120566
0.125857
0.120706
0.120692
0.118729
0.119883
0.116661
0.112946
0.119667
0.120654
0.115743
0.115423
0.115373
0.114819
0.113015
0.113486
0.119298
0.116656
0.109384
0.110722
0.114809
0.109183
0.107831
0.112855
0.107900
0.106118
0.108343
0.112364
0.107707
0.115008
0.116034
0.115265
0.115252
0.112597
0.115805
0.122419
0.120627
0.114787
0.118962
0.115137
0.114459
0.115359
0.114031
0.113483
0.116809
0.117342
0.115890
0.114048
0.112204
0.108874
0.110191
0.116327
0.115116
0.112390
0.116437
0.112898
0.110228
0.114775
0.119607
0.118438
0.116479
0.115463
0.112773
0.114862
0.109218
0.111371
0.105630
0.111592
0.108011
0.106155
0.109753
0.112273
0.105897
0.109129
0.116449
0.108847
0.114117
0.113822
0.111198
0.112233
0.115039
0.106762
0.111477
0.110561
0.111574
0.107301
0.108855
0.105023
0.112672
0.110078
0.119459
0.111860
0.113317
0.108956
0.110412
0.111961
0.114748
0.109911
0.115100
0.109356
0.107848
0.109367
0.103588
0.107332
0.111703
0.107986
0.113266
0.113283
0.111218
0.109559
0.108608
0.107149
0.108450
0.113789
0.114731
0.112003
0.111263
0.106778
0.108887
0.109169
0.107608
0.113059
0.112167
0.104127
0.112791
0.116006
0.113798
0.110398
0.108245
0.106531
0.112016
0.111282
0.107471
0.108073
0.106162
0.108573
0.108410
0.107002
0.113495
0.114487
0.115816
0.116880
0.114675
0.116616
0.112296
0.113980
0.115908
0.116654
0.127120
0.120473
0.120076
0.113293
0.121521
0.122142
0.131577
0.121018
0.125735
0.119785
0.122903
0.118139
0.116154
0.116918
0.112936
0.118718
0.116550
0.116786
0.119654
0.118715
0.121083
0.121033
0.119413
0.122260
0.121285
0.122135
0.122879
0.116787
0.120242
0.121344
0.114381
0.119032
0.120942
0.123114
0.120100
0.121403
0.127164
0.127066
0.128010
0.127762
0.132807
0.135990
0.131713
0.123939
0.126828
0.125163
0.126420
0.130351
0.125625
0.122683
0.119067
0.129554
0.129496
0.131189
0.126484
0.132109
0.126073
0.126893
0.128153
0.123583
0.122339
0.127111
0.118524
0.115826
0.117718
0.117762
0.114732
0.115810
0.111366
0.116725
0.116179
0.119558
0.121353
0.113017
0.118750
0.124622
0.126387
0.123831
0.125199
0.123690
0.125744
0.124907
0.121749
0.122582
0.126303
0.125647
0.124179
0.113715
0.120931
0.119569
0.123826
0.123941
0.114966
0.120633
0.120245
0.123469
0.120591
0.121429
0.116688
0.116147
0.117989
0.119601
0.121340
0.117569
0.117710
0.119439
0.116972
0.119473
0.118930
0.119075
0.114916
0.119871
0.117377
0.116787
0.118410
0.119395
0.117911
0.122742
0.112120
0.112405
0.111063
0.114901
0.114651
0.114528
0.114346
0.110295
0.113324
0.112425
0.116887
0.120633
0.117934
0.116272
0.120845
0.113065
0.124257
0.122351
0.119572
0.117832
0.124155
0.128061
0.127900
0.120505
0.122550
0.122892
0.121436
0.116785
0.124375
0.120081
0.113875
0.115667
0.118209
0.120956
0.116814
0.114214
0.122665
0.117329
0.116406
0.115331
0.115183
0.110077
0.109134
0.110781
0.117586
0.116896
0.123152
0.118585
0.115968
0.115635
0.105214
0.113719
0.109016
0.107826
0.113413
0.115977
0.116269
0.116859
0.120101
0.116743
0.118433
0.112507
0.113103
0.113872
0.121751
0.116270
0.119619
0.117592
0.118618
0.115987
0.120581
0.123780
0.122242
0.123253
0.120991
0.123495
0.117847
0.121898
0.118236
0.119271
0.122763
0.118635
0.116729
0.111911
0.113115
0.118545
0.117082
0.117260
0.118758
0.120371
0.120948
0.119462
0.116185
0.113364
0.116701
0.116288
0.120162
0.115739
0.116849
0.117593
0.116001
0.116591
0.118974
0.115040
0.112798
0.111068
0.113576
0.114883
0.112035
0.112179
0.104986
0.113471
0.113886
0.116681
0.112461
0.113611
0.117598
0.113722
0.118519
0.116203
0.114897
0.112386
0.116308
0.109367
0.106600
0.108304
0.110323
0.117384
0.112188
0.115202
0.112867
0.112483
0.115349
0.116421
0.114359
0.117850
0.111566
0.111299
0.110762
0.110542
0.113284
0.118373
0.121088
0.115622
0.121917
0.130844
0.125481
0.127360
0.124894
0.126293
0.124595
0.121232
0.121371
0.120962
0.119352
0.119977
0.116280
0.123097
0.120629
0.122312
0.119433
0.118536
0.123697
0.123787
0.122648
0.114533
0.115017
0.119915
0.115846
0.120870
0.119443
0.126992
0.118098
0.118183
0.115669
0.124369
0.123500
0.126971
0.124439
0.125301
0.126770
0.127935
0.120723
0.125050
0.118548
0.113138
0.118523
0.119649
0.120307
0.122893
0.129411
0.122107
0.124781
0.122925
0.123561
0.119484
0.124402
0.123463
0.118740
0.121957
0.124918
0.121056
0.121644
0.120485
0.116140
0.113058
0.114179
0.112350
0.116390
0.110539
0.119696
0.114345
0.109255
0.110755
0.114887
0.109950
0.117114
0.114074
0.117290
0.112461
0.117252
0.112738
0.117306
0.111967
0.108878
0.111536
0.112437
0.108253
0.115448
0.114575
0.116775
0.116255
0.115701
0.111631
0.114333
0.115407
0.112069
0.114019
0.116702
0.111917
0.109412
0.116076
0.120559
0.117088
0.114989
0.118194
0.116563
0.116493
0.120041
0.120143
0.117231
0.121340
0.114582
0.112983
0.116099
0.112064
0.114832
0.117304
0.115113
0.115333
0.117284
0.114397
0.112142
0.118224
0.115373
0.113992
0.111373
0.112914
0.113015
0.113500
0.113871
0.109984
0.112323
0.113471
0.110801
0.110180
0.111774
0.111705
0.109359
0.110990
0.112768
0.109824
0.108285
0.111194
0.113972
0.113226
0.108483
0.114248
0.107852
0.109991
0.114298
0.114895
0.110500
0.111265
0.111686
0.116447
0.109497
0.114798
0.113733
0.113971
0.111345
0.112019
0.116918
0.119130
0.113392
0.115854
0.117002
0.113844
0.112460
0.117234
0.108805
0.115107
0.113977
0.114959
0.113165
0.115600
0.114891
0.117019
0.114473
0.121156
0.115464
0.117093
0.118806
0.113967
0.115384
0.113949
0.117614
0.111496
0.107491
0.115509
0.113013
0.109831
0.111910
0.110556
0.116039
0.111901
0.113506
0.113276
0.115124
0.112128
0.108398
0.108964
0.110468
0.104910
0.116704
0.112108
0.115832
0.120702
0.118561
0.122362
0.118735
0.118057
0.118291
0.115781
0.117713
0.115330
0.121997
0.122209
0.121620
0.122814
0.119815
0.120812
0.121567
0.120368
0.119474
0.123369
0.116880
0.119923
0.123541
0.118252
0.118007
0.117751
0.117155
0.115895
0.119725
0.116732
0.113322
0.115188
0.111417
0.108702
0.114157
0.115162
0.111812
0.115725
0.114398
0.120457
0.116757
0.112531
0.122129
0.121164
0.119351
0.119534
0.122311
0.116757
0.118976
0.120431
0.117014
0.115435
0.120813
0.122811
0.124755
0.124974
0.124770
0.122327
0.125946
0.127280
0.129341
0.124567
0.119308
0.121995
0.118385
0.123834
0.121748
0.115501
0.113433
0.116573
0.119342
0.121295
0.118704
0.118597
0.117055
0.121645
0.118850
0.115005
0.115660
0.118791
0.116822
0.121782
0.124485
0.117244
0.117204
0.121709
0.115007
0.120395
0.122088
0.119014
0.116006
0.124047
0.120564
0.128491
0.127129
0.120307
0.122255
0.126036
0.120901
0.118950
0.119526
0.122638
0.122455
0.121285
0.125282
0.123222
0.114270
0.116593
0.122279
0.117699
0.125322
0.114841
0.113937
0.113926
0.119940
0.118694
0.115870
0.116361
0.116538
0.117544
0.118540
0.120384
0.119486
0.114510
0.111269
0.114687
0.108620
0.112897
0.114024
0.115877
0.114855
0.118861
0.118189
0.119114
0.117836
0.119866
0.111557
0.114872
0.110782
0.111096
0.111650
0.107395
0.116654
0.115055
0.111270
0.116609
0.124901
0.118260
0.124038
0.117575
0.120393
0.121028
0.122428
0.120828
0.118660
0.117018
0.119086
0.121228
0.125474
0.124999
0.118449
0.119679
0.119885
0.120733
0.117023
0.120617
0.119224
0.119288
0.116618
0.118298
0.118097
0.120396
0.120119
0.119011
0.123224
0.119632
0.121735
0.119997
0.119168
0.124521
0.123915
0.122179
0.119741
0.128594
0.124553
0.122747
0.127537
0.125066
0.126134
0.125823
0.129599
0.132800
0.122631
0.128276
0.132465
0.125108
0.125138
0.128351
0.128945
0.132150
0.125514
0.130878
0.128569
0.133939
0.127289
0.121801
0.129735
0.124734
0.128536
0.124714
0.123932
0.125255
0.130277
0.129066
0.132796
0.129175
0.130679
0.129998
0.129773
0.129047
0.130712
0.127972
0.134432
0.130843
0.121967
0.121106
0.120851
0.112072
0.115499
0.111825
0.115027
0.111647
0.118523
0.117836
0.117134
0.115576
0.115182
0.114825
0.120365
0.116344
0.117767
0.118577
0.125597
0.117360
0.127081
0.125515
0.127110
0.127997
0.125245
0.125014
0.129745
0.122097
0.121508
0.119452
0.122943
0.121557
0.121854
0.122119
0.128961
0.124568
0.121831
0.121307
0.121986
0.124604
0.121932
0.124615
0.121934
0.116707
0.117707
0.121762
0.121703
0.121797
0.122233
0.120904
0.121705
0.117638
0.121599
0.124196
0.123562
0.125227
0.117498
0.123077
0.127001
0.124816
0.116441
0.112213
0.111929
0.117102
0.115019
0.116542
0.114645
0.112033
0.117417
0.119015
0.120548
0.118769
0.111126
0.114572
0.113229
0.113340
0.112631
0.112687
0.115700
0.115412
0.109596
0.108434
0.105519
0.110243
0.111651
0.118245
0.110691
0.114451
0.115798
0.117221
0.116592
0.116714
0.118812
0.113631
0.115542
0.115152
0.112252
0.111574
0.112051
0.114820
0.111843
0.114064
0.116473
0.117520
0.123025
0.123059
0.127976
0.126960
0.126163
0.123491
0.119990
0.124162
0.123120
0.131483
0.122522
0.125596
0.125591
0.128213
0.126082
0.129676
0.127847
0.124861
0.119503
0.119414
0.122678
0.121374
0.120715
0.120232
0.117178
0.124987
0.122899
0.122604
0.117837
0.128302
0.119218
0.122547
0.128596
0.123086
0.121715
0.122793
0.121336
0.112327
0.117204
0.118275
0.119150
0.116190
0.119505
0.115222
0.120285
0.121336
0.124841
0.116548
0.120363
0.122256
0.119823
0.118609
0.116751
0.118187
0.117299
0.117005
0.127310
0.126286
0.124040
0.121638
0.121291
0.124206
0.120515
0.124744
0.126913
0.126639
0.122597
0.124149
0.120058
0.117040
0.124874
0.127215
0.122388
0.123024
0.123810
0.120589
0.123692
0.122756
0.127858
0.121715
0.122260
0.120903
0.122466
0.116755
0.124775
0.126710
0.117877
0.118978
0.123196
0.118931
0.118634
0.119392
0.116742
0.116108
0.114583
0.120569
0.117791
0.115547
0.125111
0.117280
0.112615
0.119425
0.121210
0.129231
0.121910
0.121004
0.123654
0.119280
0.120639
0.118772
0.126073
0.122805
0.122972
0.125721
0.129546
0.122147
0.121655
0.122821
0.123748
0.123072
0.123540
0.125937
0.128975
0.131920
0.128112
0.125563
0.131153
0.133671
0.125559
0.129819
0.128229
0.126291
0.129036
0.123332
0.125902
0.124052
0.126674
0.127114
0.130083
0.124833
0.124129
0.118395
0.123016
0.121107
0.125782
0.119913
0.123921
0.124188
0.122583
0.119874
0.121859
0.122282
0.123986
0.126350
0.121656
0.119696
0.123150
0.119334
0.117690
0.121419
0.122012
0.122714
0.120391
0.119406
0.122722
0.123089
0.121865
0.123553
0.123207
0.125451
0.131459
0.123842
0.128381
0.123844
0.127876
0.128373
0.127002
0.124381
0.120671
0.123106
0.120354
0.116134
0.119928
0.116260
0.123740
0.118822
0.115007
0.117034
0.120270
0.114236
0.116576
0.111360
0.113209
0.115623
0.120127
0.116710
0.112021
0.115163
0.122125
0.122724
0.119889
0.118062
0.121908
0.116100
0.120245
0.123247
0.121484
0.121227
0.125119
0.125825
0.126804
0.125840
0.119779
0.125202
0.123989
0.124239
0.128302
0.125429
0.120737
0.123422
0.123018
0.120660
0.114458
0.116520
0.116181
0.126957
0.119175
0.123667
0.121966
0.125789
0.119388
0.121564
0.119197
0.117788
0.114204
0.117500
0.116565
0.114672
0.119189
0.120351
0.122309
0.116425
0.122868
0.121250
0.119546
0.122893
0.118866
0.125089
0.123543
0.122031
0.122209
0.123924
0.122188
0.119116
0.123310
0.133571
0.125076
0.117360
0.117811
0.120364
0.118302
0.119252
0.117259
0.121599
0.121086
0.123593
0.125986
0.125926
0.124570
0.123832
0.118096
0.127615
0.121410
0.117137
0.117659
0.117782
0.114933
0.118353
0.113481
0.124476
0.119680
0.120998
0.126212
0.123367
0.120156
0.125331
0.124346
0.126322
0.121770
0.124882
0.125397
0.123252
0.122064
0.125802
0.125466
0.126469
0.121276
0.124374
0.120358
0.126647
0.125912
0.127261
0.122895
0.124914
0.117626
0.118019
0.122896
0.127013
0.122515
0.123694
0.120243
0.124039
0.118671
0.118905
0.115827
0.119386
0.116490
0.120999
0.115763
0.111563
0.110728
0.107379
0.109043
0.108705
0.113431
0.108240
0.111841
0.109330
0.106436
0.105627
0.110721
0.110914
0.108424
0.106969
0.104383
0.108218
0.110208
0.106429
0.108708
0.109984
0.108681
0.100133
0.107716
0.113349
0.112490
0.109636
0.110469
0.112311
0.108765
0.107808
0.109419
0.106097
0.110969
0.105609
0.108565
0.107720
0.111448
0.116757
0.113083
0.114243
0.114131
0.118118
0.118988
0.120646
0.112669
0.112177
0.103919
0.116784
0.122434
0.114395
0.116987
0.118423
0.113006
0.117843
0.119878
0.119773
0.115234
0.112893
0.113075
0.119802
0.115700
0.114250
0.116554
0.118484
0.113392
0.115208
0.114610
0.113574
0.115592
0.118018
0.120568
0.118817
0.117636
0.117800
0.119049
0.116278
0.116819
0.111828
0.109772
0.117515
0.117877
0.117664
0.123942
0.119562
0.120063
0.122962
0.120475
0.124183
0.118292
0.121906
0.118690
0.117123
0.122836
0.119098
0.124774
0.123525
0.126688
0.122727
0.127076
0.119972
0.118641
0.126658
0.125556
0.120475
0.120478
0.130885
0.123032
0.125201
0.117685
0.119986
0.122481
0.116552
0.116107
0.116053
0.120479
0.120956
0.116484
0.118759
0.114598
0.124827
0.119652
0.119937
0.120084
0.124329
0.121293
0.119112
0.122261
0.117750
0.117366
0.113877
0.119240
0.117653
0.120697
0.118818
0.130612
0.120306
0.124343
0.127078
0.123387
0.121087
0.119829
0.120635
0.117518
0.114708
0.123932
0.116242
0.115014
0.121475
0.123940
0.117319
0.124632
0.122282
0.116726
0.121282
0.124185
0.120086
0.123769
0.123196
0.125639
0.130705
0.129519
0.126098
0.127755
0.127357
0.124471
0.124139
0.127055
0.126118
0.124859
0.129917
0.131910
0.125022
0.130179
0.124917
0.118629
0.125290
0.128724
0.123132
0.125916
0.122633
0.116044
0.121151
0.128006
0.123138
0.122124
0.122550
0.120978
0.112595
0.116968
0.116859
0.114196
0.114478
0.112815
0.112459
0.112776
0.114365
0.114343
0.114571
0.120028
0.123086
0.120107
0.115856
0.119956
0.112224
0.115857
0.120209
0.117713
0.121124
0.125868
0.128653
0.126459
0.122303
0.129063
0.126074
0.129052
0.130120
0.130570
0.130199
0.124611
0.132137
0.125341
0.122549
0.118772
0.122944
0.120118
0.130721
0.123180
0.122583
0.117588
0.119709
0.115020
0.115572
0.116624
0.115436
0.116416
0.115240
0.117017
0.118845
0.116559
0.119096
0.117673
0.114100
0.123557
0.120388
0.117352
0.120502
0.117851
0.116992
0.116213
0.119033
0.123214
0.124062
0.122062
0.115179
0.116052
0.119677
0.115043
0.122522
0.122904
0.123074
0.122632
0.124554
0.120989
0.122138
0.111963
0.116505
0.122420
0.123707
0.124214
0.123441
0.128511
0.123958
0.121601
0.123105
0.117907
0.111893
0.121820
0.127092
0.122687
0.124828
0.125735
0.119672
0.120780
0.114628
0.117932
0.111222
0.115858
0.113744
0.115867
0.113917
0.114895
0.115819
0.112397
0.114108
0.116514
0.122243
0.115458
0.108492
0.107973
0.111069
0.112376
0.103288
0.105993
0.107528
0.103576
0.104624
0.108439
0.105245
0.108070
0.105904
0.105973
0.113265
0.107424
0.107162
0.111456
0.109729
0.109856
0.115204
0.112036
0.115884
0.112030
0.114463
0.112089
0.104336
0.111560
0.114761
0.111407
0.113682
0.116807
0.113467
0.114409
0.115851
0.107656
0.105932
0.110154
0.109711
0.114258
0.111324
0.107067
0.112228
0.109414
0.113146
0.112851
0.121036
0.116000
0.120148
0.115784
0.118508
0.116802
0.123751
0.116958
0.120787
0.122510
0.121312
0.121185
0.115411
0.118372
0.111767
0.116218
0.110763
0.115997
0.113805
0.112823
0.116803
0.113683
0.115098
0.115337
0.122590
0.120148
0.111002
0.115128
0.117020
0.115287
0.113508
0.112541
0.112718
0.112875
0.106544
0.108905
0.105183
0.103816
0.103532
0.104254
0.111247
0.104773
0.102829
0.102730
0.107593
0.111961
0.110593
0.107907
0.110229
0.113821
0.114688
0.113358
0.111740
0.114139
0.115357
0.114879
0.117826
0.111703
0.114192
0.112472
0.110932
0.111840
0.117572
0.117109
0.119383
0.125660
0.117019
0.121832
0.119480
0.116339
0.119103
0.118818
0.119114
0.120985
0.122464
0.127029
0.123183
0.122958
0.122273
0.128699
0.127742
0.123886
0.115833
0.120277
0.116090
0.125176
0.114477
0.117261
0.117707
0.117642
0.118418
0.114233
0.112152
0.113760
0.113756
0.116203
0.112450
0.112190
0.115117
0.112422
0.117211
0.114588
0.113558
0.112851
0.119426
0.121512
0.110210
0.113528
0.115444
0.117503
0.114264
0.112581
0.118359
0.119993
0.116604
0.113578
0.118953
0.113557
0.110158
0.114621
0.114641
0.114849
0.119392
0.117834
0.118602
0.114931
0.109912
0.111276
0.117617
0.120552
0.114248
0.116123
0.112087
0.115971
0.116231
0.118840
0.118859
0.119289
0.117196
0.116138
0.114619
0.118554
0.113122
0.111878
0.114038
0.110541
0.108976
0.121728
0.117374
0.117971
0.108276
0.111881
0.117461
0.117425
0.118975
0.116847
0.115500
0.113100
0.113490
0.114485
0.109892
0.108026
0.110844
0.111538
0.111484
0.112281
0.112048
0.112135
0.109629
0.109998
0.108241
0.114643
0.104946
0.108962
0.109216
0.107954
0.108994
0.108090
0.108174
0.109665
0.112824
0.117408
0.110914
0.113436
0.113615
0.118953
0.112172
0.113104
0.111643
0.112960
0.109116
0.108847
0.111222
0.111192
0.115735
0.111481
0.113582
0.116035
0.117923
0.115768
0.112269
0.113639
0.109680
0.108156
0.112131
0.113429
0.111843
0.109084
0.103460
0.114201
0.115041
0.113614
0.117550
0.111292
0.121418
0.122264
0.118093
0.123386
0.125472
0.120311
0.124283
0.121777
0.116804
0.116427
0.117863
0.120472
0.115031
0.114008
0.120529
0.120478
0.120580
0.122089
0.120754
0.124646
0.119533
0.126191
0.120953
0.118119
0.120110
0.118087
0.118198
0.118320
0.117541
0.112891
0.114490
0.114761
0.112163
0.110459
0.109764
0.116018
0.111716
0.113502
0.111575
0.109897
0.110064
0.111775
0.108306
0.110218
0.112074
0.111600
0.106945
0.104658
0.105301
0.107703
0.111574
0.115084
0.112026
0.112453
0.110364
0.111449
0.114160
0.107999
0.112597
0.115182
0.111713
0.110532
0.111025
0.108590
0.108012
0.110627
0.112720
0.112156
0.110084
0.115566
0.112250
0.115024
0.110472
0.114515
0.116603
0.116215
0.119623
0.118442
0.114733
0.118180
0.122886
0.121618
0.114904
0.119038
0.114767
0.115870
0.114470
0.112980
0.119333
0.113257
0.115564
0.113260
0.115617
0.119884
0.116534
0.110878
0.119201
0.122502
0.117843
0.116561
0.114509
0.122751
0.116404
0.119134
0.117594
0.117261
0.121013
0.116338
0.120846
0.120290
0.123471
0.120178
0.118827
0.120403
0.118780
0.116726
0.115517
0.114453
0.113082
0.115715
0.107079
0.114154
0.114776
0.109810
0.113986
0.114451
0.104121
0.110402
0.110780
0.120834
0.110435
0.118148
0.111815
0.116643
0.115400
0.115947
0.116589
0.114123
0.113273
0.111689
0.113973
0.110249
0.113374
0.114295
0.109971
0.116551
0.112044
0.114792
0.117344
0.117518
0.114578
0.127579
0.118427
0.115073
0.122400
0.116407
0.115920
0.118210
0.119040
0.120075
0.114459
0.115288
0.121871
0.113509
0.118473
0.111634
0.117162
0.109359
0.109467
0.111525
0.114107
0.115523
0.116585
0.115170
0.112932
0.112486
0.110056
0.120416
0.116149
0.111726
0.113447
0.115473
0.117182
0.117910
0.114941
0.119317
0.117751
0.117267
0.118498
0.115777
0.114865
0.110478
0.114880
0.108149
0.106338
0.107344
0.108522
0.107970
0.118423
0.113455
0.114813
0.111284
0.112828
0.111457
0.112814
0.108248
0.115058
0.112201
0.117418
0.112763
0.118780
0.113663
0.114242
0.114160
0.115351
0.114143
0.113684
0.114458
0.112652
0.116131
0.113960
0.113784
0.110286
0.117705
0.115601
0.117693
0.114557
0.125266
0.117277
0.112383
0.115238
0.120915
0.116868
0.110350
0.113894
0.120091
0.115266
0.120443
0.115570
0.117255
0.125119
0.115320
0.115095
0.117466
0.127649
0.119536
0.122847
0.119499
0.120901
0.123702
0.125084
0.117518
0.123290
0.125229
0.121825
0.121174
0.118124
0.118518
0.119474
0.119192
0.117054
0.118936
0.112068
0.116249
0.117387
0.116089
0.118277
0.117667
0.115351
0.113648
0.118551
0.111074
0.112741
0.110364
0.116990
0.113711
0.111381
0.114199
0.117767
0.113611
0.110945
0.114290
0.112115
0.115059
0.111418
0.115987
0.108618
0.111065
0.115177
0.117039
0.112091
0.115350
0.109425
0.115958
0.117562
0.115392
0.117231
0.112829
0.111053
0.114730
0.119461
0.118065
0.112319
0.108848
0.112034
0.112306
0.106467
0.111651
0.109234
0.109930
0.116108
0.115313
0.112450
0.114220
0.116895
0.115408
0.113076
0.111480
0.111731
0.119074
0.112429
0.114365
0.114592
0.113833
0.113245
0.119118
0.114669
0.117354
0.123769
0.120783
0.125674
0.123167
0.125024
0.123516
0.128642
0.121340
0.127179
0.127344
0.127890
0.128942
0.126835
0.119178
0.113551
0.116293
0.120173
0.114007
0.113557
0.117316
0.118240
0.117846
0.118806
0.120702
0.113702
0.121071
0.124131
0.117997
0.117969
0.118300
0.124841
0.121480
0.127641
0.123428
0.122469
0.119990
0.118163
0.118273
0.126639
0.119171
0.129421
0.122852
0.124365
0.127561
0.124603
0.123194
0.125945
0.128645
0.124364
0.128219
0.130737
0.132820
0.126711
0.133563
0.122617
0.126854
0.125416
0.129951
0.123911
0.125405
0.129801
0.132163
0.127596
0.126034
0.128456
0.122034
0.125921
0.128466
0.122355
0.124020
0.125671
0.125177
0.122559
0.129638
0.127245
0.127441
0.125614
0.120481
0.123244
0.121792
0.130569
0.124510
0.126461
0.121178
0.125989
0.122872
0.124926
0.126010
0.118152
0.119778
0.122810
0.127481
0.117563
0.119046
0.120390
0.112224
0.110358
0.117295
0.114140
0.115243
0.113283
0.107861
0.111498
0.118743
0.118531
0.115622
0.113144
0.111151
0.119942
0.118324
0.114555
0.114558
0.112479
0.113570
0.112339
0.112033
0.116371
0.123096
0.121529
0.120245
0.115226
0.119507
0.118729
0.119245
0.120542
0.115281
0.117843
0.118209
0.122514
0.123631
0.117018
0.121303
0.123761
0.120755
0.117255
0.121518
0.125323
0.118553
0.120518
0.114869
0.116499
0.118479
0.122498
0.120128
0.119801
0.119910
0.125370
0.115517
0.124001
0.121176
0.118063
0.114690
0.112180
0.115605
0.125100
0.121649
0.114174
0.115289
0.119648
0.115273
0.113905
0.114187
0.111574
0.109390
0.105475
0.110941
0.110604
0.110414
0.116462
0.114498
0.113599
0.107076
0.119358
0.116571
0.113358
0.111718
0.108973
0.122208
0.116333
0.122454
0.123597
0.118022
0.121667
0.119937
0.120867
0.121156
0.117842
0.118424
0.121554
0.116662
0.120107
0.115344
0.117451
0.112661
0.115057
0.114518
0.114298
0.109202
0.117695
0.110217
0.115018
0.109179
0.113725
0.115570
0.113817
0.115685
0.117854
0.110869
0.119687
0.114540
0.118600
0.116362
0.116439
0.121033
0.109848
0.114745
0.112643
0.114115
0.115363
0.115257
0.114715
0.116109
0.116364
0.118667
0.118017
0.118501
0.117423
0.113050
0.124324
0.121506
0.119936
0.114710
0.117080
0.121078
0.120034
0.119710
0.117888
0.125321
0.115141
0.113396
0.118321
0.114091
0.112669
0.115058
0.120635
0.117089
0.112222
0.113853
0.112017
0.110703
0.113402
0.114808
0.116489
0.119236
0.112685
0.113387
0.120252
0.123184
0.122263
0.124307
0.125518
0.125282
0.121668
0.121515
0.123333
0.116095
0.116871
0.114590
0.110033
0.112222
0.113304
0.115051
0.117051
0.111916
0.119392
0.118168
0.115828
0.119791
0.123195
0.118237
0.113759
0.116349
0.121573
0.124372
0.115878
0.120053
0.119322
0.120680
0.117880
0.114866
0.123009
0.118812
0.114996
0.119133
0.115847
0.121447
0.121901
0.119637
0.118310
0.118330
0.115929
0.115777
0.118136
0.118545
0.118737
0.113270
0.119057
0.115131
0.116753
0.118644
0.116751
0.117238
0.114058
0.122718
0.119261
0.120490
0.125277
0.127331
0.120962
0.120060
0.119936
0.127928
0.120272
0.117502
0.119863
0.117008
0.119289
0.114602
0.117058
0.114688
0.120022
0.113777
0.121238
0.121331
0.118407
0.115782
0.117989
0.112783
0.114583
0.113663
0.114438
0.117889
0.114065
0.114016
0.114103
0.109310
0.112077
0.111077
0.116674
0.114584
0.113970
0.115148
0.111037
0.113575
0.118857
0.117909
0.112974
0.111935
0.112746
0.120294
0.116228
0.113368
0.115512
0.124455
0.119367
0.119495
0.116567
0.116855
0.119226
0.118844
0.108862
0.110976
0.112862
0.109628
0.113307
0.105560
0.113310
0.111334
0.116145
0.120394
0.120079
0.119474
0.115600
0.115519
0.120594
0.121606
0.123150
0.114892
0.117110
0.131165
0.124107
0.122878
0.121476
0.118360
0.118578
0.117770
0.112788
0.119769
0.123128
0.117391
0.115786
0.118846
0.112192
0.114159
0.113226
0.116863
0.116425
0.116221
0.115257
0.111707
0.114262
0.112799
0.115990
0.122095
0.118408
0.120186
0.116192
0.116872
0.108425
0.109240
0.114006
0.114157
0.110481
0.111730
0.117414
0.119511
0.111054
0.115257
0.110226
0.114182
0.110177
0.118746
0.109000
0.117233
0.117880
0.119461
0.117299
0.119534
0.115718
0.114078
0.115217
0.113701
0.117179
0.122420
0.124972
0.118485
0.117325
0.118514
0.120980
0.120226
0.123738
0.122770
0.126791
0.122104
0.119804
0.114175
0.116725
0.114361
0.113521
0.113240
0.122353
0.119763
0.117179
0.119145
0.114567
0.120476
0.117987
0.125145
0.117642
0.118847
0.120187
0.118108
0.124855
0.119617
0.121164
0.116500
0.116272
0.118271
0.120647
0.121470
0.121809
0.124604
0.125666
0.117041
0.118736
0.122658
0.118576
0.115612
0.112005
0.115073
0.113447
0.112191
0.107816
0.109697
0.105200
0.101955
0.106217
0.102236
0.103903
0.099947
0.104642
0.104747
0.108455
0.107159
0.109917
0.109354
0.112012
0.106592
0.108592
0.111375
0.106685
0.105406
0.112290
0.109360
0.115432
0.112555
0.120648
0.120751
0.115979
0.118841
0.110480
0.113105
0.106028
0.109213
0.115624
0.107085
0.107425
0.111628
0.104819
0.105157
0.117051
0.114408
0.117711
0.113723
0.111547
0.115626
0.117157
0.111010
0.110654
0.111515
0.106468
0.109751
0.111038
0.117132
0.114471
0.118929
0.114312
0.114190
0.111784
0.111017
0.110517
0.112490
0.110312
0.113776
0.106857
0.110297
0.109048
0.109866
0.110999
0.118744
0.112450
0.112527
0.114378
0.113699
0.118074
0.113627
0.123272
0.125601
0.117484
0.122558
0.114737
0.115870
0.114601
0.112740
0.108552
0.104790
0.111653
0.114241
0.109145
0.107270
0.106527
0.110803
0.108582
0.110706
0.108381
0.113356
0.109210
0.112218
0.110883
0.114915
0.110408
0.110799
0.110258
0.114311
0.111245
0.115253
0.114307
0.112189
0.120011
0.120450
0.115763
0.117063
0.115861
0.113784
0.117283
0.121041
0.121510
0.116714
0.120083
0.124354
0.122008
0.124866
0.130860
0.129106
0.125364
0.125581
0.125974
0.133798
0.134963
0.133050
0.125658
0.128117
0.129081
0.129507
0.129879
0.123927
0.121705
0.126162
0.127377
0.128863
0.132882
0.129948
0.126393
0.129824
0.131629
0.134867
0.128788
0.127415
0.128793
0.135293
0.136990
0.127112
0.131756
0.122032
0.121998
0.124180
0.125074
0.126493
0.125140
0.122950
0.123831
0.125152
0.123126
0.121843
0.126194
0.123170
0.121620
0.125585
0.125257
0.125972
0.126212
0.130806
0.120250
0.128052
0.125479
0.120922
0.119596
0.126679
0.130112
0.125416
0.127174
0.126278
0.124165
0.123231
0.131466
0.122295
0.123797
0.124547
0.123588
0.127708
0.118482
0.120911
0.116957
0.116223
0.127731
0.117521
0.123614
0.123493
0.125567
0.125800
0.129166
0.122804
0.124559
0.127065
0.125932
0.127096
0.126777
0.123030
0.126576
0.127011
0.128944
0.136784
0.131177
0.134263
0.128290
0.127271
0.129990
0.131799
0.134175
0.136311
0.132500
0.136446
0.132678
0.131534
0.126689
0.125341
0.135189
0.127607
0.126531
0.126487
0.128088
0.122467
0.123982
0.124076
0.128909
0.129541
0.128354
0.128686
0.125403
0.131458
0.131395
0.133251
0.125207
0.130816
0.139122
0.127916
0.125339
0.118810
0.119237
0.126172
0.124630
0.129108
0.123806
0.125871
0.125306
0.123431
0.128643
0.123970
0.128377
0.128277
0.128174
0.130413
0.124826
0.127243
0.127622
0.122714
0.123035
0.125378
0.123843
0.115228
0.120666
0.116215
0.113564
0.115545
0.117332
0.117092
0.121266
0.124393
0.119672
0.118850
0.115234
0.116161
0.116822
0.115303
0.114452
0.117002
0.107763
0.117388
0.110478
0.114802
0.114441
0.108781
0.109284
0.111369
0.110946
0.115722
0.115675
0.113804
0.114770
0.114779
0.118164
0.109905
0.113041
0.108914
0.109145
0.110264
0.116946
0.110313
0.110771
0.107284
0.111463
0.109680
0.109401
0.112684
0.110970
0.115014
0.111437
0.109642
0.109160
0.109160
0.109827
0.112022
0.115574
0.117988
0.114034
0.118265
0.116264
0.116434
0.114789
0.112542
0.111708
0.112746
0.106419
0.111916
0.113520
0.117007
0.116021
0.108595
0.113412
0.112857
0.114179
0.116019
0.116429
0.117789
0.113657
0.116250
0.119946
0.118412
0.120380
0.117371
0.116623
0.124071
0.120096
0.119738
0.123426
0.116863
0.117581
0.118981
0.120283
0.118812
0.120590
0.120782
0.120619
0.122651
0.121439
0.124375
0.126739
0.121387
0.119816
0.124510
0.122716
0.117618
0.119686
0.127466
0.120239
0.126689
0.124758
0.128493
0.128936
0.125579
0.127703
0.130623
0.124765
0.126308
0.121646
0.128075
0.135083
0.131660
0.131903
0.128037
0.130918
0.128599
0.124530
0.127815
0.133579
0.132363
0.131649
0.132844
0.125459
0.121429
0.121827
0.124859
0.127309
0.128327
0.125039
0.127481
0.130894
0.133162
0.133338
0.134933
0.136766
0.129861
0.129419
0.130628
0.125797
0.132148
0.131314
0.128162
0.131365
0.127918
0.128600
0.128307
0.129793
0.131602
0.129071
0.121979
0.124598
0.125552
0.125487
0.125280
0.124246
0.121201
0.122773
0.116302
0.122060
0.122266
0.123123
0.124372
0.123924
0.128914
0.123026
0.125459
0.128847
0.128519
0.124713
0.121552
0.117244
0.118413
0.119015
0.124043
0.119837
0.124156
0.122948
0.133337
0.128544
0.126115
0.125374
0.125632
0.119903
0.119473
0.121739
0.119984
0.117711
0.121986
0.115513
0.116011
0.117489
0.119535
0.113911
0.111814
0.121421
0.118649
0.116742
0.115444
0.114156
0.111101
0.120474
0.121540
0.117910
0.118473
0.114985
0.119308
0.123020
0.114169
0.112975
0.113794
0.112101
0.114462
0.112469
0.121068
0.116844
0.116823
0.118793
0.113665
0.118924
0.118929
0.118275
0.115779
0.116366
0.121339
0.116941
0.115414
0.119505
0.116483
0.122329
0.116533
0.120066
0.120440
0.117855
0.121007
0.122259
0.124979
0.125012
0.126157
0.127458
0.122194
0.124414
0.123645
0.122658
0.119529
0.116188
0.120826
0.122652
0.128209
0.128094
0.125287
0.125096
0.120680
0.116858
0.126595
0.122530
0.124517
0.124664
0.122966
0.126873
0.123546
0.122216
0.122352
0.117122
0.122919
0.119195
0.119727
0.122678
0.120286
0.122838
0.125224
0.124576
0.122581
0.126074
0.125933
0.127013
0.125744
0.127211
0.134266
0.130440
0.125954
0.124477
0.123975
0.125968
0.123400
0.126384
0.128596
0.129179
0.124182
0.129201
0.125217
0.117489
0.123242
0.118119
0.120283
0.119262
0.117322
0.126517
0.121440
0.123448
0.122757
0.119467
0.119288
0.115761
0.122052
0.128066
0.118605
0.118009
0.127825
0.119605
0.119463
0.126753
0.123322
0.120656
0.118838
0.116842
0.115592
0.119638
0.122623
0.117985
0.120309
0.120416
0.117649
0.117794
0.121182
0.117637
0.112293
0.114851
0.114098
0.112640
0.111071
0.109606
0.111066
0.111352
0.112684
0.112564
0.115294
0.110984
0.111936
0.115314
0.118148
0.115676
0.119370
0.119585
0.120803
0.123435
0.124243
0.122853
0.122436
0.129798
0.122682
0.118442
0.116599
0.118770
0.112828
0.115326
0.111678
0.111507
0.114390
0.113463
0.112815
0.111744
0.108111
0.106944
0.110422
0.110992
0.113156
0.116936
0.116947
0.120253
0.114075
0.115555
0.111273
0.112287
0.115415
0.115489
0.110858
0.107934
0.106663
0.107761
0.113654
0.113331
0.112194
0.107715
0.111925
0.121370
0.117610
0.114552
0.117026
0.120239
0.115126
0.117314
0.124186
0.121252
0.121594
0.120102
0.118138
0.118497
0.122830
0.118316
0.115957
0.114000
0.120647
0.115852
0.122087
0.115338
0.118689
0.123207
0.119243
0.120604
0.123053
0.119341
0.120192
0.119884
0.119517
0.120606
0.119943
0.119350
0.117454
0.123923
0.127347
0.123747
0.119322
0.119942
0.118298
0.123924
0.122709
0.117474
0.119588
0.117080
0.120818
0.126520
0.123449
0.121995
0.116879
0.117804
0.123506
0.129299
0.117265
0.120700
0.128086
0.121486
0.119580
0.121721
0.120168
0.122549
0.123217
0.122678
0.124478
0.125335
0.122483
0.118349
0.120917
0.119547
0.121570
0.128182
0.127838
0.126530
0.125079
0.129650
0.124332
0.123066
0.126105
0.119948
0.123060
0.118943
0.114136
0.116175
0.115163
0.114326
0.113974
0.113976
0.111199
0.107840
0.107453
0.115058
0.117326
0.121816
0.124240
0.117406
0.115893
0.111107
0.117194
0.114439
0.110704
0.117930
0.116880
0.114643
0.117503
0.114597
0.115907
0.116468
0.119061
0.111951
0.116959
0.115719
0.120001
0.112718
0.115775
0.110561
0.108685
0.123308
0.116914
0.114114
0.112822
0.112803
0.115693
0.116990
0.117689
0.112861
0.117374
0.114624
0.112000
0.114438
0.115196
0.113384
0.118445
0.123029
0.116044
0.112037
0.115362
0.115302
0.110686
0.114693
0.112554
0.112720
0.115460
0.108805
0.108885
0.115223
0.111833
0.109394
0.111819
0.111077
0.116156
0.112657
0.111639
0.111956
0.114162
0.116763
0.120441
0.118506
0.113120
0.115384
0.113590
0.112354
0.109180
0.107016
0.106623
0.110644
0.111675
0.111350
0.110600
0.112597
0.113178
0.114729
0.112187
0.110199
0.113691
0.113909
0.114908
0.112207
0.111176
0.113249
0.111862
0.123128
0.124494
0.116324
0.123485
0.116409
0.123381
0.119393
0.118788
0.117427
0.118221
0.119267
0.114083
0.116118
0.113338
0.112085
0.111632
0.110071
0.110406
0.109712
0.105869
0.111354
0.107573
0.106769
0.108949
0.108941
0.106527
0.110551
0.113836
0.112674
0.112447
0.113194
0.111542
0.109531
0.110740
0.115213
0.112805
0.114952
0.114830
0.114610
0.118881
0.117423
0.116489
0.112133
0.111993
0.111925
0.110836
0.108217
0.113570
0.112935
0.113930
0.111772
0.112165
0.110843
0.109759
0.105289
0.111644
0.112679
0.109892
0.111289
