1.000000
0.993010
0.980449
0.962002
0.964683
0.965739
0.959444
0.954695
0.932346
0.940983
0.934393
0.919750
0.900185
0.890547
0.877929
0.887684
0.873667
0.876833
0.856521
0.858606
0.862974
0.850810
0.850722
0.835318
0.817328
0.842486
0.813479
0.807822
0.820753
0.807043
0.797091
0.792555
0.788858
0.764688
0.755629
0.757473
0.749696
0.753791
0.745485
0.739024
0.725319
0.724907
0.721364
0.697998
0.704196
0.698488
0.703750
0.685748
0.687454
0.675447
0.678567
0.677942
0.677136
0.654964
0.653990
0.647427
0.650246
0.643367
0.637449
0.637616
0.638593
0.613711
0.622543
0.604780
0.604077
0.601420
0.590747
0.588878
0.584176
0.574228
0.568848
0.569381
0.584051
0.572104
0.572087
0.573672
0.570076
0.576460
0.560836
0.577442
0.569731
0.554928
0.550280
0.544885
0.537542
0.543549
0.544871
0.543014
0.546343
0.539433
0.541988
0.542288
0.542994
0.544124
0.540765
0.526089
0.520853
0.524665
0.521267
0.521356
0.520938
0.511663
0.502393
0.510981
0.494467
0.508200
0.487262
0.493154
0.488566
0.490839
0.488195
0.484367
0.487935
0.490970
0.483096
0.474543
0.476907
0.477464
0.471322
0.475138
0.473256
0.461317
0.459712
0.462284
0.461718
0.461715
0.455686
0.460956
0.451113
0.448171
0.460349
0.449525
0.448646
0.450556
0.437362
0.443385
0.431039
0.425546
0.426124
0.413966
0.419960
0.416199
0.403180
0.414249
0.411206
0.410596
0.410354
0.403184
0.404581
0.405071
0.406866
0.398628
0.393773
0.401723
0.407515
0.395285
0.381071
0.384344
0.382654
0.382136
0.380192
0.379558
0.377278
0.370907
0.372359
0.367958
0.373756
0.359902
0.361951
0.362131
0.359478
0.349756
0.346015
0.350661
0.352326
0.345514
0.341175
0.342508
0.340351
0.339995
0.333941
0.340118
0.331186
0.325224
0.325276
0.319426
0.314023
0.317829
0.308966
0.307916
0.300149
0.295230
0.300514
0.305274
0.297508
0.289408
0.281620
0.285413
0.283769
0.276796
0.269886
0.276479
0.275055
0.268831
0.265406
0.258454
0.245697
0.253333
0.249095
0.246527
0.252820
0.244886
0.247791
0.238850
0.235390
0.238766
0.232284
0.235812
0.231830
0.224543
0.223592
0.220928
0.215893
0.218664
0.214530
0.219692
0.209787
0.206968
0.212153
0.212680
0.199332
0.201782
0.189741
0.194575
0.189874
0.192578
0.184421
0.187854
0.183815
0.180831
0.182827
0.181831
0.183234
0.177428
0.170870
0.175908
0.173081
0.173973
0.167281
0.169533
0.170032
0.165949
0.165275
0.164064
0.164686
0.166134
0.160982
0.158658
0.160621
0.154237
0.155548
0.151651
0.150312
0.152037
0.145609
0.144589
0.142811
0.139104
0.138944
0.138135
0.136935
0.135122
0.132201
0.133878
0.134832
0.130451
0.132622
0.132966
0.128158
0.126206
0.126584
0.123812
0.125619
0.126724
0.126524
0.125666
0.124803
0.120273
0.119172
0.118922
0.118154
0.117735
0.118776
0.112751
0.113315
0.109995
0.113699
0.110189
0.109213
0.108763
0.105717
0.107926
0.107217
0.105143
0.108152
0.110913
0.110645
0.109351
0.107999
0.108915
0.108841
0.108040
0.107292
0.110970
0.106998
0.108260
0.106193
0.111293
0.107493
0.105866
0.101227
0.103215
0.108661
0.106204
0.103464
0.103149
0.103002
0.101290
0.101920
0.102393
0.101070
0.100720
0.099810
0.101649
0.101301
0.098440
0.097928
0.096698
0.096706
0.097893
0.094431
0.095109
0.094609
0.094300
0.095825
0.094787
0.094746
0.093009
0.090218
0.093416
0.094530
0.091671
0.096612
0.092383
0.094785
0.094156
0.092358
0.092832
0.091361
0.092379
0.092467
0.090839
0.091339
0.091110
0.087970
0.088266
0.088823
0.089589
0.088551
0.088286
0.088109
0.086072
0.085750
0.084792
0.084480
0.085225
0.084567
0.085025
0.085577
0.084027
0.083260
0.084950
0.084686
0.085945
0.082257
0.082961
0.084457
0.084180
0.086238
0.082809
0.084096
0.084490
0.082963
0.081564
0.081596
0.080964
0.082934
0.081797
0.084259
0.084909
0.084107
0.084097
0.083178
0.084098
0.084783
0.084070
0.085751
0.083298
0.082547
0.082951
0.082862
0.083249
0.081907
0.083592
0.084652
0.079703
0.079683
0.078610
0.080320
0.081235
0.081023
0.080887
0.081278
0.080604
0.083617
0.080827
0.080157
0.080761
0.081626
0.079876
0.079841
0.079174
0.077656
0.075479
0.078270
0.078155
0.079097
0.079437
0.081388
0.079679
0.078413
0.076429
0.078354
0.077801
0.078974
0.078949
0.078795
0.078393
0.080874
0.081711
0.085941
0.082955
0.082187
0.081918
0.080927
0.080352
0.081247
0.081732
0.082107
0.083249
0.080972
0.081175
0.077430
0.082050
0.077674
0.079540
0.083889
0.079911
0.079015
0.078697
0.078463
0.074958
0.076163
0.074409
0.073593
0.073793
0.073147
0.075635
0.074414
0.072489
0.072601
0.075356
0.074435
0.073821
0.072548
0.071589
0.073018
0.072813
0.071678
0.072967
0.072248
0.070250
0.069871
0.071761
0.071294
0.070769
0.071201
0.073104
0.073088
0.070851
0.071549
0.072172
0.069626
0.069921
0.068986
0.069004
0.067565
0.068344
0.068277
0.064514
0.069282
0.068068
0.066467
0.067840
0.069523
0.068953
0.070820
0.068755
0.070831
0.070473
0.071623
0.070806
0.071580
0.074104
0.071207
0.072574
0.071740
0.070827
0.073611
0.073005
0.075228
0.072448
0.073890
0.074650
0.073929
0.072985
0.074654
0.071284
0.073936
0.071822
0.073905
0.072690
0.072604
0.070795
0.072616
0.074561
0.072804
0.072948
0.072985
0.072912
0.072654
0.072007
0.071995
0.074299
0.074289
0.078285
0.076311
0.072824
0.070747
0.073200
0.074098
0.069888
0.071238
0.074512
0.074358
0.073956
0.074948
0.074719
0.075759
0.072575
0.071140
0.072976
0.075351
0.074740
0.075011
0.074771
0.076245
0.074802
0.072431
0.071425
0.073033
0.073522
0.072889
0.073092
0.071769
0.070154
0.070195
0.072746
0.071914
0.071182
0.073407
0.074665
0.073357
0.072952
0.072352
0.073973
0.072736
0.074327
0.072450
0.069717
0.073884
0.075190
0.071727
0.070836
0.069239
0.070138
0.069496
0.068736
0.071734
0.068264
0.070532
0.073026
0.069624
0.071865
0.070722
0.072549
0.069346
0.070658
0.067811
0.068208
0.069746
0.067022
0.069455
0.069911
0.067943
0.066087
0.068382
0.071673
0.073946
0.073396
0.072486
0.072130
0.071402
0.070406
0.071029
0.070315
0.069033
0.067821
0.067269
0.068359
0.068388
0.072041
0.070001
0.068440
0.067812
0.065803
0.067167
0.063578
0.065162
0.067119
0.066646
0.063307
0.063973
0.063871
0.062784
0.061898
0.062016
0.062827
0.062941
0.061072
0.062531
0.061996
0.061717
0.060875
0.062215
0.063047
0.063653
0.061255
0.063361
0.062731
0.062235
0.063054
0.063836
0.062331
0.064707
0.066095
0.067014
0.070576
0.069257
0.067171
0.067470
0.066880
0.067359
0.068548
0.068525
0.069566
0.069366
0.067327
0.067493
0.065789
0.066565
0.068178
0.070186
0.071357
0.071352
0.067548
0.067895
0.068502
0.068801
0.070086
0.067249
0.067789
0.069826
0.070433
0.070379
0.068815
0.066296
0.068527
0.068306
0.068586
0.071117
0.069848
0.068437
0.068882
0.069252
0.068788
0.068270
0.073364
0.071400
0.071135
0.069374
0.068549
0.071557
0.069480
0.071766
0.071652
0.070773
0.073552
0.071151
0.071396
0.071012
0.072928
0.071169
0.069230
0.071631
0.071833
0.071789
0.070672
0.070736
0.071112
0.073382
0.070432
0.069504
0.070512
0.068051
0.068808
0.068345
0.068898
0.070368
0.070809
0.070614
0.072086
0.072432
0.069708
0.070869
0.068620
0.070632
0.069351
0.069418
0.071109
0.071520
0.071411
0.071311
0.071585
0.071257
0.071451
0.071439
0.072471
0.072350
0.071958
0.069983
0.068416
0.069079
0.067191
0.065603
0.068228
0.068140
0.069857
0.070119
0.070363
0.068834
0.066734
0.069079
0.070695
0.073151
0.071099
0.072384
0.070779
0.069583
0.071772
0.068550
0.068626
0.068779
0.070348
0.067538
0.068850
0.068137
0.066261
0.065975
0.068765
0.066001
0.066185
0.068867
0.065340
0.068278
0.065614
0.063333
0.065470
0.063553
0.063180
0.063312
0.064650
0.058376
0.065624
0.061578
0.059097
0.059897
0.059718
0.059065
0.061596
0.060607
0.063290
0.061022
0.060913
0.062259
0.060526
0.058528
0.062350
0.063115
0.060481
0.061730
0.061114
0.062442
0.062425
0.063244
0.060073
0.058932
0.059474
0.061261
0.063390
0.061009
0.062926
0.061267
0.061999
0.065069
0.062023
0.063288
0.061406
0.061112
0.060354
0.059805
0.060005
0.059927
0.060018
0.058682
0.059657
0.058524
0.059766
0.058418
0.058657
0.059300
0.059006
0.058411
0.059101
0.058026
0.057886
0.057314
0.056492
0.058611
0.057745
0.058205
0.057360
0.058370
0.058988
0.056556
0.057952
0.057141
0.055949
0.056810
0.059091
0.059488
0.058121
0.058638
0.057870
0.057508
0.060002
0.056342
0.057907
0.060276
0.057063
0.059397
0.059343
0.056665
0.056882
0.056665
0.056810
0.056761
0.056781
0.056446
0.056787
0.056105
0.057562
0.060262
0.058445
0.057873
0.057227
0.059065
0.059071
0.060804
0.059142
0.058184
0.059411
0.060602
0.061699
0.059020
0.059443
0.061586
0.060959
0.061227
0.060140
0.060773
0.060070
0.061551
0.060049
0.061071
0.060710
0.060645
0.062768
0.060743
0.061615
0.062025
0.061815
0.060125
0.061520
0.063287
0.061147
0.061233
0.062723
0.063882
0.062990
0.062674
0.065490
0.065617
0.065138
0.065074
0.064643
0.068053
0.065416
0.064215
0.066396
0.065257
0.063887
0.065342
0.065599
0.063957
0.064358
0.063170
0.065079
0.065089
0.066631
0.062826
0.066343
0.062948
0.064536
0.063487
0.061991
0.062642
0.065062
0.063169
0.063445
0.062550
0.062316
0.062309
0.064424
0.063252
0.064402
0.064670
0.065327
0.066150
0.066228
0.067398
0.067526
0.063408
0.065370
0.065467
0.067527
0.066967
0.066313
0.066965
0.066019
0.065666
0.067418
0.066372
0.065533
0.066196
0.066112
0.067255
0.067127
0.067721
0.068948
0.069427
0.070373
0.070200
0.070847
0.071620
0.070320
0.069459
0.073767
0.071684
0.069155
0.070630
0.068465
0.067891
0.067466
0.068654
0.068166
0.071907
0.067249
0.069102
0.065709
0.067445
0.067689
0.068815
0.066702
0.067484
0.065442
0.065139
0.063699
0.064306
0.069676
0.072932
0.066994
0.067342
0.069193
0.066855
0.068106
0.064105
0.065704
0.066643
0.065829
0.065857
0.065421
0.064055
0.065995
0.064961
0.063000
0.063925
0.064873
0.065128
0.063321
0.064441
0.065174
0.063539
0.064330
0.064972
0.061964
0.062032
0.061208
0.063397
0.065308
0.063925
0.064748
0.065738
0.064569
0.065501
0.068702
0.064295
0.062615
0.061872
0.060651
0.060493
0.062226
0.060703
0.057929
0.060804
0.060875
0.059928
0.060189
0.060350
0.060450
0.061000
0.062477
0.060527
0.060183
0.061213
0.059878
0.059996
0.058491
0.060501
0.063073
0.063061
0.060822
0.060396
0.062080
0.060825
0.061691
0.062850
0.060364
0.059862
0.061712
0.061192
0.060371
0.059957
0.059942
0.057569
0.058719
0.058307
0.057935
0.057520
0.058043
0.058179
0.059569
0.057044
0.056829
0.060173
0.059901
0.058437
0.059577
0.060192
0.060406
0.061236
0.060338
0.062130
0.063242
0.062218
0.060203
0.061691
0.063335
0.062589
0.061545
0.063413
0.061216
0.063004
0.062891
0.063842
0.064252
0.061364
0.060336
0.060284
0.062520
0.061809
0.061719
0.062714
0.061416
0.061386
0.062425
0.062902
0.061404
0.060539
0.059732
0.058044
0.059150
0.058908
0.062396
0.061016
0.059171
0.061711
0.059468
0.059442
0.058136
0.055514
0.055893
0.054447
0.056639
0.053924
0.054181
0.054395
0.054601
0.053731
0.055977
0.057205
0.056399
0.056995
0.057287
0.055386
0.055427
0.057192
0.059447
0.057665
0.058298
0.059012
0.059872
0.059131
0.060296
0.059212
0.058190
0.057451
0.058391
0.054981
0.056538
0.057366
0.058699
0.056069
0.058404
0.057868
0.058404
0.059525
0.059494
0.056277
0.057616
0.058072
0.056811
0.056810
0.056219
0.052731
0.055725
0.055781
0.057601
0.056611
0.055551
0.058940
0.056769
0.055339
0.054575
0.057542
0.059636
0.057905
0.057007
0.056827
0.055946
0.055184
0.054349
0.054058
0.054662
0.053670
0.055424
0.056200
0.055374
0.055008
0.056373
0.055700
0.054333
0.051333
0.053439
0.053050
0.053810
0.052635
0.051892
0.053799
0.054092
0.054353
0.055821
0.053923
0.051911
0.054855
0.055636
0.054432
0.054761
0.057637
0.056469
0.055923
0.058286
0.055895
0.056520
0.054803
0.056930
0.055516
0.055266
0.058090
0.056426
0.055816
0.055151
0.054304
0.053462
0.054178
0.055034
0.052629
0.053729
0.052762
0.052697
0.053498
0.054118
0.054360
0.054291
0.052943
0.051383
0.050865
0.050996
0.051679
0.052665
0.053439
0.050543
0.053019
0.053770
0.054429
0.052697
0.053766
0.053759
0.053831
0.055779
0.054634
0.053017
0.056907
0.053945
0.053601
0.053780
0.053931
0.054738
0.053922
0.056197
0.054553
0.056813
0.054449
0.052460
0.056247
0.055369
0.055777
0.055962
0.055875
0.054181
0.055499
0.051711
0.053691
0.052850
0.055513
0.053164
0.054685
0.054347
0.052357
0.053013
0.052153
0.052600
0.054060
0.051619
0.054420
0.052250
0.052720
0.053187
0.052868
0.051980
0.053368
0.052304
0.053684
0.051857
0.051233
0.050978
0.049422
0.050244
0.051350
0.053529
0.051700
0.051864
0.051775
0.053210
0.052543
0.053772
0.052197
0.054054
0.053330
0.052263
0.051845
0.050909
0.049255
0.049444
0.052045
0.050835
0.050285
0.048654
0.047471
0.046889
0.048376
0.046779
0.049299
0.049146
0.050042
0.047774
0.046805
0.046933
0.047855
0.051994
0.052346
0.050908
0.051998
0.050856
0.052033
0.052779
0.050551
0.050552
0.052377
0.052946
0.051425
0.050357
0.051818
0.051642
0.054580
0.052512
0.053953
0.053483
0.054100
0.053062
0.050714
0.053347
0.052378
0.052361
0.054226
0.053864
0.053139
0.049892
0.052408
0.054800
0.052738
0.053669
0.055384
0.054501
0.053366
0.053237
0.053814
0.055320
0.054766
0.054078
0.053626
0.054808
0.054514
0.054781
0.053981
0.054562
0.054388
0.054747
0.054760
0.058287
0.056257
0.056719
0.055066
0.054561
0.055074
0.054816
0.054034
0.054203
0.057306
0.052719
0.055749
0.053206
0.055437
0.054647
0.055161
0.054720
0.053888
0.057836
0.055304
0.057183
0.056089
0.054891
0.057010
0.054795
0.054820
0.055896
0.056057
0.057842
0.058348
0.060189
0.059259
0.061596
0.062174
0.058611
0.060080
0.060793
0.060282
0.058486
0.059060
0.059646
0.058160
0.057100
0.056847
0.060488
0.057829
0.056342
0.057885
0.055123
0.056947
0.055646
0.057064
0.054715
0.054777
0.056871
0.056548
0.055864
0.056869
0.058060
0.057571
0.057014
0.059104
0.057936
0.060170
0.058080
0.057084
0.056589
0.056976
0.057772
0.059217
0.056509
0.058433
0.056672
0.055760
0.057941
0.056488
0.059224
0.056931
0.060200
0.059294
0.059108
0.057094
0.057258
0.057923
0.057515
0.056025
0.056518
0.057826
0.057470
0.058986
0.058441
0.057563
0.056721
0.056039
0.057211
0.054678
0.056037
0.054761
0.055515
0.056346
0.057715
0.056255
0.059622
0.056227
0.057213
0.054476
0.058200
0.056529
0.058376
0.055827
0.057579
0.057586
0.058552
0.057260
0.056403
0.056579
0.054476
0.054296
0.055606
0.053694
0.054448
0.055893
0.053219
0.052588
0.053642
0.053707
0.055189
0.053543
0.054026
0.054478
0.053836
0.052469
0.053357
0.054845
0.055090
0.052633
0.056055
0.055375
0.053917
0.056467
0.056056
0.054468
0.052660
0.054450
0.054173
0.052900
0.051445
0.052921
0.052432
0.052193
0.051427
0.050813
0.056498
0.055523
0.054631
0.054173
0.053160
0.051765
0.053950
0.051674
0.053464
0.050574
0.053028
0.053136
0.053858
0.053423
0.053059
0.053868
0.053425
0.053330
0.053464
0.053414
0.052517
0.052524
0.052346
0.052695
0.053273
0.052069
0.051141
0.052031
0.052470
0.052690
0.050593
0.053746
0.053526
0.052514
0.054247
0.054434
0.056766
0.052754
0.055080
0.052541
0.051953
0.051949
0.052504
0.052202
0.054967
0.053091
0.052346
0.051848
0.050528
0.050974
0.051769
0.051261
0.052788
0.051442
0.051413
0.049499
0.052302
0.050668
0.052798
0.051608
0.052283
0.051496
0.053240
0.055297
0.055470
0.055720
0.053147
0.054841
0.053205
0.054931
0.051522
0.051436
0.052802
0.053030
0.052197
0.056193
0.054865
0.055465
0.055626
0.057664
0.056183
0.054634
0.054277
0.056758
0.055115
0.057446
0.056809
0.054904
0.056836
0.053749
0.054100
0.056446
0.054440
0.056977
0.055564
0.054617
0.056516
0.056350
0.056445
0.056977
0.057210
0.055120
0.052609
0.056731
0.055497
0.055189
0.055775
0.057061
0.058468
0.060367
0.059233
0.058215
0.061411
0.059087
0.056363
0.055546
0.059212
0.056457
0.056979
0.056612
0.056116
0.057058
0.055495
0.057490
0.060791
0.059224
0.058927
0.059778
0.061350
0.057198
0.059148
0.056085
0.056912
0.057130
0.058128
0.054287
0.054871
0.055851
0.056683
0.055158
0.056730
0.055544
0.055911
0.058785
0.056472
0.052977
0.052069
0.052905
0.051772
0.052534
0.053783
0.050738
0.052814
0.050809
0.049438
0.051069
0.053284
0.051158
0.049276
0.051307
0.048487
0.050225
0.051074
0.052848
0.053210
0.051775
0.051699
0.052666
0.053955
0.052602
0.051953
0.052751
0.049642
0.049784
0.051205
0.051215
0.051257
0.048689
0.048801
0.050420
0.050630
0.049746
0.050986
0.052316
0.052235
0.050653
0.052330
0.050994
0.051524
0.051860
0.051143
0.050741
0.052181
0.052202
0.051742
0.052777
0.053212
0.054073
0.054059
0.055450
0.053430
0.057125
0.057184
0.058488
0.054134
0.055677
0.053363
0.055264
0.053283
0.055226
0.054215
0.053085
0.052617
0.051053
0.052493
0.053114
0.050655
0.052415
0.052331
0.054165
0.052378
0.052637
0.053266
0.051932
0.054484
0.056580
0.055605
0.052183
0.053081
0.053211
0.052148
0.052136
0.051150
0.052325
0.048198
0.052339
0.057130
0.055965
0.054614
0.055550
0.053854
0.054843
0.054471
0.057028
0.052741
0.055326
0.057326
0.054356
0.054844
0.052687
0.053746
0.053920
0.053330
0.053172
0.053272
0.053463
0.048934
0.052365
0.051992
0.053688
0.052399
0.051912
0.051940
0.054327
0.054755
0.055800
0.053900
0.055315
0.055078
0.054955
0.055987
0.055965
0.058057
0.057897
0.055709
0.054773
0.058303
0.058481
0.056797
0.056072
0.058041
0.057104
0.059647
0.056951
0.056000
0.058686
0.058292
0.057963
0.057979
0.058696
0.059543
0.058813
0.056665
0.054409
0.055765
0.055464
0.054955
0.055062
0.055242
0.054525
0.053958
0.057167
0.054475
0.052354
0.055275
0.056176
0.058064
0.057396
0.059932
0.057453
0.055952
0.056249
0.057689
0.057127
0.056210
0.057641
0.058214
0.057746
0.054562
0.059071
0.057953
0.059122
0.057124
0.057519
0.056122
0.057853
0.057200
0.056528
0.056661
0.056958
0.055681
0.055894
0.054559
0.055167
0.051673
0.053050
0.052716
0.053870
0.054617
0.056003
0.054649
0.052138
0.054371
0.054129
0.052965
0.057354
0.053333
0.054232
0.056069
0.053983
0.055019
0.055486
0.054379
0.053617
0.054836
0.058592
0.056411
0.056516
0.056454
0.055597
0.057103
0.054584
0.053648
0.054204
0.053673
0.051714
0.054267
0.054427
0.054551
0.054187
0.052666
0.053144
0.051762
0.051938
0.051453
0.051139
0.050729
0.054436
0.052001
0.053859
0.051559
0.050791
0.053370
0.050759
0.052305
0.049756
0.052657
0.051211
0.053635
0.053536
0.053823
0.053957
0.053104
0.054840
0.053580
0.054135
0.051628
0.052453
0.052091
0.051869
0.052322
0.054180
0.051800
0.052034
0.055955
0.053497
0.051599
0.053948
0.053685
0.054614
0.053000
0.052463
0.053367
0.051457
0.052738
0.054202
0.054447
0.056924
0.055123
0.054525
0.055769
0.053525
0.053135
0.051159
0.054458
0.050440
0.050301
0.051982
0.050769
0.051605
0.052596
0.053717
0.055794
0.053294
0.053715
0.053750
0.054302
0.052022
0.053939
0.052121
0.053864
0.053602
0.052241
0.052505
0.050277
0.054338
0.053016
0.050534
0.052166
0.051252
0.051718
0.052414
0.052351
0.052631
0.053137
0.054868
0.055010
0.056104
0.052774
0.053978
0.053340
0.055010
0.055299
0.055159
0.051376
0.052694
0.050348
0.053330
0.050967
0.053454
0.053924
0.050196
0.051280
0.051546
0.053092
0.053792
0.053852
0.054092
0.052502
0.051082
0.054384
0.052279
0.055010
0.056882
0.053844
0.055711
0.057569
0.055049
0.053631
0.055318
0.054993
0.056737
0.056131
0.056373
0.056961
0.054487
0.053116
0.053125
0.053491
0.054855
0.052173
0.053655
0.055809
0.055981
0.053109
0.053117
0.050561
0.051399
0.050994
0.050685
0.052310
0.050706
0.052057
0.052748
0.051809
0.052526
0.055563
0.055948
0.053608
0.052285
0.054312
0.055547
0.053408
0.053746
0.053539
0.053715
0.052479
0.053059
0.052237
0.054181
0.054292
0.055768
0.056519
0.055680
0.054912
0.056216
0.058612
0.056078
0.057104
0.057640
0.060125
0.055438
0.057591
0.056061
0.054393
0.055476
0.055294
0.053360
0.055833
0.054912
0.054472
0.055685
0.055264
0.055925
0.055906
0.054946
0.055206
0.056062
0.055092
0.053563
0.055018
0.053838
0.055950
0.053147
0.053622
0.054009
0.058301
0.056834
0.056434
0.056666
0.058564
0.055440
0.057444
0.054542
0.056502
0.054390
0.054788
0.053629
0.057146
0.054570
0.054343
0.053069
0.056077
0.054930
0.055040
0.053923
0.053966
0.054695
0.052639
0.049942
0.054673
0.053249
0.051444
0.050872
0.054292
0.056455
0.052716
0.054152
0.053578
0.054188
0.052795
0.054173
0.055184
0.054482
0.054934
0.054793
0.056550
0.059380
0.055140
0.057784
0.055540
0.053835
0.055246
0.053357
0.053568
0.052739
0.054553
0.052857
0.052839
0.052513
0.050692
0.049343
0.048515
0.050262
0.050437
0.050522
0.052777
0.050937
0.050398
0.051382
0.050647
0.048458
0.050595
0.048818
0.053092
0.051170
0.049886
0.051619
0.049518
0.051337
0.051888
0.051474
0.051913
0.050477
0.051323
0.052932
0.051952
0.052878
0.054495
0.053061
0.055561
0.053363
0.051317
0.053351
0.054985
0.053159
0.052789
0.053723
0.054802
0.055263
0.057071
0.055751
0.054731
0.055482
0.056286
0.054079
0.054441
0.055263
0.054845
0.056152
0.055781
0.053362
0.055613
0.055595
0.054533
0.055734
0.054948
0.056191
0.057169
0.056985
0.056038
0.056879
0.057704
0.055689
0.052007
0.053262
0.053755
0.056639
0.055745
0.053893
0.051966
0.054403
0.052105
0.053612
0.055683
0.056531
0.056278
0.056632
0.053996
0.053146
0.053411
0.052247
0.055488
0.057086
0.056087
0.055155
0.055494
0.056535
0.053749
0.055761
0.053272
0.052364
0.053690
0.053609
0.054386
0.052180
0.053146
0.052690
0.054436
0.050611
0.052715
0.050732
0.050936
0.050694
0.050071
0.049751
0.050861
0.050967
0.048183
0.048994
0.049496
0.049483
0.050272
0.050028
0.050034
0.050360
0.050399
0.049748
0.050291
0.051711
0.050715
0.049387
0.050339
0.051629
0.051271
0.051951
0.054428
0.055062
0.053155
0.054791
0.054441
0.052873
0.050339
0.053357
0.050229
0.050866
0.050896
0.051868
0.053923
0.050574
0.052904
0.054372
0.054680
0.054484
0.053878
0.051880
0.051670
0.051913
0.053882
0.054640
0.052852
0.052743
0.054542
0.057180
0.053811
0.053387
0.055532
0.054930
0.055713
0.054252
0.056433
0.053438
0.056070
0.056064
0.054830
0.055342
0.056580
0.055876
0.055585
0.057157
0.057581
0.053266
0.055619
0.055034
0.056208
0.057153
0.057852
0.056143
0.057127
0.058115
0.057061
0.054332
0.053533
0.055369
0.054322
0.052736
0.054037
0.054961
0.053878
0.051436
0.053250
0.052083
0.056163
0.053548
0.054868
0.055375
0.060079
0.057448
0.054783
0.056116
0.057449
0.057300
0.054397
0.056172
0.055611
0.055687
0.054797
0.053723
0.054479
0.054779
0.054162
0.055639
0.054628
0.053902
0.053328
0.054927
0.052174
0.053422
0.054903
0.055283
0.053736
0.051592
0.054915
0.053399
0.053261
0.053243
0.053008
0.055905
0.053804
0.053103
0.056479
0.055253
0.056113
0.055493
0.053761
0.054791
0.054383
0.054334
0.054923
0.055300
0.054551
0.054493
0.053213
0.056872
0.058514
0.056059
0.057301
0.055468
0.056648
0.056515
0.053961
0.055682
0.055783
0.053749
0.056121
0.058976
0.056335
0.056096
0.057455
0.058148
0.053334
0.055043
0.053476
0.053474
0.055541
0.053206
0.057750
0.054446
0.055569
0.053136
0.055241
0.052175
0.054133
0.052027
0.053596
0.056715
0.055426
0.051985
0.054218
0.054396
0.057273
0.052520
0.051471
0.055997
0.053772
0.052566
0.053060
0.053888
0.051102
0.052165
0.055503
0.053573
0.051680
0.053085
0.053878
0.052095
0.053278
0.052896
0.052010
0.050729
0.050685
0.048281
0.051041
0.051344
0.052720
0.051476
0.050500
0.051024
0.051115
0.053004
0.052778
0.049744
0.049813
0.050970
0.049272
0.053914
0.049751
0.052590
0.049733
0.049674
0.051972
0.050980
0.051004
0.054064
0.052158
0.052478
0.051480
0.050526
0.051590
0.051363
0.051452
0.051247
0.050313
0.052747
0.049537
0.049124
0.048664
0.050494
0.049716
0.050208
0.050245
0.050607
0.051428
0.051057
0.050699
0.052073
0.053438
0.052873
0.052104
0.053011
0.051875
0.050746
0.054003
0.053445
0.055798
0.055735
0.054342
0.055371
0.053100
0.053512
0.054440
0.052487
0.052950
0.053875
0.054200
0.056207
0.054543
0.055246
0.056325
0.056407
0.057777
0.059875
0.060183
0.056284
0.058287
0.057181
0.056408
0.057968
0.057492
0.058270
0.058970
0.060259
0.056138
0.059553
0.055290
0.054134
0.057757
0.056269
0.055559
0.056106
0.055396
0.054148
0.054906
0.055579
0.052755
0.053138
0.055036
0.053840
0.053555
0.058239
0.057590
0.058379
0.056424
0.056345
0.056873
0.056179
0.055301
0.056177
0.054946
0.054364
0.056312
0.058000
0.057053
0.057722
0.057051
0.058311
0.056128
0.053980
0.053596
0.054059
0.052835
0.052907
0.054507
0.051519
0.050092
0.050424
0.051109
0.049360
0.050674
0.053271
0.051493
0.050674
0.049304
0.049917
0.050103
0.050536
0.049675
0.052054
0.050735
0.053110
0.050748
0.050212
0.051655
0.051900
0.050306
0.049998
0.051212
0.052868
0.050000
0.049473
0.049552
0.049656
0.048741
0.050580
0.049880
0.049499
0.050649
0.051515
0.051095
0.051483
0.055259
0.053437
0.051715
0.051093
0.054133
0.052559
0.055116
0.054303
0.053491
0.051330
0.052057
0.051759
0.051441
0.050873
0.050261
0.051195
0.049277
0.051585
0.050654
0.054783
0.050213
0.052722
0.049683
0.050030
0.051967
0.051121
0.050058
0.051571
0.051135
0.049266
0.051882
0.050437
0.050845
0.052582
0.050574
0.050388
0.049154
0.048751
0.052091
0.052136
0.050034
0.051860
0.049781
0.051719
0.052177
0.050794
0.049672
0.051916
0.053324
0.051938
0.050818
0.050942
0.050895
0.050870
0.050192
0.048336
0.047562
0.050165
0.053069
0.052206
0.049034
0.052055
0.049887
0.050818
0.050499
0.049455
0.050627
0.049700
0.051130
0.050118
0.051213
0.052503
0.050503
0.054179
0.050484
0.051982
0.050445
0.049818
0.051336
0.050015
0.049652
0.052465
0.051544
0.051054
0.053043
0.051112
0.050721
0.049260
0.051315
0.051415
0.053309
0.050598
0.051412
0.051699
0.051146
0.051861
0.052194
0.052416
0.053854
0.051524
0.052394
0.052915
0.052626
0.051860
0.051385
0.052952
0.051193
0.052698
0.054606
0.056207
0.053456
0.053938
0.053810
0.055074
0.053853
0.053009
0.051661
0.053069
0.056842
0.054199
0.053571
0.054922
0.052662
0.052834
0.051731
0.054689
0.052360
0.055858
0.052044
0.052451
0.051560
0.053014
0.054021
0.052252
0.052305
0.053986
0.053472
0.050970
0.052296
0.056224
0.052530
0.054347
0.052547
0.053156
0.050978
0.052827
0.052209
0.052211
0.048984
0.048098
0.050139
0.048606
0.052165
0.052206
0.051456
0.052382
0.053026
0.050868
0.052541
0.053292
0.054992
0.052279
0.054276
0.055246
0.053128
0.053152
0.053515
0.053825
0.054493
0.052200
0.055155
0.053586
0.050943
0.053571
0.053226
0.053436
0.055163
0.055329
0.052247
0.053567
0.053421
0.053690
0.053610
0.053523
0.054320
0.049420
0.052894
0.053557
0.052699
0.051396
0.053713
0.053165
0.055286
0.054605
0.055528
0.054112
0.053514
0.053356
0.052583
0.051942
0.050949
0.053783
0.053473
0.053204
0.055498
0.053481
0.051679
0.050888
0.051258
0.050069
0.052625
0.053091
0.051626
0.051139
0.049522
0.052351
0.051881
0.050657
0.055243
0.051812
0.050192
0.051934
0.050668
0.050505
0.049930
0.051375
0.048359
0.050683
0.049144
0.050307
0.051855
0.051393
0.050581
0.049166
0.048476
0.049686
0.049648
0.050640
0.051250
0.052640
0.052167
0.052180
0.051564
0.052363
0.050965
0.050411
0.050674
0.051036
0.048811
0.050045
0.051850
0.051481
0.048541
0.050320
0.048737
0.050589
0.051715
0.049834
0.049669
0.048830
0.052575
0.051997
0.050006
0.052258
0.054092
0.051117
0.053334
0.051985
0.055496
0.053847
0.052031
0.049994
0.049897
0.051539
0.051732
0.053013
0.053915
0.053216
0.051339
0.051212
0.051166
0.051973
0.052355
0.053749
0.049888
0.050542
0.051318
0.048586
0.050956
0.048771
0.048075
0.049914
0.049240
0.049098
0.048794
0.048993
0.049196
0.047726
0.049413
0.047958
0.050233
0.051008
0.050217
0.048346
0.049775
0.050083
0.051617
0.051861
0.053668
0.051729
0.052091
0.053690
0.052487
0.052834
0.052552
0.048249
0.052338
0.050369
0.050620
0.051439
0.050883
0.048825
0.050734
0.051530
0.048941
0.050386
0.051642
0.047755
0.048463
0.048732
0.048731
0.048278
0.050339
0.049354
0.051294
0.051501
0.048702
0.049949
0.049156
0.048906
0.050625
0.052614
0.049146
0.051621
0.052252
0.052406
0.051160
0.052406
0.053076
0.051785
0.052266
0.051889
0.051863
0.053514
0.055343
0.053280
0.053139
0.052298
0.053580
0.050264
0.051468
0.051410
0.053592
0.052416
0.053533
0.054182
0.051333
0.055885
0.053909
0.052075
0.054981
0.053425
0.055023
0.052597
0.052769
0.051752
0.049314
0.054188
0.051456
0.054064
0.054355
0.053309
0.053568
0.051071
0.051610
0.052442
0.050138
0.050208
0.050279
0.050075
0.049889
0.051766
0.050632
0.049196
0.051010
0.050375
0.049978
0.052875
0.048572
0.051790
0.050649
0.052279
0.052641
0.053054
0.052686
0.051258
0.051853
0.052333
0.049956
0.053367
0.053158
0.053176
0.052205
0.050057
0.052324
0.053555
0.050824
0.049148
0.049774
0.052346
0.050814
0.053323
0.054753
0.051390
0.055064
0.053708
0.052587
0.052430
0.050378
0.054883
0.053907
0.052030
0.051961
0.052373
0.053842
0.053274
0.050332
0.051106
0.052407
0.052268
0.052559
0.053189
0.057100
0.053706
0.055003
0.055345
0.052452
0.054199
0.054929
0.057547
0.058338
0.059163
0.055066
0.053592
0.053419
0.055312
0.053773
0.052746
0.054479
0.054096
0.054710
0.055164
0.055027
0.055967
0.053883
0.054188
0.052896
0.053858
0.053543
0.055159
0.053059
0.053830
0.055896
0.053042
0.054885
0.055163
0.053942
0.054387
0.053420
0.052044
0.053083
0.057914
0.057291
0.054829
0.054220
0.056099
0.053874
0.055368
0.053070
0.053567
0.052485
0.053789
0.051070
0.052290
0.051027
0.052080
0.049519
0.048489
0.049085
0.048817
0.052522
0.053188
0.052962
0.050472
0.049341
0.048705
0.049805
0.050157
0.048666
0.045085
0.046459
0.048657
0.049111
0.047478
0.050542
0.050307
0.050815
0.048687
0.047206
0.047317
0.047376
0.048255
0.046804
0.049448
0.046887
0.046245
0.046263
0.046619
0.045800
0.048949
0.048701
0.046710
0.050121
0.046077
0.045786
0.045179
0.045243
0.046969
0.046884
0.048662
0.046531
0.049079
0.049060
0.048403
0.050113
0.052333
0.048863
0.048837
0.049747
0.047813
0.047022
0.047620
0.048474
0.047024
0.052704
0.052164
0.051386
0.052963
0.048993
0.050650
0.047231
0.047607
0.044241
0.045873
0.047089
0.046254
0.048646
0.047599
0.049469
0.046822
0.048159
0.047968
0.049775
0.050857
0.048819
0.047614
0.048814
0.050877
0.050482
0.050264
0.050065
0.052963
0.054176
0.051090
0.049059
0.051156
0.050140
0.051081
0.048862
0.049352
0.051684
0.049636
0.052572
0.051714
0.048970
0.050332
0.050378
0.049712
0.049987
0.050121
0.050619
0.054349
0.052149
0.052671
0.055038
0.051454
0.054465
0.053486
0.051102
0.052192
0.050240
0.052632
0.050652
0.050099
0.049715
0.047613
0.050617
0.051158
0.050569
0.051054
0.050253
0.052571
0.050797
0.053629
0.050450
0.051459
0.051411
0.050139
0.052492
0.053556
0.050843
0.051659
0.050172
0.049476
0.050676
0.052066
0.052288
0.048895
0.050677
0.049104
0.049857
0.049164
0.049697
0.049170
0.049427
0.049153
0.052085
0.050791
0.049947
0.051125
0.049962
0.049147
0.048676
0.051653
0.047281
0.049262
0.049618
0.049269
0.048579
0.049003
0.049252
0.049099
0.049325
0.051951
0.049700
0.049623
0.051730
0.050415
0.050000
0.049811
0.049171
0.049954
0.050696
0.049149
0.050680
0.052224
0.049952
0.052425
0.052155
0.053666
0.049487
0.052319
0.053756
0.052214
0.054186
0.053920
0.056478
0.054674
0.055439
0.054172
0.053203
0.056221
0.056614
0.056177
0.053909
0.053357
0.054102
0.051672
0.053864
0.053531
0.052785
0.051772
0.052637
0.053535
0.050218
0.053294
0.051467
0.051341
0.053541
0.051799
0.053035
0.053452
0.053804
0.054746
0.055919
0.054941
0.053619
0.054092
0.052209
0.049795
0.053762
0.051583
0.054209
0.053862
0.052568
0.051886
0.052725
0.052700
0.054033
0.051330
0.052237
0.051695
0.050587
0.051889
0.052066
0.052303
0.052977
0.051966
0.049699
0.054672
0.052872
0.052930
0.052213
0.055830
0.056047
0.053102
0.054828
0.052998
0.055907
0.056780
0.055256
0.055959
0.055833
0.055740
0.056100
0.058133
0.055517
0.052782
0.055132
0.055617
0.052839
0.054384
0.053453
0.050669
0.054065
0.052831
0.051679
0.053598
0.054377
0.052276
0.051799
0.053427
0.052995
0.052273
0.053007
0.054569
0.056763
0.056484
0.053740
0.058170
0.056802
0.055547
0.054518
0.054729
0.055238
0.058802
0.055062
0.056154
0.056083
0.055879
0.056690
0.056590
0.054723
0.055890
0.056095
0.056777
0.054474
0.055784
0.056405
0.058315
0.056440
0.058040
0.054962
0.054918
0.054563
0.053017
0.051726
0.051765
0.050677
0.054322
0.052674
0.052275
0.050266
0.051084
0.052772
0.051445
0.050722
0.050539
0.052990
0.052875
0.051420
0.048933
0.051664
0.050963
0.051298
0.051497
0.049221
0.050808
0.050139
0.050483
0.054891
0.052512
0.052663
0.053575
0.052233
0.054151
0.054611
0.054835
0.053609
0.053807
0.052040
0.052230
0.051709
0.051591
0.053260
0.050730
0.051287
0.051554
0.053861
0.055257
0.055427
0.054219
0.056562
0.054787
0.054619
0.051933
0.054292
0.052357
0.053887
0.053269
0.052937
0.052321
0.053706
0.054821
0.054032
0.055075
0.054824
0.052344
0.053835
0.051775
0.052324
0.052317
0.051480
0.051885
0.051629
0.051269
0.053387
0.051872
0.051449
0.051811
0.050280
0.052186
0.049846
0.049954
0.048992
0.051670
0.053745
0.050849
0.051860
0.053320
0.049823
0.052317
0.050035
0.052227
0.052490
0.052299
0.049829
0.053275
0.054365
0.054206
0.055012
0.052930
0.054485
0.053382
0.051839
0.053080
0.052468
0.052593
0.053246
0.051576
0.052183
0.053000
0.051241
0.051144
0.053263
0.052742
0.053632
0.051256
0.051129
0.053167
0.055710
0.053527
0.054161
0.054186
0.054059
0.051883
0.054405
0.055040
0.055058
0.057286
0.056465
0.054825
0.053879
0.054534
0.054445
0.055409
0.053314
0.054352
0.054614
0.053941
0.053098
0.055739
0.053861
0.055179
0.053191
0.053194
0.052657
0.052133
0.050600
0.052712
0.052774
0.051359
0.049783
0.050334
0.050270
0.049973
0.052505
0.049544
0.050626
0.049806
0.048617
0.046238
0.047655
0.049055
0.049358
0.045382
0.050130
0.050077
0.047523
0.047297
0.047381
0.048353
0.046541
0.048135
0.049762
0.050412
0.047710
0.048705
0.051648
0.051119
0.050439
0.047997
0.048522
0.047560
0.048121
0.047373
0.048088
0.046576
0.048856
0.045821
0.046437
0.046996
0.044861
0.045037
0.044578
0.046213
0.046106
0.047185
0.046516
0.045268
0.043511
0.045671
0.044020
0.044745
0.043772
0.046541
0.045078
0.044581
0.045799
0.047951
0.046098
0.047023
0.047502
0.046204
0.045418
0.044144
0.045820
0.046378
0.045511
0.046578
0.046356
0.044323
0.046362
0.042847
0.043968
0.044990
0.044526
0.044549
0.045186
0.045631
0.047848
0.045285
0.048213
0.048116
0.047996
0.049182
0.046655
0.047495
0.046051
0.044980
0.047612
0.048455
0.047975
0.046679
0.046883
0.044763
0.044510
0.046344
0.045840
0.048777
0.046150
0.043683
0.045135
0.045370
0.047389
0.045477
0.047336
0.047300
0.047744
0.048655
0.048827
0.047015
0.048044
0.049947
0.046747
0.047395
0.047047
0.046994
0.048082
0.048180
0.048866
0.047076
0.050562
0.048432
0.049596
0.048442
0.046811
0.047216
0.047716
0.048298
0.048836
0.046007
0.047321
0.048874
0.047082
0.046230
0.047137
0.047916
0.046373
0.045791
0.047965
0.049571
0.048249
0.051035
0.052831
0.049240
0.049546
0.049867
0.048934
0.050376
0.047271
0.046200
0.049190
0.050934
0.050194
0.052233
0.052863
0.052654
0.052170
0.050795
0.050878
0.052770
0.051724
0.051395
0.052238
0.051902
0.049795
0.053304
0.049764
0.053535
0.051446
0.051532
0.050081
0.049263
0.048591
0.048737
0.048803
0.048582
0.049034
0.048177
0.048340
0.048000
0.049024
0.046556
0.046407
0.049027
0.048511
0.051039
0.049204
0.049709
0.047678
0.047701
0.047894
0.046801
0.046835
0.050140
0.047829
0.046316
0.045247
0.047939
0.049246
0.048376
0.049439
0.048685
0.047555
0.047766
0.051286
0.046835
0.046752
0.044340
0.047693
0.048689
0.046805
0.047543
0.046604
0.045940
0.046667
0.047401
0.046927
0.046953
0.045861
0.046812
0.046244
0.047965
0.047865
0.047303
0.048491
0.048506
0.047979
0.047920
0.047671
0.049701
0.046711
0.049241
0.050442
0.050785
0.051093
0.052318
0.052252
0.050279
0.049043
0.049273
0.048704
0.049116
0.050962
0.048763
0.049555
0.049621
0.050137
0.049424
0.051625
0.047712
0.050972
0.048578
0.049083
0.049499
0.051407
0.050721
0.052283
0.049368
0.051236
0.050963
0.049233
0.051633
0.055070
0.052380
0.051494
0.053726
0.049901
0.050895
0.050257
0.052835
0.050581
0.049487
0.050851
0.049607
0.051010
0.048515
0.050070
0.048217
0.046155
0.048049
0.048104
0.046306
0.044826
0.047918
0.044304
0.044888
0.045579
0.047763
0.046335
0.046869
0.046857
0.045419
0.045958
0.046298
0.046367
0.048474
0.045577
0.048305
0.048453
0.049766
0.051961
0.050335
0.048883
0.047611
0.049518
0.048697
0.048111
0.047773
0.047926
0.047196
0.046958
0.049430
0.050467
0.047431
0.050104
0.047693
0.049681
0.049742
0.048970
0.048290
0.047822
0.047265
0.048595
0.046449
0.048626
0.046312
0.047070
0.049025
0.048788
0.046772
0.048476
0.049300
0.046401
0.049456
0.048324
0.049556
0.048889
0.048468
0.049516
0.050308
0.051301
0.050432
0.049173
0.049908
0.052416
0.050885
0.051407
0.049999
0.048304
0.051090
0.055029
0.052731
0.052153
0.051550
0.051803
0.052126
0.053200
0.055139
0.051342
0.051320
0.052895
0.051402
0.049955
0.053140
0.049875
0.051453
0.049913
0.050471
0.052877
0.052144
0.052336
0.050678
0.050456
0.052813
0.052963
0.051336
0.050713
0.049358
0.049818
0.050534
0.048867
0.051299
0.049780
0.050757
0.049837
0.049487
0.050295
0.051264
0.049304
0.051775
0.049297
0.050420
0.052877
0.052590
0.053379
0.051343
0.053192
0.053494
0.050269
0.054385
0.054618
0.052769
0.051554
0.051376
0.053724
0.054263
0.054766
0.054273
0.052272
0.054275
0.052703
0.050978
0.051403
0.052110
0.050834
0.049896
0.048744
0.049467
0.052615
0.052792
0.054098
0.053141
0.053772
0.053411
0.054553
0.053107
0.053131
0.050963
0.053021
0.053777
0.054605
0.052800
0.052627
0.053901
0.052514
0.050850
0.056492
0.054295
0.052992
0.054287
0.053349
0.051449
0.053714
0.052007
0.051696
0.050997
0.051562
0.049826
0.051972
0.049954
0.052534
0.050759
0.048917
0.049803
0.049421
0.051176
0.054320
0.051584
0.050748
0.051363
0.052989
0.054257
0.055200
0.055080
0.053548
0.052999
0.054343
0.053146
0.053797
0.052325
0.051733
0.055462
0.053897
0.051914
0.052268
0.052153
0.052720
0.054172
0.050505
0.049801
0.050255
0.052729
0.052891
0.051706
0.053247
0.052084
0.051632
0.051317
0.053720
0.051837
0.049680
0.050659
0.050378
0.052088
0.052372
0.051694
0.049757
0.050628
0.050311
0.050507
0.050767
0.050628
0.050659
0.050699
0.051583
0.050827
0.049406
0.052158
0.050863
0.052692
0.050750
0.053248
0.051075
0.051497
0.054211
0.054060
0.053168
0.051580
0.053547
0.050925
0.052665
0.051977
0.053717
0.055291
0.054438
0.052992
0.056615
0.055966
0.054171
0.053980
0.052528
0.054484
0.050014
0.052502
0.051905
0.053357
0.052380
0.052006
0.052204
0.051657
0.053231
0.054614
0.051717
0.052299
0.053305
0.055331
0.055082
0.054637
0.057811
0.053888
0.054853
0.052253
0.049830
0.052465
0.056109
0.055084
0.052777
0.051692
0.053045
0.051491
0.052873
0.050949
0.052144
0.053078
0.053273
0.053345
0.051344
0.051695
0.052336
0.051045
0.051498
0.053306
0.049581
0.049262
0.050572
0.049901
0.049452
0.052460
0.049357
0.052175
0.052183
0.052004
0.051287
0.051077
0.052663
0.050338
0.050612
0.051137
0.050300
0.051446
0.051521
0.051095
0.050265
0.047815
0.049685
0.050238
0.051370
0.053176
0.049254
0.049362
0.047888
0.049345
0.050056
0.050446
0.051879
0.051796
0.049261
0.050387
0.049801
0.049016
0.051274
0.050881
0.049876
0.050587
0.051555
0.049050
0.051690
0.050870
0.049924
0.051282
0.048740
0.048890
0.049536
0.048324
0.051548
0.049580
0.050028
0.050796
0.050255
0.048836
0.048584
0.049029
0.050607
0.049193
0.049242
0.047076
0.049371
0.048583
0.049833
0.048545
0.049825
0.053152
0.053444
0.052853
0.052867
0.053825
0.051675
0.051743
0.051552
0.051031
0.051091
0.055054
0.054967
0.054084
0.054820
0.053666
0.053862
0.050028
0.053712
0.052433
0.052394
0.054037
0.050758
0.051243
0.051111
0.050662
0.051573
0.051085
0.049326
0.054917
0.051820
0.051162
0.051678
0.050298
0.050592
0.051640
0.050177
0.052477
0.050316
0.051381
0.051934
0.053067
0.049734
0.048916
0.048086
0.049113
0.049475
0.048944
0.050886
0.048544
0.050101
0.049167
0.050532
0.049974
0.049603
0.049947
0.050473
0.049483
0.049728
0.049590
0.049307
0.051260
0.053869
0.049608
0.051000
0.047445
0.046439
0.050419
0.049850
0.047752
0.048442
0.048625
0.051181
0.048932
0.049266
0.048890
0.050258
0.049232
0.049388
0.047882
0.046832
0.050035
0.049913
0.048062
0.050207
0.048481
0.048003
0.051164
0.049857
0.051265
0.048090
0.049153
0.048654
0.048193
0.048308
0.048824
0.048222
0.048589
0.049966
0.047678
0.048344
0.050692
0.048646
0.049988
0.048485
0.049834
0.047524
0.046602
0.048046
0.048020
0.047150
0.046466
0.050184
0.050037
0.048089
0.049985
0.050282
0.049073
0.050228
0.050459
0.050962
0.051683
0.052283
0.051305
0.047898
0.047626
0.046907
0.049139
0.049884
0.049705
0.049935
0.047562
0.052198
0.049695
0.049680
0.047824
0.049141
0.048872
0.049184
0.047528
0.051354
0.051933
0.051578
0.053940
0.052691
0.053453
0.053327
0.054160
0.054065
0.055411
0.055774
0.051965
0.051990
0.051847
0.054667
0.056077
0.054943
0.053962
0.054516
0.053923
0.055514
0.055223
0.054036
0.052944
0.050037
0.053087
0.050184
0.053587
0.052891
0.053076
0.051495
0.052035
0.052314
0.051702
0.053110
0.049611
0.051386
0.050748
0.052794
0.052956
0.053611
0.052950
0.051804
0.049625
0.050171
0.051914
0.053784
0.050993
0.052440
0.051936
0.051772
0.051258
0.050566
0.052373
0.052518
0.050412
0.049640
0.049326
0.050085
0.049238
0.051489
0.048185
0.047423
0.047406
0.048084
0.047001
0.050206
0.050337
0.050945
0.049743
0.050187
0.050839
0.050678
0.049994
0.052173
0.050699
0.050871
0.053672
0.051909
0.054080
0.051412
0.052508
0.049756
0.048533
0.047656
0.047624
0.046400
0.051762
0.049275
0.050462
0.049771
0.051091
0.052085
0.052572
0.050674
0.051114
0.051915
0.051670
0.052197
0.052348
0.049709
0.048974
0.049912
0.047136
0.048854
0.050557
0.049028
0.047930
0.049122
0.050091
0.050114
0.048075
0.049458
0.048406
0.048444
0.049100
0.049897
0.050753
0.049520
0.051157
0.049926
0.052466
0.051522
0.051320
0.049406
0.053896
0.053850
0.052763
0.049890
0.051466
0.052670
0.053191
0.051447
0.052607
0.052445
0.050886
0.053265
0.050432
0.048771
0.050593
0.049544
0.051549
0.053476
0.051886
0.050375
0.050767
0.051515
0.053190
0.054630
0.054129
0.053167
0.051866
0.052552
0.054302
0.052226
0.052361
0.052193
0.052045
0.052154
0.051577
0.051787
0.049709
0.052499
0.052456
0.051574
0.050541
0.052049
0.053246
0.052715
0.050722
0.048862
0.048694
0.050722
0.048369
0.049009
0.051113
0.049580
0.050966
0.049148
0.049905
0.049344
0.048593
0.050387
0.049541
0.047620
0.050241
0.051789
0.050917
0.051462
0.050203
0.051445
0.051950
0.050164
0.048873
0.053130
0.050268
0.049764
0.051893
0.051279
0.051765
0.052001
0.050509
0.050242
0.048313
0.051017
0.050514
0.051543
0.051559
0.052404
0.050038
0.050288
0.051950
0.051744
0.051687
0.052909
0.052162
0.053814
0.052124
0.050948
0.051527
0.050984
0.051454
0.050780
0.050340
0.053357
0.053716
0.052938
0.053721
0.051693
0.052079
0.051447
0.052524
0.049533
0.050521
0.049421
0.051979
0.049453
0.050332
0.049647
0.051365
0.052367
0.050833
0.051042
0.051129
0.051771
0.051596
0.052329
0.051444
0.051602
0.051502
0.052146
0.049794
0.051151
0.049735
0.051000
0.050366
0.051482
0.051931
0.051618
0.049190
0.050598
0.050915
0.049928
0.049212
0.050650
0.048273
0.048741
0.051704
0.049934
0.049657
0.050914
0.047813
0.051386
0.051754
0.052406
0.052372
0.050515
0.053122
0.052045
0.052538
0.052998
0.052673
0.050474
0.050798
0.050483
0.051918
0.054126
0.050188
0.051591
0.051158
0.049567
0.051405
0.050418
0.049763
0.050009
0.049074
0.051920
0.053348
0.054144
0.054917
0.052275
0.052564
0.052076
0.055635
0.053890
0.050848
0.053918
0.052907
0.051017
0.052505
0.053655
0.051492
0.052439
0.054478
0.054828
0.050674
0.050793
0.051977
0.050409
0.050520
0.050400
0.050557
0.052114
0.052184
0.052410
0.050336
0.051195
0.049801
0.049368
0.049327
0.050066
0.050797
0.050949
0.049948
0.053026
0.051420
0.053233
0.053473
0.052335
0.052248
0.051831
0.051945
0.052230
0.050847
0.050769
0.050950
0.050236
0.051377
0.051849
0.050774
0.051149
0.051504
0.051344
0.051588
0.049676
0.049617
0.048735
0.050302
0.046883
0.050172
0.049333
0.049497
0.049412
0.049992
0.049052
0.050062
0.048989
0.048153
0.048788
0.051293
0.049547
0.047948
0.049826
0.051147
0.048930
0.051711
0.050006
0.048667
0.049454
0.050179
0.048251
0.048683
0.048996
0.049581
0.050808
0.051469
0.051077
0.049482
0.051733
0.050681
0.050153
0.052139
0.051081
0.051420
0.052422
0.052569
0.051565
0.051863
0.052467
0.051866
0.053157
0.051627
0.050773
0.051171
0.048999
0.049797
0.051297
0.048362
0.049101
0.049719
0.049504
0.048744
0.048796
0.049704
0.049644
0.050710
0.050531
0.049646
0.051723
0.051821
0.051547
0.050326
0.048378
0.049936
0.050829
0.052081
0.050276
0.051685
0.049364
0.048753
0.047545
0.049374
0.049133
0.050711
0.047066
0.050879
0.051741
0.050391
0.051318
0.050619
0.051462
0.051128
0.049616
0.051202
0.050483
0.052120
0.048514
0.049217
0.047294
0.048853
0.048714
0.047830
0.048652
0.052296
0.051414
0.054107
0.048763
0.050177
0.049245
0.048441
0.048958
0.048514
0.049605
0.047542
0.049554
0.050628
0.051434
0.049904
0.049452
0.050855
0.051567
0.051984
0.050015
0.053027
0.052853
0.051638
0.051683
0.050812
0.051974
0.050526
0.049243
0.049959
0.049870
0.050202
0.050409
0.047863
0.049829
0.053055
0.048487
0.048847
0.051394
0.050360
0.051196
0.049483
0.048449
0.049993
0.049940
0.047520
0.046968
0.047070
0.047155
0.044315
0.046674
0.045435
0.045378
0.045924
0.048801
0.048103
0.048081
0.049517
0.049191
0.052584
0.050627
0.049078
0.050745
0.053438
0.051651
0.049774
0.050268
0.052574
0.050936
0.052813
0.051149
0.052703
0.050694
0.048611
0.049544
0.049681
0.048278
0.048149
0.047087
0.047887
0.049418
0.051294
0.048635
0.048582
0.050536
0.049622
0.048611
0.049275
0.050053
0.051118
0.048874
0.047136
0.048622
0.048478
0.049450
0.048837
0.050415
0.050389
0.047614
0.048667
0.049268
0.050117
0.052048
0.052301
0.052633
0.050304
0.049138
0.050389
0.052464
0.053173
0.052313
0.051353
0.050976
0.051835
0.052382
0.052668
0.051923
0.052850
0.053338
0.050845
0.050598
0.048256
0.051557
0.050567
0.049232
0.052935
0.050352
0.050699
0.050624
0.050484
0.052882
0.050841
0.054643
0.052342
0.053282
0.050736
0.053103
0.052352
0.053725
0.055085
0.053616
0.057106
0.054880
0.053286
0.051709
0.053041
0.053198
0.051775
0.052649
0.052717
0.051097
0.054361
0.050971
0.050300
0.053395
0.050329
0.050591
0.051568
0.050819
0.053386
0.051249
0.049566
0.050417
0.049387
0.050683
0.052435
0.048900
0.050398
0.048862
0.046919
0.049844
0.048018
0.047313
0.047786
0.048228
0.048118
0.049408
0.050286
0.050543
0.047644
0.050798
0.050160
0.051433
0.050048
0.048346
0.047483
0.047815
0.047331
0.048451
0.049522
0.051080
0.049930
0.047486
0.049740
0.049238
0.050642
0.051216
0.049805
0.051957
0.051670
0.053604
0.054303
0.055506
0.053658
0.056108
0.052270
0.053187
0.054326
0.051907
0.051860
0.050940
0.054305
0.051003
0.052000
0.050455
0.052751
0.052576
0.053661
0.050769
0.053101
0.053045
0.055274
0.054477
0.052704
0.050809
0.052399
0.051321
0.055553
0.051389
0.051679
0.050364
0.052134
0.053491
0.053041
0.054105
0.051827
0.052244
0.051070
0.053263
0.050919
0.052389
0.051776
0.052277
0.050568
0.052750
0.053555
0.051352
0.048925
0.051114
0.052409
0.050242
0.051967
0.051381
0.052774
0.048933
0.052333
0.049984
0.050470
0.052832
0.053252
0.053885
0.052228
0.054556
0.052536
0.052845
0.054636
0.052692
0.052593
0.051426
0.054374
0.054009
0.052767
0.053679
0.051633
0.051515
0.050953
0.052064
0.051776
0.052076
0.052796
0.051973
0.053359
0.052986
0.052829
0.051870
0.055325
0.054445
0.055692
0.056294
0.055935
0.054907
0.055807
0.057654
0.058366
0.055741
0.053795
0.056253
0.055809
0.054381
0.055333
0.054344
0.052547
0.054573
0.054112
0.054586
0.053546
0.053138
0.050511
0.050440
0.055749
0.052694
0.053560
0.051140
0.048629
0.051291
0.051590
0.048564
0.049711
0.049041
0.046412
0.048767
0.049232
0.049969
0.048567
0.049607
0.050481
0.049789
0.049445
0.047657
0.049464
0.051422
0.051293
0.051308
0.050519
0.051407
0.050213
0.051989
0.047279
0.046966
0.048599
0.048557
0.048899
0.046769
0.047500
0.047716
0.046732
0.047450
0.046801
0.049252
0.047437
0.045411
0.045415
0.046406
0.047749
0.046010
0.047814
0.049157
0.049506
0.049194
0.051891
0.048078
0.050496
0.046726
0.048881
0.049211
0.049541
0.046919
0.051117
0.047552
0.049860
0.047579
0.049148
0.049118
0.047225
0.048984
0.047620
0.047714
0.048733
0.050251
0.048667
0.049824
0.050377
0.046601
0.049811
0.050886
0.049002
0.047446
0.047235
0.051024
0.048065
0.046607
0.049599
0.051920
0.048107
0.047650
0.049149
0.048129
0.046996
0.049667
0.047252
0.047041
0.045982
0.046403
0.049670
0.047922
0.049932
0.045491
0.047167
0.048230
0.048396
0.051180
0.048209
0.047628
0.049871
0.049228
0.050270
0.051784
0.049952
0.051664
0.049880
0.050464
0.049418
0.049554
0.046490
0.048644
0.051432
0.047132
0.048949
0.048096
0.049256
0.047997
0.047301
0.047152
0.048375
0.049403
0.048745
0.048311
0.049686
0.050913
0.050778
0.051365
0.052774
0.050411
0.053126
0.048770
0.051168
0.051810
0.050660
0.050883
0.050636
0.052422
0.050439
0.052462
0.050737
0.051151
0.051653
0.053809
0.051669
0.054617
0.051873
0.052611
0.051388
0.052250
0.053191
0.051499
0.052514
0.052693
0.053937
0.055042
0.052493
0.051300
0.052275
0.052254
0.052614
0.054681
0.052022
0.052787
0.052480
0.054796
0.054102
0.054044
0.050690
0.052573
0.051565
0.049902
0.050811
0.050702
0.049273
0.053714
0.050618
0.049139
0.052963
0.052265
0.050707
0.051041
0.054270
0.052969
0.049694
0.055710
0.051480
0.050534
0.051963
0.050132
0.051089
0.048720
0.049108
0.052988
0.051421
0.050901
0.052149
0.053639
0.053528
0.052288
0.050810
0.053201
0.050557
0.051542
0.051117
0.049450
0.050586
0.048053
0.048288
0.050496
0.049080
0.049303
0.049136
0.051363
0.048798
0.049418
0.050070
0.048987
0.051585
0.050885
0.053429
0.051945
0.048626
0.049375
0.050469
0.050872
0.050250
0.049829
0.049358
0.048596
0.052543
0.051553
0.053436
0.049706
0.049515
0.046961
0.050289
0.051139
0.052184
0.052827
0.052477
0.053021
0.052991
0.049517
0.050986
0.050933
0.050359
0.047985
0.051801
0.049437
0.051495
0.051106
0.052559
0.052040
0.049832
0.051828
0.050621
0.052289
0.050963
0.051578
0.051993
0.050539
0.052055
0.048738
0.051233
0.049953
0.051776
0.051140
0.052717
0.051291
0.051473
0.053116
0.054020
0.050012
0.050582
0.054807
0.052683
0.052856
0.051752
0.053535
0.052114
0.054162
0.052869
0.051196
0.051034
0.051628
0.052257
0.052734
0.051866
0.050377
0.053206
0.050593
0.052889
0.053480
0.051582
0.055589
0.054260
0.055773
0.055199
0.053486
0.057597
0.057181
0.057632
0.055608
0.055434
0.056143
0.051504
0.051950
0.054255
0.051242
0.053313
0.052457
0.052685
0.055697
0.054721
0.053549
0.052603
0.053958
0.053567
0.052560
0.052447
0.053162
0.052740
0.052141
0.053151
0.053008
0.050203
0.054267
0.055870
0.055243
0.052745
0.053994
0.054968
0.053998
0.052239
0.051136
0.051951
0.051411
0.052057
0.052344
0.054876
0.053256
0.054112
0.055005
0.050473
0.051823
0.052697
0.051313
0.050379
0.049121
0.049836
0.048356
0.050574
0.051207
0.051455
0.052121
0.053214
0.050585
0.052606
0.052637
0.050986
0.051425
0.051763
0.051979
0.051261
0.053066
0.054757
0.054384
0.052076
0.055169
0.053120
0.052134
0.049479
0.052505
0.054795
0.053755
0.053174
0.051672
0.051493
0.048802
0.051397
0.051377
0.050932
0.051823
0.050182
0.049807
0.049056
0.051089
0.052519
0.050206
0.050002
0.049914
0.049540
0.051448
0.051209
0.050378
0.050145
0.050324
0.050684
0.049655
0.053528
0.051601
0.053195
0.051710
0.050781
0.050627
0.051684
0.052248
0.051347
0.050432
0.051876
0.053046
0.052676
0.054287
0.051839
0.051645
0.051322
0.051014
0.051026
0.053040
0.054339
0.053999
0.052699
0.051373
0.051402
0.053490
0.055076
0.054018
0.053750
0.053673
0.054819
0.052982
0.054558
0.053852
0.055290
0.056207
0.053148
0.050421
0.050337
0.051939
0.052182
0.054666
0.053541
0.052647
0.053522
0.053168
0.051273
0.051970
0.050625
0.050632
0.050746
0.051025
0.050753
0.051378
0.049459
0.050647
0.053957
0.052028
0.051546
0.052460
0.054220
0.053117
0.052410
0.053655
0.053346
0.053390
0.054313
0.051789
0.052818
0.054472
0.053917
0.053913
0.053623
0.054384
0.053102
0.052523
0.052896
0.054629
0.054574
0.052902
0.050961
0.050995
0.050568
0.052177
0.051751
0.052152
0.051619
0.052216
0.052209
0.056476
0.053682
0.053939
0.054569
0.053923
0.054953
0.053645
0.055722
0.056240
0.057103
0.054097
0.055600
0.057459
0.055394
0.051356
0.055830
0.056053
0.055049
0.054812
0.057607
0.057259
0.056196
0.055581
0.054117
0.053532
0.053960
0.053647
0.053885
0.054033
0.052455
0.052456
0.052533
0.053799
0.054733
0.054086
0.054114
0.053002
0.052855
0.051851
0.054035
0.054330
0.054010
0.054586
0.053506
0.055174
0.054752
0.055313
0.056092
0.053559
0.056283
0.058221
0.058181
0.054914
0.056643
0.056757
0.055728
0.056623
0.055979
0.056246
0.055090
0.054720
0.054238
0.052573
0.052647
0.054018
0.054090
0.055291
0.052777
0.051933
0.054989
0.057481
0.053193
0.054407
0.055860
0.054452
0.055605
0.054640
0.055871
0.052835
0.054250
0.052504
0.051993
0.052079
0.051644
0.049155
0.052521
0.051190
0.052454
0.051239
0.052310
0.052611
0.053175
0.053352
0.051736
0.052346
0.051082
0.052195
0.053040
0.051939
0.055634
0.051716
0.053348
0.050522
0.052470
0.051285
0.051141
0.050169
0.052053
0.053221
0.050915
0.051996
0.054092
0.054862
0.053156
0.053050
0.052371
0.053481
0.050989
0.052990
0.054086
0.052390
0.055396
0.053803
0.052816
0.052332
0.051153
0.052955
0.054036
0.052637
0.052770
0.051279
0.050769
0.051813
0.050247
0.051322
0.049735
0.049650
0.050880
0.052256
0.051733
0.050871
0.050944
0.049414
0.049549
0.050093
0.049946
0.049547
0.048074
0.048182
0.046251
0.047653
0.049614
0.050171
0.049044
0.050350
0.048264
0.047685
0.049118
0.050381
0.050715
0.049240
0.046313
0.047006
0.045805
0.046742
0.047242
0.047047
0.047395
0.046629
0.045598
0.047041
0.048016
0.048791
0.048863
0.047581
0.047998
0.046623
0.046243
0.045863
0.049373
0.048862
0.047361
0.046956
0.045548
0.046691
0.046054
0.046814
0.047454
0.048336
0.045509
0.046001
0.045752
0.046224
0.048227
0.048996
0.049405
0.051595
0.049396
0.049566
0.048198
0.047619
0.050428
0.048402
0.048782
0.046249
0.047991
0.048615
0.051632
0.051794
0.048501
0.048049
0.050292
0.048829
0.051166
0.049366
0.051221
0.048439
0.048767
0.046611
0.049977
0.048477
0.049714
0.048682
0.048454
0.047745
0.050647
0.049883
0.053026
0.052375
0.052840
0.051401
0.051764
0.049364
0.050267
0.050540
0.052377
0.051508
0.051897
0.051658
0.052679
0.053597
0.052245
0.055130
0.050371
0.053081
0.050686
0.052687
0.051363
0.051298
0.049566
0.049259
0.052498
0.050510
0.050469
0.050810
0.051627
0.051881
0.052582
0.052079
0.049971
0.051451
0.052430
0.051856
0.050609
0.051766
0.050633
0.051116
0.050204
0.049959
0.049443
0.050889
0.049268
0.051084
0.053971
0.051280
0.051539
0.051342
0.051747
0.050257
0.051888
0.052405
0.051289
0.051214
0.052182
0.053201
0.051830
0.051699
0.052984
0.051483
0.052002
0.055436
0.053634
0.048396
0.047559
0.049179
0.049429
0.052448
0.051519
0.052881
0.053630
0.051124
0.052644
0.050420
0.050519
0.050633
0.051995
0.050439
0.050259
0.050130
0.050992
0.049763
0.051431
0.050269
0.050942
0.049687
0.050569
0.048897
0.053015
0.047754
0.048619
0.048952
0.048787
0.049463
0.050813
0.050055
0.053694
0.050716
0.051015
0.054642
0.054468
0.051937
0.051820
0.053347
0.050215
0.050790
0.050542
0.049721
0.046906
0.050142
0.051796
0.050225
0.049565
0.048202
0.049900
0.050826
0.050761
0.050680
0.051605
0.051432
0.053999
0.048141
0.049244
0.049514
0.050481
0.048654
0.051942
0.052431
0.049060
0.050754
0.050096
0.051602
0.051097
0.052107
0.052130
0.052705
0.050745
0.049489
0.052239
0.050331
0.048155
0.050545
0.050279
0.049747
0.049454
0.049671
0.051148
0.051202
0.051453
0.051400
0.049863
0.050569
0.052562
0.054439
0.051317
0.052397
0.050399
0.052594
0.050870
0.051948
0.051704
0.050152
0.049343
0.049163
0.050274
0.049825
0.051733
0.049505
0.050429
0.049191
0.053856
0.052257
0.052410
0.051570
0.050236
0.052420
0.053192
0.054605
0.053161
0.051860
0.055896
0.053102
0.054723
0.055856
0.055845
0.054206
0.055082
0.055491
0.056139
0.054895
0.053305
0.055005
0.055262
0.055904
0.057528
0.053733
0.053443
0.056014
0.055727
0.055288
0.053866
0.052393
0.051502
0.053203
0.051827
0.055216
0.053809
0.054674
0.054067
0.054419
0.053058
0.054919
0.053057
0.054118
0.051870
0.053987
0.051451
0.056265
0.054962
0.055281
0.053489
0.052480
0.050514
0.052676
0.055671
0.054269
0.054594
0.054516
0.054490
0.055204
0.051332
0.057306
0.053958
0.053408
0.051632
0.053892
0.053224
0.053007
0.054574
0.054037
0.052393
0.055137
0.051842
0.054291
0.053343
0.056814
0.053873
0.054758
0.052373
0.053430
0.056096
0.053291
0.055594
0.053164
0.052359
0.054736
0.052971
0.052114
0.051458
0.052689
0.052340
0.052027
0.052856
0.051902
0.051397
0.052021
0.051841
0.048791
0.049125
0.049458
0.049871
0.051207
0.052034
0.051780
0.051524
0.052105
0.050976
0.052605
0.051095
0.047168
0.049463
0.052680
0.050086
0.051920
0.050974
0.048973
0.049189
0.047571
0.049600
0.048293
0.051814
0.049756
0.050431
0.051421
0.050680
0.052276
0.049999
0.051841
0.051609
0.050249
0.052497
0.049354
0.048950
0.050308
0.052262
0.052838
0.055067
0.054517
0.050663
0.051323
0.052135
0.052558
0.054311
0.054242
0.053499
0.050226
0.051494
0.050194
0.049538
0.051132
0.051017
0.051783
0.050096
0.055262
0.054014
0.053654
0.052887
0.055234
0.053917
0.053800
0.051438
0.053623
0.052278
0.053957
0.052588
0.053093
0.052216
0.053852
0.053260
0.053742
0.053662
0.051308
0.053816
0.055993
0.053999
0.054163
0.053584
0.054512
0.052805
0.053912
0.055121
0.050599
0.051400
0.053646
0.050754
0.051034
0.050965
0.051349
0.050601
0.049052
0.049771
0.049513
0.051625
0.048820
0.048603
0.049196
0.053038
0.053236
0.050836
0.049848
0.048564
0.050353
0.050860
0.050617
0.051564
0.053643
0.051840
0.053106
0.052981
0.052358
0.052085
0.054616
0.055145
0.055274
0.053689
0.055407
0.053931
0.054766
0.055560
0.053856
0.051486
0.052656
0.052674
0.051324
0.055283
0.053389
0.053186
0.053480
0.051932
0.054264
0.054318
0.055476
0.053022
0.055386
0.054815
0.052511
0.052326
0.054991
0.054850
0.055122
0.055057
0.053241
0.055552
0.054350
0.055117
0.052951
0.052580
0.055979
0.054796
0.057943
0.058919
0.056654
0.056152
0.056817
0.056915
0.057477
0.056436
0.055775
0.057473
0.058400
0.055779
0.057278
0.057309
0.055204
0.055889
0.055988
0.052514
0.054954
0.054782
0.052983
0.053814
0.057098
0.058455
0.054405
0.055707
0.057827
0.057124
0.055702
0.056695
0.055526
0.058218
0.057262
0.054878
0.056722
0.054363
0.054225
0.054078
0.054040
0.054979
0.053703
0.053160
0.052331
0.055247
0.054146
0.055170
0.054593
0.053875
0.056105
0.051876
0.054766
0.053381
0.052709
0.050180
0.051886
0.054255
0.054365
0.054712
0.053351
0.055586
0.054390
0.054174
0.054279
0.051456
0.056794
0.055512
0.054773
0.056528
0.055633
0.053331
0.054531
0.053294
0.054901
0.057422
0.055743
0.051909
0.051857
0.052806
0.053879
0.054893
0.053720
0.054835
0.053083
0.054590
0.053072
0.053717
0.053836
0.052909
0.053302
0.053922
0.054201
0.054164
0.053066
0.056485
0.055012
0.051998
0.052612
0.054077
0.053153
0.054282
0.053939
0.055255
0.052976
0.052157
0.054556
0.053233
0.051805
0.052517
0.051768
0.052458
0.053591
0.051777
0.054783
0.050889
0.052320
0.052274
0.051297
0.055324
0.053827
0.053249
0.050461
0.051678
0.053135
0.051285
0.051087
0.051758
0.051215
0.050810
0.050048
0.053026
0.051789
0.051098
0.053294
0.052946
0.052565
0.050983
0.050224
0.052196
0.055111
0.052917
0.052200
0.051884
0.050378
0.048997
0.051739
0.051652
0.050017
0.050089
0.049131
0.051909
0.048514
0.050363
0.048541
0.047757
0.049458
0.048735
0.049491
0.048804
0.050440
0.051053
0.048544
0.050609
0.048984
0.049736
0.050394
0.049060
0.051689
0.050853
0.051131
0.050881
0.049752
0.050103
0.049630
0.048692
0.048702
0.048711
0.049833
0.048454
0.049795
0.047196
0.049417
0.050173
0.049178
0.050615
0.050248
0.050533
0.049601
0.049650
0.048819
0.046654
0.049225
0.051229
0.048857
0.046692
0.046740
0.045144
0.045216
0.046660
0.049838
0.049177
0.049695
0.048150
0.047730
0.046308
0.048232
0.047287
0.046790
0.046322
0.044811
0.046878
0.048036
0.047390
0.047306
0.046526
0.046955
0.049051
0.047453
0.047645
0.046561
0.046185
0.047282
0.045645
0.047668
0.049180
0.046923
0.047445
0.048442
0.049268
0.048671
0.048924
0.049506
0.048379
0.048289
0.048557
0.048041
0.047210
0.048966
0.048326
0.049355
0.049201
0.050520
0.047874
0.047789
0.049332
0.049798
0.049087
0.050046
0.048547
0.046546
0.048881
0.047452
0.048649
0.045954
0.047837
0.047682
0.049838
0.049757
0.048932
0.050624
0.048573
0.049857
0.047892
0.048457
0.047520
0.049335
0.050548
0.054207
0.053957
0.053049
0.052055
0.049799
0.049581
0.051293
0.050463
0.051339
0.051022
0.052063
0.051801
0.051358
0.051871
0.053304
0.052846
0.053090
0.053473
0.051788
0.050329
0.054665
0.054457
0.052148
0.051890
0.053828
0.050218
0.055705
0.053891
0.053997
0.052723
0.051367
0.052235
0.051779
0.053012
0.053051
0.051684
0.053233
0.052836
0.052157
0.051146
0.053196
0.050821
0.051344
0.049698
0.052270
0.051047
0.048462
0.050834
0.051322
0.051648
0.053292
0.051661
0.050891
0.049345
0.049303
0.050915
0.050542
0.047426
0.048543
0.049212
0.050369
0.050116
0.050888
0.052135
0.050573
0.051497
0.052654
0.053885
0.052545
0.055770
0.053616
0.053471
0.054508
0.055160
0.054535
0.054239
0.056378
0.053678
0.056738
0.055174
0.055847
0.053748
0.053164
0.055913
0.052751
0.054110
0.055303
0.057143
0.055350
0.054390
0.052640
0.052202
0.055052
0.052361
0.050989
0.051069
0.050329
0.051224
0.050674
0.051942
0.052642
0.050600
0.051384
0.054216
0.051964
0.051441
0.051380
0.049293
0.050004
0.052259
0.053643
0.049481
0.050602
0.051167
0.053784
0.051617
0.052593
0.055417
0.054542
0.055951
0.050086
0.051800
0.052329
0.052187
0.049908
0.048977
0.050038
0.049982
0.051184
0.052884
0.050605
0.051957
0.049588
0.052339
0.050993
0.051798
0.048594
0.050524
0.050261
0.049014
0.050883
0.053199
0.052128
0.052380
0.052496
0.052497
0.052823
0.052939
0.053742
0.052782
0.053716
0.054840
0.054031
0.053304
0.053298
0.052745
0.053453
0.051942
0.053547
0.050958
0.052102
0.051548
0.050759
0.050172
0.053394
0.053428
0.050589
0.052882
0.052917
0.051722
0.053305
0.052964
0.052300
0.053008
0.050422
0.051333
0.051632
0.054667
0.054556
0.053730
0.053497
0.051003
0.050183
0.051645
0.050105
0.050052
0.052073
0.052256
0.050125
0.051281
0.049883
0.048522
0.047319
0.048588
0.046964
0.051249
0.051029
0.051808
0.048956
0.051169
0.051961
0.055740
0.052081
0.052894
0.051782
0.054610
0.051871
0.053355
0.052686
0.054358
0.052111
0.053768
0.054926
0.052762
0.051613
0.054366
0.052981
0.053954
0.054319
0.051318
0.051678
0.052128
0.051532
0.051873
0.049580
0.051550
0.050163
0.049311
0.049922
0.048822
0.051007
0.049711
0.049007
0.047278
0.050438
0.048949
0.048857
0.049464
0.052370
0.052249
0.053824
0.053105
0.050892
0.051409
0.050673
0.051172
0.052017
0.051300
0.052708
0.049777
0.051304
0.048883
0.050023
0.050757
0.049851
0.049745
0.048936
0.049464
0.050403
0.050067
0.053124
0.048901
0.050329
0.051341
0.052023
0.051794
0.053498
0.049566
0.053088
0.053372
0.052257
0.050501
0.051795
0.050854
0.053179
0.049716
0.052051
0.050634
0.052452
0.051092
0.050157
0.049555
0.049363
0.051282
0.050615
0.049688
0.048940
0.050720
0.050617
0.049733
0.050298
0.047466
0.051237
0.051663
0.051536
0.051834
0.048863
0.052425
0.052848
0.051676
0.053205
0.050971
0.052544
0.052008
0.051877
0.051379
0.050464
0.049447
0.052747
0.052784
0.053947
0.051333
0.050867
0.052181
0.051632
0.050714
0.051358
0.049685
0.050943
0.051909
0.048498
0.050895
0.052459
0.047340
0.046997
0.048307
0.045901
0.047653
0.049771
0.046185
0.050074
0.048411
0.046723
0.045087
0.046629
0.046054
0.045690
0.044870
0.045375
0.043219
0.045996
0.044208
0.047246
0.045048
0.046315
0.044944
0.047984
0.045115
0.045840
0.045679
0.045175
0.044604
0.046300
0.047974
0.047395
0.045013
0.044383
0.044916
0.045835
0.046651
0.046251
0.047885
0.046326
0.046925
0.045611
0.044920
0.044238
0.046648
0.047181
0.046823
0.047408
0.047899
0.045517
0.047579
0.046790
0.045404
0.044435
0.044056
0.045162
0.044711
0.043561
0.044073
0.044935
0.045822
0.046532
0.046959
0.050661
0.048505
0.049054
0.048596
0.048260
0.048008
0.047825
0.048210
0.048180
0.048935
0.049034
0.048590
0.049472
0.049271
0.048054
0.047382
0.047842
0.049253
0.049152
0.047052
0.046617
0.047175
0.046475
0.048971
0.047300
0.045891
0.048750
0.048826
0.049870
0.051016
0.049317
0.051699
0.049660
0.049175
0.048052
0.051278
0.048710
0.050707
0.049526
0.049212
0.052387
0.053070
0.053942
0.053388
0.055385
0.052216
0.054613
0.055074
0.056546
0.056468
0.054804
0.055259
0.056561
0.053801
0.056382
0.057425
0.055715
0.056744
0.058134
0.056045
0.052130
0.053985
0.054354
0.055719
0.054022
0.054211
0.056433
0.052982
0.055753
0.055617
0.054161
0.055958
0.052235
0.055781
0.053999
0.054805
0.053353
0.054351
0.052020
0.053959
0.052709
0.054161
0.052182
0.052043
0.051585
0.052400
0.053498
0.051858
0.052153
0.054965
0.053637
0.053864
0.053099
0.052964
0.050324
0.052581
0.052108
0.051510
0.049550
0.051463
0.051470
0.048504
0.048745
0.049664
0.049026
0.049152
0.048316
0.050438
0.049474
0.048893
0.049355
0.049105
0.050135
0.050886
0.048044
0.049510
0.050555
0.053410
0.051377
0.049646
0.051884
0.050011
0.052422
0.050549
0.051210
0.051636
0.050309
0.049178
0.050144
0.048832
0.048826
0.051567
0.051518
0.050989
0.051232
0.051794
0.052812
0.051965
0.051529
0.049427
0.052326
0.052360
0.051588
0.050662
0.050042
0.048026
0.051670
0.053477
0.053091
0.053029
0.050500
0.052181
0.053688
0.051823
0.052088
0.052456
0.052741
0.051091
0.049970
0.051387
0.054060
0.052746
0.051744
0.051860
0.051364
0.051111
0.052116
0.052958
0.050517
0.050422
0.050887
0.050680
0.048190
0.049721
0.049202
0.048157
0.049863
0.048807
0.047744
0.047765
0.047422
0.046766
0.049055
0.048507
0.048015
0.047214
0.048835
0.047944
0.048140
0.049086
0.050861
0.048790
0.048643
0.047637
0.048758
0.049561
0.050417
0.047659
0.049096
0.047432
0.048110
0.049699
0.050531
0.049520
0.049057
0.047375
0.049244
0.049597
0.048155
0.049999
0.049269
0.050979
0.050276
0.051811
0.051242
0.050698
0.049558
0.050201
0.049975
0.050503
0.052877
0.050653
0.051383
0.051379
0.054266
0.050670
0.049746
0.051026
0.050325
0.054566
0.051756
0.052429
0.052303
0.052601
0.050577
0.052492
0.052827
0.051425
0.051136
0.054637
0.054131
0.053371
0.052125
0.050929
0.050334
0.050967
0.050062
0.050895
0.053821
0.053005
0.053463
0.053047
0.052377
0.052779
0.053965
0.051705
0.053567
0.051603
0.051290
0.052581
0.052554
0.049669
0.050415
0.051317
0.051438
0.050732
0.051652
0.054179
0.052102
0.050828
0.050838
0.049936
0.051122
0.050619
0.051959
0.051945
0.051281
0.053322
0.053558
0.053687
0.054145
0.051675
0.049528
0.051128
0.051187
0.053296
0.052452
0.050903
0.051182
0.050459
0.050952
0.049309
0.049426
0.049185
0.050042
0.050695
0.050222
0.050783
0.052325
0.051550
0.050257
0.047325
0.047371
0.047841
0.047066
0.048701
0.048927
0.048555
0.047974
0.048389
0.048413
0.048738
0.047921
0.049229
0.047778
0.050726
0.051658
0.051942
0.049025
0.052546
0.054598
0.051991
0.052265
0.053642
0.052904
0.049070
0.052455
0.052659
0.051290
0.051044
0.051547
0.052560
0.050815
0.048269
0.048065
0.051512
0.051444
0.051214
0.051014
0.050379
0.052405
0.053732
0.053713
0.054391
0.053021
0.053736
0.051960
0.051802
0.051717
0.051985
0.053178
0.051350
0.051394
0.053439
0.052345
0.052976
0.053109
0.055106
0.056265
0.053647
0.052568
0.055238
0.052566
0.053840
0.053453
0.053903
0.054589
0.055317
0.055230
0.054582
0.054826
0.057283
0.053238
0.053831
0.058484
0.054894
0.056371
0.057072
0.056124
0.056471
0.057821
0.054487
0.054600
0.054686
0.057425
0.057144
0.053916
0.056447
0.056090
0.056660
0.055727
0.056436
0.055150
0.052909
0.055671
0.057003
0.054536
0.055416
0.055137
0.054409
0.055968
0.053529
0.054021
0.055107
0.054553
0.056008
0.054742
0.052649
0.050604
0.049068
0.050538
0.048849
0.052507
0.054411
0.053956
0.051991
0.052953
0.049951
0.052511
0.051874
0.055572
0.053812
0.056003
0.054385
0.053201
0.051127
0.053644
0.053442
0.052139
0.050632
0.050524
0.049647
0.052113
0.052500
0.051854
0.048240
0.050834
0.053644
0.052662
0.050685
0.052955
0.052690
0.052984
0.053476
0.051903
0.051631
0.051098
0.051967
0.053286
0.051476
0.051868
0.050809
0.052415
0.054896
0.055374
0.054272
0.054668
0.053399
0.052780
0.053471
0.053404
0.051318
0.050859
0.053829
0.054351
0.054249
0.053530
0.053493
0.054597
0.054847
0.052244
0.053902
0.050713
0.051998
0.052224
0.049589
0.050400
0.052471
0.052733
0.052271
0.050913
0.051876
0.052401
0.051818
0.054182
0.054852
0.053119
0.055155
0.051808
0.056516
0.052492
0.053828
0.054195
0.051711
0.055021
0.055519
0.054763
0.053309
0.056619
0.054678
0.054199
0.056729
0.056680
0.056325
0.054890
0.053923
0.054503
0.054462
0.055344
0.056202
0.056660
0.055615
0.055346
0.056934
0.056651
0.053706
0.053606
0.054847
0.055620
0.056126
0.053764
0.051477
0.052501
0.053778
0.051260
0.054210
0.052631
0.050444
0.051876
0.052242
0.055575
0.055329
0.052101
0.055300
0.054500
0.055385
0.054410
0.054125
0.054828
0.055601
0.056154
0.055084
0.056750
0.055189
0.054251
0.054181
0.054980
0.055730
0.056361
0.056153
0.056033
0.054422
0.055408
0.057598
0.056717
0.056773
0.056028
0.057353
0.058825
0.058520
0.057562
0.060392
0.055273
0.057410
0.057032
0.053206
0.055637
0.053920
0.051741
0.057296
0.057155
0.054711
0.054791
0.055819
0.055679
0.054154
0.054175
0.056078
0.055170
0.055537
0.055720
0.055263
0.055268
0.057376
0.056817
0.057054
0.055029
0.057204
0.052614
0.053130
0.056144
0.056859
0.053558
0.053039
0.052731
0.053619
0.051844
0.051955
0.052244
0.052017
0.054098
0.053713
0.053700
0.057495
0.056262
0.051506
0.054274
0.054196
0.054390
0.053629
0.052456
0.052835
0.051089
0.053458
0.050538
0.050265
0.051734
0.048864
0.049430
0.050291
0.050892
0.049286
0.051051
0.048463
0.050434
0.051698
0.051232
0.051311
0.050347
0.048998
0.049254
0.050210
0.048257
0.048917
0.049470
0.049359
0.049779
0.052424
0.050575
0.050458
0.050118
0.052391
0.051750
0.052082
0.051436
0.054006
0.054038
0.051082
0.051855
0.051366
0.050754
0.050888
0.050576
0.053085
0.049942
0.050240
0.053814
0.052579
0.052628
0.053305
0.054351
0.053475
0.052474
0.054738
0.051495
0.053219
0.053611
0.053919
0.054209
0.054958
0.053871
0.054021
0.053406
0.055684
0.053154
0.051023
0.053313
0.052131
0.054022
0.052200
0.053406
0.051833
0.052235
0.053025
0.048993
0.052281
0.051944
0.052240
0.051541
0.052715
0.053246
0.052928
0.052892
0.050690
0.052483
0.052491
0.054710
0.056526
0.052834
0.053927
0.054588
0.052461
0.055584
0.052107
0.053688
0.053620
0.051169
0.054016
0.051653
0.052765
0.051809
0.053417
0.052778
0.052552
0.055237
0.054359
0.054921
0.050433
0.052662
0.051913
0.057328
0.051814
0.052455
0.052687
0.048078
0.050052
0.049946
0.051442
0.050305
0.051006
0.048466
0.051254
0.051703
0.050500
0.051251
0.051943
0.049652
0.051061
0.053092
0.053308
0.054365
0.052411
0.052775
0.054137
0.052442
0.052160
0.050087
0.051582
0.051179
0.050926
0.048941
0.054514
0.052570
0.050534
0.052768
0.053757
0.054932
0.053427
0.054958
0.053583
0.053096
0.055234
0.053596
0.052876
0.052512
0.051822
0.052089
0.054284
0.050705
0.054724
0.051122
0.052159
0.052082
0.052650
0.052750
0.051394
0.050721
0.052046
0.051654
0.051488
0.050376
0.051955
0.052114
0.050883
0.052355
0.051561
0.049317
0.051209
0.050692
0.051298
0.050142
0.048522
0.051179
0.050733
0.051434
0.052953
0.050028
0.051379
0.054307
0.054337
0.052583
0.052914
0.053350
0.056174
0.056862
0.055945
0.055945
0.053839
0.053450
0.057441
0.054930
0.054364
0.053764
0.053589
0.054198
0.055375
0.056624
0.053540
0.053036
0.056099
0.053627
0.050845
0.051042
0.051940
0.053660
0.051562
0.051033
0.051937
0.053840
0.054599
0.049776
0.054263
0.053630
0.050329
0.052752
0.054552
0.052001
0.054272
0.055886
0.056029
0.053570
0.052552
0.056475
0.054750
0.053995
0.052815
0.053906
0.052395
0.053037
0.053724
0.054607
0.054126
0.055110
0.054231
0.052989
0.052216
0.053207
0.049961
0.050826
0.050869
0.050167
0.051794
0.056032
0.052173
0.050293
0.050740
0.050942
0.051972
0.049950
0.052319
0.051579
0.052910
0.053047
0.049530
0.052275
0.050508
0.048894
0.048277
0.049132
0.049675
0.050947
0.050805
0.049639
0.048349
0.050519
0.053290
0.051757
0.052450
0.049519
0.054598
0.053267
0.051964
0.051647
0.053080
0.054143
0.053634
0.051852
0.051613
0.052718
0.051710
0.051178
0.055326
0.052731
0.055470
0.052177
0.053331
0.053640
0.050730
0.053365
0.053562
0.051996
0.054719
0.052369
0.051433
0.052429
0.052626
0.053411
0.052072
0.054829
0.054804
0.054252
0.057331
0.054445
0.054648
0.053819
0.055392
0.056010
0.052868
0.052967
0.052742
0.053254
0.050971
0.051381
0.051614
0.050245
0.051180
0.050434
0.049675
0.049442
0.051242
0.051566
0.051725
0.051857
0.053867
0.052804
0.052190
0.052946
0.056402
0.054625
0.057068
0.054256
0.054275
0.055908
0.054152
0.053593
0.053957
0.052815
0.051393
0.053768
0.054357
0.053279
0.055751
0.052771
0.054699
0.057498
0.057221
0.056397
0.055417
0.055550
0.056417
0.059059
0.057108
0.054943
0.055837
0.055596
0.058816
0.058354
0.057370
0.058130
0.059689
0.057380
0.058353
0.057582
0.057995
0.059447
0.057419
0.057016
0.058357
0.056386
0.058150
0.058594
0.057069
0.058308
0.056928
0.055113
0.055183
0.053483
0.058145
0.056917
0.054390
0.055222
0.053735
0.054003
0.053982
0.053437
0.054015
0.052763
0.053887
0.052264
0.054918
0.055016
0.051702
0.053941
0.053383
0.053201
0.050937
0.051509
0.052075
0.052586
0.052018
0.054968
0.050451
0.052331
0.052013
0.051692
0.051913
0.051306
0.053692
0.050377
0.051487
0.051522
0.052687
0.053294
0.053822
0.051970
0.056889
0.055213
0.056382
0.053659
0.052557
0.054549
0.055281
0.051421
0.055955
0.054697
0.056417
0.055304
0.057230
0.056165
0.053502
0.054589
0.055331
0.054037
0.054968
0.052599
0.054759
0.054634
0.057161
0.053774
0.056310
0.052634
0.054238
0.057262
0.055641
0.059065
0.056698
0.056245
0.056842
0.056312
0.056885
0.054982
0.055601
0.056217
0.056801
0.055077
0.057614
0.057181
0.056513
0.054537
0.053785
0.054054
0.056618
0.057852
0.057832
0.056979
0.056065
0.057250
0.056099
0.055361
0.055399
0.054605
0.051941
0.056084
0.054373
0.055830
0.056317
0.053072
0.055428
0.055739
0.052097
0.052233
0.053376
0.053510
0.050294
0.050837
0.051083
0.050466
0.049704
0.052089
0.051922
0.051223
0.053453
0.054482
0.054942
0.055661
0.054506
0.053769
0.056226
0.053894
0.053452
0.055988
0.053892
0.051324
0.051809
0.054839
0.052388
0.054060
0.056637
0.052470
0.052320
0.054624
0.051164
0.054731
0.054333
0.052335
0.052125
0.052556
0.051635
0.055353
0.054894
0.054180
0.051958
0.052689
0.050869
0.056389
0.053550
0.050864
0.052304
0.053852
0.051025
0.051533
0.052958
0.051282
0.052551
0.050511
0.051462
0.052179
0.051013
0.051031
0.052526
0.052717
0.053858
0.049290
0.051618
0.050757
0.050068
0.054767
0.052363
0.052224
0.050491
0.049324
0.050541
0.051886
0.051616
0.052998
0.050922
0.052436
0.053763
0.053209
0.052167
0.052718
0.052443
0.049335
0.048265
0.050122
0.049956
0.049121
0.045057
0.045440
0.048734
0.049374
0.047561
0.050455
0.047086
0.050283
0.046806
0.049345
0.047341
0.051337
0.050948
0.050351
0.050252
0.048369
0.050128
0.050930
0.052249
0.048441
0.051189
0.051301
0.052247
0.049335
0.049487
0.049445
0.048714
0.049205
0.047279
0.049801
0.048325
0.050494
0.049333
0.050242
0.047608
0.050617
0.049868
0.048788
0.050004
0.048933
0.049139
0.047246
0.050007
0.052619
0.050369
0.050904
0.052068
0.048955
0.048381
0.050372
0.050341
0.052408
0.049828
0.049373
0.049948
0.048734
0.049322
0.047709
0.051644
0.048886
0.047241
0.050635
0.048820
0.049668
0.049790
0.050333
0.050125
0.047765
0.047792
0.049252
0.046846
0.050094
0.050135
0.050933
0.048792
0.050455
0.049675
0.048026
0.049544
0.050624
0.051448
0.050564
0.051165
0.051239
0.049835
0.051233
0.049799
0.051010
0.049551
0.050403
0.049850
0.050477
0.049391
0.048052
0.051527
0.050616
0.051080
0.052130
0.049906
0.051450
0.051055
0.051455
0.049453
0.051009
0.053219
0.051861
0.051869
0.049451
0.051862
0.051641
0.049822
0.048548
0.046980
0.048409
0.049432
0.047207
0.048124
0.049410
0.047078
0.046503
0.047255
0.048998
0.047884
0.050859
0.049766
0.050784
0.049097
0.048762
0.051165
0.049219
0.053974
0.051731
0.054126
0.052267
0.050722
0.052713
0.051254
0.053002
0.054373
0.052639
0.055582
0.052651
0.050942
0.051318
0.052320
0.052547
0.053577
0.054101
0.052634
0.053288
0.052007
0.054260
0.053325
0.051216
0.051968
0.053930
0.050502
0.051125
0.053199
0.051976
0.051647
0.048978
0.049358
0.050917
0.051467
0.051169
0.049310
0.051529
0.051877
0.050773
0.051014
0.050836
0.050985
0.050698
0.050492
0.052419
0.051618
0.052924
0.051142
0.049260
0.052624
0.051676
0.053666
0.050864
0.050172
0.053941
0.053800
0.052353
0.051475
0.053628
0.053834
0.052385
0.051368
0.052096
0.053371
0.052868
0.051238
0.048383
0.050056
0.050050
0.051067
0.049160
0.049914
0.052462
0.051953
0.051544
0.050322
0.051860
0.051040
0.049280
0.052821
0.051256
0.054005
0.053763
0.052340
0.051668
0.051446
0.052859
0.052578
0.052153
0.049949
0.050847
0.052867
0.051667
0.052592
0.052629
0.051974
0.051526
0.052860
0.051989
0.052546
0.053037
0.051805
0.049805
0.049376
0.050441
0.051216
0.056735
0.053583
0.052065
0.053349
0.051144
0.051560
0.050697
0.051036
0.052667
0.053408
0.052338
0.054316
0.052982
0.055562
0.055801
0.054518
0.054051
0.053132
0.053741
0.051583
0.052069
0.051694
0.050621
0.052371
0.053788
0.051661
0.053766
0.053095
0.054779
0.053541
0.054292
0.053642
0.055618
0.053784
0.053656
0.053788
0.052383
0.053224
0.051962
0.051791
0.050961
0.049403
0.049047
0.050877
0.049857
0.052511
0.049703
0.050900
0.050759
0.050321
0.050102
0.051598
0.050189
0.049981
0.051773
0.050048
0.050085
0.049806
0.050150
0.050769
0.048094
0.049726
0.051617
0.048631
0.050747
0.051366
0.051368
0.050596
0.052472
0.052771
0.053036
0.050876
0.054262
0.052991
0.054551
0.054654
0.053600
0.054399
0.054509
0.054011
0.053648
0.052966
0.053200
0.055625
0.052093
0.054061
0.055058
0.052367
0.053047
0.052703
0.054935
0.052475
0.054423
0.052633
0.052739
0.052636
0.055327
0.056937
0.055348
0.055561
0.056134
0.054924
0.055850
0.055965
0.056689
0.055354
0.054723
0.054672
0.054146
0.054135
0.052974
0.054948
0.053321
0.055707
0.055167
0.057423
0.055770
0.056678
0.057330
0.056327
0.053092
0.056117
0.054377
0.057218
0.057300
0.055031
0.054912
0.055209
0.055215
0.054211
0.054750
0.057984
0.054374
0.055850
0.055379
0.057996
0.059026
0.059142
0.059065
0.055235
0.054982
0.054874
0.059978
0.054038
0.056336
0.055275
0.055660
0.056841
0.055316
0.056266
0.056694
0.054796
0.053974
0.055099
0.056569
0.059720
0.057261
0.056109
0.053333
0.054213
0.053953
0.053530
0.055724
0.058339
0.055197
0.055809
0.054928
0.053608
0.050391
0.051230
0.052177
0.052553
0.050320
0.051301
0.050800
0.051855
0.052867
0.052006
0.050109
0.051346
0.050145
0.050424
0.050461
0.050715
0.053309
0.050342
0.053379
0.052864
0.051959
0.052828
0.053020
0.052799
0.052516
0.053004
0.050446
0.053933
0.050188
0.051082
0.052844
0.053766
0.049785
0.051092
0.051515
0.053796
0.052821
0.053793
0.051317
0.051507
0.054013
0.051425
0.052108
0.051934
0.050582
0.053423
0.053977
0.053292
0.051174
0.053707
0.052564
0.052992
0.055651
0.053744
0.054241
0.053238
0.055545
0.054951
0.052128
0.050207
0.049061
0.051348
0.051570
0.051737
0.050764
0.049998
0.050784
0.052736
0.050087
0.051617
0.052750
0.050178
0.052195
0.049530
0.049966
0.050640
0.051081
0.050252
0.053140
0.052968
0.053554
0.050886
0.052474
0.050741
0.051205
0.050113
0.051442
0.049844
0.050666
0.052846
0.051178
0.051239
0.050684
0.049765
0.049732
0.053524
0.052075
0.052865
0.051366
0.051424
0.051164
0.050601
0.051265
0.048747
0.051688
0.049657
0.051239
0.048412
0.050161
0.049045
0.050206
0.051222
0.050974
0.049884
0.048285
0.049810
0.050469
0.048425
0.048932
0.051230
0.050729
0.050277
0.049085
0.051947
0.050606
0.051760
0.050574
0.051772
0.052333
0.049997
0.052531
0.049007
0.047736
0.047491
0.048343
0.046634
0.050883
0.049806
0.051737
0.047403
0.051043
0.050553
0.051175
0.047361
0.049962
0.050138
0.048304
0.048632
0.048087
0.049128
0.048387
0.049582
0.048527
0.047626
0.047708
0.046704
0.046156
0.047239
0.047043
0.048833
0.047531
0.047200
0.046263
0.044766
0.045682
0.044304
0.046050
0.045858
0.048065
0.045327
0.047321
0.045754
0.047062
0.044888
0.046429
0.045690
0.050278
0.047688
0.047647
0.047349
0.048865
0.050444
0.050794
0.047332
0.049274
0.048541
0.048543
0.047434
0.051157
0.052537
0.048698
0.048526
0.051593
0.050899
0.053504
0.050670
0.050229
0.052506
0.050782
0.053686
0.052656
0.052089
0.051241
0.052295
0.050562
0.051847
0.052890
0.051841
0.052535
0.053441
0.054855
0.053834
0.053586
0.052708
0.051919
0.051840
0.053713
0.052103
0.051632
0.050593
0.051146
0.048090
0.050141
0.049331
0.049085
0.050707
0.048654
0.048058
0.048485
0.048451
0.049498
0.048277
0.049702
0.046645
0.046783
0.048647
0.047219
0.049004
0.049413
0.048855
0.049348
0.048832
0.049635
0.053056
0.053887
0.053272
0.051266
0.050956
0.053260
0.052780
0.054740
0.053200
0.053949
0.053060
0.057102
0.054438
0.052713
0.053698
0.054607
0.054705
0.054280
0.053273
0.051473
0.054397
0.051392
0.053837
0.052704
0.054824
0.054196
0.051805
0.051277
0.054266
0.051115
0.051852
0.051147
0.050226
0.053190
0.051665
0.051177
0.050993
0.051082
0.050134
0.050752
0.049078
0.050664
0.053195
0.053249
0.051404
0.053454
0.051014
0.052315
0.051268
0.050143
0.053390
0.053306
0.055243
0.049462
0.052636
0.051333
0.050775
0.053000
0.053754
0.052316
0.053998
0.053586
0.051624
0.052748
0.052229
0.051343
0.050594
0.051248
0.050516
0.051272
0.052604
0.051378
0.052088
0.052001
0.051129
0.053182
0.051614
0.053174
0.052942
0.051779
0.054772
0.056057
0.056746
0.054164
0.055158
0.057798
0.054477
0.057787
0.056626
0.055940
0.057658
0.059137
0.059041
0.057785
0.058242
0.056079
0.056769
0.056931
0.057884
0.055690
0.056031
0.056018
0.055546
0.057309
0.057183
0.055692
0.055035
0.054220
0.054244
0.052005
0.053454
0.055382
0.053602
0.057104
0.055459
0.056714
0.058682
0.058216
0.054161
0.057235
0.058527
0.057888
0.059068
0.058654
0.059598
0.056238
0.056316
0.056347
0.056277
0.056776
0.056350
0.058449
0.054991
0.055623
0.056049
0.055095
0.054692
0.051116
0.051293
0.054940
0.051394
0.052955
0.052349
0.053207
0.052030
0.052030
0.053077
0.052675
0.055009
0.055028
0.052739
0.056311
0.054969
0.054160
0.054861
0.056022
0.055999
0.056702
0.057128
0.055233
0.054738
0.057904
0.055214
0.053412
0.054719
0.054588
0.054357
0.054924
0.053334
0.055453
0.052730
0.053751
0.053848
0.053641
0.052750
0.051845
0.052416
0.051231
0.051550
0.053714
0.051011
0.049230
0.050476
0.050159
0.049549
0.048254
0.050024
0.047767
0.046476
0.049119
0.045615
0.046307
0.046970
0.047477
0.046664
0.049158
0.049617
0.049072
0.049872
0.048924
0.052371
0.051014
0.051108
0.047581
0.049702
0.050284
0.049102
0.051114
0.051133
0.049845
0.048859
0.049507
0.048507
0.048996
0.050169
0.051359
0.049980
0.049447
0.050181
0.048142
0.048053
0.050995
0.051035
0.050961
0.050398
0.052524
0.050481
0.051899
0.053724
0.050598
0.049576
0.049863
0.049934
0.050340
0.050522
0.050133
0.050402
0.050070
0.050509
0.050515
0.050660
0.052281
0.052602
0.050840
0.051035
0.051423
0.050399
0.051607
0.049946
0.048015
0.049288
0.049247
0.052179
0.052903
0.051631
0.052158
0.051180
0.050098
0.050466
0.049920
0.050170
0.049040
0.051479
0.049408
0.048758
0.049419
0.048348
0.049799
0.049201
0.051352
0.050604
0.050071
0.051081
0.049526
0.048112
0.050556
0.050317
0.051400
0.047171
0.048812
0.049168
0.051150
0.049336
0.050756
0.049469
0.047685
0.049572
0.047486
0.046983
0.047992
0.047297
0.047659
0.046742
0.044210
0.045705
0.045973
0.045655
0.046633
0.047153
0.048920
0.047527
0.046643
0.049558
0.046922
0.049717
0.047207
0.045656
0.046486
0.049396
0.048290
0.049032
0.050041
0.048881
0.051643
0.049536
0.050179
0.048358
0.047620
0.048784
0.049296
0.049732
0.051726
0.050601
0.049198
0.052039
0.053052
0.053612
0.052581
0.053769
0.054583
0.053404
0.056450
0.056134
0.056504
0.058164
0.055820
0.055185
0.054303
0.053937
0.053777
0.055153
0.053956
0.055515
0.053329
0.050798
0.053626
0.054551
0.052882
0.054821
0.053740
0.053158
0.053089
0.053835
0.051091
0.050621
0.052068
0.051404
0.051563
0.050043
0.052431
0.052498
0.050759
0.051336
0.052584
0.051137
0.050633
0.052244
0.049510
0.050121
0.049699
0.048339
0.051355
0.049263
0.051530
0.047457
0.050288
0.050110
0.047844
0.049694
0.047075
0.049894
0.048811
0.048068
0.050537
0.050784
0.048993
0.049234
0.048050
0.050122
0.050974
0.051174
0.052263
0.051036
0.053229
0.053303
0.052709
0.051146
0.052297
0.050919
0.049476
0.051692
0.051498
0.053599
0.052865
0.048494
0.051349
0.051079
0.051238
0.048631
0.049031
0.050626
0.051348
0.052901
0.051997
0.049825
0.050309
0.051993
0.051614
0.051124
0.049526
0.049425
0.048333
0.048811
0.049521
0.049570
0.050586
0.049129
0.048377
0.049414
0.049418
0.048057
0.048925
0.046994
0.048702
0.048351
0.048924
0.046075
0.048581
0.047659
0.048089
0.050714
0.048146
0.048614
0.050337
0.051328
0.051305
0.051542
0.052187
0.051868
0.051828
0.048741
0.049223
0.052378
0.052599
0.054808
0.050075
0.054648
0.053844
0.053271
0.052338
0.053558
0.051984
0.050833
0.052049
0.049956
0.049829
0.047574
0.048604
0.051172
0.050374
0.051486
0.050853
0.049223
0.051654
0.048379
0.050525
0.051642
0.051840
0.049259
0.048915
0.047218
0.050537
0.051629
0.050728
0.051264
0.050080
0.052156
0.051199
0.051616
0.050006
0.050290
0.049639
0.051689
0.050691
0.046930
0.049897
0.049359
0.049828
0.050458
0.052003
0.050199
0.049172
0.051444
0.050408
0.050528
0.051021
0.052089
0.052108
0.051784
0.050004
0.052734
0.054002
0.054818
0.051245
0.050954
0.050751
0.051090
0.049729
0.050813
0.050217
0.052225
0.051475
0.050842
0.052047
0.054725
0.052084
0.050471
0.049261
0.050074
0.049115
0.049097
0.050574
0.053513
0.051384
0.052631
0.052432
0.054578
0.051904
0.053277
0.052668
0.053846
0.053246
0.051487
0.050466
0.050626
0.052568
0.051939
0.053903
0.052523
0.054226
0.055904
0.051750
0.053520
0.053831
0.056652
0.053343
0.053544
0.052173
0.052231
0.051473
0.049856
0.050317
0.049810
0.050277
0.052467
0.050606
0.053945
0.051544
0.051116
0.051428
0.050863
0.052828
0.050523
0.050274
0.049264
0.049179
0.048416
0.049932
0.050312
0.046100
0.048889
0.047466
0.049689
0.048394
0.050088
0.048331
0.048384
0.049441
0.048796
0.048703
0.046616
0.048331
0.048308
0.046187
0.048721
0.048314
0.048322
0.048630
0.049067
0.048308
0.047486
0.051620
0.049325
0.046854
0.049999
0.047546
0.047808
0.048505
0.050494
0.049344
0.050658
0.051720
0.052110
0.050394
0.050907
0.048479
0.048366
0.051411
0.048415
0.050602
0.049615
0.049568
0.049508
0.050134
0.050279
0.050673
0.052084
0.051280
0.048557
0.048698
0.047842
0.048664
0.047290
0.049419
0.045872
0.046295
0.048097
0.047297
0.046983
0.047619
0.046520
0.047266
0.047243
0.048562
0.050373
0.051341
0.049795
0.046996
0.048248
0.049171
0.048215
0.045367
0.047720
0.047325
0.047285
0.048981
0.050083
0.048500
0.046130
0.048122
0.048705
0.048601
0.049250
0.046901
0.051051
0.047992
0.048801
0.047029
0.048089
0.050594
0.050582
0.051842
0.053039
0.050732
0.048886
0.051091
0.051590
0.047966
0.052715
0.051316
0.051067
0.048670
0.049027
0.050266
0.049733
0.051008
0.050580
0.052741
0.052811
0.050824
0.051276
0.053899
0.052269
0.054895
0.055547
0.054256
0.053697
0.055942
0.056018
0.056219
0.055404
0.055799
0.052730
0.049934
0.051301
0.053277
0.052496
0.054332
0.054009
0.053979
0.054212
0.055326
0.052410
0.051693
0.050275
0.052195
0.052885
0.052464
0.052174
0.049737
0.051867
0.052713
0.054244
0.051404
0.054413
0.054485
0.053348
0.056083
0.054598
0.053540
0.056647
0.052986
0.054531
0.053966
0.051937
0.053447
0.053216
0.052915
0.054092
0.056235
0.055011
0.051026
0.052080
0.053613
0.052915
0.053333
0.054130
0.054648
0.053504
0.052438
0.052783
0.052027
0.050662
0.050408
0.051564
0.051102
0.052008
0.052568
0.048656
0.050107
0.052304
0.048263
0.051123
0.050648
0.050477
0.048494
0.048166
0.048843
0.050004
0.048609
0.051071
0.050413
0.054398
0.052454
0.054344
0.053678
0.054111
0.054423
0.053169
0.052408
0.053382
0.052353
0.053178
0.053171
0.052282
0.052153
0.052104
0.052065
0.052906
0.054044
0.052109
0.051775
0.050731
0.050782
0.050369
0.050889
0.051298
0.052845
0.051018
0.053619
0.053367
0.054137
0.054944
0.054083
0.054517
0.053860
0.052599
0.052768
0.053280
0.055093
0.055271
0.052593
0.050959
0.052821
0.054228
0.053134
0.055193
0.055614
0.053987
0.054817
0.055819
0.056453
0.054655
0.054752
0.053160
0.051608
0.054796
0.050293
0.052496
0.055434
0.051617
0.050920
0.052134
0.051406
0.051807
0.052312
0.052209
0.053377
0.051949
0.055313
0.055508
0.051352
0.052043
0.049023
0.050797
0.052653
0.053796
0.051795
0.055600
0.054496
0.053268
0.052736
0.052119
0.052131
0.052018
0.051960
0.052166
0.052175
0.049619
0.052420
0.051979
0.049801
0.049347
0.049685
0.048569
0.048594
0.051203
0.050061
0.051731
0.052729
0.050119
0.050833
0.051413
0.051223
0.050175
0.048776
0.049779
0.048907
0.049214
0.050181
0.049655
0.047713
0.047877
0.047359
0.047005
0.046784
0.050056
0.047096
0.047058
0.050243
0.046222
0.048591
0.047657
0.047501
0.048866
0.051717
0.051238
0.052599
0.050893
0.051145
0.049958
0.050490
0.053302
0.051130
0.053140
0.052950
0.050788
0.050707
0.051085
0.050365
0.053441
0.049779
0.051872
0.051458
0.050305
0.051661
0.051997
0.053519
0.051078
0.049539
0.049445
0.052821
0.051555
0.050373
0.050533
0.049326
0.051356
0.050989
0.049468
0.051030
0.052369
0.053197
0.054395
0.054449
0.054130
0.054359
0.052730
0.054174
0.054079
0.053003
0.053385
0.051909
0.054643
0.052703
0.052252
0.053992
0.052873
0.049786
0.050819
0.049430
0.049155
0.050576
0.050005
0.049373
0.049528
0.048799
0.047486
0.047772
0.048128
0.046686
0.046377
0.044802
0.042901
0.045041
0.042978
0.043377
0.046415
0.046908
0.049258
0.045986
0.048134
0.050180
0.049540
0.049276
0.046271
0.047256
0.046983
0.045976
0.046178
0.044858
0.045554
0.046926
0.045780
0.046297
0.045571
0.048161
0.050392
0.048611
0.050894
0.047866
0.047129
0.045845
0.046888
0.047898
0.045992
0.047182
0.047949
0.050614
0.046676
0.048399
0.048691
0.048539
0.045401
0.046532
0.046951
0.050099
0.048434
0.049252
0.046746
0.047563
0.050216
0.048727
0.051095
0.048203
0.049204
0.047914
0.047731
0.048195
0.047841
0.048924
0.049013
0.047756
0.050661
0.049090
0.049710
0.050120
0.048131
0.048150
0.046324
0.046377
0.048582
0.046301
0.046527
0.045742
0.046932
0.047453
0.044732
0.045952
0.046495
0.047659
0.044330
0.047341
0.045943
0.043628
0.047269
0.047142
0.049716
0.048961
0.049280
0.048270
0.048085
0.049625
0.049459
0.051002
0.047965
0.047242
0.046446
0.050528
0.049291
0.047556
0.047729
0.049933
0.050551
0.048480
0.050284
0.048573
0.049523
0.050124
0.051419
0.049314
0.051310
0.049512
0.050899
0.050931
0.051859
0.053164
0.052566
0.055100
0.055681
0.052615
0.054755
0.052681
0.053116
0.052747
0.054846
0.052398
0.050792
0.051026
0.049012
0.053139
0.050907
0.051589
0.048509
0.050129
0.049309
0.049855
0.049677
0.051274
0.050119
0.052069
0.052592
0.050252
0.049527
0.049699
0.050783
0.051078
0.050360
0.050516
0.051574
0.051314
0.049656
0.050430
0.051355
0.051298
0.050226
0.051696
0.051403
0.053207
0.051282
0.050935
0.050777
0.051935
0.051938
0.049688
0.050324
0.051273
0.051653
0.053293
0.051299
0.052001
0.052502
0.053574
0.053661
0.054562
0.054627
0.050740
0.052848
0.051913
0.050823
0.049141
0.049623
0.049021
0.047566
0.049582
0.046369
0.048116
0.047136
0.047541
0.048398
0.048235
0.047656
0.047046
0.049208
0.050355
0.050708
0.049896
0.050896
0.051077
0.048820
0.050042
0.049653
0.051851
0.050168
0.049909
0.050174
0.053236
0.050497
0.050632
0.049483
0.049425
0.049942
0.048407
0.050020
0.050982
0.050323
0.048873
0.050079
0.051273
0.049479
0.048477
0.050905
0.051244
0.048735
0.051884
0.050055
0.049226
0.048552
0.048516
0.047238
0.048408
0.046705
0.047307
0.047353
0.046793
0.046766
0.047996
0.048361
0.045728
0.047302
0.046772
0.046712
0.049691
0.047889
0.047334
0.048408
0.048539
0.049609
0.046933
0.045687
0.047505
0.048782
0.046812
0.046366
0.048461
0.047918
0.048210
0.046040
0.048809
0.048524
0.046673
0.048840
0.047209
0.047911
0.046969
0.048932
0.048982
0.049228
0.050364
