1.000000
0.993265
0.989181
0.979745
0.970393
0.969934
0.962708
0.962191
0.949796
0.944102
0.931421
0.926323
0.928486
0.923979
0.922613
0.922042
0.905887
0.905772
0.891914
0.901855
0.882902
0.886229
0.866855
0.871033
0.860494
0.858323
0.855639
0.850771
0.843739
0.835233
0.830620
0.823003
0.819455
0.812624
0.806653
0.803445
0.782905
0.782214
0.782820
0.768169
0.766652
0.743783
0.743115
0.749391
0.737501
0.739956
0.717569
0.723565
0.701142
0.701002
0.692888
0.695054
0.678689
0.682665
0.679689
0.664425
0.658482
0.662023
0.651850
0.643166
0.634447
0.638052
0.622915
0.610742
0.622865
0.617775
0.629713
0.613222
0.611321
0.598869
0.599105
0.586674
0.584514
0.586290
0.572053
0.576003
0.556981
0.566846
0.555753
0.545277
0.539030
0.525819
0.523887
0.521516
0.521341
0.518905
0.501269
0.513563
0.502850
0.496461
0.484914
0.479869
0.482014
0.460648
0.470187
0.469743
0.454562
0.453703
0.439882
0.439530
0.453742
0.435683
0.426320
0.422389
0.421328
0.415779
0.405156
0.399670
0.389714
0.392364
0.388546
0.386775
0.380225
0.377830
0.384472
0.370926
0.366784
0.367752
0.366545
0.361606
0.351861
0.342830
0.346650
0.334117
0.327433
0.336831
0.321367
0.318323
0.317511
0.315838
0.315163
0.298707
0.298196
0.292078
0.289810
0.293355
0.281180
0.276064
0.269671
0.260562
0.272639
0.261616
0.266010
0.265642
0.257123
0.251932
0.253055
0.248643
0.251199
0.254327
0.247761
0.254460
0.248654
0.244119
0.231604
0.240060
0.234256
0.228258
0.217566
0.223781
0.219177
0.213857
0.211840
0.211646
0.208518
0.212102
0.202186
0.201893
0.199575
0.180897
0.182924
0.185440
0.187455
0.183703
0.183085
0.174171
0.174541
0.170676
0.168681
0.164726
0.162722
0.160371
0.162362
0.155223
0.147686
0.144366
0.149210
0.143300
0.144951
0.135845
0.140171
0.139221
0.139725
0.133412
0.132634
0.133343
0.129143
0.122649
0.120541
0.126682
0.120931
0.118768
0.116839
0.115148
0.115560
0.113004
0.113596
0.107421
0.114461
0.110467
0.111027
0.100892
0.101017
0.096145
0.095471
0.091406
0.093584
0.093099
0.093467
0.092184
0.088062
0.082423
0.079766
0.077845
0.081321
0.075396
0.076901
0.076223
0.073808
0.074630
0.072934
0.074325
0.069894
0.070072
0.068444
0.074267
0.065929
0.067872
0.068930
0.062777
0.066003
0.062393
0.062989
0.061052
0.060105
0.059243
0.059862
0.057380
0.058184
0.055455
0.057604
0.056082
0.057193
0.054905
0.058114
0.052438
0.052852
0.050588
0.052847
0.050765
0.051983
0.050625
0.049907
0.053366
0.046374
0.050423
0.044323
0.046471
0.044388
0.043257
0.045279
0.044176
0.041480
0.041329
0.039891
0.038540
0.039279
0.037673
0.039533
0.037288
0.036774
0.035833
0.035238
0.036765
0.037347
0.035201
0.034732
0.033797
0.035544
0.035765
0.031245
0.031389
0.033665
0.031114
0.030957
0.032762
0.028615
0.027552
0.027187
0.026322
0.025980
0.026255
0.026523
0.024873
0.025926
0.025281
0.025162
0.024820
0.024960
0.025198
0.025088
0.025734
0.024783
0.024143
0.025150
0.023242
0.024417
0.023426
0.023789
0.023125
0.023630
0.022715
0.022864
0.023005
0.022598
0.022294
0.022688
0.023012
0.022031
0.023120
0.022616
0.021186
0.022319
0.021860
0.021843
0.021501
0.021178
0.020683
0.020928
0.021249
0.020838
0.020111
0.021129
0.020257
0.020358
0.019948
0.019925
0.020312
0.020016
0.019745
0.020793
0.020717
0.020320
0.020582
0.020564
0.020530
0.019467
0.019134
0.020218
0.019842
0.019820
0.019309
0.019183
0.019704
0.019315
0.019833
0.019517
0.019536
0.019364
0.019024
0.019212
0.020414
0.020836
0.020225
0.020740
0.020737
0.021039
0.021088
0.021330
0.020779
0.020067
0.020314
0.019355
0.019327
0.019936
0.019900
0.019562
0.019549
0.020871
0.019713
0.020780
0.020494
0.020157
0.019525
0.020438
0.019825
0.019993
0.019531
0.019690
0.020180
0.019681
0.019645
0.020590
0.020563
0.020114
0.019983
0.020016
0.020817
0.019975
0.019813
0.020186
0.020676
0.020389
0.019425
0.019898
0.019243
0.018713
0.019942
0.020181
0.020350
0.020323
0.019974
0.019648
0.019586
0.019052
0.018695
0.019765
0.019461
0.019777
0.019600
0.018762
0.019411
0.018877
0.018787
0.018626
0.018119
0.018166
0.017180
0.017429
0.017083
0.017574
0.017791
0.017907
0.018063
0.018596
0.018823
0.018413
0.018250
0.018053
0.017944
0.018355
0.018257
0.018741
0.018741
0.018588
0.018650
0.018702
0.019244
0.018972
0.019120
0.019456
0.018340
0.019058
0.018787
0.018901
0.018219
0.018271
0.018306
0.018578
0.018175
0.018845
0.018021
0.017940
0.018569
0.017926
0.017955
0.018417
0.018034
0.017781
0.017329
0.017731
0.018151
0.018837
0.017596
0.017287
0.016233
0.017117
0.016677
0.016734
0.017293
0.016711
0.016990
0.016624
0.016381
0.016196
0.016724
0.016516
0.016854
0.016823
0.016170
0.016036
0.015978
0.016338
0.016113
0.015879
0.015947
0.016144
0.017146
0.016494
0.016242
0.017013
0.016973
0.017954
0.017236
0.017260
0.016991
0.017021
0.016732
0.016276
0.016544
0.016809
0.017377
0.017201
0.017929
0.017333
0.017226
0.018140
0.017810
0.017922
0.016944
0.017340
0.017273
0.017376
0.017355
0.017472
0.018208
0.017138
0.017230
0.016974
0.017197
0.016719
0.016834
0.016922
0.016635
0.017475
0.016543
0.016387
0.016142
0.015958
0.016065
0.016194
0.016394
0.016437
0.016225
0.015898
0.016467
0.016257
0.016007
0.015900
0.015492
0.015510
0.016192
0.015403
0.015545
0.014970
0.015263
0.015030
0.014842
0.015015
0.014810
0.015181
0.014519
0.014568
0.014617
0.014515
0.014515
0.014821
0.014850
0.015031
0.015581
0.015478
0.015576
0.015325
0.015186
0.015946
0.015256
0.015230
0.015225
0.015875
0.015133
0.014446
0.015043
0.016066
0.015806
0.016351
0.015444
0.015434
0.015696
0.016058
0.016380
0.015778
0.015338
0.015796
0.015672
0.016376
0.016040
0.016756
0.016741
0.016346
0.016417
0.016707
0.016486
0.016339
0.016492
0.015757
0.015991
0.016459
0.015892
0.016253
0.016771
0.015704
0.015948
0.016655
0.016994
0.017024
0.017252
0.016810
0.016493
0.016144
0.015845
0.016405
0.016211
0.016672
0.016707
0.016533
0.016992
0.017349
0.016905
0.017164
0.017065
0.016581
0.016801
0.016785
0.016848
0.017404
0.016856
0.017079
0.017402
0.016819
0.016314
0.016268
0.016759
0.017388
0.017352
0.017237
0.018261
0.017727
0.017624
0.017741
0.017903
0.018013
0.018474
0.017841
0.017283
0.017660
0.018042
0.017331
0.017712
0.017629
0.017429
0.017757
0.017381
0.017213
0.017559
0.017307
0.018148
0.017131
0.017246
0.017215
0.017462
0.017874
0.018249
0.017515
0.017221
0.017387
0.017478
0.016865
0.017693
0.017826
0.017562
0.017931
0.017864
0.018052
0.017453
0.016408
0.016803
0.016932
0.016718
0.016638
0.016687
0.016314
0.016573
0.015310
0.015915
0.016165
0.016452
0.016830
0.016670
0.017072
0.016843
0.017688
0.017203
0.017158
0.016680
0.017023
0.017514
0.017709
0.016829
0.017406
0.016353
0.016990
0.016902
0.017387
0.016786
0.016289
0.016843
0.016803
0.016848
0.016614
0.016750
0.016711
0.017013
0.016495
0.016640
0.016002
0.017321
0.016686
0.017408
0.016692
0.016354
0.017314
0.017147
0.016934
0.016925
0.016536
0.016675
0.017370
0.016952
0.017477
0.016392
0.016483
0.016324
0.016536
0.016956
0.017145
0.017298
0.017183
0.017197
0.016886
0.017297
0.016214
0.016629
0.016915
0.016994
0.017425
0.016596
0.017565
0.016349
0.016949
0.017007
0.016431
0.016799
0.016901
0.016755
0.016998
0.016207
0.016072
0.016231
0.015727
0.016045
0.015815
0.016094
0.016228
0.016247
0.016071
0.015576
0.016059
0.016315
0.016056
0.016211
0.016564
0.016495
0.016285
0.016644
0.016813
0.016408
0.016055
0.016100
0.016489
0.016827
0.017150
0.016738
0.017873
0.017818
0.017002
0.018421
0.017469
0.017952
0.017258
0.017726
0.018099
0.018766
0.018062
0.017618
0.018014
0.017535
0.017841
0.017633
0.017182
0.017205
0.018311
0.017643
0.018283
0.017601
0.017982
0.018018
0.017734
0.017449
0.017342
0.017489
0.017873
0.017601
0.016927
0.017025
0.017466
0.016706
0.017341
0.018037
0.016881
0.017751
0.017219
0.017143
0.016570
0.016762
0.016319
0.016875
0.016215
0.016949
0.017002
0.016145
0.015974
0.016043
0.016093
0.016338
0.016313
0.016044
0.016450
0.016561
0.016572
0.016178
0.016235
0.016219
0.016876
0.016041
0.016211
0.015858
0.015760
0.015327
0.015582
0.015164
0.015300
0.015439
0.015912
0.016242
0.016086
0.016021
0.016345
0.015969
0.016073
0.015694
0.016118
0.016127
0.015297
0.016214
0.015316
0.014954
0.015472
0.016155
0.016161
0.015773
0.016246
0.016040
0.016474
0.016686
0.016610
0.017414
0.016591
0.017337
0.017101
0.016947
0.017081
0.017308
0.016698
0.017170
0.017148
0.016696
0.016019
0.016972
0.016395
0.016029
0.017537
0.016563
0.016739
0.016910
0.017230
0.017646
0.016999
0.017737
0.017326
0.016901
0.017465
0.016560
0.016442
0.016730
0.016247
0.016328
0.017075
0.016234
0.016150
0.015750
0.015978
0.015822
0.015965
0.016789
0.016702
0.016606
0.016401
0.016607
0.016532
0.016389
0.017389
0.017263
0.016933
0.017516
0.017267
0.016905
0.016471
0.017072
0.016866
0.016907
0.016928
0.017197
0.016703
0.016696
0.016648
0.016493
0.017022
0.017039
0.016502
0.017236
0.017071
0.018041
0.017931
0.017837
0.017667
0.017410
0.017579
0.017352
0.017365
0.017078
0.017338
0.017284
0.017698
0.017302
0.017986
0.017847
0.017044
0.017258
0.017314
0.017367
0.018024
0.017106
0.017364
0.017099
0.016884
0.016813
0.016603
0.016978
0.016640
0.017224
0.016226
0.016120
0.016373
0.016016
0.016269
0.016389
0.015635
0.017054
0.016016
0.015903
0.015588
0.016006
0.015508
0.015325
0.015611
0.016210
0.015837
0.015873
0.015512
0.016429
0.017054
0.016477
0.016312
0.016142
0.016845
0.016787
0.017973
0.017255
0.017211
0.016927
0.017310
0.017467
0.017385
0.016898
0.016549
0.016754
0.016627
0.017534
0.016639
0.017938
0.018146
0.017510
0.016749
0.017229
0.017299
0.017378
0.017107
0.017230
0.017169
0.016255
0.016005
0.016568
0.015999
0.015474
0.015579
0.015550
0.015309
0.015946
0.015746
0.015629
0.015979
0.016452
0.016178
0.016267
0.016154
0.016074
0.016598
0.016384
0.016755
0.016468
0.016489
0.016196
0.016466
0.015891
0.016328
0.015548
0.015148
0.016446
0.016411
0.016504
0.016731
0.016339
0.016522
0.015692
0.016217
0.015975
0.015720
0.014823
0.016139
0.014879
0.015332
0.015024
0.015636
0.015735
0.015342
0.015420
0.015300
0.016582
0.016741
0.016312
0.015994
0.016603
0.016238
0.016256
0.016140
0.016030
0.016155
0.015675
0.015660
0.015722
0.015001
0.014991
0.015493
0.015440
0.016212
0.016129
0.015894
0.015116
0.016786
0.016287
0.016480
0.016379
0.016678
0.016935
0.016699
0.016885
0.016830
0.017349
0.017625
0.017641
0.017039
0.017135
0.016859
0.017653
0.016679
0.017924
0.017192
0.016995
0.017706
0.018127
0.018138
0.018491
0.018528
0.018422
0.018281
0.018346
0.018131
0.017521
0.018433
0.018825
0.018214
0.018462
0.019064
0.019105
0.018750
0.018497
0.018572
0.018340
0.018655
0.018101
0.018155
0.018261
0.017492
0.017747
0.017869
0.017624
0.018439
0.017693
0.017950
0.017476
0.017655
0.017426
0.016831
0.017222
0.017295
0.017231
0.018326
0.017592
0.017567
0.017352
0.017931
0.017105
0.017981
0.017732
0.016901
0.017217
0.016277
0.016312
0.015890
0.015852
0.016786
0.016281
0.016994
0.017078
0.016203
0.016343
0.016453
0.016433
0.016563
0.017432
0.017455
0.016319
0.017215
0.016718
0.017696
0.017405
0.016937
0.016747
0.016887
0.017054
0.017911
0.017354
0.017518
0.016916
0.017534
0.017112
0.017465
0.017109
0.017380
0.017781
0.017705
0.017591
0.018032
0.017443
0.017309
0.017738
0.017234
0.017400
0.016762
0.017141
0.016790
0.016571
0.016718
0.016938
0.016749
0.017077
0.016888
0.017335
0.017105
0.017008
0.016864
0.017345
0.017393
0.017470
0.017649
0.017320
0.017460
0.017640
0.017881
0.018130
0.017755
0.017719
0.018189
0.017856
0.017332
0.017551
0.017531
0.017212
0.016352
0.015561
0.016744
0.016855
0.016962
0.017157
0.016801
0.016595
0.017063
0.016319
0.017500
0.017591
0.017257
0.018004
0.017267
0.017291
0.017899
0.017159
0.017417
0.016558
0.017472
0.017559
0.017212
0.016938
0.017660
0.017502
0.017039
0.017575
0.017204
0.017605
0.016814
0.016773
0.016676
0.015878
0.016736
0.016355
0.016626
0.015945
0.016272
0.016090
0.016318
0.015399
0.016085
0.015834
0.015787
0.015488
0.016668
0.016867
0.016528
0.015787
0.016055
0.016203
0.016441
0.016214
0.016830
0.016284
0.015606
0.016226
0.016243
0.016369
0.016327
0.016376
0.015983
0.016019
0.015830
0.015992
0.016253
0.016788
0.016780
0.016295
0.016052
0.016391
0.016558
0.016232
0.017255
0.016398
0.015419
0.015912
0.015747
0.016171
0.015708
0.015918
0.015760
0.014717
0.015619
0.016140
0.015774
0.016249
0.015903
0.016412
0.015647
0.015883
0.016104
0.016190
0.015403
0.016079
0.015807
0.016416
0.015491
0.015796
0.015068
0.015357
0.015579
0.015886
0.016297
0.015523
0.015662
0.016038
0.016260
0.016121
0.016063
0.015786
0.016288
0.016950
0.016938
0.016264
0.016583
0.016536
0.017531
0.017325
0.016915
0.016345
0.016102
0.016750
0.016658
0.016818
0.016634
0.016434
0.015669
0.016370
0.016110
0.016889
0.016350
0.016982
0.016282
0.016299
0.016696
0.016373
0.016270
0.016896
0.017219
0.016268
0.016574
0.015953
0.016160
0.016463
0.016222
0.016046
0.016292
0.016204
0.015971
0.016066
0.016195
0.016213
0.015951
0.015953
0.015769
0.016247
0.015448
0.015758
0.015796
0.015822
0.015475
0.015723
0.015424
0.015413
0.015768
0.016179
0.015354
0.015645
0.015469
0.015782
0.015796
0.015577
0.015718
0.015707
0.015447
0.015594
0.015393
0.015635
0.015814
0.015353
0.015550
0.015842
0.015409
0.016705
0.016224
0.016078
0.016195
0.016501
0.015567
0.015302
0.015374
0.016502
0.015639
0.015112
0.015433
0.015440
0.015486
0.015984
0.015741
0.015844
0.015518
0.015313
0.015116
0.015549
0.016094
0.015469
0.015845
0.015859
0.015634
0.015893
0.015926
0.015225
0.015155
0.015757
0.016083
0.016557
0.016252
0.015848
0.015569
0.015710
0.015010
0.015050
0.015197
0.015262
0.015310
0.016503
0.015572
0.015759
0.016299
0.015847
0.016431
0.016100
0.016834
0.016647
0.016865
0.016400
0.016521
0.015873
0.015992
0.016602
0.016326
0.016910
0.016952
0.016676
0.017205
0.016608
0.017210
0.017220
0.016999
0.016656
0.016283
0.016469
0.016556
0.017246
0.016813
0.017213
0.016927
0.017048
0.016264
0.016246
0.016248
0.016383
0.016155
0.016672
0.016284
0.015905
0.015759
0.016168
0.015987
0.016181
0.016257
0.016109
0.015765
0.015774
0.016368
0.016127
0.016842
0.016436
0.015877
0.015993
0.015914
0.015640
0.016204
0.016690
0.016587
0.016840
0.016460
0.015373
0.016461
0.015683
0.016050
0.016199
0.016223
0.016424
0.015859
0.016112
0.016212
0.016015
0.016142
0.016383
0.016271
0.015808
0.016473
0.016221
0.016319
0.016428
0.016588
0.016229
0.015863
0.016570
0.016235
0.015830
0.016137
0.016696
0.016010
0.016293
0.016375
0.016126
0.016483
0.016049
0.015849
0.016057
0.016231
0.016545
0.015852
0.017172
0.016384
0.016056
0.016421
0.016422
0.015839
0.016375
0.016580
0.016716
0.016790
0.016749
0.017008
0.017036
0.017195
0.017184
0.017237
0.016551
0.016667
0.016585
0.016459
0.016613
0.016438
0.016629
0.016076
0.016021
0.016114
0.016324
0.016420
0.017011
0.016159
0.016105
0.015925
0.015715
0.016026
0.015951
0.015224
0.015343
0.015535
0.015105
0.015346
0.015154
0.015511
0.015465
0.015679
0.015548
0.014867
0.015117
0.015512
0.015214
0.015157
0.015466
0.015467
0.015433
0.014775
0.014314
0.014569
0.014269
0.014563
0.014318
0.014200
0.015271
0.015619
0.014923
0.014805
0.014318
0.014268
0.014013
0.014113
0.014121
0.014053
0.014007
0.014283
0.014485
0.014547
0.014076
0.014308
0.013934
0.014424
0.013620
0.013914
0.014530
0.014592
0.014124
0.013889
0.014304
0.014646
0.014570
0.015297
0.014220
0.014680
0.015224
0.014918
0.015113
0.014555
0.015361
0.015152
0.015537
0.015976
0.015455
0.014708
0.015915
0.016147
0.015963
0.016012
0.015907
0.015864
0.016626
0.016308
0.016527
0.015951
0.016075
0.015862
0.015916
0.015503
0.015392
0.014747
0.014860
0.015511
0.015238
0.015229
0.014691
0.015152
0.015536
0.015187
0.015724
0.015867
0.015687
0.015370
0.015994
0.014685
0.015450
0.015573
0.014745
0.014491
0.014888
0.015687
0.015361
0.015561
0.015939
0.014687
0.015210
0.014640
0.015260
0.014722
0.014845
0.015192
0.014780
0.014644
0.014079
0.015140
0.014527
0.015516
0.014641
0.014891
0.014171
0.014458
0.014400
0.014939
0.014424
0.014897
0.014917
0.014243
0.014064
0.014106
0.014312
0.014206
0.014009
0.014172
0.013746
0.013670
0.013291
0.013917
0.013616
0.013496
0.013259
0.013672
0.013999
0.014222
0.014464
0.013698
0.014212
0.013990
0.013555
0.014547
0.014514
0.014439
0.014585
0.014384
0.014099
0.013985
0.014586
0.014110
0.013544
0.013863
0.013585
0.014094
0.014022
0.013739
0.013691
0.014337
0.014377
0.013677
0.013414
0.013062
0.014022
0.013663
0.013398
0.013193
0.013601
0.014585
0.013871
0.014112
0.013533
0.013722
0.013544
0.013600
0.013525
0.013380
0.014026
0.014564
0.014432
0.013900
0.013565
0.013377
0.014302
0.013909
0.014407
0.014140
0.013728
0.013673
0.014463
0.014390
0.014813
0.014536
0.015303
0.014424
0.014189
0.014660
0.015012
0.014827
0.014603
0.014357
0.015006
0.014179
0.014512
0.014516
0.013841
0.014748
0.014415
0.015006
0.014515
0.014629
0.014372
0.014054
0.014824
0.014768
0.014851
0.015419
0.015446
0.014498
0.014848
0.015354
0.014925
0.014734
0.014529
0.015106
0.014662
0.013778
0.014991
0.014718
0.014394
0.014374
0.014187
0.014731
0.014794
0.014690
0.014015
0.014478
0.014284
0.013782
0.014711
0.014731
0.014527
0.014665
0.015091
0.014497
0.015122
0.014824
0.015098
0.014917
0.015001
0.015180
0.014549
0.014460
0.014526
0.014777
0.014500
0.014695
0.014074
0.014377
0.015324
0.015115
0.015070
0.015220
0.015172
0.015066
0.015113
0.015603
0.014582
0.014674
0.015437
0.014926
0.015538
0.015106
0.014815
0.014830
0.013792
0.014146
0.014461
0.014485
0.014639
0.014362
0.014165
0.014162
0.014472
0.013709
0.013525
0.013922
0.013681
0.013731
0.014095
0.013851
0.014361
0.014508
0.015580
0.014686
0.015119
0.014496
0.014719
0.015339
0.015195
0.015561
0.015346
0.015386
0.015253
0.015368
0.014797
0.014904
0.014864
0.015215
0.015323
0.015100
0.015635
0.015139
0.016130
0.015419
0.015717
0.014905
0.014982
0.014526
0.015448
0.014917
0.014816
0.015104
0.014877
0.015022
0.015006
0.015425
0.015236
0.015529
0.015623
0.015040
0.015961
0.015308
0.015778
0.015834
0.015671
0.015574
0.015662
0.015650
0.015220
0.015704
0.016305
0.016046
0.015833
0.016357
0.015754
0.016033
0.016508
0.017412
0.016892
0.017419
0.017420
0.017443
0.017525
0.017577
0.017550
0.017108
0.017199
0.017246
0.017233
0.017341
0.017228
0.017547
0.017219
0.017471
0.017739
0.017091
0.018695
0.018076
0.017974
0.018054
0.017169
0.017513
0.016969
0.016500
0.017176
0.016909
0.016418
0.016048
0.016423
0.016161
0.016423
0.016210
0.016333
0.016743
0.016179
0.016780
0.016362
0.016214
0.016264
0.016825
0.016968
0.017102
0.017049
0.016878
0.017310
0.017087
0.016458
0.016331
0.016538
0.016801
0.016730
0.016936
0.015632
0.016638
0.016851
0.016274
0.016684
0.016691
0.016365
0.015771
0.015937
0.015799
0.015869
0.015858
0.015927
0.014983
0.015912
0.014787
0.015533
0.015121
0.014933
0.015164
0.015758
0.015529
0.015237
0.015397
0.015658
0.015663
0.015414
0.015064
0.015393
0.015996
0.016052
0.016590
0.016276
0.016162
0.015715
0.016108
0.016202
0.016172
0.016043
0.015558
0.015587
0.015137
0.015690
0.015572
0.015804
0.015783
0.015708
0.015748
0.016093
0.015739
0.015424
0.016306
0.016240
0.016038
0.015832
0.015906
0.016476
0.016760
0.016245
0.016313
0.016347
0.015584
0.016384
0.016129
0.016345
0.016829
0.016579
0.016835
0.016408
0.017073
0.017012
0.017402
0.017674
0.017111
0.017855
0.017057
0.017760
0.017246
0.017363
0.016784
0.017683
0.017909
0.018602
0.017956
0.018913
0.017874
0.017623
0.018363
0.018563
0.018607
0.018623
0.018717
0.019367
0.018790
0.018602
0.018982
0.018829
0.018546
0.018789
0.018445
0.018362
0.018671
0.018588
0.018031
0.018338
0.018360
0.017406
0.018778
0.018180
0.018452
0.018906
0.018145
0.018171
0.018304
0.018062
0.018404
0.017552
0.017977
0.018475
0.017052
0.017828
0.017709
0.018349
0.018561
0.017824
0.017243
0.017737
0.017811
0.018013
0.018158
0.017770
0.018155
0.017740
0.018676
0.018868
0.017913
0.018566
0.017449
0.017079
0.017907
0.018032
0.018698
0.018909
0.019215
0.019097
0.018849
0.018817
0.018796
0.018454
0.018757
0.019089
0.019318
0.018955
0.018835
0.019219
0.018338
0.018296
0.017999
0.017914
0.018037
0.017897
0.017879
0.018024
0.017858
0.018403
0.018078
0.017823
0.017905
0.017627
0.017665
0.018856
0.018431
0.018389
0.018657
0.018465
0.017856
0.017713
0.018550
0.017892
0.017802
0.017916
0.017744
0.017789
0.017502
0.016996
0.016942
0.017192
0.016935
0.017063
0.017038
0.016017
0.015897
0.016112
0.016109
0.016317
0.015602
0.015752
0.015473
0.015105
0.015598
0.015104
0.014807
0.015489
0.015423
0.015676
0.015750
0.015675
0.015755
0.014896
0.015503
0.015731
0.014914
0.014778
0.016556
0.015900
0.016242
0.015244
0.015250
0.015826
0.015159
0.015680
0.015740
0.015885
0.015414
0.015708
0.016202
0.016730
0.015996
0.016830
0.017016
0.015721
0.016417
0.016954
0.016920
0.016434
0.016503
0.017592
0.016748
0.016885
0.017414
0.017494
0.016918
0.016085
0.017066
0.016906
0.017176
0.016737
0.017719
0.017697
0.017662
0.018178
0.017950
0.018391
0.018536
0.017599
0.017529
0.017191
0.017730
0.017549
0.017815
0.017796
0.018561
0.018380
0.018006
0.017470
0.018100
0.018042
0.017520
0.017910
0.017734
0.016872
0.017633
0.018221
0.018044
0.017522
0.018207
0.017886
0.017896
0.017852
0.018275
0.017620
0.017390
0.017083
0.017998
0.017385
0.016424
0.016959
0.017130
0.017172
0.017615
0.017533
0.016923
0.017313
0.017259
0.017066
0.016951
0.017114
0.017019
0.016709
0.017034
0.016491
0.015768
0.017568
0.016320
0.016687
0.016811
0.016972
0.016899
0.017021
0.016276
0.016504
0.016299
0.015724
0.015893
0.016465
0.016230
0.016620
0.016432
0.016714
0.016202
0.016957
0.015906
0.016740
0.016362
0.016214
0.016581
0.016656
0.016654
0.016996
0.016238
0.016273
0.016620
0.016772
0.015683
0.015678
0.015937
0.016309
0.015682
0.015462
0.015630
0.015853
0.015746
0.015773
0.016038
0.015868
0.015493
0.015330
0.015953
0.015736
0.016521
0.016207
0.015819
0.016629
0.015416
0.016254
0.016029
0.015784
0.016597
0.015903
0.015666
0.015450
0.015172
0.016101
0.015814
0.015139
0.015239
0.015226
0.015096
0.015029
0.015199
0.015787
0.015721
0.015226
0.015042
0.015360
0.016157
0.015554
0.015601
0.015148
0.016052
0.015625
0.015840
0.015884
0.015635
0.015834
0.014939
0.014996
0.015807
0.015900
0.015122
0.015383
0.014965
0.015072
0.015047
0.015380
0.014971
0.016114
0.014516
0.014312
0.014365
0.014790
0.014193
0.015259
0.014652
0.014146
0.015438
0.014730
0.015179
0.014463
0.014230
0.015217
0.014448
0.014491
0.014470
0.014732
0.015461
0.014567
0.014813
0.013363
0.015279
0.014577
0.014257
0.013726
0.013842
0.013429
0.013796
0.014089
0.013751
0.013478
0.014144
0.014269
0.014547
0.014152
0.014538
0.014612
0.014833
0.014635
0.014610
0.015323
0.014826
0.014014
0.014064
0.014439
0.013948
0.014278
0.013786
0.013784
0.014066
0.014136
0.014783
0.014574
0.013979
0.014228
0.013941
0.013982
0.014082
0.014444
0.014519
0.014476
0.014569
0.014808
0.014517
0.014530
0.015473
0.015414
0.015088
0.015852
0.015004
0.016325
0.016298
0.015897
0.015446
0.015340
0.015350
0.015416
0.015927
0.015251
0.015566
0.015392
0.016814
0.016303
0.016038
0.015853
0.015919
0.016503
0.016073
0.015900
0.016403
0.016884
0.016697
0.017008
0.017435
0.016505
0.016671
0.016594
0.016774
0.016171
0.016656
0.015983
0.016457
0.016202
0.016678
0.015945
0.015994
0.016234
0.016441
0.015850
0.016039
0.016317
0.015648
0.016637
0.016066
0.016158
0.016058
0.016104
0.015884
0.015668
0.015365
0.015618
0.015402
0.015861
0.015515
0.015798
0.015269
0.015502
0.015914
0.015792
0.015825
0.015683
0.015241
0.015521
0.014911
0.015445
0.015566
0.015567
0.015442
0.015492
0.015628
0.015832
0.015847
0.015382
0.016363
0.014927
0.015043
0.015136
0.015424
0.015625
0.015782
0.015227
0.015290
0.014772
0.015259
0.015317
0.015486
0.015608
0.015775
0.016357
0.015045
0.015169
0.015014
0.014816
0.014984
0.014977
0.014192
0.014521
0.013873
0.014035
0.014017
0.014416
0.014725
0.015053
0.014459
0.014052
0.014633
0.014493
0.014818
0.014109
0.014176
0.014745
0.015323
0.014528
0.013863
0.014100
0.014720
0.014830
0.015133
0.015083
0.015124
0.015086
0.015072
0.014942
0.015180
0.014940
0.014345
0.014408
0.015167
0.014655
0.014035
0.015450
0.015367
0.015485
0.015327
0.015111
0.015131
0.015428
0.015376
0.015164
0.015562
0.015752
0.016053
0.015460
0.015971
0.016520
0.016853
0.016328
0.016169
0.016334
0.016113
0.016332
0.016774
0.016100
0.015622
0.016015
0.015372
0.015631
0.016093
0.016373
0.015607
0.015088
0.014981
0.015162
0.015391
0.015184
0.015503
0.015988
0.016899
0.016164
0.016102
0.016066
0.016165
0.015944
0.015896
0.016231
0.015952
0.016359
0.015680
0.016390
0.016312
0.015483
0.016542
0.016386
0.016623
0.016487
0.016233
0.016945
0.016829
0.016841
0.017100
0.016449
0.016908
0.017252
0.016261
0.016668
0.015804
0.016615
0.016460
0.017191
0.016436
0.016276
0.016668
0.017133
0.017123
0.016870
0.017171
0.016548
0.016942
0.016450
0.016359
0.016608
0.016683
0.017269
0.017111
0.017157
0.016983
0.017088
0.016620
0.016845
0.017026
0.017156
0.017379
0.016882
0.017451
0.017552
0.017225
0.016927
0.017366
0.017264
0.017078
0.017167
0.017785
0.017260
0.017263
0.017648
0.016523
0.016380
0.016483
0.015975
0.016711
0.016788
0.016373
0.017001
0.016381
0.016991
0.017082
0.017342
0.016891
0.016672
0.017602
0.017336
0.017902
0.018144
0.016840
0.017635
0.016482
0.017595
0.017698
0.017368
0.017403
0.017375
0.017104
0.017633
0.017026
0.017693
0.017398
0.017705
0.016896
0.017417
0.017890
0.017630
0.018233
0.018298
0.017593
0.017439
0.017190
0.016535
0.017134
0.017193
0.016580
0.017052
0.017456
0.016315
0.016717
0.016363
0.016469
0.016291
0.015953
0.016372
0.016152
0.016672
0.015598
0.016169
0.016209
0.016598
0.016574
0.016252
0.016259
0.016118
0.016491
0.016532
0.015757
0.016042
0.016305
0.015606
0.015094
0.015486
0.015391
0.015621
0.015982
0.016101
0.015982
0.016001
0.015872
0.015629
0.016022
0.016454
0.016502
0.015654
0.016013
0.016103
0.016501
0.015360
0.015712
0.016016
0.015830
0.015387
0.015575
0.015916
0.015476
0.015320
0.015495
0.015243
0.015424
0.015352
0.015349
0.015357
0.015423
0.014567
0.015201
0.015102
0.015043
0.014869
0.015076
0.014851
0.015280
0.014637
0.014825
0.015486
0.014973
0.013880
0.014681
0.014044
0.014262
0.013753
0.014391
0.013982
0.014344
0.013700
0.014343
0.014567
0.014169
0.014114
0.014755
0.013560
0.014114
0.014191
0.013658
0.014179
0.014248
0.014666
0.015142
0.014820
0.013705
0.013757
0.014483
0.014004
0.014247
0.014331
0.014881
0.015078
0.014872
0.014680
0.014443
0.014064
0.014411
0.014321
0.014077
0.014824
0.014151
0.013885
0.014814
0.014571
0.015262
0.014447
0.014141
0.014798
0.014189
0.014401
0.014064
0.015007
0.014946
0.014609
0.014899
0.014628
0.015560
0.016514
0.015392
0.015026
0.015445
0.015698
0.016855
0.016490
0.016414
0.016310
0.016070
0.015891
0.016155
0.015397
0.015801
0.016159
0.015972
0.015662
0.015566
0.016070
0.015962
0.015125
0.015681
0.015959
0.015643
0.016221
0.016320
0.015906
0.016468
0.016384
0.015884
0.016345
0.016492
0.016087
0.016947
0.016713
0.016332
0.016973
0.017222
0.016744
0.017312
0.017447
0.017182
0.017477
0.017624
0.016448
0.017393
0.016366
0.015836
0.017177
0.016808
0.016876
0.016641
0.016659
0.016707
0.016669
0.017183
0.016831
0.016788
0.016706
0.016505
0.017208
0.017185
0.016954
0.016996
0.016714
0.016748
0.016575
0.016494
0.016419
0.015019
0.016271
0.016358
0.016170
0.015655
0.016132
0.016778
0.016829
0.016190
0.015823
0.015505
0.016196
0.016440
0.016602
0.016415
0.016757
0.016067
0.016218
0.016827
0.017062
0.016555
0.016507
0.016984
0.016878
0.016661
0.017374
0.017761
0.016969
0.017473
0.017534
0.016975
0.017128
0.017059
0.016748
0.017355
0.016808
0.016471
0.017374
0.017457
0.017124
0.016975
0.016857
0.015944
0.016341
0.016668
0.016381
0.016177
0.016673
0.016580
0.016917
0.016713
0.016803
0.017402
0.017208
0.016382
0.016838
0.016682
0.016951
0.016684
0.016827
0.017322
0.016894
0.016572
0.016142
0.016542
0.016266
0.016046
0.015975
0.016581
0.016843
0.016572
0.015817
0.016198
0.016765
0.016456
0.016842
0.016743
0.016488
0.016872
0.016929
0.017070
0.016059
0.016554
0.017276
0.017435
0.016677
0.017067
0.016879
0.017231
0.016580
0.016079
0.016191
0.016501
0.016407
0.016186
0.016470
0.015629
0.016058
0.015507
0.015077
0.015207
0.015607
0.015313
0.015689
0.015853
0.015602
0.015973
0.015842
0.016602
0.016026
0.016150
0.016168
0.015501
0.016202
0.016312
0.015921
0.016243
0.015974
0.015840
0.016040
0.015905
0.015889
0.015994
0.016481
0.016451
0.016244
0.017166
0.017077
0.017489
0.016773
0.016702
0.016878
0.017217
0.017583
0.018115
0.018092
0.018159
0.018142
0.018133
0.019001
0.018965
0.018177
0.017961
0.018000
0.017500
0.017650
0.018693
0.018257
0.018428
0.018150
0.018664
0.018905
0.018378
0.017396
0.018057
0.018460
0.018401
0.017360
0.018084
0.017710
0.017768
0.018087
0.017723
0.017807
0.017734
0.017364
0.017920
0.017424
0.016629
0.016594
0.016846
0.016416
0.015796
0.016867
0.017009
0.016490
0.016199
0.016558
0.016788
0.016042
0.016638
0.016059
0.016643
0.016279
0.016637
0.016591
0.016440
0.016472
0.016486
0.016448
0.016888
0.016541
0.016455
0.017143
0.016881
0.017548
0.017686
0.017356
0.016743
0.017624
0.017837
0.018044
0.017236
0.017389
0.017157
0.017797
0.017245
0.017732
0.017322
0.017268
0.017218
0.016791
0.017049
0.017165
0.017488
0.016432
0.016911
0.017970
0.017086
0.017215
0.017435
0.018137
0.018009
0.018167
0.017345
0.017598
0.017353
0.017478
0.016493
0.016959
0.016520
0.016295
0.016687
0.017458
0.017451
0.017699
0.017024
0.017826
0.017629
0.017452
0.018302
0.017592
0.018179
0.017142
0.017633
0.016900
0.016803
0.016694
0.016876
0.016975
0.017119
0.016575
0.017079
0.016868
0.016905
0.016790
0.016497
0.016373
0.016687
0.016326
0.016338
0.015821
0.016349
0.016106
0.015673
0.016920
0.016714
0.016234
0.016901
0.016434
0.016066
0.016267
0.016503
0.016675
0.015803
0.015755
0.016113
0.015513
0.016538
0.015758
0.016208
0.015934
0.015051
0.015851
0.016302
0.015425
0.015749
0.016010
0.015801
0.016408
0.015713
0.016300
0.016356
0.016931
0.017009
0.016579
0.017506
0.016205
0.015698
0.016632
0.015922
0.015921
0.015934
0.016641
0.016150
0.016083
0.015749
0.016003
0.016628
0.016350
0.015405
0.015541
0.015123
0.015935
0.015041
0.015158
0.015071
0.015102
0.014913
0.015583
0.014519
0.015603
0.015263
0.014876
0.014741
0.014626
0.014987
0.015270
0.015315
0.016329
0.015904
0.015625
0.015618
0.016150
0.016575
0.015979
0.015879
0.015724
0.015787
0.016539
0.016974
0.016709
0.016332
0.017006
0.016386
0.017057
0.016857
0.017006
0.017409
0.016847
0.016520
0.016434
0.017340
0.017238
0.017823
0.017235
0.017750
0.017280
0.017188
0.017011
0.017650
0.017068
0.016764
0.016160
0.016372
0.016365
0.017005
0.017492
0.017575
0.016885
0.017137
0.017408
0.017327
0.017823
0.016989
0.017376
0.017372
0.017173
0.017522
0.016773
0.017675
0.016884
0.017725
0.016895
0.016910
0.017007
0.017507
0.017252
0.017588
0.016761
0.017378
0.016971
0.017371
0.016292
0.016438
0.016117
0.016177
0.015620
0.016291
0.014866
0.016047
0.014628
0.014690
0.014711
0.015243
0.014798
0.014587
0.014970
0.015154
0.015086
0.015464
0.015651
0.015620
0.015543
0.014723
0.015018
0.015455
0.015388
0.015765
0.015201
0.015487
0.016193
0.016061
0.016827
0.016392
0.016178
0.016852
0.016448
0.015626
0.016653
0.016557
0.016174
0.015953
0.016242
0.016592
0.016498
0.016229
0.016220
0.016131
0.016355
0.016184
0.016254
0.016013
0.016081
0.015689
0.016250
0.015642
0.015837
0.016170
0.015649
0.015659
0.016040
0.016320
0.016356
0.015916
0.015833
0.016096
0.016940
0.016651
0.016686
0.016175
0.016767
0.016697
0.016022
0.016455
0.016102
0.016458
0.017586
0.016865
0.016311
0.016341
0.016207
0.016254
0.016116
0.015786
0.016602
0.016940
0.015940
0.015590
0.016300
0.015714
0.016199
0.016671
0.016413
0.016204
0.016194
0.016763
0.015840
0.015979
0.015813
0.015838
0.016027
0.016589
0.016388
0.015968
0.016120
0.015322
0.016240
0.014839
0.014687
0.015061
0.014617
0.015144
0.015415
0.015049
0.014971
0.014748
0.014719
0.014918
0.014155
0.013921
0.014469
0.014509
0.014414
0.014897
0.014689
0.014706
0.014817
0.015034
0.014886
0.015145
0.015229
0.014903
0.015202
0.014613
0.015773
0.015725
0.014681
0.015288
0.014075
0.014552
0.015023
0.014911
0.015359
0.014580
0.014975
0.014669
0.014578
0.014319
0.014545
0.014428
0.013641
0.013471
0.013646
0.013714
0.013823
0.013959
0.014440
0.014669
0.014264
0.014170
0.014502
0.014104
0.014000
0.013958
0.013982
0.013777
0.013029
0.013287
0.014374
0.014363
0.013451
0.013841
0.014034
0.013019
0.013474
0.013774
0.013335
0.013065
0.012901
0.013608
0.012883
0.012728
0.013651
0.013893
0.013373
0.013565
0.013895
0.013402
0.013337
0.013931
0.013323
0.013371
0.013707
0.013413
0.013624
0.013329
0.013732
0.013392
0.013070
0.013048
0.013549
0.013674
0.013415
0.013238
0.012725
0.012881
0.013325
0.013465
0.013153
0.013519
0.013321
0.014101
0.013946
0.014337
0.014768
0.014409
0.014158
0.014579
0.015153
0.015329
0.014807
0.014421
0.014887
0.014506
0.014953
0.014924
0.015266
0.014999
0.015071
0.015420
0.015421
0.014702
0.015072
0.014797
0.014955
0.015300
0.015587
0.015532
0.015763
0.015117
0.015761
0.015345
0.015718
0.014918
0.014968
0.014809
0.015273
0.016301
0.014833
0.015117
0.014965
0.015822
0.016554
0.016322
0.016469
0.016046
0.016055
0.016328
0.015773
0.016242
0.016535
0.015597
0.016465
0.016136
0.016444
0.016158
0.016439
0.016921
0.016697
0.016255
0.015897
0.016071
0.016487
0.016346
0.015986
0.016101
0.016393
0.016348
0.016719
0.016478
0.016879
0.016239
0.016721
0.016755
0.016318
0.017492
0.016412
0.016498
0.015779
0.016107
0.016751
0.016194
0.016148
0.016920
0.017078
0.017223
0.016786
0.016895
0.016882
0.016594
0.017443
0.017170
0.016936
0.017658
0.017333
0.017773
0.017351
0.017389
0.016969
0.017286
0.017103
0.017079
0.016973
0.017466
0.017428
0.017759
0.018286
0.017303
0.017562
0.018045
0.018465
0.018647
0.017521
0.018146
0.018406
0.018468
0.018223
0.017850
0.018611
0.018004
0.018124
0.018108
0.017739
0.018194
0.018421
0.018081
0.018088
0.017869
0.017598
0.018021
0.017931
0.017746
0.018259
0.017640
0.017899
0.017794
0.018141
0.018228
0.017881
0.018868
0.018553
0.018888
0.018778
0.018620
0.018349
0.017966
0.018048
0.018643
0.018327
0.018440
0.018243
0.018717
0.018386
0.018895
0.018614
0.018275
0.017564
0.018571
0.019070
0.018392
0.017898
0.017774
0.018534
0.018261
0.017770
0.018226
0.017450
0.018200
0.018132
0.017783
0.017287
0.017348
0.017657
0.017496
0.017016
0.017170
0.017384
0.017763
0.017708
0.017107
0.017800
0.017086
0.017870
0.018054
0.017652
0.018130
0.017676
0.018615
0.017847
0.017598
0.017388
0.018104
0.017925
0.017550
0.017796
0.017535
0.017577
0.017958
0.018547
0.018284
0.018190
0.018196
0.017728
0.017888
0.017616
0.017084
0.017402
0.017303
0.017074
0.016845
0.016951
0.016992
0.016895
0.017351
0.016892
0.016579
0.016698
0.016770
0.017480
0.017441
0.017554
0.016998
0.017498
0.017232
0.017588
0.016632
0.016767
0.017003
0.016761
0.017289
0.017238
0.017214
0.017310
0.017133
0.016670
0.016680
0.016970
0.016984
0.017637
0.017574
0.016968
0.016969
0.017435
0.017572
0.017979
0.017694
0.017100
0.017379
0.018411
0.017937
0.017483
0.018849
0.018701
0.018353
0.018426
0.018208
0.017937
0.018354
0.017855
0.018291
0.019266
0.019421
0.018335
0.017993
0.019225
0.019058
0.019129
0.018378
0.019429
0.019230
0.018477
0.018648
0.017717
0.018385
0.017774
0.018175
0.017453
0.017675
0.017807
0.018147
0.018553
0.018035
0.018482
0.018205
0.018318
0.018136
0.018928
0.018575
0.018435
0.018742
0.019079
0.018709
0.017912
0.017987
0.017663
0.019045
0.018214
0.017921
0.018281
0.018562
0.018319
0.018194
0.017435
0.017172
0.017471
0.017117
0.017479
0.017348
0.016888
0.016892
0.017033
0.017579
0.017140
0.017091
0.017208
0.017350
0.017704
0.017483
0.017344
0.017108
0.017083
0.017105
0.018216
0.017452
0.018029
0.016530
0.016803
0.016730
0.016546
0.016737
0.016418
0.015856
0.015742
0.015710
0.016246
0.015838
0.015126
0.015943
0.016288
0.016082
0.016162
0.016059
0.016052
0.014917
0.016094
0.015096
0.015126
0.015433
0.014630
0.014805
0.013895
0.014518
0.013640
0.014442
0.014566
0.014070
0.014085
0.014698
0.013658
0.014254
0.013431
0.013507
0.013792
0.013317
0.013866
0.013406
0.013274
0.013405
0.013677
0.014026
0.013498
0.013395
0.013954
0.014285
0.013860
0.013228
0.013146
0.012966
0.013542
0.013803
0.014363
0.013918
0.014063
0.014163
0.014361
0.014139
0.014001
0.014223
0.014665
0.014446
0.015130
0.014773
0.014399
0.015366
0.015362
0.014612
0.014340
0.014989
0.015373
0.014914
0.014990
0.015259
0.015453
0.014731
0.014298
0.014598
0.014461
0.014096
0.014401
0.014825
0.015432
0.014758
0.015301
0.014995
0.014631
0.014716
0.016129
0.015484
0.015438
0.016234
0.015534
0.015199
0.015092
0.014712
0.014480
0.014102
0.014756
0.014178
0.014634
0.014872
0.014559
0.013492
0.014182
0.014620
0.013839
0.014892
0.014747
0.014826
0.015061
0.016134
0.015646
0.015684
0.015683
0.015138
0.015307
0.015669
0.016184
0.015794
0.015885
0.016389
0.015976
0.016004
0.016369
0.016378
0.016455
0.016201
0.017024
0.016179
0.016055
0.016696
0.015917
0.016391
0.015758
0.016695
0.016263
0.016324
0.016039
0.017398
0.017141
0.016945
0.016220
0.016038
0.016407
0.016144
0.016185
0.016538
0.016487
0.016461
0.016695
0.016648
0.016482
0.017479
0.017694
0.016767
0.017125
0.017197
0.017153
0.017209
0.016328
0.017595
0.017513
0.017921
0.017672
0.017769
0.017513
0.017282
0.018067
0.017171
0.018400
0.017808
0.017236
0.017292
0.017053
0.017024
0.017273
0.017342
0.016920
0.017852
0.017096
0.017578
0.016839
0.017397
0.017001
0.016782
0.017147
0.017097
0.017724
0.016699
0.017147
0.016717
0.017320
0.017148
0.017230
0.016414
0.016705
0.017337
0.017672
0.017105
0.017172
0.017499
0.017584
0.018029
0.018627
0.018540
0.019262
0.018078
0.017478
0.017259
0.017576
0.017196
0.017485
0.017980
0.017599
0.017689
0.017330
0.017320
0.017216
0.017884
0.017534
0.017755
0.017670
0.017637
0.017109
0.017787
0.016941
0.017415
0.018126
0.017853
0.017133
0.017555
0.016796
0.017261
0.016995
0.016994
0.017762
0.017235
0.017136
0.017273
0.017015
0.017553
0.018047
0.016987
0.017291
0.017920
0.017174
0.017044
0.017161
0.017330
0.017238
0.017531
0.017002
0.016844
0.016810
0.017253
0.017185
0.016375
0.016335
0.016102
0.016266
0.016270
0.015885
0.016480
0.016659
0.016448
0.016419
0.016341
0.016611
0.016781
0.016002
0.015723
0.015395
0.016106
0.015910
0.015550
0.014871
0.015571
0.015355
0.014652
0.015535
0.015442
0.016312
0.016012
0.015498
0.015972
0.015511
0.015777
0.015608
0.016156
0.015944
0.016456
0.015771
0.015497
0.015447
0.015546
0.015389
0.014721
0.015365
0.014889
0.015083
0.015471
0.015436
0.015866
0.015439
0.014756
0.014765
0.014927
0.015061
0.015537
0.015615
0.014615
0.014660
0.014748
0.015135
0.014860
0.015153
0.015151
0.014068
0.014260
0.014860
0.015340
0.015139
0.015833
0.015974
0.016628
0.016393
0.015483
0.015878
0.014913
0.015656
0.016115
0.016056
0.015571
0.016185
0.016455
0.016670
0.016584
0.016733
0.016764
0.016441
0.016219
0.016386
0.016299
0.016520
0.016590
0.016503
0.016175
0.016093
0.015965
0.015621
0.015544
0.015348
0.016021
0.016351
0.016662
0.016185
0.016495
0.015891
0.016211
0.016643
0.016238
0.015967
0.016975
0.016177
0.016586
0.016195
0.016980
0.016472
0.016325
0.016851
0.016238
0.016341
0.016361
0.016697
0.016369
0.016600
0.016914
0.016635
0.016631
0.017058
0.016327
0.016419
0.016704
0.015809
0.015814
0.016297
0.016690
0.016059
0.015419
0.015381
0.015317
0.016251
0.015846
0.016552
0.015759
0.015960
0.015442
0.015999
0.016354
0.015901
0.015543
0.016355
0.016490
0.016244
0.015312
0.015975
0.015972
0.015715
0.015877
0.016356
0.016078
0.015520
0.015895
0.015801
0.016067
0.016406
0.016003
0.016657
0.016303
0.015870
0.015944
0.016228
0.016277
0.015711
0.016051
0.015981
0.015993
0.015230
0.015816
0.015429
0.016191
0.016545
0.015742
0.015585
0.016036
0.015584
0.015755
0.016176
0.015693
0.015749
0.016322
0.015911
0.015919
0.016533
0.016054
0.016628
0.016564
0.016234
0.016206
0.016689
0.015966
0.015577
0.015976
0.015982
0.016211
0.016624
0.016885
0.016344
0.016365
0.017240
0.017632
0.016701
0.017545
0.018025
0.017619
0.017611
0.018397
0.018478
0.018163
0.017765
0.017373
0.018214
0.018561
0.018703
0.018130
0.018580
0.018619
0.018774
0.018414
0.018495
0.017913
0.018359
0.018468
0.018685
0.018372
0.018474
0.018785
0.018652
0.018967
0.018659
0.018774
0.019378
0.019349
0.019467
0.019295
0.018996
0.019694
0.018852
0.018809
0.019517
0.019544
0.019293
0.019559
0.018855
0.018836
0.018825
0.018244
0.018517
0.018451
0.017901
0.018127
0.019038
0.018932
0.018787
0.018370
0.018747
0.018151
0.018272
0.018754
0.017619
0.018657
0.018010
0.018331
0.018530
0.018442
0.017967
0.018048
0.018343
0.017379
0.017679
0.017140
0.018399
0.017000
0.017962
0.017687
0.017597
0.017657
0.017860
0.018048
0.017815
0.017907
0.018707
0.018590
0.018280
0.018074
0.018178
0.018654
0.018883
0.018311
0.018638
0.019053
0.019785
0.019215
0.019415
0.018664
0.018563
0.018769
0.017544
0.017623
0.017958
0.017936
0.017722
0.017505
0.017722
0.016975
0.016329
0.016620
0.016974
0.016658
0.016359
0.017030
0.017452
0.017167
0.017204
0.017698
0.016710
0.016709
0.017133
0.016866
0.017358
0.016891
0.016203
0.016987
0.016970
0.016985
0.016927
0.016685
0.017973
0.017856
0.017929
0.017485
0.017937
0.017869
0.018079
0.018816
0.017936
0.017799
0.017553
0.018329
0.017471
0.017155
0.017293
0.017838
0.017449
0.017661
0.017804
0.017813
0.017208
0.017749
0.017408
0.017831
0.017617
0.017460
0.017758
0.017706
0.016530
0.016981
0.017237
0.017797
0.017521
0.018329
0.017678
0.016925
0.017094
0.016585
0.017531
0.017578
0.017860
0.017683
0.016966
0.016923
0.016606
0.017259
0.017017
0.016760
0.016771
0.017259
0.016299
0.016039
0.016434
0.016314
0.015911
0.017120
0.016369
0.017075
0.015939
0.016832
0.016927
0.017398
0.016122
0.017128
0.016467
0.017177
0.016485
0.016693
0.016608
0.017052
0.016750
0.016569
0.016259
0.016927
0.016782
0.017124
0.017018
0.016931
0.016419
0.016593
0.016312
0.016033
0.016347
0.016871
0.016294
0.016367
0.016651
0.017203
0.016399
0.016231
0.016748
0.016814
0.016877
0.016177
0.016971
0.016642
0.016745
0.016679
0.016695
0.016393
0.016242
0.015537
0.016519
0.015779
0.015319
0.015299
0.015971
0.015701
0.015912
0.016337
0.016319
0.016905
0.016126
0.015696
0.016016
0.016613
0.016193
0.015887
0.016376
0.015685
0.015751
0.015808
0.016095
0.015090
0.016669
0.016013
0.015057
0.015423
0.015407
0.014739
0.015332
0.015122
0.015016
0.015383
0.015569
0.015248
0.015286
0.015408
0.015843
0.015658
0.015508
0.015139
0.016092
0.016067
0.015927
0.016242
0.015766
0.015978
0.015868
0.015709
0.015788
0.015911
0.016439
0.016345
0.015859
0.015738
0.015661
0.016050
0.015921
0.016746
0.016853
0.017128
0.017001
0.016322
0.016315
0.015997
0.015876
0.016308
0.015789
0.016691
0.016511
0.016913
0.017011
0.017050
0.017246
0.016935
0.017051
0.017483
0.017759
0.017364
0.017225
0.017854
0.017748
0.017627
0.017810
0.017956
0.017122
0.017548
0.018130
0.017362
0.017225
0.017423
0.017730
0.017554
0.018299
0.017156
0.017557
0.018093
0.018198
0.017177
0.017597
0.017690
0.017135
0.016526
0.016704
0.017208
0.016734
0.016973
0.016745
0.016854
0.016655
0.017075
0.016802
0.016660
0.016921
0.016471
0.016435
0.017486
0.016624
0.017163
0.017809
0.016788
0.016984
0.016969
0.016199
0.017353
0.017303
0.017709
0.017279
0.018012
0.017288
0.017359
0.017108
0.017417
0.017079
0.017336
0.017765
0.017466
0.017510
0.017464
0.016396
0.016638
0.016575
0.016931
0.015942
0.016682
0.016698
0.016329
0.016181
0.015943
0.015067
0.015471
0.015796
0.016095
0.016448
0.016052
0.016077
0.016107
0.016325
0.015465
0.015884
0.015441
0.015956
0.016047
0.015789
0.016125
0.015850
0.015839
0.016598
0.016206
0.015236
0.016443
0.017172
0.016634
0.016596
0.016492
0.016502
0.016036
0.016167
0.015973
0.015780
0.016404
0.015912
0.015988
0.015319
0.015224
0.015102
0.015285
0.015445
0.015550
0.014709
0.014447
0.015043
0.015718
0.014817
0.014695
0.015637
0.015010
0.014590
0.014847
0.015501
0.015148
0.014833
0.015528
0.015444
0.015843
0.015187
0.015550
0.016022
0.015260
0.015624
0.015828
0.015469
0.015640
0.015794
0.015784
0.015171
0.015203
0.016026
0.015965
0.015710
0.015887
0.015833
0.016046
0.016420
0.016482
0.016858
0.016577
0.016558
0.016265
0.016458
0.016125
0.016342
0.016260
0.016461
0.016481
0.016889
0.016742
0.016694
0.017219
0.017746
0.017093
0.017602
0.017767
0.017635
0.017117
0.017705
0.017438
0.017168
0.016753
0.016513
0.017024
0.016471
0.015983
0.016658
0.016606
0.017005
0.017095
0.016226
0.016966
0.016354
0.016647
0.016203
0.016340
0.016262
0.016747
0.017075
0.016932
0.016990
0.016056
0.016564
0.016103
0.016446
0.016065
0.016416
0.015938
0.015603
0.015970
0.015998
0.016293
0.015971
0.015437
0.015948
0.015821
0.015629
0.015855
0.015810
0.015978
0.015927
0.016450
0.015584
0.015188
0.015535
0.015436
0.016543
0.015326
0.015639
0.015526
0.015719
0.015444
0.015597
0.015809
0.015574
0.015807
0.015655
0.016240
0.015834
0.016681
0.015878
0.015923
0.015654
0.015975
0.016819
0.015920
0.015737
0.015936
0.015472
0.015365
0.016207
0.016470
0.016220
0.015720
0.015872
0.016026
0.014956
0.016049
0.015151
0.015579
0.016035
0.015088
0.016190
0.015332
0.015863
0.015726
0.015506
0.015308
0.015306
0.015180
0.014808
0.015026
0.015228
0.015517
0.015256
0.015539
0.015260
0.014926
0.015648
0.016315
0.015895
0.015312
0.016302
0.015819
0.015725
0.015612
0.015783
0.015766
0.016075
0.016326
0.016428
0.015897
0.016557
0.016145
0.015552
0.015398
0.016449
0.015940
0.016884
0.016284
0.017029
0.016979
0.016749
0.016925
0.016550
0.016523
0.016123
0.016616
0.016544
0.015988
0.016528
0.015883
0.015838
0.016580
0.016763
0.016111
0.015897
0.015899
0.016143
0.016508
0.016563
0.015876
0.016330
0.015879
0.015681
0.016594
0.016324
0.016928
0.016877
0.017164
0.017183
0.016987
0.016950
0.017620
0.017537
0.016527
0.016691
0.016595
0.016331
0.016137
0.015994
0.016579
0.016646
0.016816
0.016339
0.016283
0.016442
0.017301
0.016643
0.016385
0.016221
0.016669
0.016535
0.016843
0.016627
0.017344
0.017330
0.017211
0.017307
0.016505
0.016483
0.016963
0.016889
0.015816
0.016301
0.015841
0.015986
0.015926
0.016133
0.016946
0.016560
0.017053
0.016656
0.016417
0.015898
0.016352
0.016518
0.015813
0.016510
0.016351
0.016136
0.016519
0.016466
0.016573
0.016584
0.016340
0.015631
0.015689
0.016220
0.016371
0.015851
0.015620
0.016240
0.016095
0.015855
0.016153
0.016309
0.016403
0.015958
0.016753
0.015907
0.016757
0.015969
0.016561
0.016115
0.016137
0.015886
0.016014
0.016274
0.015926
0.016830
0.015432
0.016371
0.015776
0.016156
0.015670
0.015928
0.015878
0.016382
0.016486
0.016240
0.015624
0.016191
0.016213
0.017045
0.016401
0.016229
0.016987
0.016914
0.016784
0.016985
0.017301
0.017100
0.016533
0.016440
0.017283
0.016822
0.017323
0.016673
0.016112
0.016993
0.016539
0.016298
0.016981
0.016862
0.016920
0.016903
0.016839
0.017195
0.016679
0.016756
0.017355
0.016698
0.016886
0.016907
0.016421
0.016852
0.016371
0.016702
0.016533
0.016711
0.016436
0.016682
0.016812
0.016931
0.017072
0.016807
0.017878
0.017002
0.017481
0.017406
0.016977
0.016612
0.016782
0.016484
0.016544
0.016177
0.016647
0.015816
0.016322
0.016849
0.017128
0.016519
0.016116
0.016230
0.016004
0.016386
0.016757
0.016445
0.016750
0.016319
0.016857
0.017275
0.017903
0.017901
0.017303
0.017538
0.017290
0.017334
0.017404
0.017979
0.017304
0.017628
0.017674
0.018012
0.017523
0.017701
0.017835
0.017608
0.017321
0.017669
0.017517
0.017329
0.017147
0.017359
0.017121
0.017978
0.017654
0.017903
0.017710
0.017929
0.017839
0.017747
0.017634
0.017374
0.017022
0.017445
0.016534
0.017281
0.016910
0.017066
0.017541
0.017158
0.017837
0.017735
0.017089
0.017898
0.018504
0.017818
0.017455
0.018305
0.017556
0.017448
0.017507
0.017819
0.017401
0.017694
0.018380
0.018097
0.017254
0.017894
0.017865
0.017202
0.016885
0.017188
0.017069
0.016587
0.016960
0.016900
0.017035
0.016629
0.016962
0.016535
0.015807
0.017263
0.016333
0.016447
0.016510
0.017247
0.016813
0.016912
0.016915
0.017030
0.017688
0.017061
0.017138
0.017132
0.017268
0.017285
0.017263
0.017409
0.017184
0.017379
0.016915
0.016656
0.017191
0.016868
0.016997
0.017172
0.017258
0.016901
0.017234
0.016621
0.017237
0.016567
0.016550
0.016434
0.016895
0.017529
0.016936
0.016171
0.016598
0.016725
0.016658
0.016667
0.017006
0.017401
0.016790
0.017571
0.017760
0.016780
0.016371
0.017513
0.016715
0.017874
0.016309
0.017040
0.016761
0.016915
0.016854
0.017026
0.017263
0.017230
0.016785
0.016697
0.016400
0.016593
0.016679
0.016719
0.016699
0.017077
0.017096
0.016213
0.016536
0.017492
0.016985
0.017166
0.017347
0.017632
0.017302
0.017453
0.017202
0.017536
0.017510
0.017382
0.017831
0.017597
0.017550
0.018144
0.018256
0.017787
0.018429
0.018925
0.017774
0.017715
0.017380
0.018298
0.018151
0.019222
0.018980
0.018193
0.018712
0.018983
0.019095
0.018859
0.018020
0.018439
0.018076
0.018323
0.018354
0.018252
0.018239
0.017515
0.018368
0.018080
0.018488
0.018548
0.018597
0.018470
0.018407
0.018213
0.017733
0.018408
0.017829
0.018089
0.017390
0.017802
0.017644
0.018003
0.017625
0.017994
0.017407
0.017393
0.017718
0.017262
0.017694
0.018052
0.017309
0.017895
0.017970
0.017882
0.017115
0.017614
0.017306
0.017169
0.017137
0.017713
0.017138
0.017713
0.018057
0.017681
0.017152
0.017354
0.016906
0.017211
0.017293
0.017122
0.016667
0.017269
0.016881
0.017149
0.016524
0.017134
0.017192
0.017454
0.016907
0.017750
0.017815
0.017271
0.017399
0.016910
0.016908
0.017509
0.017544
0.017725
0.017180
0.018049
0.017953
0.017338
0.017024
0.017519
0.017309
0.017207
0.017239
0.017412
0.017638
0.017099
0.017232
0.018257
0.017368
0.017078
0.016807
0.017721
0.017066
0.016692
0.016469
0.016634
0.015861
0.016327
0.015253
0.016762
0.015723
0.016029
0.016120
0.016517
0.016392
0.016533
0.016374
0.015469
0.016253
0.015874
0.015167
0.015557
0.015234
0.015985
0.014791
0.015484
0.015095
0.015133
0.015122
0.015888
0.015870
0.015886
0.015772
0.015986
0.016140
0.015698
0.016228
0.016089
0.016342
0.016932
0.016679
0.016230
0.016080
0.015574
0.016523
0.016387
0.016804
0.016361
0.016433
0.016237
0.015984
0.016738
0.016338
0.016302
0.017373
0.017351
0.017001
0.017241
0.017285
0.016825
0.016832
0.016414
0.016604
0.017152
0.017001
0.017576
0.017546
0.017962
0.017691
0.017468
0.017958
0.018393
0.017753
0.018117
0.017725
0.018142
0.018100
0.018129
0.018113
0.018268
0.018072
0.018002
0.017571
0.017377
0.017681
0.017560
0.018091
0.018128
0.018040
0.018406
0.018641
0.018158
0.018632
0.018425
0.017646
0.018687
0.018308
0.018172
0.018946
0.018336
0.017742
0.017518
0.017969
0.017548
0.018186
0.018056
0.018511
0.017189
0.017002
0.017747
0.017805
0.016837
0.016665
0.016740
0.017038
0.017515
0.016559
0.018235
0.017624
0.018110
0.017390
0.017041
0.017327
0.016294
0.017574
0.017171
0.016403
0.016612
0.016118
0.015858
0.015777
0.016195
0.016680
0.016439
0.017263
0.016474
0.016829
0.016853
0.016932
0.016645
0.016794
0.016850
0.017867
0.017229
0.017095
0.017097
0.017153
0.016477
0.017010
0.016674
0.016840
0.017441
0.016412
0.017329
0.016623
0.017374
0.017581
0.017675
0.017070
0.017433
0.017606
0.017627
0.017568
0.017197
0.017185
0.016633
0.018105
0.017330
0.017742
0.017820
0.018025
0.017768
0.017317
0.017488
0.016521
0.016517
0.017216
0.016841
0.016120
0.016805
0.016709
0.016576
0.017424
0.016985
0.016925
0.017194
0.016788
0.017119
0.017242
0.016462
0.017218
0.017336
0.016455
0.016014
0.017017
0.017023
0.017006
0.017219
0.017723
0.017150
0.016902
0.016429
0.017131
0.016923
0.017402
0.017154
0.017856
0.017196
0.017069
0.017436
0.017197
0.017188
0.017248
0.017585
0.017654
0.017607
0.017348
0.017385
0.017204
0.017666
0.018149
0.017851
0.017852
0.017956
0.018186
0.017568
0.017597
0.018151
0.017786
0.017799
0.017198
0.017372
0.018021
0.017965
0.017566
0.017846
0.018657
0.017916
0.017596
0.017267
0.017193
0.017194
0.017446
0.016987
0.017084
0.017216
0.016791
0.017596
0.017456
0.017484
0.016650
0.017252
0.016059
0.015563
0.015502
0.016106
0.015544
0.015560
0.015761
0.015142
0.015364
0.015758
0.015821
0.015883
0.015530
0.016525
0.016286
0.016498
0.016285
0.016459
0.017115
0.017289
0.017323
0.017602
0.017571
0.017713
0.016283
0.016795
0.016391
0.016482
0.016535
0.016805
0.016589
0.016746
0.016627
0.016965
0.016678
0.016616
0.017133
0.015918
0.015908
0.017016
0.016943
0.017102
0.017730
0.016374
0.016286
0.016129
0.017059
0.016769
0.017025
0.016941
0.017530
0.017112
0.017401
0.017276
0.017868
0.017437
0.017834
0.017485
0.017278
0.018126
0.017666
0.017588
0.017935
0.017738
0.017616
0.017723
0.017524
0.017588
0.018014
0.017959
0.018678
0.018253
0.016714
0.018040
0.017585
0.017793
0.017720
0.018172
0.018597
0.018361
0.018228
0.019583
0.018626
0.019376
0.018125
0.018410
0.018896
0.019047
0.018737
0.019202
0.018916
0.019223
0.019179
0.018648
0.019008
0.019253
0.018571
0.018091
0.017995
0.018720
0.018443
0.018008
0.018554
0.018529
0.018297
0.017886
0.017627
0.018357
0.018466
0.018086
0.017420
0.017577
0.017391
0.017812
0.017691
0.016999
0.017880
0.016942
0.016663
0.017349
0.017232
0.017039
0.017609
0.017362
0.017122
0.017495
0.017564
0.017410
0.017704
0.016884
0.017312
0.017617
0.016884
0.017119
0.016925
0.017173
0.017485
0.017372
0.016862
0.016799
0.017429
0.017024
0.016971
0.016724
0.016582
0.016717
0.016063
0.016680
0.016655
0.017173
0.016218
0.017503
0.017023
0.017736
0.016871
0.017017
0.017021
0.016850
0.017290
0.017178
0.016675
0.016352
0.016803
0.017274
0.017058
0.016982
0.016997
0.017072
0.017289
0.016948
0.016808
0.017144
0.017821
0.017905
0.018001
0.017265
0.017746
0.016743
0.017504
0.017661
0.017442
0.017437
0.016880
0.017495
0.018167
0.017135
0.017012
0.016725
0.017134
0.017222
0.016828
0.016637
0.016440
0.016121
0.017129
0.016398
0.016310
0.016391
0.016944
0.016318
0.016446
0.016590
0.016224
0.016079
0.017591
0.016635
0.015852
0.016373
0.016404
0.016506
0.016760
0.016309
0.015848
0.016128
0.016604
0.016162
0.016689
0.017802
0.016880
0.017100
0.017371
0.017716
0.016595
0.017357
0.016887
0.016741
0.016172
0.016442
0.017036
0.016881
0.016973
0.017138
0.017060
0.017752
0.017223
0.016812
0.016839
0.017028
0.016390
0.016564
0.017451
0.016748
0.016463
0.017041
0.016760
0.017740
0.016970
0.017220
0.016770
0.017460
0.017039
0.017358
0.016963
0.017202
0.016987
0.016729
0.016297
0.017169
0.016816
0.016842
0.016792
0.017073
0.016934
0.016912
0.017189
0.016792
0.016859
0.017107
0.016723
0.016674
0.016307
0.016353
0.016105
0.016222
0.015277
0.015507
0.016818
0.016419
0.016075
0.016823
0.016189
0.016628
0.016413
0.016349
0.016461
0.016958
0.016449
0.016505
0.017243
0.016588
0.017117
0.016705
0.016136
0.016424
0.016115
0.017176
0.016730
0.017112
0.017083
0.017034
0.017057
0.016927
0.017344
0.017339
0.016672
0.017125
0.017955
0.017710
0.017331
0.017425
0.017576
0.017614
0.017718
0.017639
0.016302
0.017879
0.017697
0.017119
0.017727
0.017301
0.016584
0.017223
0.017183
0.017441
0.017943
0.017380
0.018019
0.017614
0.017610
0.016827
0.017537
0.016883
0.017353
0.016792
0.017137
0.016451
0.016886
0.016248
0.016904
0.016734
0.017359
0.016871
0.017535
0.016746
0.016642
0.017202
0.016661
0.016816
0.016393
0.017233
0.017080
0.016802
0.017001
0.017305
0.016067
0.016950
0.016771
0.016302
0.016941
0.016460
0.016187
0.015909
0.016289
0.016386
0.016833
0.016018
0.016223
0.015866
0.015710
0.015641
0.014663
0.015819
0.015348
0.015560
0.016614
0.016059
0.015751
0.015628
0.015709
0.015953
0.015907
0.015676
0.016611
0.016656
0.015486
0.016622
0.016036
0.015616
0.016351
0.016135
0.016066
0.015886
0.016755
0.016139
0.016734
0.016288
0.016260
0.016299
0.015805
0.015963
0.016967
0.016312
0.016093
0.015715
0.015830
0.016124
0.015981
0.016167
0.015947
0.016008
0.016603
0.016299
0.016407
0.016593
0.016401
0.017562
0.017039
0.017154
0.016856
0.016256
0.016456
0.016629
0.017059
0.017520
0.016870
0.016670
0.016888
0.017480
0.016663
0.017346
0.017143
0.017432
0.016905
0.016898
0.017043
0.016741
0.016545
0.016582
0.017182
0.017495
0.016680
0.017593
0.016981
0.017321
0.017146
0.016836
0.016250
0.017231
0.016065
0.016619
0.016863
0.016794
0.016671
0.016466
0.016194
0.015780
0.016206
0.016606
0.015894
0.016677
0.016724
0.015818
0.016414
0.016945
0.016386
0.015710
0.015774
0.015363
0.015873
0.015704
0.015522
0.015990
0.015737
0.015933
0.016117
0.015788
0.015307
0.016247
0.015797
0.015865
0.016411
0.016347
0.017045
0.016666
0.016465
0.016287
0.017495
0.017500
0.017063
0.017276
0.016847
0.017028
0.017363
0.016939
0.016413
0.016288
0.016369
0.016133
0.016716
0.016887
0.016865
0.016944
0.016795
0.016519
0.016374
0.016785
0.016740
0.017283
0.016307
0.016381
0.016407
0.016412
0.016561
0.016511
0.016316
0.017491
0.016873
0.017089
0.017039
0.017026
0.017172
0.016608
0.016814
0.016771
0.016278
0.016303
0.016405
0.017130
0.016974
0.016445
0.016236
0.016514
0.015971
0.016655
0.016945
0.017436
0.016768
0.017528
0.017054
0.016780
0.016676
0.017114
0.017341
0.017727
0.017680
0.017653
0.018016
0.017869
0.017329
0.017719
0.017745
0.017165
0.018624
0.018066
0.017572
0.017625
0.018332
0.017248
0.018274
0.017930
0.018070
0.018500
0.018331
0.019056
0.019373
0.019156
0.018810
0.018725
0.018939
0.018764
0.017787
0.018354
0.018205
0.018479
0.017960
0.018175
0.017940
0.018371
0.018099
0.018108
0.018440
0.017768
0.017823
0.017780
0.017949
0.018214
0.018120
0.018486
0.018141
0.018271
0.018223
0.019246
0.019195
0.018664
0.019189
0.018549
0.019146
0.018517
0.019132
0.018848
0.019541
0.018933
0.019636
0.019432
0.019490
0.018664
0.019157
0.018717
0.018723
0.018779
0.019275
0.019381
0.019226
0.018838
0.018421
0.018713
0.019139
0.019209
0.019118
0.018558
0.018809
0.018791
0.018068
0.018954
0.018092
0.017483
0.017286
0.017802
0.017152
0.017815
0.017873
0.017828
0.018165
0.017688
0.018029
0.017003
0.017574
0.016856
0.016663
0.017437
0.017017
0.017096
0.017704
0.016835
0.017219
0.017790
0.017217
0.017730
0.017019
0.017427
0.017635
0.017662
0.017776
0.017448
0.017273
0.017625
0.017723
0.017336
0.017106
0.017251
0.017799
0.017463
0.016780
0.017088
0.017530
0.016844
0.017264
0.017849
0.017359
0.016700
0.017192
0.017101
0.017474
0.016470
0.016804
0.016975
0.017707
0.016843
0.016987
0.016985
0.017394
0.017491
0.016765
0.016845
0.016901
0.016470
0.016947
0.016223
0.016497
0.016434
0.016115
0.016743
0.016717
0.016507
0.016651
0.017203
0.016710
0.017414
0.016479
0.016517
0.016836
0.016387
0.016319
0.016266
0.016765
0.017364
0.016633
0.017134
0.016087
0.016226
0.017263
0.016667
0.017565
0.017079
0.017058
0.016378
0.016333
0.016205
0.017299
0.016466
0.016607
0.016980
0.016953
0.016475
0.016925
0.017081
0.017201
0.016928
0.017200
0.017493
0.016269
0.016722
0.015408
0.016161
0.015940
0.016630
0.016310
0.015853
0.015588
0.016155
0.015367
0.016266
0.015625
0.015777
0.015362
0.015417
0.017076
0.017099
0.016467
0.016347
0.016039
0.016549
0.016533
0.016452
0.016879
0.016490
0.016742
0.016704
0.016527
0.016316
0.016327
0.016789
0.016582
0.016236
0.016721
0.016289
0.016335
0.017001
0.017033
0.016091
0.016347
0.016912
0.016812
0.017287
0.017317
0.016585
0.016764
0.016581
0.016620
0.016208
0.016591
0.017389
0.016332
0.016994
0.016660
0.017699
0.017490
0.017000
0.016945
0.016900
0.016444
0.016207
0.016193
0.016122
0.015926
0.016691
0.016791
0.016799
0.016581
0.017314
0.016428
0.016586
0.016729
0.016947
0.016769
0.016795
0.016860
0.017171
0.017093
0.016913
0.017632
0.016746
0.017199
0.016827
0.017091
0.017460
0.017619
0.016886
0.016893
0.016917
0.016704
0.017294
0.016945
0.016897
0.017109
0.016745
0.016757
0.016769
0.017376
0.016545
0.017404
0.017585
0.018049
0.018214
0.017701
0.016861
0.017874
0.018063
0.018456
0.018205
0.018599
0.018163
0.018326
0.018334
0.018544
0.018940
0.019321
0.019631
0.019725
0.018906
0.020087
0.019340
0.019096
0.019047
0.018949
0.018995
0.018646
0.018815
0.018817
0.018792
0.018767
0.018288
0.018002
0.018078
0.018420
0.018004
0.018434
0.018693
0.017984
0.018193
0.018518
0.018256
0.018528
0.018276
0.018600
0.018030
0.018686
0.017877
0.018299
0.017876
0.017660
0.017349
0.017387
0.018088
0.018096
0.017600
0.017503
0.017139
0.017865
0.018021
0.017685
0.017549
0.017727
0.018231
0.018162
0.017783
0.017562
0.017732
0.017761
0.017526
0.017584
0.017865
0.017353
0.017364
0.016963
0.016883
0.016530
0.016540
0.017094
0.016659
0.016509
0.016499
0.016162
0.016400
0.017206
0.017214
0.016296
0.016405
0.017104
0.016920
0.016614
0.017048
0.017558
0.016765
0.017554
0.017039
0.016307
0.016221
0.017618
0.016850
0.016202
0.016215
0.015935
0.017366
0.016401
0.016477
0.016193
0.016556
0.017162
0.016842
0.016673
0.017047
0.017092
0.017426
0.017586
0.017644
0.017482
0.017667
0.017791
0.018018
0.017858
0.018419
0.018317
0.017640
0.018384
0.019059
0.019078
0.018633
0.018127
0.018230
0.018605
0.017733
0.017934
0.018004
0.018311
0.018798
0.018356
0.018073
0.018542
0.017627
0.018053
0.017778
0.017667
0.018240
0.018565
0.018396
0.018537
0.018640
0.018128
0.017937
0.018550
0.019133
0.018106
0.018326
0.018587
0.017980
0.017852
0.017775
0.017884
0.017567
0.017193
0.016410
0.016438
0.016215
0.016708
0.016441
0.016011
0.016598
0.015846
0.015689
0.015640
0.016268
0.016326
0.016143
0.016134
0.016094
0.015718
0.015049
0.015742
0.015905
0.015132
0.015443
0.016049
0.015564
0.015168
0.015703
0.015704
0.015295
0.015269
0.015221
0.015160
0.014997
0.015012
0.015324
0.015306
0.015274
0.015971
0.015425
0.015563
0.015684
0.015746
0.015879
0.015677
0.015759
0.015088
0.015331
0.015393
0.016016
0.016200
0.015949
0.015319
0.016067
0.016746
0.016038
0.016068
0.015723
0.016112
0.016048
0.016377
0.016282
0.016375
0.015901
0.016064
0.015948
0.015779
0.015689
0.015879
0.015833
0.015448
0.015402
0.015147
0.015694
0.015177
0.014994
0.015619
0.014492
0.014285
0.014675
0.014587
0.014712
0.014598
0.014839
0.015403
0.014993
0.014996
0.014836
0.015271
0.015225
0.014983
0.014427
0.014485
0.014688
0.014731
0.015197
0.015302
0.015373
0.014727
0.015131
0.015054
0.014977
0.015076
0.015091
0.015340
0.014745
0.014832
0.015241
0.014975
0.015025
0.014644
0.015185
0.015561
0.015108
0.015099
0.015716
0.015435
0.015399
0.014726
0.015163
0.014987
0.014874
0.015297
0.015885
0.015582
0.015607
0.015276
0.015354
0.015202
0.014995
0.015351
0.016371
0.015658
0.016009
0.015863
0.015936
0.015868
0.016410
0.016417
0.016821
0.016478
0.016429
0.016523
0.017125
0.016034
0.016248
0.016827
0.017357
0.016326
0.016643
0.017088
0.016988
0.016986
0.016902
0.016790
0.016636
0.016597
0.016583
0.016967
0.016928
0.016621
0.015957
0.016200
0.015865
0.015868
0.016368
0.016192
0.016142
0.016441
0.016113
0.016263
0.016040
0.016304
0.016903
0.016606
0.016628
0.017029
0.016335
0.016326
0.016578
0.016780
0.016715
0.016841
0.016635
0.016770
0.015951
0.016661
0.016379
0.016926
0.017231
0.016744
0.016947
0.016840
0.017155
0.016966
0.017334
0.017220
0.017403
0.017097
0.017607
0.016799
0.017368
0.016844
0.017320
0.016897
0.016297
0.016583
0.016494
0.016432
0.016681
0.016503
0.016373
0.016904
0.015832
0.016462
0.016175
0.016537
0.015834
0.015670
0.016005
0.015917
0.015684
0.015649
0.016263
0.016525
0.016478
0.016507
0.016116
0.016253
0.016214
0.016378
0.016402
0.016469
0.016615
0.016085
0.016735
0.016513
0.016165
0.017002
0.016869
0.016819
0.016080
0.016317
0.016041
0.016200
0.016771
0.016354
0.017366
0.016132
0.016488
0.016363
0.015885
0.016008
0.016079
0.016281
0.016142
0.016418
0.017061
0.016591
0.017956
0.017974
0.017824
0.018354
0.017265
0.017384
0.017786
0.017251
0.017360
0.018481
0.018258
0.017902
0.018095
0.019304
0.018838
0.017986
0.018825
0.018590
0.018110
0.019321
0.018294
0.019151
0.017779
0.017395
0.017394
0.018205
0.017254
0.017836
0.017324
0.017534
0.017565
0.017398
0.017142
0.017312
0.016648
0.016830
0.017455
0.017128
0.017705
0.017744
0.017200
0.017542
0.016798
0.018074
0.017295
0.018233
0.017780
0.017450
0.018257
0.017276
0.016892
0.017449
0.016713
0.016196
0.016274
0.016835
0.017038
0.016660
0.017303
0.017155
0.018146
0.017463
0.017020
0.016650
0.017135
0.017521
0.017733
0.017498
0.017507
0.016797
0.017002
0.016545
0.017556
0.017582
0.017074
0.017638
0.017042
0.016712
0.016312
0.016805
0.016375
0.016466
0.016601
0.017119
0.016235
0.017425
0.017298
0.017476
0.016609
0.016398
0.017458
0.016600
0.016721
0.016720
0.016705
0.016908
0.017033
0.017774
0.017106
0.017359
0.017374
0.017215
0.017308
0.017014
0.017522
0.017041
0.017408
0.017043
0.017431
0.017115
0.016940
0.016763
0.017062
0.017450
0.017512
0.017155
0.016278
0.016911
0.017383
0.017187
0.016677
0.016670
0.016826
0.017530
0.017025
0.017801
0.017521
0.016802
0.016984
0.017109
0.017554
0.016532
0.017088
0.017847
0.017926
0.017491
0.016787
0.016873
0.016559
0.016517
0.016806
0.017220
0.016769
0.016704
0.017085
0.017480
0.017433
0.017075
0.017041
0.017100
0.017771
0.017682
0.017036
0.016507
0.015977
0.015716
0.017025
0.017037
0.017101
0.016695
0.016186
0.016581
0.017574
0.017025
0.018147
0.017592
0.017293
0.017287
0.018017
0.018185
0.018224
0.017920
0.018601
0.018269
0.017328
0.018049
0.017613
0.017342
0.017564
0.017465
0.017200
0.017085
0.016981
0.017328
0.016894
0.017350
0.017138
0.018177
0.017572
0.016161
0.017510
0.016949
0.017663
0.017277
0.016944
0.017175
0.017346
0.017741
0.017804
0.017441
0.017695
0.017545
0.018187
0.018879
0.019050
0.018758
0.018873
0.018403
0.017996
0.018742
0.018531
0.018494
0.019312
0.018119
0.018138
0.018322
0.018835
0.018555
0.018753
0.018415
0.018367
0.018854
0.018140
0.018072
0.019020
0.018878
0.018131
0.018065
0.017773
0.017147
0.018088
0.017736
0.018595
0.018464
0.018091
0.018040
0.018949
0.018102
0.018194
0.018187
0.018519
0.017768
0.018102
0.018302
0.018263
0.019109
0.018938
0.018665
0.018496
0.019201
0.018921
0.018558
0.018873
0.019296
0.018671
0.018854
0.019020
0.018683
0.019086
0.018351
0.018638
0.018129
0.017992
0.018189
0.017666
0.018522
0.017787
0.017714
0.018315
0.018098
0.018698
0.018379
0.018635
0.018195
0.018344
0.018005
0.017992
0.018118
0.017862
0.018310
0.018085
0.018217
0.018807
0.018263
0.018656
0.019020
0.018279
0.018000
0.018734
0.018008
0.018816
0.018242
0.018389
0.018794
0.018442
0.018032
0.017839
0.017095
0.017598
0.017367
0.018386
0.018096
0.017702
0.017809
0.017780
0.017982
0.017942
0.018201
0.018267
0.017900
0.017749
0.018196
0.018127
0.018230
0.016797
0.017687
0.017479
0.017968
0.017734
0.017035
0.018071
0.017822
0.017916
0.017091
0.017894
0.017559
0.016750
0.017467
0.017344
0.017961
0.017490
0.017064
0.017608
0.018247
0.016922
0.017516
0.017279
0.017001
0.017656
0.017392
0.017572
0.017140
0.017359
0.015957
0.016534
0.016810
0.016142
0.016380
0.016863
0.016218
0.016756
0.017319
0.015507
0.015466
0.015741
0.016214
0.016298
0.016162
0.016448
0.016353
0.016540
0.016725
0.015694
0.016080
0.016362
0.016245
0.016207
0.016452
0.016767
0.017057
0.016826
0.016529
0.016903
0.017515
0.017352
0.017035
0.017424
0.017767
0.016677
0.017350
0.016799
0.016525
0.015954
0.016588
0.016876
0.016646
0.016831
0.016680
0.016313
0.016244
0.016426
0.016083
0.016357
0.015593
0.016000
0.015934
0.015468
0.016252
0.016292
0.016550
0.016649
0.016876
0.017184
0.017091
0.017070
0.016524
0.017164
0.016485
0.016683
0.016594
0.016798
0.017181
0.017697
0.016799
0.017521
0.018097
0.017866
0.017927
0.017485
0.018031
0.018722
0.017633
0.017508
0.017294
0.017828
0.017979
0.017912
0.017714
0.017659
0.017473
0.017560
0.017794
0.016919
0.017158
0.017770
0.017832
0.017445
0.017885
0.017744
0.017838
0.016270
0.016742
0.016536
0.017180
0.017244
0.016819
0.016703
0.016946
0.017177
0.017340
0.017157
0.016252
0.016823
0.016569
0.016880
0.016847
0.017106
0.017153
0.016287
0.016037
0.016767
0.016440
0.016334
0.016668
0.017270
0.016877
0.017166
0.016805
0.016771
0.017566
0.017185
0.017300
0.017790
0.017062
0.017044
0.017306
0.016736
0.016644
0.017389
0.016917
0.017021
0.016906
0.017126
0.017114
0.017490
0.017822
0.017533
0.017797
0.017796
0.017701
0.017196
0.017481
0.017233
0.017276
0.017217
0.016699
0.017484
0.016181
0.016908
0.016526
0.017269
0.016888
0.017218
0.017740
0.016959
0.017866
0.017796
0.017340
0.017164
0.018149
0.017449
0.017857
0.017521
0.017528
0.017352
0.017541
0.017374
0.017665
0.018664
0.017262
0.018048
0.017426
0.016979
0.016401
0.017195
0.016304
0.017378
0.017140
0.017019
0.016597
0.016865
0.016757
0.016947
0.017573
0.017016
0.017280
0.017915
0.017131
0.017166
0.017153
0.017318
0.017765
0.017555
0.017157
0.016547
0.016573
0.016389
0.016987
0.017063
0.016637
0.016736
0.016648
0.016334
0.017090
0.016966
0.016621
0.016821
0.017353
0.017231
0.017345
0.018341
0.017623
0.017785
0.017309
0.018060
0.017445
0.019305
0.018379
0.017657
0.018488
0.017369
0.017973
0.017753
0.017684
0.017891
0.018347
0.018348
0.017797
0.018417
0.018168
0.017729
0.017608
0.018219
0.017910
0.017728
0.017676
0.017522
0.017976
0.017742
0.017694
0.017773
0.017492
0.017450
0.017429
0.017234
0.017530
0.017014
0.017061
0.017449
0.016957
0.017100
0.016983
0.016967
0.016642
0.016090
0.016335
0.016472
0.016351
0.016479
0.016378
0.016597
0.016556
0.016080
0.016052
0.016718
0.016640
0.016095
0.015566
0.015868
0.015553
0.015471
0.015486
0.015404
0.015000
0.015195
0.014973
0.014756
0.015239
0.014544
0.015060
0.014758
0.014671
0.014504
0.014604
0.015196
0.015987
0.015420
0.015342
0.015838
0.015931
0.015635
0.015799
0.015746
0.015287
0.014716
0.015152
0.015071
0.015261
0.015871
0.015713
0.015207
0.015012
0.015264
0.015120
0.014921
0.014636
0.014995
0.015818
0.015702
0.016016
0.015996
0.016122
0.016273
0.016763
0.016119
0.016458
0.016310
0.016489
0.016895
0.016920
0.017460
0.017018
0.017530
0.017086
0.017844
0.017178
0.018144
0.017272
0.017229
0.016880
0.017010
0.016269
0.016794
0.017010
0.017605
0.017040
0.017475
0.016743
0.017616
0.017295
0.017713
0.017293
0.017320
0.016693
0.017033
0.017244
0.016909
0.016572
0.016490
0.016332
0.016600
0.016655
0.016847
0.016808
0.016301
0.016295
0.016164
0.016621
0.016185
0.016356
0.016656
0.016096
0.016928
0.016031
0.015936
0.015909
0.015862
0.015697
0.016420
0.016196
0.016709
0.016716
0.016721
0.016672
0.016522
0.016187
0.016636
0.016150
0.016156
0.016210
0.016589
0.016542
0.016515
0.016303
0.017010
0.016588
0.016804
0.016795
0.017109
0.016383
0.016182
0.016745
0.016322
0.016541
0.016514
0.016856
0.016941
0.017397
0.017412
0.017751
0.017498
0.017714
0.017523
0.016954
0.017950
0.018253
0.018028
0.018207
0.017992
0.017896
0.018446
0.018076
0.018166
0.018750
0.018682
0.018604
0.018951
0.018384
0.018386
0.019039
0.019100
0.019678
0.019448
0.019650
0.019483
0.019184
0.019887
0.019369
0.019562
0.019489
0.019301
0.019379
0.019019
0.018594
0.019095
0.019217
0.018908
0.018835
0.019092
0.018321
0.018376
0.018397
0.018728
0.018367
0.018127
0.018138
0.017781
0.018286
0.017868
0.018278
0.017919
0.018049
0.017134
0.017643
0.017210
0.016298
0.016776
0.016657
0.016757
0.016687
0.016371
0.016579
0.016718
0.017094
0.016270
0.016532
0.016705
0.016799
0.016147
0.016496
0.017076
0.016855
0.016955
0.016615
0.016998
0.016502
0.016933
0.016325
0.017107
0.016979
0.017105
0.017528
0.017417
0.017060
0.017467
0.017033
0.018044
0.017827
0.017518
0.017073
0.016591
0.016864
0.017199
0.017367
0.017339
0.016069
0.018174
0.017517
0.017620
0.016971
0.017665
0.017246
0.017504
0.016660
0.016420
0.016441
0.015810
0.015546
0.015388
0.015782
0.016019
0.016039
0.016552
0.016391
0.016700
0.016227
0.017148
0.016950
0.016559
0.016351
0.016910
0.017034
0.017328
0.017640
0.017409
0.017401
0.017639
0.017264
0.017017
0.017360
0.017941
0.017613
0.017861
0.017566
0.017458
0.017045
0.016396
0.017225
0.017317
0.017989
0.017658
0.016992
0.018205
0.017357
0.017822
0.017322
0.017782
0.017138
0.016529
0.016975
0.018030
0.017697
0.016645
0.018050
0.017079
0.017237
0.016714
0.016101
0.016958
0.016790
0.016283
0.016079
0.016467
0.016401
0.016051
0.016468
0.017313
0.017057
0.016248
0.016623
0.016169
0.016400
0.016681
0.016413
0.016877
0.016625
0.016596
0.016450
0.017628
0.017328
0.016620
0.017314
0.017895
0.016595
0.017191
0.017154
0.016789
0.017679
0.017007
0.017901
0.017689
0.018254
0.017429
0.016383
0.017804
0.016535
0.017368
0.017467
0.016750
0.017225
0.017456
0.017414
0.017422
0.017739
0.018185
0.017385
0.018093
0.017689
0.018551
0.017622
0.017658
0.017770
0.017966
0.017733
0.017964
0.018234
0.017511
0.016940
0.017513
0.017610
0.017896
0.016950
0.018358
0.017798
0.017769
0.017045
0.018276
0.018027
0.017415
0.017248
0.017778
0.017525
0.017256
0.018137
0.017704
0.017368
0.016881
0.016524
0.017251
0.017306
0.017972
0.017473
0.017807
0.018088
0.017761
0.018556
0.018289
0.017893
0.017667
0.018221
0.018038
0.017423
0.016824
0.017240
0.017131
0.017239
0.017380
0.018015
0.017584
0.017782
0.018167
0.018106
0.017220
0.018113
0.018131
0.018027
0.017631
0.017618
0.017912
0.018175
0.017866
0.017570
0.017232
0.017477
0.017502
0.016900
0.016775
0.016790
0.017269
0.017345
0.017198
0.018341
0.017502
0.016920
0.016596
0.017094
0.017727
0.016905
0.016472
0.017058
0.016938
0.016288
0.016477
0.016039
0.015849
0.015976
0.016090
0.016042
0.015969
0.015401
0.015168
0.015186
0.015224
0.016190
0.015562
0.015774
0.015341
0.015178
0.014766
0.015363
0.015284
0.016260
0.015651
0.015193
0.015838
0.015816
0.015959
0.015692
0.015233
0.015917
0.015676
0.015533
0.015254
0.015036
0.015934
0.016133
0.016042
0.015223
0.015796
0.016490
0.016066
0.016219
0.015827
0.016723
0.015474
0.015758
0.016178
0.015886
0.015531
0.016532
0.015777
0.016068
0.016813
0.016892
0.015807
0.015659
0.015291
0.015712
0.015947
0.016643
0.016331
0.016505
0.016470
0.016721
0.016298
0.015518
0.016113
0.015622
0.015247
0.015942
0.015723
0.016020
0.015222
0.015538
0.015436
0.016364
0.015643
0.015576
0.016010
0.016002
0.015536
0.015504
0.015481
0.015400
0.015109
0.015412
0.015172
0.015602
0.015410
0.015261
0.015100
0.015237
0.015492
0.015154
0.015268
0.015271
0.014930
0.015680
0.014961
0.014952
0.015187
0.015520
0.014920
0.015545
0.015675
0.015036
0.015460
0.015229
0.016750
0.016267
0.016805
0.016280
0.017234
0.016745
0.016283
0.016646
0.015787
0.016019
0.016451
0.016759
0.016572
0.016245
0.017025
0.016088
0.016308
0.016860
0.016391
0.015835
0.016056
0.016562
0.016532
0.016573
0.016265
0.015814
0.016464
0.015604
0.016277
0.016070
0.016102
0.015646
0.016121
0.015467
0.015525
0.015272
0.015924
0.015842
0.015986
0.016416
0.016755
0.016370
0.016257
0.016223
0.015777
0.016273
0.016381
0.016067
0.016567
0.016838
0.016581
0.016274
0.016489
0.015922
0.016001
0.015765
0.015754
0.015810
0.015653
0.015561
0.016233
0.015951
0.016187
0.016619
0.015523
0.017026
0.015925
0.016415
0.015951
0.015811
0.015887
0.015501
0.015445
0.016119
0.015505
0.015816
0.014885
0.014794
0.015015
0.014487
0.014724
0.015313
0.014545
0.014790
0.013520
0.014422
0.014585
0.014654
0.015072
0.014938
0.015347
0.015238
0.014658
0.014573
0.014057
0.014276
0.013494
0.013179
0.013305
0.014396
0.013908
0.013665
0.013744
0.014501
0.014127
0.014106
0.014493
0.014095
0.014769
0.014307
0.014087
0.014818
0.015044
0.014766
0.014448
0.014427
0.014141
0.013786
0.013668
0.013822
0.013766
0.013678
0.013797
0.013414
0.013944
0.013461
0.014269
0.013756
0.013910
0.013741
0.013510
0.013809
0.014050
0.013799
0.013721
0.013892
0.014008
0.014010
0.013918
0.013650
0.014134
0.014370
0.014110
0.014156
0.013825
0.014154
0.014602
0.014611
0.014175
0.014209
0.014035
0.015128
0.014442
0.014864
0.015416
0.015210
0.015032
0.015161
0.015109
0.014401
0.014848
0.015381
0.015146
0.015341
0.014854
0.015428
0.014903
0.015583
0.015074
0.015164
0.015559
0.015828
0.015706
0.015857
0.015037
0.015371
0.015604
0.014599
0.015322
0.014204
0.015583
0.015898
0.015458
0.015210
0.015356
0.015569
0.015044
0.015845
0.014787
0.014582
0.015157
0.015113
0.015403
0.015322
0.015552
0.015572
0.014837
0.015706
0.015484
0.014954
0.015317
0.015075
0.014597
0.015174
0.014822
0.014814
0.015027
0.015247
0.015112
0.015329
0.015370
0.014575
0.015371
0.015186
0.014390
0.015058
0.014994
0.014116
0.015120
0.014551
0.014666
0.015048
0.014567
0.014611
0.014250
0.014263
0.014257
0.013751
0.014474
0.014616
0.014656
0.014255
0.014541
0.014933
0.014530
0.014138
0.014629
0.015130
0.014341
0.015161
0.014848
0.015925
0.014565
0.014587
0.014961
0.014667
0.014706
0.013998
0.014916
0.015501
0.015226
0.014687
0.014931
0.014753
0.014698
0.014856
0.014507
0.014283
0.015417
0.015146
0.015163
0.015510
0.015304
0.015144
0.015218
0.015473
0.015480
0.015251
0.015662
0.015142
0.014753
0.015037
0.014857
0.015041
0.015523
0.015126
0.015336
0.015672
0.015668
0.015418
0.015902
0.015989
0.016091
0.015925
0.016221
0.016051
0.016294
0.016398
0.015394
0.015502
0.015462
0.015608
0.015654
0.015601
0.015364
0.015563
0.015913
0.016141
0.016168
0.015371
0.015852
0.015780
0.015447
0.015688
0.015432
0.015638
0.015561
0.014768
0.014869
0.014403
0.015007
0.014536
0.014355
0.015081
0.014908
0.015322
0.014344
0.014465
0.014912
0.014871
0.014379
0.014789
0.015139
0.014910
0.014923
0.014605
0.014807
0.014891
0.015074
0.014885
0.015201
0.014826
0.015074
0.015641
0.015903
0.015506
0.015378
0.015040
0.015920
0.015636
0.016619
0.015888
0.015458
0.015605
0.015415
0.016110
0.016288
0.015928
0.016037
0.016328
0.015846
0.016396
0.016142
0.015847
0.016479
0.016245
0.016199
0.015714
0.015906
0.015941
0.016195
0.016490
0.016562
0.016903
0.016500
0.017132
0.017067
0.016890
0.016958
0.017254
0.016941
0.016896
0.017084
0.016528
0.016064
0.016393
0.016732
0.016059
0.016761
0.016399
0.016191
0.016808
0.016852
0.017012
0.016367
0.016089
0.016119
0.016740
0.016177
0.016599
0.016789
0.016078
0.016305
0.016508
0.016435
0.015842
0.016034
0.015684
0.015851
0.015385
0.015996
0.015983
0.016339
0.016356
0.016161
0.016231
0.015628
0.016164
0.016081
0.015953
0.015627
0.015133
0.015437
0.015591
0.015721
0.016024
0.016284
0.016008
0.015466
0.015387
0.015156
0.015987
0.014907
0.015593
0.015242
0.014836
0.015601
0.015931
0.014906
0.015338
0.016381
0.015894
0.016662
0.016243
0.016258
0.015730
0.016474
0.016908
0.016537
0.016013
0.016616
0.015639
0.016410
0.017085
0.016804
0.016082
0.015620
0.015715
0.015942
0.015391
0.015005
0.014930
0.015356
0.016035
0.015414
0.015499
0.015734
0.015745
0.015630
0.015226
0.015633
0.015549
0.015639
0.016182
0.015769
0.015282
0.015913
0.014698
0.014853
0.014671
0.014709
0.014727
0.013992
0.014849
0.014583
0.014270
0.014760
0.014928
0.014737
0.015002
0.015160
0.014684
0.015054
0.014655
0.014291
0.014334
0.014151
0.014397
0.014154
0.013723
0.014016
0.014062
0.014713
0.014630
0.014696
0.015133
0.014072
0.014365
0.014654
0.014369
0.014912
0.013774
0.013903
0.013614
0.014533
0.014061
0.014592
0.014767
0.014460
0.014659
0.014496
0.014601
0.014355
0.014153
0.014155
0.014254
0.014474
0.014796
0.014451
0.014957
0.015458
0.015084
0.014751
0.014458
0.014299
0.013608
0.013762
0.013980
0.013498
0.013642
0.014477
0.013598
0.012750
0.014613
0.013820
0.013506
0.013700
0.013740
0.013738
0.013928
0.013054
0.013828
0.013701
0.014028
0.013903
0.013874
0.013593
0.014127
0.014269
0.013689
0.014379
0.014357
0.013733
0.014224
0.013851
0.013816
0.014087
0.014350
0.013492
0.013529
0.013521
0.013664
0.012947
0.013160
0.013561
0.014167
0.014368
0.014420
0.014196
0.014279
0.014287
0.014526
0.013908
0.014268
0.014169
0.014232
0.014282
0.014480
0.014526
0.013654
0.014008
0.014116
0.014378
0.014366
0.014842
0.014267
0.014506
0.014637
0.014336
0.014582
0.014684
0.014619
0.014180
0.014425
0.014367
0.014131
0.014627
0.014799
0.015427
0.015523
0.015055
0.015141
0.015970
0.014978
0.015741
0.016194
0.015523
0.016203
0.016194
0.016686
0.016256
0.016128
0.015658
0.016127
0.015769
0.015776
0.015725
0.015857
0.015271
0.015362
0.014589
0.014735
0.014830
0.015163
0.014702
0.014998
0.014703
0.014434
0.014280
0.014959
0.014551
0.013703
0.013923
0.014542
0.014428
0.014247
0.014698
0.014702
0.014927
0.014733
0.014222
0.014615
0.015004
0.014463
0.014445
0.014627
0.014797
0.015219
0.014853
0.014723
0.014786
0.014570
0.015112
0.014699
0.014373
0.014061
0.014897
0.014324
0.014102
0.013764
0.014125
0.014246
0.013973
0.014669
0.013884
0.014217
0.014376
0.014553
0.014087
0.014846
0.014583
0.014846
0.014367
0.014462
0.014873
0.014350
0.014127
0.013611
0.013769
0.014822
0.014266
0.013934
0.013989
0.013443
0.014028
0.013854
0.013220
0.013744
0.013676
0.013038
0.013073
0.012653
0.013080
0.012821
0.012824
0.013413
0.013547
0.013150
0.013210
0.013237
0.013142
0.013109
0.012899
0.013256
0.012828
0.013230
0.013122
0.013458
0.012562
0.012825
0.012598
0.013251
0.013281
0.012476
0.013077
0.013069
0.013398
0.012559
0.012882
0.012653
0.012653
0.012985
0.012388
0.013145
0.013412
0.013210
0.013352
0.013655
0.014224
0.013268
0.013344
0.013526
0.013496
0.013502
0.013051
0.013597
0.013665
0.013743
0.013370
0.013533
0.014198
0.013830
0.013990
0.013947
0.014048
0.014197
0.014206
0.014493
0.014479
0.014198
0.014548
0.015413
0.014813
0.015285
0.015588
0.015588
0.015085
0.014873
0.015074
0.015269
0.014866
0.015006
0.014770
0.015063
0.015343
0.014665
0.014778
0.014977
0.015101
0.014309
0.014089
0.014340
0.014592
0.014415
0.014623
0.014476
0.014758
0.014235
0.015049
0.014987
0.014779
0.015056
0.014490
0.014434
0.014512
0.015084
0.014696
0.014469
0.014707
0.015002
0.014920
0.014230
0.014495
0.014072
0.014837
0.014010
0.014786
0.014191
0.014587
0.014793
0.015011
0.014137
0.014214
0.014668
0.013817
0.014125
0.014115
0.014343
0.013874
0.014460
0.013975
0.015032
0.015150
0.014403
0.014003
0.014549
0.014123
0.013211
0.013086
0.013631
0.014546
0.013774
0.013886
0.014041
0.014571
0.014072
0.014360
0.013540
0.013880
0.013483
0.013957
0.013566
0.013345
0.013444
0.013862
0.013550
0.013569
0.013901
0.013811
0.014028
0.013696
0.014271
0.014488
0.013971
0.014054
0.014476
0.014582
0.014693
0.014677
0.014244
0.014388
0.014586
0.014256
0.013854
0.013822
0.013387
0.013820
0.013521
0.013857
0.014017
0.014277
0.014152
0.014180
0.014489
0.014007
0.014209
0.014470
0.014016
0.013858
0.013919
0.014405
0.013903
0.014081
0.013787
0.013354
0.013430
0.014035
0.013788
0.014029
0.013892
0.014130
0.014111
0.014057
0.014318
0.014399
0.013901
0.015216
0.014602
0.014426
0.014298
0.014451
0.014687
0.014846
0.014631
0.014373
0.014530
0.014861
0.015008
0.015036
0.014567
0.014661
0.014462
0.015017
0.014474
0.014443
0.014769
0.014129
0.015180
0.015195
0.014974
0.014179
0.014070
0.013960
0.014230
0.014036
0.013916
0.013642
0.013234
0.013898
0.013928
0.013502
0.014218
0.013950
0.013646
0.013974
0.013978
0.013907
0.014271
0.014135
0.013860
0.014037
0.013459
0.014064
0.014382
0.014127
0.014239
0.014441
0.013638
0.013152
0.013888
0.014205
0.014137
0.014083
0.013770
0.014512
0.014147
0.013851
0.013539
0.014186
0.013597
0.013233
0.012851
0.013738
0.013961
0.014250
0.014465
0.014126
0.013878
0.014354
0.014643
0.014124
0.013876
0.013818
0.013651
0.013464
0.013555
0.013619
0.012212
0.013087
0.013146
0.012844
0.013392
0.013387
0.012587
0.013098
0.013056
0.014147
0.013317
0.013528
0.013762
0.013566
0.013962
0.014386
0.013644
0.014450
0.013540
0.013892
0.014233
0.014921
0.014417
0.014810
0.014236
0.014493
0.014444
0.014028
0.014286
0.014051
0.014723
0.014237
0.015103
0.014470
0.014513
0.015112
0.014714
0.015336
0.014813
0.014920
0.014460
0.014739
0.014598
0.014207
0.014574
0.014684
0.014368
0.014316
0.014417
0.014585
0.015019
0.014494
0.014692
0.014102
0.014306
0.014557
0.014201
0.014450
0.014231
0.014262
0.013789
0.014232
0.015010
0.014670
0.014616
0.014865
0.014415
0.014584
0.014526
0.014482
0.013855
0.014096
0.014473
0.014415
0.013694
0.013450
0.014201
0.014401
0.014358
0.014160
0.014755
0.014677
0.013891
0.013661
0.013981
0.014191
0.014216
0.014330
0.013767
0.014650
0.014004
0.014591
0.014382
0.014059
0.014073
0.014271
0.013746
0.012931
0.014420
0.013812
0.013985
0.014398
0.014271
0.014685
0.014170
0.014152
0.014731
0.014076
0.013757
0.013986
0.014360
0.014451
0.014550
0.014548
0.015177
0.014564
0.014904
0.014629
0.014630
0.013847
0.014182
0.015264
0.014968
0.015249
0.015155
0.015195
0.015097
0.014577
0.015100
0.014694
0.014626
0.014556
0.014281
0.014953
0.014569
0.014160
0.014407
0.014136
0.013962
0.014094
0.014585
0.013808
0.013923
0.014101
0.014942
0.014068
0.013771
0.013948
0.013817
0.014139
0.013891
0.014199
0.014186
0.014313
0.014488
0.014524
0.014715
0.014873
0.014955
0.014603
0.013926
0.014075
0.014678
0.014525
0.014497
0.014721
0.014913
0.014808
0.014730
0.014283
0.014084
0.014293
0.014093
0.014773
0.014659
0.014470
0.013966
0.014333
0.014769
0.014641
0.014807
0.014237
0.014343
0.014557
0.014677
0.014448
0.014635
0.014119
0.014584
0.014436
0.014529
0.014826
0.015215
0.014654
0.015217
0.014490
0.014678
0.013916
0.015255
0.014954
0.015036
0.015165
0.015704
0.015063
0.015216
0.014729
0.014881
0.014706
0.014333
0.015513
0.015370
0.015233
0.014494
0.014127
0.014734
0.015166
0.015031
0.014887
0.015033
0.014804
0.014751
0.015561
0.015381
0.015045
0.014730
0.014260
0.014782
0.014456
0.015302
0.015090
0.015200
0.015639
0.015085
0.015072
0.015035
0.015238
0.015337
0.014581
0.014870
0.014675
0.015138
0.015479
0.014857
0.015236
0.015182
0.015389
0.015151
0.015131
0.015639
0.015239
0.015244
0.014578
0.015016
0.014588
0.014253
0.014579
0.014742
0.014487
0.014563
0.014928
0.013621
0.013685
0.014343
0.014456
0.014378
0.014372
0.015200
0.014795
0.015272
0.014927
0.014660
0.015016
0.014570
0.015214
0.015335
0.015154
0.015263
0.014609
0.014837
0.014564
0.014951
0.013699
0.014016
0.014027
0.014867
0.014625
0.014476
0.014184
0.014128
0.014454
0.013989
0.013812
0.013831
0.014432
0.014633
0.013754
0.014028
0.014072
0.013543
0.013892
0.013229
0.013526
0.013510
0.013944
0.014085
0.014436
0.013551
0.013775
0.013044
0.013630
0.013389
0.013929
0.014634
0.014110
0.013985
0.013788
0.013694
0.013380
0.013912
0.014943
0.014881
0.014331
0.014079
0.013715
0.013463
0.013379
0.013459
0.013359
0.013876
0.014156
0.014210
0.013513
0.014155
0.014015
0.013555
0.013516
0.013611
0.014373
0.014234
0.014234
0.014122
0.014236
0.014205
0.014147
0.014318
0.014395
0.014629
0.013999
0.014615
0.014328
0.014232
0.013780
0.013961
0.013624
0.013267
0.014167
0.014239
0.013404
0.013875
0.013712
0.013704
0.013532
0.013894
0.013268
0.013627
0.012965
0.014018
0.013361
0.012977
0.013920
0.014006
0.013567
0.013943
0.014597
0.014105
0.013884
0.014427
0.013717
0.014300
0.014025
0.014784
0.014559
0.014899
0.014253
0.014842
0.014998
0.014476
0.014350
0.014818
0.014812
0.015628
0.014970
0.015095
0.015014
0.015789
0.014476
0.014822
0.015437
0.015061
0.015004
0.015204
0.014514
0.014274
0.013997
0.015267
0.015519
0.015084
0.015013
0.014993
0.014690
0.014947
0.015036
0.015667
0.015303
0.014656
0.015172
0.015676
0.016016
0.015047
0.014999
0.014666
0.015112
0.015208
0.014836
0.014708
0.014907
0.014379
0.014512
0.014357
0.014470
0.014383
0.013991
0.013185
0.013253
0.013369
0.013445
0.013174
0.012429
0.013872
0.013994
0.013141
0.014066
0.013468
0.012862
0.013149
0.013603
0.013744
0.014360
0.013955
0.014108
0.014971
0.014561
0.014385
0.014445
0.014474
0.014737
0.015204
0.014511
0.014580
0.014611
0.015183
0.015113
0.014694
0.015104
0.015343
0.015533
0.015938
0.015687
0.015321
0.015891
0.015488
0.014677
0.014935
0.015584
0.015100
0.014545
0.014523
0.014692
0.014488
0.014880
0.013585
0.014655
0.014163
0.014755
0.014006
0.013557
0.013084
0.013542
0.013370
0.013510
0.013600
0.013075
0.013304
0.013188
0.013860
0.013948
0.013831
0.013204
0.013347
0.013518
0.013983
0.013507
0.014441
0.014698
0.014304
0.014305
0.014246
0.014793
0.013915
0.013760
0.013394
0.013524
0.014809
0.013866
0.014074
0.014282
0.014210
0.014758
0.014646
0.014027
0.015108
0.015847
0.014643
0.014225
0.014533
0.013938
0.014487
0.014823
0.014580
0.014971
0.015301
0.014587
0.015051
0.015396
0.014404
0.014619
0.015114
0.015029
0.014978
0.015053
0.015035
0.014986
0.015361
0.014714
0.014738
0.015728
0.014272
0.015008
0.014537
0.015120
0.014960
0.014806
0.014606
0.014431
0.015127
0.015064
0.014759
0.015615
0.015148
0.015306
0.015857
0.015604
0.015438
0.016043
0.015728
0.016268
0.016063
0.015595
0.015027
0.015606
0.015465
0.015572
0.014665
0.014637
0.015156
0.014864
0.014613
0.014718
0.014584
0.014973
0.014860
0.014874
0.015411
0.015741
0.015048
0.014638
0.014786
0.014620
0.014779
0.014614
0.014705
0.015111
0.013845
0.013740
0.014253
0.014575
0.013935
0.014105
0.014251
0.013668
0.013732
0.013795
0.013461
0.013596
0.014103
0.013588
0.014026
0.014025
0.014585
0.014687
0.014303
0.014104
0.014595
0.015042
0.014816
0.014845
0.014559
0.015801
0.015209
0.015599
0.015617
0.014689
0.015884
0.015616
0.015539
0.015329
0.016260
0.016064
0.015909
0.016781
0.015805
0.016118
0.015751
0.015761
0.015543
0.016406
0.016049
0.016406
0.015314
0.015430
0.016214
0.016275
0.016016
0.016086
0.015732
0.016329
0.015427
0.015523
0.016151
0.015895
0.016154
0.015663
0.016098
0.015411
0.014922
0.014958
0.014968
0.015336
0.015638
0.015330
0.015368
0.015119
0.014718
0.014318
0.014306
0.014461
0.014782
0.014188
0.015144
0.014868
0.014810
0.014858
0.015209
0.014917
0.014641
0.015274
0.014998
0.015491
0.015357
0.014735
0.015396
0.014976
0.015406
0.015227
0.014943
0.014874
0.015108
0.015419
0.015135
0.014824
0.015242
0.015164
0.014986
0.015001
0.014965
0.015270
0.015288
0.015453
0.015834
0.016087
0.016103
0.015672
0.015496
0.016739
0.016212
0.016578
0.015985
0.015794
0.016093
0.015341
0.015151
0.016553
0.016014
0.016264
0.015940
0.015569
0.015447
0.015806
0.016297
0.016241
0.016102
0.017287
0.016855
0.016148
0.015906
0.016402
0.016031
0.016760
0.016661
0.016457
0.017075
0.015680
0.015897
0.015812
0.015388
0.016350
0.015434
0.015468
0.015519
0.016507
0.015805
0.016244
0.016234
0.015290
0.015382
0.015258
0.015838
0.015695
0.014943
0.016429
0.014739
0.015052
0.015203
0.015115
0.015544
0.015473
0.015857
0.015716
0.015457
0.015755
0.015476
0.014948
0.015411
0.015330
0.015685
0.015353
0.015648
0.015194
0.015896
0.015974
0.016131
0.015869
0.015878
0.015648
0.015076
0.015003
0.014682
0.015037
0.015214
0.014594
0.015042
0.014525
0.014118
0.013821
0.014742
0.015423
0.014549
0.014341
0.014182
0.014107
0.013986
0.014062
0.014051
0.014420
0.014067
0.014667
0.014074
0.014002
0.013938
0.013258
0.013646
0.013669
0.014226
0.013658
0.013643
0.013181
0.013346
0.013691
0.013274
0.013207
0.013176
0.012534
0.012605
0.012318
0.012548
0.012829
0.012364
0.012469
0.012276
0.012505
0.011756
0.012239
0.012975
0.012890
0.012570
0.012546
0.012502
0.012632
0.012243
0.012561
0.012317
0.013043
0.012566
0.012743
0.012983
0.013091
0.013154
0.013386
0.013995
0.013163
0.013245
0.013049
0.012958
0.013675
0.013362
0.013597
0.013235
0.013384
0.013255
0.013444
0.013423
0.013904
0.013555
0.013519
0.013233
0.012924
0.013037
0.013209
0.013308
0.013125
0.013259
0.014011
0.013028
0.013140
0.013184
0.012908
0.013404
0.013130
0.013292
0.013087
0.012966
0.013909
0.013793
0.013106
0.013035
0.013167
0.012794
0.013534
0.013246
0.012115
0.012702
0.012573
0.012772
0.012770
0.013056
0.013060
0.012990
0.012924
0.013485
0.012961
0.013069
0.012258
0.012472
0.012063
0.012376
0.012502
0.012270
0.012605
0.012163
0.012430
0.012348
0.012394
0.012172
0.012284
0.012058
0.012389
0.012324
0.012713
0.012805
0.012482
0.013329
0.012498
0.012667
0.013025
0.012527
0.013524
0.013210
0.013112
0.013430
0.013941
0.013314
0.013243
0.013416
0.013682
0.013850
0.013681
0.014232
0.014140
0.013686
0.013563
0.013743
0.013450
0.014247
0.013552
0.014074
0.013242
0.014237
0.014194
0.014185
0.014828
0.014038
0.014266
0.014187
0.013716
0.014099
0.013235
0.013053
0.013735
0.013992
0.013807
0.013764
0.013528
0.013388
0.013996
0.014078
0.013478
0.013645
0.013968
0.013371
0.013669
0.013468
0.012656
0.013761
0.013971
0.014399
0.013666
0.014457
0.013433
0.013105
0.013830
0.013689
0.013936
0.013271
0.013526
0.012872
0.013764
0.013762
0.013350
0.013174
0.013346
0.012831
0.012715
0.012677
0.012081
0.013267
0.013042
0.012912
0.013191
