5541.986523
5377.617969
5344.592920
5173.449414
5173.449414
5143.984033
5120.932275
5120.932275
5120.932275
5105.056348
4972.705029
4957.394629
4887.119116
4800.115063
4800.115063
4800.115063
4800.115063
4748.589575
4697.036938
4697.036938
4697.036938
4631.901392
4597.162231
4544.301636
4535.876147
4535.876147
4535.876147
4529.001685
4483.667822
4438.329004
4386.882422
4386.882422
4352.064453
4324.989478
4324.989478
4312.869873
4312.869873
4312.869873
4280.322729
4180.794165
4134.653906
3979.706274
3979.706274
3979.706274
3979.706274
3979.706274
3979.706274
3979.706274
3979.706274
3979.706274
3972.064355
3939.869702
3875.300293
3875.300293
3875.300293
3831.162671
3831.162671
3780.913013
3780.913013
3742.893213
3717.526611
3630.733594
3562.258765
3562.258765
3529.243018
3498.257446
3498.257446
3489.862329
3488.958521
3488.958521
3488.958521
3450.666406
3450.666406
3404.483398
3404.483398
3404.483398
3383.987500
3383.987500
3279.711987
3264.823145
3244.028491
3244.028491
3243.339648
3243.339648
3207.082642
3166.917090
3154.478394
3154.478394
3154.478394
3154.478394
3094.166333
3094.166333
3094.166333
3094.166333
3094.166333
3062.537549
3062.537549
3062.537549
3062.537549
3046.737158
3046.737158
3046.737158
3046.737158
3046.737158
3046.737158
3046.737158
3046.737158
3033.212109
2995.738574
2930.593481
2930.593481
2855.192383
2827.903979
2827.420459
2801.241577
2791.529785
2791.529785
2788.389990
2788.389990
2788.389990
2748.512280
2743.724951
2741.030518
2741.030518
2741.030518
2741.030518
2734.907227
2703.672559
2703.672559
2677.942969
2657.163135
2655.695288
2640.214575
2621.086816
2615.313843
2516.119336
2506.345557
2506.345557
2487.156494
2466.975220
2466.975220
2462.897803
2462.336279
2444.232202
2425.260400
2413.860889
2333.584729
2299.214417
2295.403577
2292.771179
2271.388000
2271.388000
2271.388000
2271.388000
2271.388000
2223.547253
2176.659668
2176.659668
2176.659668
2169.759448
2169.759448
2169.759448
2169.759448
2150.349487
2131.564026
2091.828882
2071.248682
2071.248682
2050.624683
2050.396606
2044.526892
2044.526892
2040.262476
2009.267139
1985.463770
1978.089539
1976.988086
1949.731750
1949.108472
1920.869568
1920.869568
1891.459851
1889.767200
1881.336340
1880.283899
1863.528552
1853.278101
1822.004138
1819.040479
1808.012329
1806.135767
1757.866675
1749.375183
1735.848120
1732.634863
1705.807141
1696.263904
1690.508447
1685.055017
1659.182043
1639.741858
1623.936572
1615.431787
1615.431787
1600.286267
1559.336255
1556.476929
1552.470935
1537.256311
1528.391504
1501.819019
1490.086902
1488.602100
1466.343494
1459.889746
1457.338293
1453.590100
1448.811353
1438.389563
1432.611572
1425.596960
1418.636877
1407.874768
1366.427869
1357.298645
1355.771362
1348.783093
1334.548169
1330.819690
1327.410071
1324.793054
1312.499231
1304.718958
1298.922546
1293.038953
1282.256384
1271.677405
1271.637024
1244.543427
1241.487079
1229.894128
1229.320496
1222.648810
1217.325885
1211.462067
1204.247229
1193.878394
1191.294592
1176.889984
1169.152057
1160.840381
1156.464752
1154.059137
1149.102087
1147.697009
1144.345593
1135.884943
1126.071552
1115.218475
1113.479663
1108.917773
1108.592383
1103.973206
1103.973206
1103.098572
1095.676642
1094.319733
1094.267682
1082.351453
1082.171613
1067.508167
1064.099622
1058.088190
1054.001740
1028.163898
1025.007672
1020.495734
1016.572772
993.358575
982.371942
981.764404
972.243951
969.899335
968.343707
963.259674
958.042957
955.985669
950.676978
944.488416
940.995007
938.729059
933.842242
933.513104
933.364520
930.713165
918.900281
912.369360
907.699469
907.558698
904.136676
897.006140
897.006140
896.254364
890.485596
886.387067
885.232599
880.221320
879.990991
876.864636
871.325433
865.054681
860.674445
857.367139
856.063217
851.540146
851.102432
848.371024
842.950369
842.255923
829.092560
821.378238
817.721280
815.654935
808.053824
804.241086
797.285257
796.795334
795.471603
791.502115
790.895773
785.984116
785.342239
773.307257
772.145496
767.669360
764.409802
762.034763
754.554776
754.554776
753.064822
749.887180
747.513992
742.846469
741.213187
740.597385
740.297006
731.718628
730.889532
730.867480
729.366406
728.285138
724.853592
720.897598
712.487546
702.625162
702.162692
700.717935
700.473776
698.048373
698.048373
695.429938
693.604303
685.263669
685.263669
680.623587
675.358304
673.036349
671.204398
666.964102
663.574612
662.137906
660.872037
653.882388
653.806476
650.185461
648.802786
641.347421
637.508627
635.025455
633.814297
633.445706
631.003409
627.773502
624.140732
624.140732
623.868033
623.560721
623.146454
622.705298
620.176672
616.863809
615.672202
613.946030
611.247824
608.582224
607.882813
607.527661
606.460840
600.850629
596.723517
596.723517
596.723517
595.042255
592.039975
588.774838
578.927734
574.428458
574.428458
574.232126
565.825684
561.277734
560.190692
559.544351
555.183237
553.175760
552.184641
551.665756
550.533035
550.529196
547.789990
546.588239
544.698477
544.190903
543.584756
539.633536
537.024338
534.860925
534.292004
533.788318
533.636691
528.074600
527.221109
526.311115
524.267303
521.405640
520.195636
519.900177
517.461362
517.309735
517.309735
517.255746
512.068106
512.068106
508.246640
506.366232
505.505481
505.471399
500.824268
495.641641
495.044910
491.892035
490.707330
490.270193
488.698172
488.598523
486.024805
486.024805
484.994800
478.414932
477.528519
477.528519
476.540976
474.550717
473.249219
473.220895
473.220895
472.963589
472.008649
470.506140
470.326788
469.530386
469.368463
466.956458
466.887033
466.887033
466.039554
464.459848
463.707016
463.707016
463.682425
459.522614
456.340601
456.296985
455.437027
453.693967
453.288086
451.947891
451.160434
450.872394
450.872394
450.794894
449.862964
449.840488
449.453323
449.070535
448.467014
447.880792
441.172092
441.022333
440.517822
439.947696
438.932428
438.054974
437.386606
434.411383
433.259259
431.932275
430.618964
429.133557
428.166644
427.543637
427.543637
427.423254
425.704358
425.554599
424.316840
424.316840
422.650861
422.528995
422.528995
419.606262
418.381409
418.359714
416.792188
416.693307
414.971780
414.971780
414.923935
413.551953
413.551953
413.551953
411.235599
408.677066
408.576923
407.960498
407.814349
407.098947
406.813885
404.727985
404.096664
402.500360
402.411533
402.411533
401.155081
400.070490
399.948825
399.938773
398.544946
398.291800
398.291800
398.282248
396.185242
395.602029
393.501376
393.339789
390.677411
390.383746
388.807642
388.410675
388.259439
387.596506
387.232404
387.232404
385.985626
385.791309
385.791309
385.160751
385.140405
384.801117
383.939111
383.670480
382.639240
382.244830
382.198975
380.160870
380.140878
380.140878
380.039789
379.899817
379.610468
379.123181
379.123181
378.181363
376.015915
374.372009
374.231003
373.580191
372.432169
371.492096
371.492096
370.816495
370.816495
370.190320
369.188538
368.872281
364.457480
364.025511
364.025511
363.492230
363.115082
362.983905
362.851926
362.775293
362.071613
360.396313
358.267740
357.873331
357.711734
357.373172
356.622952
353.419107
353.419107
352.943558
352.683650
352.622667
351.946745
351.684471
351.241966
351.199748
349.282460
349.275111
348.870369
345.258562
345.258562
344.935670
342.767459
342.767459
341.866989
341.425594
341.307320
341.131021
341.089764
340.688699
339.818109
339.804814
339.460390
339.293671
338.161967
337.843556
337.538341
337.538341
335.908827
335.843102
335.747168
335.560657
335.396683
335.396683
334.986465
333.326187
333.070468
333.029761
330.308150
329.492064
328.346404
328.094844
328.094844
327.983562
327.783876
327.095842
327.068782
327.068782
326.847466
326.482474
325.986447
325.986447
324.516599
324.516599
324.055057
323.949188
323.840732
322.879111
321.929910
321.907397
321.899167
321.899167
321.203728
321.096144
320.510518
319.951869
319.368056
318.767162
317.471233
317.104301
317.104301
317.104301
316.230980
316.174512
316.174512
316.113705
315.732283
315.392026
315.239612
314.053168
314.053168
313.603818
313.565948
313.466093
312.964861
312.684245
312.684245
311.784944
311.660909
311.428354
311.428354
311.212280
311.212280
311.082921
310.536362
310.234012
310.084036
310.030719
307.997168
307.848029
307.371445
306.868028
306.826320
306.826320
306.452101
306.310573
306.310573
305.474010
305.474010
305.398994
304.178539
304.093053
302.159583
302.085422
302.063748
301.860123
301.683656
301.468968
300.602440
299.768459
299.653825
299.565463
299.565463
299.289606
299.226541
299.226541
299.212152
299.212152
298.900130
298.630659
298.630659
298.334096
298.291359
298.115312
297.720081
296.478659
294.269208
292.826468
292.553299
292.153302
292.012198
292.012140
291.811475
291.811475
291.811475
291.587515
288.095932
287.646344
287.460529
285.132118
285.128438
285.128438
285.128438
285.078362
284.680760
284.467151
284.016406
283.782178
283.732101
283.646823
283.024631
282.351535
280.810510
280.386958
280.386958
280.280295
280.042265
279.882162
279.378134
279.314606
279.218074
279.218074
279.128145
278.105759
277.880460
277.880460
277.880460
276.789059
276.006157
275.503424
275.375479
275.375479
275.332220
275.289845
275.211980
275.155249
275.155249
274.798816
274.464325
274.453094
274.357771
274.357771
274.240794
273.400471
273.303255
273.149397
273.149397
272.996539
272.965616
272.799756
272.366263
272.157214
271.880464
271.333630
271.194922
271.126750
271.019072
269.757970
269.182503
269.151579
269.151579
269.093111
269.093111
269.050757
269.050757
269.009692
269.009692
268.815482
268.641930
268.641930
268.641930
268.000105
268.000105
268.000105
267.864214
267.723750
267.682686
267.564685
267.564685
267.427539
267.427539
267.427539
267.277295
266.871747
266.447507
266.385303
266.382440
266.273779
266.273779
266.273779
265.350385
264.937222
264.344969
264.344969
264.344969
263.983235
263.983235
262.206195
262.205554
262.205554
260.378018
260.378018
259.865665
259.865665
259.661206
259.661206
259.571408
257.247853
257.156529
256.794797
256.628012
256.628012
256.279634
256.040839
256.040839
255.600731
255.600731
255.407793
254.886777
254.381123
254.359718
254.207726
253.889764
253.789563
253.575104
253.426810
250.959735
250.341553
249.232776
248.946545
248.946545
248.094774
248.094774
247.899040
247.899040
247.332899
247.266386
247.096483
246.620313
246.458496
246.458496
246.169951
246.167458
246.097539
245.137988
245.103857
245.069533
245.069533
244.825720
243.980092
243.977888
243.640584
243.547142
242.992445
242.664247
242.664247
242.098277
242.098277
241.438789
241.369855
241.369855
241.369855
240.432091
240.432091
240.432091
240.432091
240.395189
240.161415
240.134554
239.959261
239.849133
239.849133
239.715259
239.687357
239.687357
239.557915
239.235896
239.189146
239.189146
239.189146
239.105652
239.105652
239.103159
239.103159
238.510184
238.510184
238.459428
238.333752
238.300500
238.300500
238.204539
238.204539
238.202046
238.202046
237.168095
237.168095
237.107967
236.614662
236.614662
236.614662
236.566531
236.566531
236.468527
236.468527
236.468527
236.468527
236.468527
236.337929
236.337929
236.262627
236.157080
236.157080
236.005093
235.918826
235.166310
235.166310
235.166310
234.289470
234.101675
234.062596
234.062596
234.062596
234.019756
234.019756
233.838580
233.280876
233.280876
233.280876
233.033949
233.029199
232.884274
232.780418
232.780418
232.691100
232.685109
231.912067
231.912067
