20.779252
20.767309
20.750507
20.676544
20.666886
20.653568
20.653568
20.586102
20.513720
20.513720
20.513720
20.477670
20.441711
20.395657
20.395657
20.395657
20.303994
20.287998
20.262799
20.262203
20.259117
20.259117
20.259117
20.259117
20.251926
20.251926
20.244741
20.230452
20.209099
20.196600
20.196600
20.179222
20.145617
20.137070
20.064944
20.004488
20.004488
19.982265
19.980625
19.947176
19.916281
19.911360
19.911360
19.897181
19.863793
19.863793
19.863793
19.838388
19.838333
19.838333
19.831300
19.829403
19.777033
19.773372
19.759880
19.759880
19.759880
19.739117
19.720119
19.638567
19.638567
19.605385
19.574229
19.567872
19.567872
19.556453
19.546770
19.537802
19.537802
19.537802
19.537802
19.537802
19.499958
19.476117
19.469987
19.450814
19.433898
19.433898
19.425314
19.425314
19.391276
19.374298
19.345387
19.345387
19.345387
19.345387
19.345387
19.340965
19.340965
19.339970
19.336258
19.336258
19.336258
19.336258
19.334629
19.320442
19.320442
19.314398
19.297948
19.297948
19.297948
19.293167
19.293167
19.275943
19.263430
19.235748
19.235748
19.206521
19.206521
19.206521
19.179730
19.179730
19.171739
19.171739
19.155047
19.151938
19.151938
19.151938
19.151938
19.151938
19.121816
19.121816
19.118378
19.115600
19.112999
19.108401
19.086607
19.061243
19.033658
19.033658
19.033658
19.000552
19.000552
19.000552
19.000552
18.976965
18.966447
18.949871
18.949871
18.949871
18.916625
18.883790
18.883790
18.869369
18.869369
18.850480
18.845750
18.845750
18.810815
18.809470
18.792884
18.792884
18.792884
18.792884
18.776764
18.776764
18.776764
18.770124
18.756286
18.752612
18.752612
18.730204
18.730204
18.730204
18.730204
18.723426
18.720684
18.720684
18.720684
18.711082
18.711082
18.711082
18.711082
18.711082
18.707398
18.707398
18.706536
18.706536
18.702836
18.702836
18.684769
18.678216
18.677290
18.672958
18.672958
18.672958
18.671480
18.667999
18.651302
18.631673
18.628325
18.620625
18.613680
18.613680
18.603249
18.603249
18.593102
18.588729
18.588729
18.571590
18.563635
18.561081
18.561081
18.560490
18.543418
18.536921
18.536921
18.536921
18.519051
18.495137
18.481649
18.481649
18.476845
18.476845
18.470369
18.470369
18.470369
18.455093
18.455093
18.454835
18.454835
18.452510
18.431374
18.431374
18.426665
18.422017
18.421397
18.421397
18.412238
18.411097
18.408360
18.408360
18.402212
18.400491
18.400491
18.400491
18.389864
18.387864
18.377704
18.374454
18.373322
18.373322
18.373291
18.373291
18.372911
18.371154
18.370288
18.366667
18.362173
18.355853
18.355312
18.351172
18.339891
18.339479
18.336496
18.326343
18.325744
18.324498
18.312463
18.310275
18.310162
18.283098
18.283098
18.280525
18.277785
18.262224
18.261861
18.260710
18.254866
18.247913
18.247913
18.247913
18.247913
18.244389
18.239310
18.231758
18.231047
18.231047
18.230221
18.229044
18.229044
18.224029
18.223204
18.219025
18.210421
18.202954
18.202954
18.202954
18.199471
18.197400
18.197400
18.197400
18.197400
18.195807
18.195807
18.195578
18.191295
18.189572
18.186121
18.182991
18.180584
18.176525
18.172707
18.170450
18.170450
18.169916
18.165573
18.165039
18.159296
18.156533
18.153568
18.153463
18.153401
18.153401
18.146205
18.141925
18.138695
18.137469
18.137469
18.132560
18.132560
18.129591
18.125068
18.125068
18.122845
18.122845
18.120582
18.116578
18.111616
18.110151
18.102108
18.102062
18.102062
18.092386
18.092386
18.089322
18.084029
18.075720
18.075720
18.073779
18.073779
18.073522
18.070987
18.070664
18.063239
18.059660
18.059660
18.058985
18.047312
18.045314
18.043384
18.043124
18.040864
18.034604
18.031194
18.031194
18.031194
18.026566
18.026566
18.025187
18.018613
18.018613
18.018613
18.001479
18.001479
17.998866
17.998866
17.998866
17.993378
17.991074
17.991074
17.991074
17.991074
17.990752
17.990752
17.990202
17.990202
17.989518
17.988844
17.986306
17.983374
17.983374
17.981308
17.978137
17.978137
17.977893
17.974553
17.972983
17.968626
17.968311
17.968135
17.967308
17.967308
17.964453
17.964453
17.964453
17.964453
17.964453
17.964453
17.955071
17.953807
17.953807
17.953807
17.951685
17.944831
17.944059
17.939025
17.939025
17.935106
17.924572
17.924572
17.921755
17.921260
17.920629
17.916224
17.916224
17.914207
17.914207
17.911083
17.909914
17.907118
17.907118
17.907118
17.907118
17.907118
17.907118
17.898830
17.898830
17.898830
17.895026
17.895026
17.895026
17.894756
17.891910
17.891910
17.891910
17.873679
17.873679
17.873236
17.870224
17.868174
17.868174
17.868174
17.868174
17.868089
17.868089
17.868089
17.863617
17.863617
17.863617
17.863288
17.858372
17.853469
17.851843
17.851843
17.851843
17.849596
17.835241
17.835241
17.834423
17.834423
17.834423
17.834423
17.834423
17.827097
17.825571
17.818844
17.818019
17.818019
17.818019
17.818019
17.818019
17.818014
17.818014
17.818014
17.818014
17.817781
17.817781
17.817781
17.815164
17.815164
17.811564
17.808985
17.808985
17.808985
17.808068
17.799381
17.798974
17.798974
17.798072
17.798072
17.795053
17.795053
17.791883
17.788278
17.788278
17.785760
17.784839
17.783617
17.783617
17.783617
17.783516
17.783284
17.783284
17.782425
17.782425
17.781207
17.779677
17.779436
17.772203
17.766264
17.766264
17.766264
17.760461
17.760461
17.760461
17.760461
17.759688
17.758191
17.756066
17.753700
17.752670
17.749596
17.749596
17.749596
17.746504
17.746504
17.745057
17.745057
17.745057
17.737653
17.737653
17.737653
17.737557
17.736267
17.735297
17.735297
17.729823
17.729823
17.729598
17.729008
17.725077
17.724470
17.724137
17.722731
17.721507
17.715975
17.715975
17.714392
17.714392
17.714392
17.712508
17.712180
17.712180
17.711830
17.711574
17.710778
17.710778
17.707522
17.699938
17.699938
17.695926
17.695392
17.695392
17.693090
17.693090
17.691208
17.691208
17.691195
17.691195
17.691013
17.689470
17.689470
17.689470
17.687640
17.686528
17.686528
17.682049
17.681687
17.681494
17.678163
17.677238
17.677238
17.677238
17.677238
17.676766
17.674588
17.673512
17.673192
17.673192
17.672227
17.672227
17.672227
17.671332
17.671079
17.668870
17.662532
17.662374
17.662374
17.660404
17.660404
17.660404
17.656649
17.655363
17.653582
17.652628
17.652411
17.651381
17.645784
17.645784
17.644550
17.644550
17.644550
17.644550
17.644550
17.644550
17.644550
17.643017
17.641578
17.640686
17.638912
17.638912
17.637569
17.636156
17.635322
17.634780
17.634780
17.634780
17.634780
17.634780
17.632440
17.632440
17.630531
17.628911
17.626903
17.626696
17.625504
17.623214
17.620638
17.617192
17.616048
17.614130
17.612159
17.610758
17.609311
17.609311
17.608545
17.606699
17.605558
17.605558
17.605558
17.605558
17.605558
17.605558
17.603730
17.603730
17.603040
17.597387
17.597387
17.597261
17.595258
17.595258
17.594942
17.593716
17.593716
17.593716
17.593496
17.593496
17.593496
17.590986
17.590986
17.590986
17.590986
17.590195
17.587920
17.583512
17.583511
17.581215
17.581215
17.580889
17.577139
17.577139
17.576137
17.576137
17.575746
17.575746
17.575746
17.574399
17.574399
17.574399
17.574327
17.574004
17.574004
17.574004
17.573193
17.572229
17.572229
17.572229
17.568795
17.568795
17.568795
17.568795
17.568795
17.568795
17.568795
17.567570
17.567570
17.567570
17.567570
17.567570
17.565028
17.565028
17.564365
17.564365
17.562664
17.562664
17.560660
17.560660
17.560660
17.560052
17.559597
17.559272
17.559272
17.558508
17.556602
17.556602
17.554878
17.554664
17.554664
17.554664
17.552812
17.552812
17.552049
17.550626
17.550626
17.550626
17.547255
17.547255
17.546267
17.546267
17.546177
17.546177
17.545691
17.543581
17.542859
17.540941
17.540941
17.540941
17.536740
17.536740
17.535356
17.535356
17.535356
17.535356
17.532980
17.532980
17.532980
17.532067
17.532067
17.529617
17.529617
17.528492
17.528470
17.528470
17.522925
17.518817
17.517348
17.517348
17.517078
17.517078
17.517078
17.516746
17.516335
17.516335
17.516335
17.516335
17.516335
17.516335
17.516335
17.514793
17.509975
17.506533
17.505858
17.505858
17.505707
17.505016
17.504602
17.504252
17.504252
17.500111
17.498557
17.498557
17.498381
17.498381
17.498381
17.494776
17.494776
17.494776
17.494776
17.489368
17.488949
17.486252
17.485461
17.484382
17.484382
17.483031
17.482880
17.481931
17.481931
17.481693
17.478978
17.478978
17.478978
17.478978
17.478978
17.476675
17.476675
17.474989
17.474989
17.473167
17.473167
17.473167
17.473167
17.473167
17.472203
17.472203
17.470617
17.470617
17.470617
17.469715
17.469715
17.469715
17.469715
17.469715
17.466195
17.466195
17.464635
17.464635
17.464635
17.464635
17.464635
17.464635
17.464635
17.463043
17.462551
17.462551
17.458355
17.458355
17.457491
17.457491
17.454456
17.454409
17.454409
17.452069
17.452069
17.449278
17.448727
17.448688
17.447374
17.446830
17.446830
17.445980
17.444730
17.444730
17.443671
17.443671
17.443671
17.443665
17.443665
17.443588
17.443588
17.443073
17.442368
17.438267
17.438267
17.438267
17.438267
17.437004
17.435312
17.435312
17.434139
17.434139
17.431827
17.429475
17.429440
17.428693
17.428693
17.428693
17.428693
17.428693
17.428693
17.426492
17.426492
17.426492
17.426155
17.424918
17.422170
17.420555
17.419761
17.419755
17.417868
17.417868
17.417126
17.417119
17.417119
17.417119
17.417119
17.416754
17.416754
17.414810
17.414810
17.414810
17.414810
17.414810
17.413317
17.413317
17.411755
17.409639
17.409639
17.409639
17.405611
17.405611
17.405611
17.405611
17.404826
17.404826
17.401091
17.401091
17.401091
17.401091
17.400393
17.400393
17.400393
17.396954
17.396954
17.396954
17.396954
17.395618
17.395618
17.395618
17.395618
17.395584
17.395466
17.393164
17.393164
17.391240
17.391240
17.391240
17.391177
17.388571
17.388571
17.388571
17.388571
17.388571
17.387052
17.386415
17.386415
17.381339
17.381339
17.379560
17.379560
17.379560
17.379560
17.379052
17.379052
17.378553
17.378553
17.377319
17.377319
17.376848
17.376848
17.375769
17.375463
17.374059
17.372390
17.372390
17.372390
17.370705
17.370705
17.367286
17.366950
17.366950
17.366950
17.366950
17.366436
17.365342
17.362275
17.362275
17.362125
17.362125
17.362125
17.359302
17.359129
17.359129
17.358038
17.358038
17.358038
17.358038
17.356516
17.355269
17.355269
17.355269
17.353750
17.353750
17.353413
17.352492
17.351482
17.351482
17.350680
17.350680
17.350680
17.350680
17.349840
17.349840
17.349840
17.348922
17.346864
17.345364
17.345364
17.345364
17.345364
17.344812
17.344812
17.344812
17.342477
17.342201
17.340359
17.339085
17.338482
17.338482
17.338482
17.338219
17.334701
17.334701
17.333290
17.332761
17.332533
17.330305
17.330305
17.330305
17.330071
17.330071
17.330071
17.330071
17.330071
17.330071
17.329891
17.329891
17.329891
17.329891
17.328556
17.325367
17.325367
17.323755
17.323751
17.322783
17.322718
17.322718
17.322718
17.322642
17.322429
17.322202
17.319992
17.319397
17.316959
17.316959
17.316959
17.316140
17.312897
17.312579
17.311208
17.307906
17.307906
17.307215
17.307215
17.306718
17.303859
17.303859
17.303859
17.303859
17.302843
17.302250
17.302002
17.301443
17.300127
17.299670
17.299670
17.295683
17.295683
17.294602
17.294602
17.294602
17.294602
17.294386
17.293513
17.292739
17.291697
17.291697
17.291697
17.291697
17.290969
17.290795
17.290795
17.290795
17.290795
17.290742
17.290742
17.285585
17.280083
17.280083
17.279097
17.277199
17.277199
17.276386
17.275016
17.275016
17.275016
17.275016
17.275016
17.275016
17.271114
17.271114
17.271114
17.271114
17.270225
17.268447
17.268447
17.267613
17.266932
17.266932
17.261096
17.261034
17.261034
17.261034
17.261034
17.261034
17.261034
17.261034
17.261034
17.258215
17.258215
17.256668
17.256668
17.256668
17.256218
17.256218
17.255811
17.253437
17.253283
17.253283
17.253283
17.253283
17.253283
17.249299
17.249299
17.248100
17.247303
17.247303
17.247303
17.245694
17.245694
17.245694
17.241457
17.240508
17.240508
17.240418
17.240418
17.239641
17.239105
17.238093
17.238093
17.238093
17.238012
17.236670
17.236670
17.236670
17.236670
17.236670
17.236670
17.234626
17.234592
17.234592
17.231272
17.231272
17.231272
17.231027
17.228264
17.225795
17.225795
17.224931
17.224255
17.224255
17.224255
17.224255
17.223442
17.223442
17.221833
17.221833
17.221614
17.221614
17.219561
17.219561
17.219561
17.219561
17.216404
17.216404
17.216404
17.216404
17.216404
17.215770
17.211360
17.211360
17.209910
17.205288
17.205288
17.205288
17.205025
17.204618
17.204062
17.200272
17.200272
17.200272
17.200272
17.199242
17.198517
17.198517
17.198517
17.198517
17.198460
17.198460
17.198460
17.198460
17.198460
17.198460
17.197441
17.197441
17.197441
17.196949
17.196949
17.196949
17.196622
17.196622
17.196622
17.196622
17.195291
17.195087
17.194209
17.193555
17.193555
17.193555
17.193555
17.192442
17.192442
17.192442
17.192442
17.192442
17.192442
17.189066
17.188575
17.186935
17.186935
17.186935
17.186935
17.186935
17.186420
17.186228
17.186228
17.185381
17.185381
17.185381
17.185381
17.185381
17.185381
17.184111
17.184111
17.183296
17.183296
17.183039
17.181202
17.181061
17.179940
17.179940
17.177807
17.177807
17.177807
17.177807
17.177328
17.176857
17.176228
17.176228
17.173618
17.173618
17.172303
17.170172
17.170172
17.170172
17.170172
17.168314
17.165900
17.165872
17.164708
17.159420
17.156175
17.156175
17.154712
17.154712
17.154712
17.153530
17.152805
17.152245
17.150637
17.150637
17.150637
17.149818
17.149818
17.149818
17.148587
17.145677
17.145677
17.145677
17.145277
17.145277
17.145277
17.140778
17.140778
17.140778
17.140778
17.139109
17.139109
17.139109
17.138092
17.138092
17.137679
17.135764
17.135764
17.135764
17.134716
17.134706
17.134706
17.134706
17.131950
17.131950
17.131950
17.131950
17.131950
17.131950
17.131921
17.131921
17.131921
17.131567
17.130291
17.128904
17.128904
17.128904
17.128904
17.128904
17.128904
17.128316
17.128316
17.128316
17.128316
17.128316
17.128316
17.126620
17.126005
17.126005
17.126005
17.126005
17.123549
17.123549
17.123549
17.119696
17.117942
17.111605
17.111605
17.111495
17.111495
17.108039
17.108039
17.108039
17.108039
17.107421
17.107421
17.107421
17.107421
17.107421
17.107421
17.107421
17.105892
17.104000
17.104000
17.104000
17.102921
17.102921
17.102921
17.102921
17.102708
17.102708
17.102708
17.102708
17.102708
17.102438
17.102411
17.102411
17.102411
17.095776
17.095776
17.095776
17.094948
17.094948
17.094920
17.093277
17.093277
17.093277
17.092492
17.092492
17.092492
17.091682
17.091334
17.091334
17.090654
17.090506
17.089801
17.089801
17.088192
17.088164
17.087667
17.087667
17.087667
17.086301
17.086301
17.084840
17.082148
17.078810
17.078810
17.078810
17.078054
17.077936
17.077880
17.077880
17.077802
17.077802
17.077802
17.077802
17.077802
17.073404
17.073404
17.073404
17.073343
17.073343
17.073343
17.071756
17.070952
17.070952
17.070812
17.070812
17.070812
17.070812
17.069794
17.068892
17.068892
17.066201
17.065331
17.065331
17.065331
17.064832
17.064832
17.063039
17.063039
17.061182
17.059522
17.059522
17.059522
17.059522
17.059293
17.057963
17.056380
17.056380
17.055608
17.055608
17.055025
17.052641
17.052447
17.052447
17.046061
17.045559
17.045559
17.043696
17.043696
17.043696
17.042335
17.042134
17.041940
17.041940
17.041940
17.041384
17.041384
17.041384
17.041193
17.039217
17.038828
17.038387
17.038387
17.038216
17.038013
17.038013
17.037822
17.037822
17.037822
17.035863
17.035863
17.035863
17.035823
17.034035
17.032678
17.031152
17.031152
17.030004
17.030004
17.027534
17.026454
17.026454
17.026454
17.026261
17.025806
17.025806
17.025806
17.025688
17.025688
17.025688
17.022708
17.022647
17.021476
17.021128
17.021128
17.021128
17.021128
17.017572
17.017378
17.017378
17.017378
17.015920
17.015792
17.013544
17.013544
17.013544
17.012264
17.008509
17.004271
17.004271
17.001999
17.001999
17.000807
17.000106
17.000106
17.000106
17.000106
17.000106
17.000106
16.999957
16.999567
16.999567
16.999519
16.999519
16.997331
16.997331
16.996885
16.996885
16.996885
16.996885
16.996842
16.996842
16.996842
16.996842
16.996842
16.996842
16.996842
16.996762
16.996762
16.996762
16.996762
16.990744
16.989837
16.987661
16.977874
16.977874
16.977874
16.977874
16.977874
16.977874
16.976558
16.976272
16.976272
16.976272
16.975987
16.975987
16.975104
16.975104
16.974020
16.974020
16.974020
16.973693
16.971024
16.970903
16.970903
16.970859
16.970859
16.970859
16.970859
16.970859
16.970542
16.970167
16.970167
16.969443
16.969443
16.969073
16.969073
16.969073
16.969073
16.965134
16.965134
16.965134
16.965011
16.964573
16.963890
16.963581
16.963581
16.963581
16.962283
16.962283
16.962283
16.962283
16.962283
16.962283
16.958438
16.958438
16.958438
16.958438
16.950273
16.949407
16.948988
16.948988
16.948988
16.948988
16.948988
16.948988
16.948611
16.948089
16.947640
16.947131
16.944786
16.944786
16.944786
16.944071
16.944071
16.942893
16.941949
16.941949
16.937724
16.936352
16.936352
16.936352
16.936352
16.936352
16.936352
16.936310
16.936310
16.935381
16.934008
16.930389
16.930389
16.925353
16.925017
16.922854
16.922854
16.922854
16.922854
16.922492
16.922492
16.922492
16.921721
16.920620
16.920511
16.920511
16.920127
16.919823
16.919575
16.919575
16.919575
16.917762
16.917762
16.917762
16.916853
16.916853
16.916853
16.915199
16.915157
16.915157
16.914709
16.912749
16.912687
16.912529
16.912488
16.911120
16.910063
16.909678
16.909678
16.909258
16.909258
16.909258
16.909258
16.908622
16.908622
16.908389
16.908389
16.908389
16.908389
16.908389
16.908389
16.908363
16.908363
16.908363
16.908019
16.908019
16.908019
16.908019
16.905165
16.905164
16.904813
16.904813
16.904813
16.904813
16.900988
16.900988
16.900988
16.894841
16.894841
16.894260
16.893421
16.893421
16.893186
16.892261
16.892261
16.891607
16.891498
16.890570
16.890570
16.890215
16.890173
16.890173
16.889384
16.889384
16.887729
16.887729
16.886819
16.886648
16.886586
16.886586
16.884871
16.884871
16.884871
16.884871
16.883500
16.882994
16.882994
16.882994
16.882994
16.882994
16.882134
16.877864
16.877864
16.877864
16.877864
16.876057
16.876057
16.874890
16.874890
16.873749
16.873749
16.873749
16.873749
16.873749
16.873525
16.873146
16.873146
16.873146
16.873146
16.870883
16.870883
16.870802
16.870802
16.869882
16.865842
16.865731
16.865097
16.860543
16.859675
16.859219
16.858930
16.856469
16.856463
16.856463
16.856463
16.856463
16.856463
16.856463
16.856463
16.856463
16.856463
16.856215
16.856215
16.855353
16.854838
16.854838
16.850494
16.850494
16.848394
16.848394
16.847493
16.847493
16.846732
16.846732
16.846732
16.846732
16.846732
16.843910
16.843397
16.835579
16.834641
16.834641
16.834641
16.834641
16.834641
16.834641
16.834465
16.833695
16.831242
16.831242
16.830483
16.830483
16.829149
16.829088
16.829088
16.829053
16.827078
16.827011
16.827011
16.824999
16.824974
16.824974
16.824974
16.824472
16.824438
16.824438
16.824438
16.824329
16.819973
16.819973
16.819973
16.817554
16.817554
16.817554
16.817001
16.816937
16.816937
16.816937
16.816454
16.816454
16.816454
16.816454
16.814850
16.814850
16.814850
16.814850
16.814621
16.811931
16.811931
16.811931
16.811835
16.809910
16.809677
16.809677
16.808310
16.808310
16.808310
16.808077
16.807624
16.807624
16.804602
16.804602
16.804602
16.802647
16.802647
16.802628
16.802628
16.802597
16.802597
16.802597
16.802597
16.801918
16.801918
16.801918
16.797443
16.792965
16.792965
16.792965
16.792912
16.792912
16.790929
16.790929
16.790636
16.790636
16.789297
16.789114
16.789114
16.789114
16.789114
16.789114
16.789114
16.789114
16.789114
16.789114
16.786351
16.785795
16.784395
16.784395
16.784395
16.783498
16.782730
16.782730
16.781880
16.781880
16.781023
16.780416
16.780416
16.780416
16.778552
16.778552
16.777795
16.777795
16.777795
16.777795
16.777163
16.775243
16.774294
16.774294
16.774294
16.772226
16.770077
16.768806
16.768806
16.768806
16.768806
16.768576
16.768576
16.768576
16.766548
16.766548
16.766548
16.764334
16.760589
16.759137
16.758280
16.758280
16.756089
16.756084
16.756084
16.756084
16.756084
16.756084
16.756084
16.756070
16.755651
16.755651
16.755651
16.755651
16.755157
16.755157
16.752924
16.752816
16.752816
16.750894
16.750894
16.750364
16.750364
16.749110
16.749110
16.747168
16.746212
16.746212
16.745249
16.745249
16.745249
16.745249
16.744650
16.744650
16.739881
16.739881
16.739881
16.739881
16.739881
16.739355
16.739355
16.739355
16.737164
16.737018
16.732983
16.732386
16.731422
16.731406
16.731406
16.731406
16.731395
16.731395
16.731395
16.731395
16.731395
16.729148
16.729148
16.728667
16.728223
16.728077
16.727968
16.727968
16.727968
16.727968
16.727530
16.727530
16.726799
16.723338
16.723338
16.722832
16.722686
16.722686
16.722686
16.722474
16.722474
16.721835
16.721835
16.721835
16.720391
16.720391
16.720391
16.720391
16.718852
16.718852
16.718852
16.718248
16.717548
16.717548
16.717548
16.717548
16.717548
16.717548
16.713853
16.711389
16.711389
16.711389
16.711389
16.710034
16.710034
16.710034
16.708986
16.708986
16.708383
16.704632
16.704632
16.704632
16.701368
16.697630
16.697630
16.697532
16.697532
16.696159
16.696159
16.693700
16.693700
16.692898
16.691130
16.691130
16.691021
16.691010
16.690548
16.690273
16.688391
16.688391
16.685131
16.685131
16.685131
16.685131
16.684564
16.684564
16.683537
16.683537
16.682733
16.682733
16.678512
16.678512
16.678512
16.678512
16.677704
16.677704
16.677704
16.677704
16.677704
16.677688
16.677688
16.673028
16.673028
16.671563
16.671563
16.671563
16.670224
16.670224
16.670224
16.668324
16.668324
16.668324
16.667526
16.667526
16.667526
16.667346
16.667346
16.667346
16.667346
16.666698
16.665887
16.665887
16.665887
16.664766
16.664766
16.664427
16.660883
16.660872
16.660872
16.660872
16.660168
16.660168
16.660168
16.660168
16.659356
16.659356
16.659356
16.657648
16.657648
16.656458
16.653200
16.653001
16.651330
16.651330
16.651330
16.648989
16.648180
16.647884
16.647872
16.647872
16.646292
16.644989
16.643516
16.643363
16.643205
16.642678
16.642678
16.642678
16.642678
16.642678
16.642661
16.642661
16.642661
16.640863
16.639781
16.638638
16.638638
16.638638
16.638638
16.638638
16.637801
16.637801
16.636456
16.636456
16.636456
16.636456
16.636456
16.636439
16.636439
16.636439
16.636439
16.636439
16.636439
16.635896
16.635896
16.635896
16.635896
16.635156
16.634989
16.634828
16.633502
16.633484
16.633484
16.633484
16.633484
16.632894
16.632894
16.632894
16.632894
16.631440
16.630958
16.630958
16.630958
16.630062
16.628913
16.628287
16.627977
16.627975
16.627975
16.621751
16.615629
16.615629
16.615564
16.615228
16.615228
16.615228
16.615228
16.615228
16.615228
16.615228
16.615228
16.614630
16.612829
16.609841
16.609841
16.609841
16.608589
16.608263
16.608153
16.608153
16.608153
16.607672
16.607672
16.607672
16.607672
16.607672
16.607672
16.607506
16.606848
16.606848
16.604368
16.603051
16.603051
16.603051
16.600548
16.600548
16.600134
16.597558
16.596657
16.596657
16.596585
16.593654
16.593120
16.593120
16.592518
16.592518
16.590501
16.590501
16.590501
16.586049
16.586049
16.581410
16.581410
16.581410
16.581410
16.579423
16.579423
16.577551
16.576246
16.575868
16.575868
16.570848
16.570390
16.569261
16.569047
16.569047
16.569047
16.569047
16.569047
16.569047
16.569047
16.569047
16.569047
16.567163
16.567163
16.567156
16.565234
16.565234
16.565234
16.564383
16.563307
16.563307
16.561817
16.558357
16.558357
16.558357
16.557889
16.556844
16.556844
16.556844
16.556844
16.554107
16.554107
16.554107
16.553378
16.553378
16.548818
16.547566
16.543200
16.543200
16.543200
16.543200
16.543200
16.542305
16.538680
16.538091
16.538091
16.538064
16.538064
16.538064
16.537320
16.537320
16.537320
16.537320
16.536884
16.536884
16.536638
16.536638
16.536638
16.536638
16.536638
16.536638
16.536115
16.536115
16.536115
16.532150
16.532150
16.532150
16.532150
16.532150
16.532150
16.530339
16.530339
16.530080
16.530080
16.530080
16.528790
16.528790
16.527854
16.527854
16.527854
16.524122
16.524122
16.522038
16.522038
16.521494
16.521494
16.521494
16.520670
16.520670
16.520471
16.520027
16.520027
16.514967
16.514967
16.514967
16.511662
16.511662
16.511465
16.510679
16.509442
16.505866
16.501977
16.501658
16.500726
16.498387
16.498387
16.498387
16.498387
16.498387
16.498387
16.498387
16.498369
16.497659
16.497659
16.497659
16.497659
16.496755
16.496463
16.496463
16.496310
16.495618
16.495618
16.495618
16.494336
16.494336
16.494336
16.492213
16.490261
16.490159
16.487883
16.487520
16.484740
16.479096
16.479096
16.479096
16.477880
16.476709
16.476709
16.476709
16.476709
16.476709
16.476701
16.476701
16.476335
16.470886
16.470886
16.469983
16.469584
16.469584
16.467955
16.467955
16.467955
16.467955
16.465926
16.465926
16.465926
16.464990
16.464990
16.464990
16.464990
16.464990
16.464990
16.464990
16.464240
16.464240
16.464240
16.462786
16.460503
16.460503
16.460503
16.460503
16.455509
16.455509
16.455499
16.455499
16.455499
16.452391
16.448853
16.448853
16.448853
16.446002
16.446002
16.446002
16.446002
16.446002
16.446002
16.445252
16.442940
16.442940
16.442940
16.442940
16.442940
16.441298
16.441298
16.440029
16.440029
16.439993
16.439993
16.439993
16.436223
16.436223
16.436223
16.436223
16.436223
16.436223
16.435476
16.434693
16.433515
16.432067
16.432067
16.432067
16.431533
16.428748
16.428391
16.424256
16.424256
16.424256
16.420378
16.418056
16.418056
16.415463
16.414685
16.413237
16.413237
16.413237
16.413237
16.412175
16.412175
16.411634
16.411634
16.410512
16.410264
16.410264
16.409138
16.408853
16.402647
16.402214
16.402214
16.402214
16.402214
16.402214
16.402214
16.402214
16.402214
16.401163
16.399998
16.399998
16.399998
16.399237
16.399237
16.399124
16.397656
16.397656
16.394874
16.394874
16.394874
16.394314
16.394314
16.394314
16.389298
16.389298
16.389298
16.389082
16.387187
16.387187
16.384706
16.384706
16.383418
16.382337
16.379563
16.379137
16.378808
16.377540
16.376954
16.375862
16.375224
16.374911
16.374911
16.374599
16.374599
16.374599
16.374599
16.374599
16.374599
16.374599
16.374599
16.374599
16.374599
16.374599
16.374599
16.374599
16.374187
16.374021
16.374021
16.373943
16.373943
16.373943
16.371739
16.371739
16.370051
16.370051
16.370004
16.370004
16.370004
16.370004
16.369591
16.367616
16.367616
16.366461
16.365404
16.365404
16.365404
16.365404
16.365404
16.365372
16.365153
16.365153
16.365153
16.364565
16.364565
16.364565
16.364565
16.364565
16.364565
16.364326
16.364326
16.364326
16.364326
16.363713
16.363629
16.363153
16.363153
16.363153
16.363153
16.361780
16.361780
16.361780
16.361386
16.361386
16.361386
16.357737
16.357737
16.357737
16.357737
16.357737
16.357574
16.357175
16.356986
16.356986
16.356986
16.356986
16.354028
16.353557
16.353557
16.353557
16.353369
16.352609
16.351785
16.350274
16.349821
16.349821
16.349657
16.349657
16.349657
16.347829
16.347829
16.347829
16.347829
16.342159
16.341971
16.341847
16.340266
16.340266
16.339911
16.339911
16.335383
16.334897
16.334897
16.334897
16.334136
16.333877
16.331592
16.331592
16.331592
16.331592
16.328451
16.325982
16.324586
16.324586
16.321691
16.321691
16.321691
16.319059
16.318530
16.318264
16.318264
16.316050
16.316050
16.313749
16.313749
16.313749
16.313749
16.313749
16.313749
16.312731
16.311594
16.311398
16.311398
16.311398
16.311398
16.311321
16.308277
16.308277
16.308277
16.308277
16.308277
16.307997
16.307997
16.307997
16.305029
16.305029
16.305029
16.304570
16.304570
16.304300
16.300091
16.299426
16.299426
16.296938
16.295322
16.293610
16.287304
16.287304
16.286388
16.286388
16.286388
16.286351
16.286351
16.286351
16.284999
16.283905
16.282873
16.282476
16.282476
16.282476
16.281175
16.281175
16.281175
16.280952
16.280875
16.280875
16.280875
16.280875
16.277454
16.277329
16.277329
16.277329
16.277329
16.276742
16.276488
16.276488
16.276488
16.274599
16.272158
16.272158
16.267543
16.267543
16.267543
16.267543
16.267543
16.267543
16.262830
16.262830
16.262830
16.262830
16.262596
16.262596
16.262596
16.262596
16.261900
16.260392
16.260392
16.260392
16.260072
16.260072
16.260072
16.259274
16.259274
16.258899
16.258899
16.258899
16.258899
16.258899
16.258487
16.258067
16.258067
16.253883
16.253708
16.253708
16.251774
16.251774
16.251774
16.246222
16.246222
16.246222
16.246222
16.246222
16.243895
16.243895
16.243895
16.243844
16.241917
16.241058
16.241058
16.234439
16.234439
16.232608
16.231454
16.231346
16.230693
16.230693
16.226520
16.225389
16.225389
16.224961
16.224326
16.224326
16.223104
16.221276
16.217196
16.217196
16.217136
16.216314
16.216314
16.216154
16.216154
16.216154
16.216154
16.215871
16.215871
16.215382
16.213567
16.212020
16.212020
16.212020
16.212020
16.212020
16.212020
16.211910
16.211910
16.211910
16.207935
16.203769
16.203769
16.203769
16.203769
16.203546
16.203546
16.203546
16.201681
16.201681
16.200982
16.200982
16.200058
16.200058
16.198104
16.197266
16.193101
16.193101
16.193101
16.193101
16.193101
16.193101
16.193101
16.193101
16.193101
16.192703
16.189106
16.187765
16.187765
16.187369
16.187369
16.187369
16.187369
16.187369
16.186648
16.186286
16.186286
16.184408
16.183590
16.183590
16.183590
16.180683
16.180683
16.180683
16.180263
16.179752
16.179353
16.178043
16.178043
16.178043
16.178043
16.175820
16.174057
16.172740
16.167437
16.167437
16.166548
16.166548
16.166548
16.164878
16.164878
16.163379
16.163379
16.163379
16.161694
16.160055
16.160055
16.156471
16.156471
16.156471
16.156419
16.156419
16.156074
16.151752
16.151752
16.148523
16.146906
16.145563
16.145563
16.144944
16.144944
16.143435
16.141285
16.140716
16.138191
16.138191
16.138191
16.138191
16.137794
16.137794
16.137712
16.137712
16.137712
16.137712
16.137712
16.137712
16.137712
16.137712
16.137712
16.137712
16.137712
16.137712
16.136939
16.135702
16.135702
16.135702
16.135702
16.135375
16.135375
16.135375
16.132156
16.131525
16.131073
16.130326
16.130325
16.129928
16.129928
16.129878
16.129878
16.128633
16.128633
16.127156
16.125838
16.124069
16.114165
16.113617
16.113617
16.109995
16.109438
16.109438
16.108180
16.108180
16.108176
16.104808
16.103858
16.103821
16.103821
16.103821
16.101231
16.101231
16.101231
16.100731
16.100731
16.100731
16.099339
16.098633
16.098077
16.098077
16.097119
16.092575
16.092575
16.092575
16.091816
16.089680
16.087976
16.087976
16.087976
16.087856
16.087139
16.087139
16.087139
16.087139
16.087139
16.080683
16.080683
16.080683
16.080683
16.080211
16.080211
16.080211
16.078168
16.078168
16.078168
16.077485
16.076656
16.073751
16.073751
16.073751
16.073261
16.073261
16.070930
16.069964
16.069964
16.069964
16.069964
16.069964
16.069964
16.069964
16.069392
16.069392
16.069392
16.069166
16.069166
16.069166
16.069166
16.069166
16.069166
16.069031
16.069031
16.067971
16.067676
16.067676
16.067676
16.067083
16.059765
16.059270
16.059270
16.056940
16.055593
16.055593
16.053511
16.053511
16.052691
16.052691
16.051959
16.051048
16.051048
16.051048
16.051048
16.049468
16.048746
16.048658
16.048658
16.048658
16.048658
16.046131
16.044458
16.044458
16.044034
16.044034
16.042224
16.042224
16.041591
16.039666
16.033981
16.032758
16.032699
16.029103
16.029103
16.027944
16.027944
16.025730
16.025730
16.023653
16.023653
16.023615
16.015989
16.015989
16.015989
16.015867
16.013661
16.013661
16.013661
16.009682
16.009682
16.009682
16.009682
16.009682
16.009682
16.009682
16.008822
16.005642
16.005642
16.005642
16.004454
16.004054
16.004054
16.002903
16.002903
16.002903
15.993858
15.993858
15.993858
15.993858
15.993858
15.993733
15.993422
15.993422
15.993422
15.993422
15.988765
15.988765
15.986844
15.986844
15.986727
15.986727
15.986727
15.986606
15.986274
15.986274
15.986274
15.985494
15.985494
15.984434
15.984434
15.984413
15.984413
15.980264
15.979075
15.979075
15.979069
15.978310
15.978310
15.975139
15.975139
15.972907
15.972783
15.972546
15.971342
15.971342
15.970456
15.970456
15.970355
15.970355
15.970342
15.969813
15.969813
15.969813
15.968384
15.968384
15.968384
15.968354
15.967601
15.967601
15.967601
15.967601
15.962144
15.962144
15.962144
15.962144
15.962144
15.962144
15.962144
15.962144
15.962144
15.955186
15.950969
15.950969
15.950969
15.950969
15.950334
15.948309
15.947415
15.944488
15.943145
15.943145
15.943145
15.941574
15.941574
15.941574
15.941574
15.941574
15.941574
15.941574
15.941574
15.940338
15.939837
15.939837
15.938795
15.937027
15.937027
15.935514
15.933969
15.931584
15.931584
15.931584
15.926356
15.926356
15.925155
15.925145
15.925145
15.923705
15.923705
15.923705
15.921724
15.921272
15.921272
15.921272
15.920696
15.920696
15.920696
15.920696
15.920696
15.920696
15.918424
15.918424
15.918073
15.918073
15.918073
15.918073
15.917491
15.917218
15.917218
15.917150
15.916961
15.916961
15.916538
15.916538
15.916490
15.916490
15.915690
15.908582
15.908582
15.908582
15.908582
15.908582
15.908582
15.908223
15.908223
15.902260
15.902260
15.902260
15.902260
15.901320
15.901320
15.901320
15.901320
15.901320
15.901320
15.901320
15.900537
15.900537
15.900468
15.899122
15.896412
15.890504
15.890504
15.890504
15.890504
15.890504
15.890504
15.890504
15.890504
15.890504
15.890504
15.890504
15.890504
15.888431
15.884124
15.884124
15.884124
15.884010
15.884010
15.883174
15.883174
15.883174
15.880335
15.880335
15.877305
15.877305
15.877304
15.876051
15.873256
15.872993
15.870617
15.866442
15.866442
15.866442
15.866442
15.866442
15.866442
15.866442
15.866442
15.866442
15.866442
15.866442
15.866442
15.865921
15.864795
15.864795
15.864795
15.864795
15.864795
15.864795
15.864795
15.864795
15.862023
15.861719
15.861719
15.858746
15.856395
15.856395
15.851243
15.851243
15.851243
15.847266
15.846410
15.846410
15.843974
15.843974
15.843806
15.843806
15.843806
15.843806
15.843497
15.843497
15.841005
15.841005
15.841005
15.841005
15.841005
15.841005
15.839563
15.832140
15.832140
15.832140
15.832140
15.832078
15.831704
15.831704
15.831704
15.830910
15.828381
15.828381
15.828228
15.826116
15.826116
15.826116
15.826116
15.826057
15.821916
15.819922
15.819922
15.819922
15.817186
15.817186
15.817186
15.812599
15.812599
15.812357
15.812357
15.812146
15.812146
15.812146
15.812146
15.812146
15.812146
15.811692
15.810535
15.810535
15.804604
15.804604
15.804604
15.802875
15.802875
15.802875
15.802875
15.802875
15.802814
15.797754
15.797247
15.793485
15.793485
15.790597
15.786420
15.785781
15.785781
15.782665
15.782665
15.782073
15.781979
15.779839
15.779839
15.779839
15.779808
15.779808
15.779808
15.779808
15.779736
15.779736
15.778189
15.773689
15.773596
15.771953
15.766771
15.766033
15.766033
15.765746
15.765746
15.764880
15.762408
15.762408
15.758866
15.758866
15.758866
15.756100
15.755524
15.755524
15.755524
15.755524
15.755524
15.755524
15.750666
15.750666
15.750666
15.750666
15.750666
15.750666
15.748491
15.748491
15.748491
15.745632
15.745152
15.745152
15.742812
15.740611
15.739182
15.739182
15.739182
15.739182
15.739100
15.739100
15.735881
15.732272
15.732272
15.730337
15.730337
15.730321
15.729950
15.729950
15.729950
15.729950
15.729736
15.727394
15.727153
15.726128
15.726128
15.725294
15.725294
15.723290
15.723208
15.721825
15.716272
15.716272
15.716272
15.716272
15.716272
15.716272
15.716052
15.714660
15.706404
15.706197
15.703313
15.702418
15.701462
15.701462
15.701462
15.701462
15.701462
15.701462
15.701462
15.701462
15.699807
15.699807
15.699797
15.699797
15.694582
15.694460
15.692725
15.692725
15.692717
15.692717
15.692717
15.689589
15.689589
15.689589
15.689589
15.688113
15.684210
15.681590
15.681590
15.681590
15.681590
15.681590
15.679944
15.679944
15.679147
15.679147
15.679147
15.679147
15.677683
15.677683
15.675794
15.675529
15.675529
15.675529
15.675529
15.671457
15.671457
15.669800
15.669712
15.669712
15.669712
15.669712
15.669712
15.669712
15.669300
15.667361
15.666474
15.662985
15.661606
15.656540
15.656540
15.654395
15.652988
15.652988
15.650883
15.650883
15.650320
15.650320
15.648322
15.648322
15.646669
15.643230
15.641614
15.641614
15.641614
15.639712
15.639494
15.639494
15.639494
15.639494
15.634878
15.624165
15.624165
15.623912
15.623256
15.623256
15.623256
15.623256
15.622958
15.619135
15.616779
15.616779
15.616779
15.615239
15.615239
15.615239
15.612258
15.611312
15.611312
15.610709
15.608001
15.607753
15.607487
15.607487
15.607487
15.606213
15.606213
15.606213
15.606213
15.602600
15.602600
15.602443
15.601275
15.601275
15.601275
15.596774
15.596774
15.595827
15.594107
15.594107
15.594107
15.594107
15.592654
15.592453
15.592146
15.592146
15.592146
15.591380
15.591380
15.590838
15.590838
15.590838
15.590838
15.590838
15.590838
15.590838
15.587082
15.587011
15.587011
15.585426
15.585426
15.585426
15.584871
15.584871
15.576379
15.574360
15.574070
15.574070
15.572561
15.572561
15.572561
15.572561
15.572561
15.570277
15.570277
15.570277
15.570277
15.570277
15.570277
15.570277
15.569010
15.569010
15.567390
15.565632
15.564723
15.562172
15.557712
15.557712
15.557712
15.557712
15.557712
15.557712
15.557712
15.556316
15.554921
15.552797
15.552797
15.552797
15.550712
15.550712
15.550308
15.550308
15.548828
15.548188
15.548188
15.548188
15.542926
15.542926
15.542926
15.542926
15.541718
15.541718
15.541718
15.541718
15.541718
15.541718
15.537047
15.535617
15.535617
15.535617
15.535617
15.533863
15.533863
15.533863
15.533863
15.530747
15.530747
15.530747
15.530747
15.530747
15.530747
15.530532
15.530457
15.530457
15.529427
15.529167
15.529167
15.529050
15.529050
15.529050
15.528940
15.528940
15.528430
15.528430
15.523874
15.522717
15.522175
15.522175
15.501513
15.501028
15.501028
15.501028
15.498615
15.498615
15.497509
15.494528
15.494528
15.494528
15.492789
15.491478
15.491319
15.491319
15.490679
15.490679
15.490679
15.489687
15.488531
15.488531
15.485596
15.483611
15.482284
15.481482
15.481482
15.465096
15.464880
15.463872
15.463872
15.463872
15.463872
15.458497
15.457296
15.457296
15.457296
15.456536
15.455491
15.455373
15.455373
15.455373
15.455373
15.455207
15.455207
15.454163
15.453864
15.453007
15.452837
15.452837
15.452293
15.452293
15.452293
15.452293
15.451979
15.451262
15.451262
15.450722
15.450722
15.450722
15.450426
15.446317
15.443915
15.443915
15.443915
15.442609
15.442609
15.442335
15.441837
15.441665
15.441245
15.438382
15.438371
15.437597
15.437597
15.436642
15.435762
15.434921
15.433682
15.432436
15.431695
15.430455
15.430455
15.430181
15.430181
15.429847
15.429847
15.429522
15.427226
15.427226
15.426028
15.426028
15.426028
15.424100
15.419321
15.414686
15.410213
15.410213
15.410213
15.407052
15.404754
15.404754
15.404754
15.402695
15.402057
15.402057
15.400354
15.395407
15.395407
15.394534
15.393966
15.393966
15.390283
15.388230
15.386992
15.386992
15.386977
15.378837
15.378356
15.378356
15.378356
15.378356
15.378356
15.375224
15.372573
15.372573
15.372311
15.370175
15.369346
15.367211
15.367211
15.366356
15.366356
15.365161
15.365040
15.365040
15.365040
15.362236
15.362236
15.361283
15.361283
15.361283
15.361283
15.361283
15.361283
15.358284
15.356776
15.356776
15.356776
15.356776
15.356776
15.355068
15.355068
15.354319
15.354319
15.353074
15.351766
15.351512
15.351512
15.351512
15.351472
15.351472
15.350704
15.350704
15.350187
15.350187
15.350187
15.349868
15.346941
15.342790
15.342790
15.341932
15.339699
15.333830
15.332935
15.332935
15.332725
15.332725
15.331746
15.331746
15.331546
15.331546
15.331252
15.331252
15.328890
15.328783
15.321639
15.320368
15.320309
15.320309
15.320309
15.320309
15.320309
15.318679
15.318679
15.318679
15.318679
15.317955
15.317194
15.317194
15.317194
15.317194
15.317194
15.317194
15.310160
15.310160
15.309842
15.309842
15.309842
15.308977
15.305908
15.305759
15.303456
15.303423
15.301371
15.301371
15.301371
15.301371
15.301371
15.299660
15.296879
15.291246
15.290476
15.285061
15.281998
15.279484
15.279484
15.279484
15.279484
15.279484
15.277861
15.277861
15.277861
15.277861
15.276666
15.276666
15.275846
15.275846
15.275846
15.275846
15.275846
15.275846
15.275846
15.275846
15.275846
15.275444
15.274572
15.274137
15.274137
15.271911
15.271911
15.271911
15.271911
15.270772
15.270772
15.270772
15.269560
15.269560
15.267737
15.266020
15.263429
15.262250
15.260440
15.260440
15.260234
15.254378
15.254221
15.249922
15.249922
15.248994
15.248994
15.245710
15.245708
15.244922
15.244922
15.244922
15.244922
15.244922
15.244922
15.244922
15.241725
15.241054
15.235214
15.235214
15.235214
15.234919
15.234919
15.231205
15.230954
15.229025
15.228745
15.228745
15.224857
15.221529
15.214148
15.214148
15.214148
15.214148
15.214148
15.212412
15.212412
15.212412
15.212088
15.212088
15.211645
15.211645
15.211645
15.211645
15.211645
15.210490
15.209613
15.206408
15.206408
15.206408
15.206408
15.206408
15.202169
15.202169
15.202169
15.197495
15.197495
15.188081
15.188081
15.187285
15.180785
15.178231
15.177128
15.176327
15.175568
15.175162
15.175162
15.175162
15.171921
15.170611
15.170611
15.167341
15.167054
15.167054
15.165263
15.165263
15.165263
15.165234
15.165234
15.165234
15.164691
15.164660
15.158976
15.158612
15.155730
15.147388
15.138620
15.138620
15.138620
15.137896
15.137896
15.137896
15.137896
15.137266
15.136167
15.135908
15.129119
15.127995
15.127995
15.127522
15.127078
15.127078
15.126338
15.122774
15.122496
15.122496
15.122496
15.121221
15.121221
15.118387
15.118387
15.118387
15.118304
15.118304
15.118304
15.113631
15.112832
15.112832
15.112832
15.110635
15.110635
15.110635
15.110635
15.110635
15.110259
15.109584
15.105522
15.105522
15.105522
15.105522
15.105522
15.095635
15.095635
15.095635
15.092637
15.092190
15.086606
15.086606
15.086606
15.085367
15.085367
15.083733
15.080628
15.080628
15.080628
15.080628
15.080628
15.072950
15.071591
15.069111
15.068770
15.064319
15.064319
15.062535
15.061920
15.061230
15.061230
15.061230
15.061230
15.061230
15.061230
15.061074
15.061074
15.060364
15.060301
15.060301
15.060301
15.060015
15.060015
15.060015
15.060015
15.060015
15.060015
15.060015
15.060015
15.058134
15.055955
15.055955
15.054500
15.054500
15.054500
15.054500
15.054500
15.054500
15.054500
15.054500
15.054210
15.053600
15.053600
15.053600
15.047554
15.047554
15.046837
15.046837
15.046131
15.041395
15.041395
15.035345
15.035345
15.032234
15.030737
15.030737
15.030737
15.030737
15.028643
15.028643
15.028090
15.019559
15.019559
15.019559
15.019559
15.019559
15.019559
15.019559
15.018433
15.018433
15.017452
15.017035
15.017035
15.017035
15.013840
15.013840
15.013840
15.013840
15.013840
15.013535
15.013411
15.012894
15.012894
15.010351
15.010351
15.010351
15.008817
15.008817
15.008817
15.008817
15.008339
15.008339
15.008339
15.008339
15.004655
15.004571
15.004550
15.004415
15.002766
15.002766
15.002766
15.002766
15.002766
15.001769
14.998290
14.994139
14.994139
14.990783
14.989112
14.984804
14.983975
14.983975
14.979612
14.978610
14.974002
14.972803
14.969787
14.969787
14.965728
14.965728
14.965728
14.962338
14.957318
14.957318
14.957318
14.955117
14.954193
14.952565
14.949062
14.949062
14.947906
14.947244
14.946313
14.946313
14.946313
14.943836
14.943836
14.943836
14.943836
14.943836
14.943836
14.938965
14.938274
14.938274
14.938274
14.938274
14.938274
14.938274
14.938252
14.938252
14.935759
14.935759
14.932858
14.932779
14.932779
14.930694
14.930694
14.923438
14.923130
14.923130
14.922770
14.922770
14.922770
14.922623
14.922623
14.922623
14.919483
14.919483
14.919483
14.918642
14.918642
14.918642
14.918642
14.918642
14.918581
14.915073
14.914038
14.910464
14.910381
14.910381
14.910381
14.910068
14.910068
14.910068
14.910006
14.909919
14.908885
14.908885
14.903895
14.903895
14.903895
14.897575
14.897575
14.896564
14.896564
14.896195
14.892160
14.888663
14.887545
14.887545
14.887545
14.887177
14.887177
14.885163
14.885163
14.885163
14.880078
14.880078
14.880078
14.873895
14.873895
14.873895
14.873895
14.873895
14.873895
14.871724
14.871724
14.871724
14.871090
14.871090
14.871090
14.869292
14.869292
14.869292
14.857194
14.857194
14.857194
14.857194
14.853250
14.853250
14.853250
14.853250
14.852202
14.851046
14.851046
14.851020
14.851020
14.850311
14.845716
14.845716
14.845716
14.845716
14.845716
14.844563
14.844563
14.844563
14.844563
14.844563
14.844050
14.841115
14.841045
14.841045
14.841045
14.827956
14.827602
14.826402
14.825313
14.821402
14.821402
14.820992
14.820992
14.820992
14.820992
14.820992
14.816253
14.816253
14.816253
14.816253
14.816253
14.816080
14.814375
14.814375
14.813309
14.811040
14.809198
14.809198
14.808043
14.806133
14.806133
14.805539
14.805539
14.799727
14.799727
14.799727
14.799727
14.799727
14.799216
14.799216
14.799216
14.799216
14.799216
14.799216
14.799216
14.798068
14.798068
14.798068
14.797990
14.797990
14.797734
14.797734
14.795395
14.794186
14.794186
14.794186
14.788247
14.782295
14.782295
14.780643
14.780389
14.777532
14.777532
14.774457
14.769683
14.769683
14.769442
14.769442
14.769442
14.769123
14.769123
14.764907
14.764907
14.764907
14.762291
14.760190
14.760190
14.760190
14.754181
14.754181
14.754181
14.754181
14.754181
14.754181
14.754181
14.754181
14.754181
14.754181
14.754181
14.754181
14.750395
14.745312
14.745282
14.742662
14.741373
14.740616
14.740616
14.740394
14.737483
14.737483
14.734066
14.732559
14.717082
14.717082
14.716539
14.716539
14.716539
14.708611
14.708611
14.708611
14.708611
14.708611
14.706575
14.706575
14.706562
14.706562
14.706562
14.706562
14.706562
14.706562
14.706562
14.706018
14.706018
14.706018
14.706018
14.705249
14.704722
14.704494
14.704494
14.704494
14.702257
14.700288
14.700288
14.700288
14.699947
14.698071
14.698071
14.698057
14.698057
14.698057
14.697083
14.696804
14.696804
14.696804
14.696804
14.694426
14.694426
14.694426
14.693593
14.689342
14.688605
14.686285
14.686285
14.686285
14.680978
14.680978
14.678775
14.675932
14.675932
14.669795
14.669596
14.669596
14.669596
14.669596
14.667074
14.666285
14.665025
14.655477
14.655392
14.655392
14.655392
14.655392
14.655309
14.655309
14.654366
14.654366
14.654366
14.654366
14.654366
14.653411
14.653407
14.652510
14.651657
14.651657
14.651657
14.649847
14.647850
14.647850
14.647850
14.645932
14.645932
14.645464
14.644741
14.644741
14.643689
14.642153
14.640228
14.639016
14.639016
14.636446
14.635655
14.635613
14.634011
14.634011
14.633465
14.633423
14.633423
14.631282
14.631282
14.631282
14.631282
14.631282
14.629557
14.627713
14.625133
14.623943
14.618243
14.618243
14.615315
14.615315
14.614265
14.613805
14.613430
14.613430
14.613430
14.608011
14.608011
14.608011
14.608011
14.608011
14.606749
14.604284
14.603226
14.603226
14.600251
14.600251
14.600251
14.600251
14.592206
14.592206
14.592206
14.592206
14.581793
14.581793
14.581008
14.581008
14.580343
14.580045
14.574230
14.574230
14.574230
14.569394
14.569394
14.565330
14.564631
14.564631
14.563124
14.563124
14.561268
14.560493
14.560493
14.560493
14.549419
14.549030
14.549030
14.548856
14.548856
14.545877
14.545481
14.545481
14.545481
14.545481
14.545481
14.545481
14.545368
14.545368
14.545368
14.545368
14.544530
14.543536
14.542795
14.542795
14.542795
14.542795
14.542795
14.542795
14.542182
14.542182
14.542182
14.530082
14.528548
14.528034
14.526808
14.526808
14.526136
14.524574
14.524262
14.518575
14.513395
14.513395
14.513119
14.513119
14.509111
14.509111
14.508382
14.507184
14.503617
14.503617
14.502987
14.494065
14.494065
14.494065
14.494065
14.494065
14.494065
14.490548
14.490548
14.485934
14.485934
14.482895
14.482895
14.482895
14.482895
14.468488
14.468488
14.468488
14.465059
14.464537
14.462366
14.462366
14.461593
14.461593
14.461593
14.460728
14.454788
14.454788
14.454788
14.450285
14.450285
14.450285
14.450285
14.449749
14.449749
14.448146
14.448146
14.448146
14.448146
14.447000
14.446404
14.441690
14.441690
14.441690
14.441355
14.441355
14.441355
14.438085
14.438085
14.436757
14.436757
14.436757
14.436167
14.436167
14.436167
14.435309
14.434557
14.434557
14.434557
14.433890
14.433890
14.433890
14.433890
14.432928
14.432928
14.432613
14.432613
14.432613
14.425971
14.423903
14.423903
14.423403
14.423200
14.423200
14.423200
14.423200
14.423200
14.423200
14.423200
14.423108
14.420023
14.420023
14.420023
14.420023
14.420023
14.420023
14.419853
14.419777
14.419212
14.417537
14.417537
14.417232
14.411089
14.411089
14.408895
14.408895
14.408895
14.408895
14.408895
14.399744
14.399062
14.399062
14.399062
14.397584
14.397584
14.397584
14.396166
14.396166
14.394483
14.389953
14.389798
14.389798
14.385957
14.385957
14.380905
14.380905
14.380905
14.380905
14.380905
14.380905
14.380905
14.380905
14.380905
14.380905
14.369630
14.369630
14.369554
14.360387
14.360387
14.359624
14.349176
14.345718
14.345718
14.343111
14.343111
14.341396
14.341396
14.341008
14.341008
14.341008
14.332315
14.330056
14.330056
14.330056
14.330056
14.330056
14.330056
14.330056
14.329270
14.326781
14.320240
14.320240
14.320240
14.320240
14.319540
14.319368
14.319368
14.315127
14.311445
14.311445
14.311412
14.311412
14.310450
14.310126
14.308213
14.308213
14.307744
14.307744
14.306129
14.306129
14.306129
14.301815
14.301815
14.301815
14.300682
14.297954
14.297954
14.294429
14.293055
14.291949
14.291949
14.289631
14.289631
14.289631
14.285533
14.279942
14.279738
14.271539
14.270259
14.270259
14.270259
14.267355
14.267355
14.267355
14.265088
14.265088
14.265088
14.263833
14.263833
14.260258
14.260258
14.260258
14.260258
14.258737
14.255515
14.255515
14.254510
14.254510
14.254510
14.253522
14.253522
14.248878
14.248878
14.248098
14.245540
14.245239
14.243455
14.239646
14.239646
14.235172
14.235172
14.234953
14.234511
14.234511
14.234511
14.234511
14.233467
14.233467
14.233260
14.233260
14.232213
14.231746
14.231746
14.231638
14.231435
14.231195
14.231195
14.231195
14.214267
14.203553
14.203033
14.200428
14.200428
14.200428
14.200253
14.200253
14.196589
14.196589
14.196387
14.196387
14.195652
14.195293
14.189318
14.189318
14.189318
14.188766
14.184356
14.184356
14.184356
14.177599
14.177599
14.177551
14.177062
14.177062
14.177062
14.176800
14.176800
14.176800
14.176800
14.176192
14.176192
14.176192
14.176160
14.176160
14.176160
14.164685
14.163920
14.163920
14.163920
14.162466
14.162267
14.159944
14.159944
14.159944
14.159944
14.159409
14.159409
14.158241
14.157953
14.155688
14.153454
14.153454
14.152041
14.149208
14.146654
14.140884
14.136111
14.136111
14.134928
14.131340
14.131340
14.131340
14.131340
14.127396
14.122118
14.122118
14.122118
14.120637
14.120637
14.120637
14.119812
14.119812
14.117814
14.117814
14.115424
14.115424
14.113860
14.112666
14.112666
14.112666
14.112666
14.109970
14.108900
14.108900
14.108900
14.108746
14.108746
14.108746
14.100868
14.098999
14.098450
14.098450
14.098450
14.095093
14.095093
14.094940
14.089660
14.086502
14.086502
14.086502
14.084107
14.076639
14.076639
14.076583
14.076583
14.076583
14.074284
14.074284
14.074284
14.074284
14.072444
14.072444
14.069961
14.067768
14.057893
14.056683
14.056683
14.056683
14.056089
14.055964
14.053374
14.053349
14.051429
14.050595
14.041654
14.041654
14.041654
14.041654
14.041654
14.037961
14.035771
14.035056
14.035056
14.032051
14.032051
14.032051
14.031815
14.025693
14.023160
14.022711
14.022711
14.022711
14.022711
14.015800
14.015800
14.015340
14.015340
14.015311
14.014593
14.008305
14.004743
14.004743
14.004743
14.002034
14.002034
14.002034
14.002034
14.002034
14.002034
14.002034
14.001887
13.986459
13.986459
13.984293
13.982591
13.980817
13.980817
13.980817
13.974763
13.974763
13.969463
13.965399
13.965081
13.965081
13.953576
13.953537
13.953537
13.953436
13.952294
13.948234
13.948234
13.948133
13.947308
13.947308
13.933512
13.933512
13.933043
13.933043
13.933043
13.930966
13.930966
13.927746
13.927746
13.922804
13.922804
13.922603
13.922316
13.922316
13.922316
13.906758
13.906758
13.906131
13.904963
13.902897
13.898874
13.898874
13.898731
13.898731
13.897660
13.897660
13.897373
13.897373
13.897257
13.891213
13.886040
13.879728
13.879728
13.879523
13.876484
13.876484
13.876197
13.869784
13.869784
13.866792
13.865626
13.865421
13.860021
13.860021
13.860021
13.860021
13.859000
13.859000
13.859000
13.859000
13.857922
13.857616
13.851385
13.851385
13.851228
13.848047
13.847548
13.843746
13.836788
13.836788
13.836518
13.836518
13.836313
13.836308
13.836308
13.836308
13.836308
13.821294
13.819725
13.819725
13.819725
13.819255
13.818947
13.818670
13.808828
13.808828
13.808523
13.807710
13.806135
13.803692
13.803692
13.803282
13.802316
13.802316
13.798246
13.798246
13.798246
13.794680
13.794680
13.794680
13.792982
13.792982
13.792969
13.788035
13.782005
13.782005
13.781780
13.779494
13.777053
13.771264
13.770243
13.770243
13.770243
13.770243
13.768633
13.767443
13.765267
13.765267
13.765267
13.765267
13.765267
13.765267
13.763913
13.763913
13.760864
13.755307
13.754232
13.753748
13.753148
13.753148
13.753148
13.752347
13.751732
13.751732
13.747873
13.747873
13.747873
13.740639
13.740639
13.740639
13.740639
13.740069
13.740069
13.734451
13.730556
13.730556
13.729274
13.728550
13.728550
13.728425
13.723953
13.723953
13.723893
13.723893
13.720292
13.720292
13.720292
13.720275
13.719791
13.719791
13.718083
13.718083
13.718083
13.714064
13.711118
13.696034
13.696034
13.695207
13.695207
13.681754
13.678913
13.677402
13.677402
13.675652
13.675652
13.675652
13.670100
13.669516
13.667933
13.667933
13.667837
13.665527
13.665033
13.665033
13.663249
13.663249
13.663249
13.662073
13.657940
13.649626
13.649626
13.649626
13.644275
13.644275
13.644275
13.640586
13.636408
13.631509
13.631509
13.631509
13.629235
13.628651
13.622495
13.618328
13.605588
13.605588
13.605588
13.603532
13.603532
13.603532
13.603281
13.603281
13.603281
13.603281
13.591941
13.591941
13.591941
13.591941
13.591941
13.591597
13.591228
13.589871
13.589208
13.584536
13.581192
13.581192
13.581192
13.579771
13.565583
13.564608
13.564008
13.564008
13.564008
13.561950
13.561950
13.560463
13.560341
13.559685
13.550923
13.550923
13.550923
13.550923
13.546511
13.546511
13.546511
13.546511
13.546511
13.546511
13.545675
13.545628
13.545628
13.545628
13.541886
13.531821
13.530224
13.530224
13.530224
13.529054
13.529054
13.525275
13.525275
13.524939
13.524939
13.521843
13.521843
13.514889
13.510503
13.508521
13.507789
13.507789
13.507789
13.503986
13.503986
13.503938
13.503885
13.496535
13.496535
13.496407
13.496251
13.496112
13.495963
13.495911
13.495911
13.495911
13.495280
13.495280
13.494447
13.493095
13.489806
13.488837
13.488837
13.483700
13.475907
13.475907
13.475907
13.475907
13.471843
13.471843
13.471843
13.471843
13.471843
13.471843
13.467869
13.467426
13.466557
13.463385
13.461099
13.455541
13.455541
13.450838
13.449882
13.448880
13.444828
13.444746
13.444746
13.444746
13.444746
13.444746
13.444746
13.444746
13.442267
13.442267
13.442267
13.442267
13.442267
13.441485
13.438198
13.436643
13.436643
13.435957
13.435957
13.435880
13.435880
13.430206
13.430206
13.430152
13.427201
13.425230
13.424240
13.418241
13.409867
13.408033
13.408033
13.408033
13.401030
13.401030
13.401030
13.401030
13.401030
13.401030
13.397034
13.395402
13.395024
13.395024
13.394685
13.394685
13.394685
13.394685
13.394685
13.394173
13.390482
13.382263
13.378773
13.367642
13.367642
13.367642
13.362453
13.360235
13.360235
13.356669
13.356384
13.356384
13.356384
13.356302
13.356302
13.350400
13.345910
13.345215
13.344869
13.344869
13.344869
13.344869
13.344869
13.344413
13.344413
13.344413
13.342645
13.341780
13.337369
13.337369
13.329477
13.322945
13.320201
13.318209
13.318080
13.318080
13.317692
13.317692
13.317692
13.315929
13.313564
13.313564
13.313564
13.306429
13.306299
13.306299
13.303848
13.303848
13.295470
13.295470
13.295418
13.291814
13.291814
13.291814
13.291809
13.288149
13.278187
13.273302
13.273302
13.273250
13.272770
13.272770
13.269340
13.268932
13.263333
13.255332
13.255332
13.255332
13.255332
13.254990
13.254990
13.254990
13.254990
13.253201
13.253201
13.253179
13.251859
13.249786
13.249786
13.245571
13.245571
13.245019
13.245019
13.240691
13.240691
13.240691
13.240691
13.239507
13.239507
13.239507
13.237668
13.237668
13.230792
13.230792
13.223632
13.217124
13.217124
13.217065
13.211951
13.210416
13.202678
13.202678
13.202678
13.202324
13.201133
13.200854
13.200742
13.197318
13.193133
13.192094
13.191296
13.190113
13.190113
13.190113
13.184176
13.184176
13.181120
13.181120
13.178497
13.178126
13.178126
13.177197
13.177197
13.176491
13.175991
13.175898
13.175898
13.173041
13.172751
13.172751
13.171086
13.162226
13.161868
13.160782
13.159883
13.159883
13.156787
13.156787
13.156025
13.155549
13.153274
13.136244
13.135864
13.135864
13.132782
13.131316
13.129194
13.128477
13.126162
13.126162
13.126162
13.124252
13.122534
13.122534
13.122534
13.122534
13.122375
13.122037
13.113411
13.113411
13.113411
13.112893
13.106309
13.106309
13.106309
13.105442
13.105442
13.104224
13.099120
13.099120
13.099120
13.099120
13.099120
13.097070
13.096502
13.088537
13.088446
13.088446
13.088446
13.088355
13.088355
13.088355
13.088355
13.087547
13.087547
13.087547
13.087547
13.087547
13.083292
13.083292
13.083292
13.081355
13.081355
13.081355
13.081355
13.081355
13.078190
13.076011
13.073803
13.073020
13.069397
13.066965
13.066393
13.066296
13.066296
13.066296
13.066296
13.066238
13.066238
13.060776
13.060776
13.060776
13.052760
13.052182
13.052182
13.050055
13.049433
13.047687
13.045027
13.045027
13.045027
13.043909
13.037528
13.035706
13.035545
13.035545
13.035487
13.035487
13.035487
13.032003
13.032003
13.027136
13.023251
13.023251
13.022849
13.019757
13.019426
13.014530
13.011615
13.011209
13.011209
13.009395
13.008590
13.008437
13.008417
13.004122
13.002137
13.000227
12.997255
12.996139
12.988377
12.988232
12.988232
12.986343
12.986343
12.986343
12.986343
12.986115
12.985616
12.982715
12.981934
12.977840
12.976272
12.976272
12.973189
12.970285
12.969804
12.969804
12.969128
12.966564
12.966564
12.966564
12.966564
12.966564
12.966521
12.966521
12.966521
12.954983
12.951796
12.951796
12.950024
12.950024
12.950024
12.949304
12.949137
12.948732
12.948732
12.940238
12.940238
12.940238
12.938849
12.935836
12.935836
12.935836
12.933494
12.933494
12.933494
12.933494
12.932227
12.932137
12.932137
12.932100
12.927622
12.927622
12.927622
12.926561
12.926421
12.922963
12.921633
12.912251
12.912099
12.911705
12.908813
12.906766
12.906766
12.906766
12.905370
12.905370
12.900586
12.899862
12.899862
12.898968
12.898968
12.889642
12.889642
12.889642
12.887753
12.887162
12.886047
12.885081
12.880951
12.880802
12.876521
12.876511
12.873257
12.871787
12.871059
12.866324
12.862947
12.862407
12.862407
12.855853
12.854855
12.854855
12.854855
12.854855
12.854855
12.854855
12.854855
12.854855
12.854855
12.848941
12.848941
12.846449
12.846449
12.846449
12.846449
12.844115
12.841437
12.841437
12.841437
12.839434
12.839434
12.830642
12.830523
12.830523
12.830523
12.829226
12.829226
12.828116
12.828116
12.828116
12.822942
12.820137
12.820137
12.820137
12.817475
12.817475
12.817434
12.812445
12.811875
12.811847
12.798667
12.798667
12.798667
12.796921
12.796921
12.791299
12.790873
12.790873
12.787856
12.787840
12.787840
12.787840
12.787799
12.781360
12.779186
12.771502
12.770412
12.769596
12.759610
12.756736
12.755542
12.755542
12.755144
12.752696
12.752696
12.752696
12.752673
12.752673
12.752673
12.752673
12.751611
12.749134
12.749134
12.748963
12.746740
12.746682
12.746682
12.746682
12.739252
12.736112
12.736112
12.736112
12.734930
12.734381
12.734381
12.733522
12.730593
12.730593
12.730593
12.730593
12.730593
12.721640
12.721640
12.721640
12.716838
12.715429
12.715429
12.715429
12.712535
12.711837
12.706967
12.695459
12.694471
12.694471
12.691844
12.691844
12.691484
12.691484
12.691484
12.691484
12.689839
12.688853
12.688853
12.688389
12.672503
12.671695
12.663826
12.663826
12.648755
12.648755
12.648755
12.648755
12.645383
12.645325
12.642176
12.639053
12.639053
12.639053
12.639053
12.638910
12.638910
12.638910
12.638910
12.637470
12.632830
12.629762
12.629762
12.629762
12.629492
12.629492
12.629492
12.629492
12.629492
12.629492
12.615526
12.615526
12.615526
12.596758
12.596758
12.596758
12.596758
12.596758
12.596244
12.596244
12.595920
12.595920
12.590754
12.581488
12.581411
12.578328
12.578328
12.572599
12.572202
12.572202
12.572033
12.572033
12.571685
12.570903
12.568711
12.568499
12.560285
12.558232
12.557675
12.557675
12.557675
12.555178
12.555178
12.553609
12.553609
12.553609
12.553609
12.545351
12.545351
12.545141
12.537492
12.536125
12.536125
12.536125
12.536125
12.535682
12.535033
12.535033
12.534425
12.533193
12.533193
12.533193
12.533193
12.533193
12.528797
12.527794
12.516595
12.509556
12.503617
12.499496
12.499496
12.497524
12.496569
12.496569
12.494735
12.466890
12.466890
12.466820
12.465003
12.459659
12.459562
12.459562
12.459030
12.459030
12.458062
12.458062
12.454197
12.454107
12.450512
12.446577
12.437790
12.437756
12.437756
12.437756
12.437088
12.436669
12.432595
12.432595
12.432506
12.422291
12.422291
12.421182
12.420121
12.420121
12.420121
12.418206
12.415052
12.410833
12.409455
12.409366
12.405182
12.405182
12.398210
12.393716
12.393716
12.385962
12.381921
12.379419
12.379419
12.376701
12.371186
12.371186
12.369280
12.369280
12.365008
12.358517
12.353918
12.353918
12.353610
12.352469
12.352469
12.352469
12.352469
12.350325
12.347854
12.347854
12.347854
12.347854
12.347629
12.344761
12.344761
12.344761
12.344761
12.344761
12.344610
12.344152
12.336208
12.331690
12.331596
12.331596
12.325244
12.325244
12.324449
12.314436
12.309082
12.307363
12.306047
12.302201
12.301164
12.291483
12.291437
12.278240
12.278117
12.278117
12.273931
12.273931
12.273931
12.273230
12.272865
12.272865
12.266098
12.266098
12.261152
12.261152
12.260376
12.260376
12.260376
12.260376
12.258494
12.258309
12.258309
12.258309
12.257992
12.257992
12.256900
12.254639
12.253592
12.251787
12.251787
12.251787
12.251787
12.249541
12.247566
12.243188
12.241478
12.241478
12.236591
12.232450
12.232450
12.231894
12.223027
12.223027
12.220366
12.218155
12.218155
12.213410
12.210071
12.208352
12.202594
12.200368
12.195467
12.193528
12.193528
12.187426
12.182966
12.182966
12.180331
12.180331
12.180331
12.180233
12.175436
12.174288
12.173259
12.169504
12.169504
12.169504
12.161540
12.160322
12.160322
12.160322
12.158723
12.157208
12.157208
12.157087
12.152983
12.152983
12.141708
12.141708
12.141708
12.136843
12.129909
12.129909
12.129909
12.106727
12.106727
12.106727
12.106727
12.102238
12.102238
12.099074
12.098078
12.098078
12.098078
12.098078
12.096852
12.096803
12.091734
12.091734
12.090527
12.088310
12.080219
12.080219
12.080219
12.080219
12.080219
12.077697
12.077697
12.075029
12.075029
12.075029
12.068382
12.068382
12.068382
12.068382
12.068382
12.068382
12.061898
12.060425
12.060425
12.060425
12.060425
12.060425
12.060425
12.059132
12.052468
12.052468
12.052468
12.052162
12.052150
12.052150
12.048920
12.042957
12.038590
12.038488
12.038488
12.035395
12.028996
12.028175
12.028175
12.026098
12.024093
12.023892
12.023892
12.023892
12.023892
12.023750
12.018527
12.018527
12.018527
12.018527
12.018527
12.018431
12.018431
12.018431
12.018431
12.015091
12.009759
12.009759
12.007320
12.007320
12.007320
12.000019
11.995315
11.995315
11.989297
11.989297
11.989297
11.983807
11.983807
11.964455
11.964455
11.964455
11.964455
11.964455
11.963135
11.957643
11.956139
11.956139
11.956139
11.949215
11.948476
11.948381
11.944360
11.944069
11.944069
11.936692
11.936550
11.936388
11.936388
11.934303
11.933253
11.933253
11.932327
11.932327
11.931460
11.929279
11.929269
11.929269
11.927935
11.927696
11.927195
11.927088
11.927088
11.927088
11.926907
11.926008
11.925844
11.922316
11.918680
11.912187
11.894573
11.892683
11.887715
11.887715
11.887715
11.887715
11.886882
11.884514
11.883844
11.879698
11.879698
11.876105
11.875470
11.868658
11.868401
11.868401
11.868401
11.868401
11.867195
11.867195
11.866680
11.866680
11.865591
11.863897
11.863897
11.863897
11.863897
11.863897
11.854614
11.850905
11.850905
11.847674
11.847674
11.840512
11.838767
11.838767
11.838292
11.838292
11.838292
11.838292
11.838292
11.835958
11.835958
11.830428
11.830428
11.828216
11.828216
11.828216
11.828216
11.828216
11.824723
11.823655
11.822258
11.820895
11.820895
11.820895
11.816403
11.816403
11.815430
11.815430
11.815430
11.815213
11.815213
11.814840
11.813837
11.813837
11.809172
11.809172
11.806484
11.806484
11.804784
11.802954
11.802954
11.796587
11.794749
11.791504
11.790069
11.776737
11.770380
11.767732
11.766725
11.766725
11.766725
11.759446
11.757950
11.752946
11.751343
11.748168
11.746750
11.746750
11.738988
11.738988
11.738988
11.738988
11.738988
11.738715
11.734591
11.727408
11.725552
11.723805
11.719962
11.717363
11.717363
11.717363
11.704931
11.704743
11.698002
11.695716
11.695716
11.695716
11.695716
11.695639
11.695639
11.695441
11.693899
11.693899
11.693736
11.693736
11.687461
11.686544
11.684224
11.680602
11.678864
11.678030
11.674366
11.673447
11.672188
11.672188
11.670839
11.670839
11.670802
11.670636
11.665173
11.665173
11.662911
11.662911
11.662695
11.662695
11.658297
11.658297
11.650943
11.650943
11.650916
11.650916
11.650916
11.650916
11.650916
11.650916
11.647571
11.647571
11.642523
11.642093
11.640249
11.639117
11.636881
11.636881
11.636492
11.636492
11.631242
11.628445
11.628445
11.621647
11.614085
11.613329
11.610232
11.607258
11.607232
11.606856
11.606856
11.606856
11.601236
11.601236
11.601236
11.601191
11.601191
11.600846
11.594338
11.589011
11.589011
11.586058
11.585654
11.584515
11.584515
11.584515
11.584515
11.580925
11.572622
11.572622
11.572622
11.569609
11.569609
11.567474
11.562510
11.562433
11.551997
11.548877
11.541973
11.541973
11.541973
11.541973
11.541973
11.541408
11.541408
11.535108
11.535108
11.535108
11.533856
11.530585
11.528766
11.528766
11.527707
11.525427
11.522043
11.522043
11.522043
11.519397
11.519217
11.519217
11.519217
11.514525
11.514525
11.514525
11.514525
11.509870
11.503950
11.499010
11.486510
11.484356
11.484356
11.484356
11.484019
11.482360
11.482360
11.482360
11.474784
11.474170
11.474170
11.468138
11.468138
11.467642
11.467334
11.467334
11.467334
11.467334
11.466990
11.466990
11.463408
11.462657
11.462318
11.462318
11.460919
11.460919
11.449704
11.445928
11.445928
11.442928
11.442928
11.441795
11.441795
11.441330
11.437819
11.433428
11.433211
11.432079
11.421542
11.421542
11.421025
11.421025
11.412551
11.395691
11.394048
11.393963
11.383721
11.379777
11.373784
11.373784
11.371389
11.371389
11.371389
11.371389
11.371389
11.371389
11.359084
11.359084
11.359084
11.359084
11.359084
11.358365
11.358365
11.353300
11.350703
11.350703
11.348064
11.343384
11.332637
11.318391
11.317476
11.316962
11.316962
11.314476
11.314476
11.314476
11.314476
11.314476
11.304251
11.303978
11.303842
11.303842
11.301158
11.301158
11.301158
11.300034
11.299319
11.299001
11.297082
11.296517
11.289796
11.289796
11.288880
11.283491
11.267606
11.267606
11.264137
11.264137
11.259231
11.258449
11.258449
11.258133
11.258133
11.253699
11.253699
11.247243
11.247243
11.244868
11.240125
11.240125
11.240125
11.237876
11.237876
11.233879
11.232221
11.232221
11.230580
11.230580
11.230283
11.230283
11.230133
11.222460
11.222460
11.222460
11.222460
11.222460
11.222460
11.220944
11.220944
11.220944
11.220944
11.215043
11.215043
11.215043
11.215043
11.215043
11.209166
11.206652
11.206652
11.204271
11.204271
11.202620
11.202620
11.202620
11.202620
11.201683
11.192294
11.192113
11.191928
11.191448
11.191448
11.191448
11.183361
11.182715
11.182715
11.181278
11.177301
11.177225
11.173924
11.163131
11.163131
11.163131
11.163131
11.160595
11.156030
11.156030
11.156030
11.156030
11.153320
11.153320
11.147226
11.144269
11.141603
11.141603
11.141603
11.141603
11.141603
11.137777
11.134361
11.131365
11.127917
11.116636
11.116636
11.109784
11.109784
11.109784
11.109784
11.108103
11.108103
11.108103
11.108103
11.108103
11.108103
11.107690
11.107170
11.095068
11.095068
11.095068
11.095068
11.095068
11.095068
11.081328
11.081328
11.081328
11.081328
11.081328
11.081328
11.081328
11.081328
11.078058
11.078058
11.078058
11.078058
11.078058
11.078058
11.078058
11.077799
11.076318
11.075676
11.075676
11.075676
11.075676
11.075676
11.075676
11.075061
11.073137
11.073137
11.061118
11.059980
11.059980
11.059980
11.058834
11.055063
11.052920
11.048485
11.046957
11.045260
11.038672
11.034346
11.033085
11.029307
11.016491
11.016491
11.016491
11.016491
11.016491
11.012302
11.011258
11.011258
11.003827
10.999386
10.995955
10.995955
10.995955
10.995955
10.989106
10.982685
10.978500
10.978500
10.978500
10.974660
10.974660
10.974660
10.974660
10.974192
10.971617
10.969310
10.961849
10.961849
10.961849
10.961849
10.956094
10.956094
10.956094
10.953036
10.946207
10.941322
10.935295
10.934038
10.934038
10.929282
10.924456
10.916632
10.915538
10.908287
10.908287
10.903870
10.903870
10.903870
10.903870
10.903870
10.903870
10.893401
10.893401
10.891354
10.889854
10.889281
10.889281
10.889281
10.889281
10.882450
10.879501
10.876952
10.870582
10.869639
10.867607
10.867607
10.863826
10.859830
10.859830
10.859830
10.859830
10.859830
10.854354
10.852449
10.845913
10.845564
10.839373
10.839373
10.839373
10.839373
10.834031
10.830690
10.822987
10.822987
10.821413
10.821413
10.820485
10.820485
10.813236
10.812807
10.797780
10.797780
10.797780
10.797780
10.797780
10.797570
10.787412
10.783225
10.782131
10.781067
10.780581
10.775568
10.773618
10.773618
10.768879
10.768564
10.763272
10.763272
10.763272
10.759910
10.759910
10.756563
10.751343
10.751343
10.751343
10.747720
10.747720
10.747720
10.744081
10.744081
10.741626
10.741626
10.736962
10.734226
10.731109
10.731109
10.731109
10.730286
10.730286
10.729440
10.724406
10.722632
10.722632
10.722632
10.722632
10.722632
10.705476
10.705297
10.703337
10.700722
10.700722
10.700722
10.697324
10.697324
10.697324
10.697324
10.691232
10.691232
10.687080
10.687080
10.677450
10.677450
10.677450
10.677078
10.677078
10.676078
10.675841
10.668659
10.662638
10.661239
10.661239
10.655151
10.655151
10.654112
10.649276
10.645602
10.645602
10.642699
10.642699
10.639104
10.638409
10.636509
10.634085
10.633082
10.632495
10.632281
10.632281
10.630400
10.630400
10.629860
10.626641
10.625756
10.614862
10.614862
10.614862
10.614862
10.614862
10.609283
10.609283
10.607371
10.602640
10.602640
10.588911
10.588903
10.587015
10.583227
10.580155
10.577338
10.577338
10.573870
10.571111
10.570455
10.570455
10.567429
10.561631
10.561418
10.558447
10.556990
10.556775
10.555032
10.553907
10.553907
10.544810
10.541067
10.524515
10.522409
10.522409
10.522409
10.518537
10.518506
10.518506
10.518506
10.517969
10.517969
10.517969
10.517969
10.517969
10.517969
10.511712
10.508789
10.501704
10.495096
10.495096
10.492362
10.490828
10.485576
10.485576
10.478420
10.477229
10.477229
10.454356
10.454356
10.450280
10.443432
10.434261
10.434261
10.433480
10.433480
10.423831
10.422277
10.422277
10.422277
10.422277
10.422268
10.418533
10.414818
10.410843
10.406399
10.406399
10.406399
10.399492
10.394154
10.392853
10.381470
10.381336
10.381283
10.381283
10.367457
10.366762
10.366762
10.365523
10.365523
10.365523
10.357267
10.357267
10.357267
10.357267
10.349524
10.349137
10.349137
10.347833
10.345855
10.342559
10.340907
10.331132
10.331132
10.327954
10.319414
10.318958
10.317053
10.315494
10.315494
10.315494
10.313919
10.313919
10.311099
10.310495
10.308730
10.308730
10.308730
10.307548
10.304612
10.304294
10.299024
10.293864
10.293499
10.290013
10.283579
10.282943
10.280913
10.280913
10.280913
10.279528
10.276143
10.275176
10.275176
10.274041
10.272713
10.272713
10.272713
10.272713
10.269538
10.262494
10.253489
10.249883
10.249883
10.249883
10.247911
10.241379
10.234573
10.228142
10.226162
10.226162
10.226162
10.226162
10.226162
10.226162
10.222836
10.222836
10.222836
10.222836
10.222836
10.221916
10.221916
10.204003
10.200112
10.193972
10.193065
10.193065
10.192450
10.192450
10.191576
10.189451
10.187449
10.178418
10.177050
10.177050
10.175240
10.173240
10.173240
10.172899
10.171071
10.171071
10.171071
10.171071
10.160776
10.160165
10.156993
10.155828
10.155828
10.153160
10.142656
10.142656
10.141125
10.141125
10.141125
10.137485
10.137485
10.131520
10.126711
10.126711
10.125537
10.124893
10.124489
10.122653
10.117387
10.115583
10.115583
10.107649
10.104882
10.098323
10.095818
10.095118
10.089476
10.089476
10.084005
10.084005
10.082106
10.080282
10.057336
10.048037
10.046591
10.046591
10.044902
10.044902
10.030866
10.026625
10.026625
10.026594
10.023586
10.021089
10.019074
10.008103
10.007106
10.002887
9.991712
9.991712
9.985694
9.977278
9.968121
9.966002
9.956543
9.953528
9.951261
9.951261
9.949826
9.949519
9.929538
9.928250
9.928250
9.928250
9.928250
9.928250
9.928250
9.902023
9.900280
9.894411
9.891556
9.887947
9.879797
9.855060
9.855060
9.853497
9.853497
9.848087
9.842601
9.842601
9.842601
9.842601
9.842601
9.840823
9.840823
9.840823
9.840823
9.829284
9.815820
9.815820
9.815820
9.813745
9.803854
9.803854
9.803854
9.801385
9.801091
9.794024
9.794024
9.794024
9.794024
9.794024
9.793848
9.788625
9.787778
9.785198
9.784563
9.783965
9.783965
9.776463
9.776463
9.766062
9.756828
9.750739
9.750739
9.750739
9.750739
9.750739
9.750522
9.750140
9.749578
9.749293
9.747004
9.746787
9.746787
9.746014
9.746014
9.745924
9.745924
9.745924
9.741357
9.741357
9.724958
9.724034
9.724034
9.723236
9.723236
9.723236
9.721077
9.717281
9.717281
9.704369
9.704369
9.704369
9.697603
9.695334
9.693593
9.693593
9.693479
9.693479
9.690837
9.690771
9.686185
9.680749
9.680695
9.680695
9.678513
9.678513
9.675179
9.674494
9.667544
9.667544
9.667544
9.661872
9.661872
9.661872
9.658114
9.655035
9.651549
9.645997
9.645746
9.645746
9.644184
9.644184
9.644184
9.644184
9.644184
9.644184
9.644184
9.640784
9.639593
9.639593
9.638168
9.638168
9.637452
9.617367
9.617367
9.617367
9.617367
9.616675
9.616675
9.616675
9.616675
9.616675
9.602720
9.602720
9.602720
9.598961
9.598961
9.588381
9.579553
9.578099
9.569442
9.569442
9.569442
9.569442
9.569442
9.569442
9.569442
9.568567
9.557734
9.557734
9.556167
9.552878
9.552878
9.552473
9.552473
9.541894
9.532117
9.506614
9.506214
9.506214
9.506214
9.504579
9.504579
9.504572
9.502528
9.500615
9.500042
9.500042
9.499863
9.489765
9.489357
9.489357
9.489357
9.483275
9.475379
9.469582
9.467323
9.466094
9.466077
9.465547
9.465393
9.462849
9.462849
9.445169
9.445169
9.445169
9.437989
9.430943
9.430943
9.425838
9.424391
9.420087
9.419331
9.419331
9.418728
9.418728
9.392238
9.392238
9.391416
9.389039
9.388264
9.378463
9.375861
9.372843
9.366410
9.365830
9.363345
9.363345
9.363345
9.363269
9.354685
9.354685
9.351296
9.345192
9.341250
9.336549
9.326912
9.325128
9.322905
9.322905
9.322905
9.322086
9.322086
9.321518
9.320391
9.310672
9.309623
9.309623
9.309623
9.309241
9.295531
9.295531
9.295531
9.289548
9.289548
9.289548
9.289548
9.288643
9.288643
9.288643
9.288643
9.286206
9.285323
9.285323
9.282939
9.271944
9.269108
9.266465
9.260213
9.248094
9.247555
9.241629
9.230888
9.230888
9.230888
9.230888
9.230833
9.227074
9.227074
9.226448
9.226448
9.226278
9.224561
9.224561
9.223608
9.223608
9.221622
9.220969
9.220183
9.217679
9.217679
9.217384
9.210533
9.210533
9.205686
9.205686
9.204433
9.204433
9.198733
9.196656
9.191944
9.191944
9.175555
9.174674
9.174674
9.173355
9.173355
9.173355
9.171851
9.166206
9.166206
9.162859
9.161312
9.160659
9.160659
9.160596
9.159080
9.158943
9.158943
9.153319
9.153319
9.145385
9.145385
9.140068
9.140068
9.139124
9.137218
9.134511
9.134511
9.126256
9.122584
9.122584
9.122584
9.121771
9.118485
9.116575
9.116575
9.116575
9.102873
9.102210
9.102210
9.093531
9.093531
9.089531
9.089531
9.088947
9.088947
9.079621
9.079621
9.068630
9.068630
9.068630
9.067741
9.064499
9.059175
9.055022
9.048690
9.048690
9.048690
9.045698
9.041050
9.036590
9.035013
9.035013
9.034290
9.032140
9.028890
9.028890
9.022092
9.022092
9.019238
9.018905
9.007451
8.998429
8.996751
8.994335
8.994335
8.993908
8.990761
8.987775
8.987416
8.981427
8.976609
8.976609
8.976609
8.963566
8.963566
8.963482
8.958022
8.958022
8.953522
8.951692
8.948156
8.948156
8.946640
8.940368
8.940368
8.940368
8.940368
8.940091
8.929715
8.929715
8.928257
8.925286
8.925286
8.923232
8.923232
8.923232
8.920637
8.908414
8.902686
8.896103
8.896103
8.895430
8.895430
8.891795
8.885144
8.885144
8.881838
8.881083
8.875461
8.875461
8.874613
8.862631
8.837721
8.836546
8.836546
8.836546
8.836539
8.836539
8.836539
8.836539
8.827920
8.827920
8.827552
8.827085
8.827085
8.816294
8.810450
8.798342
8.798336
8.798336
8.798336
8.798336
8.798336
8.798336
8.788398
8.788398
8.788120
8.788120
8.785058
8.785058
8.770092
8.770092
8.770092
8.770092
8.770092
8.770092
8.770092
8.756353
8.756353
8.756353
8.756353
8.756353
8.756353
8.755657
8.744464
8.741272
8.741272
8.741272
8.740436
8.721602
8.721602
8.715871
8.715871
8.707234
8.704879
8.700015
8.700015
8.684591
8.678506
8.677795
8.671154
8.671154
8.671154
8.670713
8.667556
8.667556
8.664104
8.664104
8.661307
8.660666
8.640965
8.640965
8.633794
8.633545
8.633545
8.633545
8.633545
8.633545
8.628863
8.617835
8.617835
8.610428
8.610428
8.604144
8.593858
8.590855
8.590344
8.590176
8.590176
8.590176
8.590176
8.590014
8.590014
8.580515
8.580515
8.580515
8.576635
8.576635
8.566251
8.560429
8.554506
8.554506
8.552483
8.542463
8.542463
8.528762
8.518743
8.518743
8.517091
8.517043
8.517043
8.516650
8.513586
8.513586
8.513586
8.512752
8.500981
8.487943
8.485080
8.484540
8.484540
8.484540
8.475731
8.475731
8.475560
8.475560
8.475560
8.474803
8.474803
8.474643
8.474643
8.472383
8.471499
8.468019
8.468019
8.464119
8.461103
8.460934
8.452352
8.452076
8.452076
8.445587
8.445587
8.443123
8.441111
8.412105
8.412105
8.412105
8.412105
8.412105
8.411248
8.408985
8.408985
8.408985
8.403614
8.402077
8.402077
8.400913
8.398690
8.395389
8.388386
8.388386
8.388386
8.388386
8.388386
8.384648
8.381929
8.381929
8.381078
8.379070
8.376683
8.375671
8.375671
8.373355
8.369567
8.369567
8.369567
8.369567
8.368985
8.359165
8.357185
8.357185
8.357185
8.347682
8.347511
8.344743
8.344626
8.344626
8.332383
8.332383
8.332126
8.321133
8.318976
8.318976
8.318949
8.318502
8.318238
8.314943
8.314266
8.314266
8.304222
8.301870
8.300714
8.300714
8.298369
8.292843
8.292843
8.288300
8.273105
8.273081
8.273081
8.271588
8.271588
8.241560
8.241560
8.239236
8.239051
8.203074
8.200902
8.194905
8.193835
8.191563
8.191563
8.191563
8.186187
8.177774
8.177237
8.177237
8.174607
8.174607
8.170506
8.170506
8.168107
8.166152
8.166152
8.161641
8.161641
8.161641
8.158539
8.158539
8.158196
8.157635
8.156503
8.154667
8.154667
8.149359
8.148463
8.148463
8.141676
8.137662
8.137662
8.136909
8.136909
8.136909
8.128116
8.128116
8.123212
8.116880
8.116880
8.116880
8.104796
8.092203
8.091272
8.086912
8.086912
8.086912
8.062366
8.051878
8.051878
8.044648
8.037985
8.037985
8.037985
8.035881
8.031692
8.031692
8.030939
8.027098
8.026771
8.023567
8.023567
8.014987
8.014987
8.013150
8.012142
8.012142
8.007395
8.006497
8.004933
8.004600
8.004600
8.004600
8.002677
8.001103
7.993513
7.993513
7.993513
7.991987
7.991987
7.991987
7.981914
7.981033
7.981033
7.970827
7.965537
7.961635
7.960881
7.960881
7.960881
7.960881
7.960881
7.956553
7.956553
7.956553
7.954817
7.946997
7.939905
7.933874
7.933562
7.933562
7.933562
7.933562
7.926439
7.926439
7.926439
7.926439
7.926439
7.926439
7.918433
7.915887
7.915887
7.915887
7.915887
7.915887
7.910269
7.898945
7.898817
7.898817
7.897209
7.897209
7.897209
7.896228
7.896228
7.893676
7.876826
7.874033
7.874033
7.871468
7.871468
7.870640
7.870640
7.870640
7.868993
7.856456
7.853211
7.851786
7.851786
7.833931
7.833931
7.832895
7.805088
7.805088
7.805088
7.804163
7.796426
7.796029
7.777403
7.764291
7.755271
7.755271
7.746135
7.746135
7.746135
7.746135
7.746135
7.743437
7.743437
7.743437
7.743437
7.743437
7.743437
7.737910
7.737910
7.737910
7.737910
7.732742
7.719970
7.719970
7.718165
7.718165
7.718165
7.716654
7.716654
7.716654
7.716360
7.711594
7.704696
7.699082
7.698883
7.698883
7.698883
7.698883
7.691797
7.678966
7.678966
7.672140
7.672140
7.672140
7.670059
7.666989
7.666989
7.653172
7.653172
7.653172
7.646873
7.646873
7.646873
7.643443
7.639089
7.639089
7.635476
7.635476
7.635476
7.635476
7.635476
7.630620
7.611047
7.610583
7.610583
7.589931
7.589931
7.589396
7.587195
7.579517
7.576801
7.576801
7.576801
7.567430
7.567430
7.567430
7.564026
7.562084
7.562084
7.558185
7.558185
7.558185
7.549743
7.549743
7.549743
7.549743
7.549743
7.549743
7.549743
7.549743
7.547847
7.547847
7.543852
7.535667
7.527758
7.527758
7.509615
7.508463
7.508241
7.506767
7.506000
7.506000
7.506000
7.497145
7.492367
7.492367
7.492367
7.491628
7.491628
7.491628
7.487717
7.487717
7.469597
7.467658
7.467658
7.466387
7.463545
7.463545
7.463545
7.463545
7.463545
7.462369
7.462369
7.461720
7.461720
7.456865
7.445254
7.445254
7.445254
7.445254
7.445254
7.445254
7.440878
7.438001
7.432126
7.432126
7.426461
7.419336
7.413144
7.408566
7.404678
7.399026
7.399026
7.397950
7.397950
7.397950
7.397950
7.397950
7.397950
7.397950
7.397950
7.397950
7.397232
7.394224
7.394224
7.394224
7.394224
7.393960
7.393960
7.393960
7.388845
7.388335
7.386149
7.384491
7.382838
7.382838
7.382234
7.380354
7.380354
7.379636
7.379636
7.379055
7.378771
7.378771
7.376751
7.369525
7.367059
7.366460
7.362787
7.362787
7.359165
7.359165
7.339741
7.336251
7.336251
7.333223
7.333223
7.307825
7.307825
7.303130
7.303130
7.296966
7.296966
7.296966
7.296966
7.296966
7.296966
7.296966
7.296966
7.296966
7.296966
7.296220
7.295031
7.295031
7.294547
7.294547
7.294547
7.294547
7.294547
7.294547
7.294543
7.288067
7.288067
7.280517
7.280517
7.280349
7.280349
7.280349
7.279871
7.279871
7.279871
7.279871
7.279871
7.279871
7.273082
7.273082
7.267544
7.261546
7.252122
7.236846
7.228961
7.228961
7.224281
7.224281
7.222567
7.222567
7.221813
7.221309
7.218945
7.218945
7.211451
7.211451
7.205278
7.203261
7.203261
7.203261
7.199252
7.191718
7.191718
7.191718
7.191718
7.191654
7.186784
7.186784
7.180695
7.169234
7.169234
7.165245
7.164179
7.164179
7.164179
7.158934
7.153443
7.153443
7.153443
7.153443
7.153258
7.153247
7.153247
7.146568
7.146568
7.146568
7.142348
7.141311
7.141311
7.141311
7.131255
7.114351
7.112656
7.112411
7.112411
7.112411
7.112411
7.112411
7.112411
7.112411
7.109245
7.109245
7.109245
7.095028
7.095028
7.095028
7.095028
7.095028
7.095028
7.095028
7.086927
7.085993
7.084797
7.084797
7.083752
7.067613
7.067613
7.067613
7.067613
7.059546
7.059546
7.059546
7.058273
7.057402
7.052781
7.047201
7.044854
7.044854
7.044854
7.044647
7.039104
7.039104
7.038892
7.038203
7.037950
7.037950
7.032209
7.032209
7.031654
7.029554
7.029554
7.025476
7.025476
7.023955
7.023955
7.023314
7.020049
7.019632
7.015603
7.015603
7.013309
7.013309
7.009227
7.004587
7.003146
7.000772
6.999997
6.999997
6.999997
6.999997
6.999997
6.997342
6.996723
6.991230
6.979653
6.963956
6.963956
6.962894
6.962647
6.962522
6.958766
6.958766
6.947164
6.940841
6.939791
6.939791
6.939791
6.933307
6.931282
6.931282
6.931282
6.931282
6.931282
6.929216
6.925557
6.925557
6.925557
6.914379
6.914379
6.914379
6.912362
6.912362
6.906681
6.906609
6.906609
6.903989
6.902987
6.902987
6.902311
6.894920
6.891466
6.889092
6.880520
6.871323
6.867902
6.867634
6.860241
6.860241
6.855196
6.855196
6.855195
6.855195
6.855195
6.853738
6.853738
6.853738
6.851188
6.851188
6.848454
6.847326
6.847326
6.847326
6.846317
6.844656
6.844656
6.843224
6.839681
6.832390
6.830939
6.830939
6.825572
6.825572
6.825572
6.825572
6.823512
6.823512
6.820817
6.797772
6.797772
6.797772
6.797772
6.794458
6.792607
6.792607
6.792607
6.792607
6.792607
6.780079
6.772751
6.772751
6.770813
6.770137
6.769478
6.765118
6.765118
6.765118
6.765118
6.765118
6.765029
6.763452
6.752903
6.752903
6.752903
6.752903
6.752903
6.752516
6.745752
6.745752
6.739912
6.735164
6.735164
6.733440
6.721266
6.719615
6.716141
6.716141
6.712682
6.712682
6.712682
6.712617
6.707220
6.702339
6.697777
6.697777
6.689533
6.681023
6.681023
6.677597
6.676643
6.673084
6.673084
6.671808
6.671808
6.671808
6.650957
6.640079
6.640079
6.638596
6.625684
6.622558
6.622558
6.619073
6.611927
6.611927
6.611927
6.608040
6.608040
6.608021
6.608021
6.608021
6.608021
6.602186
6.598636
6.598636
6.597961
6.595000
6.595000
6.563288
6.554903
6.554903
6.554903
6.554903
6.554903
6.554903
6.543684
6.543684
6.541429
6.541429
6.541429
6.541429
6.538393
6.538393
6.536226
6.534355
6.534355
6.534355
6.534355
6.534355
6.531478
6.531478
6.527633
6.523676
6.523355
6.522339
6.522339
6.515762
6.515762
6.515762
6.515762
6.515762
6.502686
6.502686
6.502686
6.488894
6.472055
6.469902
6.469902
6.469902
6.469902
6.469902
6.469902
6.469902
6.469902
6.469902
6.469902
6.469902
6.466770
6.466770
6.466770
6.466770
6.455416
6.451889
6.451889
6.451889
6.451889
6.451889
6.451889
6.451889
6.445488
6.445488
6.445488
6.439102
6.439102
6.437683
6.435890
6.425497
6.425497
6.424499
6.422240
6.417252
6.410730
6.410730
6.410730
6.410730
6.408929
6.408929
6.408799
6.407161
6.407161
6.407067
6.400764
6.395849
6.395849
6.395572
6.394479
6.394479
6.393707
6.393707
6.393707
6.393707
6.391728
6.391728
6.391230
6.391230
6.391230
6.382896
6.373867
6.373135
6.372007
6.372007
6.371105
6.371105
6.371105
6.371105
6.368291
6.367866
6.341587
6.341587
6.340569
6.329329
6.329329
6.321747
6.321747
6.318975
6.314970
6.314970
6.312732
6.312732
6.312732
6.308324
6.307083
6.306812
6.304951
6.302918
6.301932
6.294696
6.294696
6.294696
6.287548
6.287548
6.285697
6.274966
6.272497
6.272497
6.272497
6.271961
6.271168
6.271168
6.268264
6.268264
6.268264
6.268264
6.268264
6.261440
6.261440
6.261440
6.253483
6.253483
6.253483
6.248684
6.248684
6.238374
6.238374
6.214798
6.206959
6.194386
6.189726
6.189467
6.189467
6.188776
6.188776
6.188776
6.188776
6.188776
6.188776
6.181768
6.181768
6.181768
6.181768
6.181768
6.178722
6.178722
6.177782
6.177454
6.177454
6.174819
6.174819
6.174819
6.169447
6.166275
6.165944
6.165944
6.165944
6.165833
6.164968
6.164968
6.164968
6.164968
6.164486
6.164486
6.164486
6.164486
6.163330
6.163330
6.149940
6.149672
6.146581
6.143211
6.143211
6.140629
6.140629
6.140627
6.137788
6.137087
6.136667
6.130676
6.130306
6.129176
6.129166
6.124596
6.114628
6.105127
6.105127
6.105127
6.105127
6.105127
6.105127
6.103947
6.103947
6.103945
6.103945
6.103945
6.103945
6.095326
6.094770
6.094770
6.094658
6.084464
6.083982
6.083982
6.083982
6.083850
6.083850
6.083850
6.083567
6.081627
6.081627
6.074928
6.074928
6.073725
6.073584
6.073584
6.072390
6.072390
6.072390
6.068543
6.057791
6.057111
6.055033
6.053105
6.049096
6.049096
6.041629
6.041629
6.041629
6.041629
6.041629
6.041060
6.041060
6.035717
6.034097
6.032629
6.032629
6.032484
6.032484
6.032484
6.032484
6.026787
6.026787
6.014296
6.014150
6.014150
6.014150
6.007072
6.007072
6.006412
6.006395
6.006395
6.006395
6.004453
6.004051
6.004051
6.004051
6.004051
6.004051
6.003814
6.003814
5.995994
5.995994
5.995994
5.995578
5.995578
5.995578
5.995578
5.994330
5.994012
5.994012
5.988630
5.988630
5.986645
5.986307
5.986307
5.986307
5.985524
5.977604
5.977604
5.973948
5.972647
5.967455
5.966500
5.966500
5.962587
5.962587
5.947544
5.944564
5.942555
5.941995
5.941995
5.939910
5.933291
5.928937
5.927423
5.927423
5.925172
5.922572
5.921741
5.919633
5.917580
5.917580
5.917246
5.909214
5.905796
5.905796
5.904627
5.898817
5.898817
5.892210
5.892210
5.892210
5.892210
5.889268
5.886146
5.886058
5.886058
5.881948
5.881948
5.881948
5.881948
5.881948
5.877884
5.877884
5.876661
5.867219
5.867219
5.865152
5.864906
5.864906
5.853266
5.853266
5.851202
5.843368
5.843368
5.843368
5.838997
5.838997
5.838997
5.838997
5.838997
5.835003
5.828577
5.827570
5.827570
5.826426
5.826426
5.826426
5.826426
5.826426
5.824658
5.816088
5.816088
5.815016
5.812514
5.810225
5.810225
5.810225
5.810225
5.806215
5.798860
5.798860
5.795768
5.795768
5.795768
5.795768
5.795768
5.795768
5.795197
5.794162
5.794162
5.794090
5.794090
5.794090
5.794090
5.777718
5.777718
5.777718
5.777105
5.765593
5.765593
5.765593
5.761361
5.761361
5.755179
5.755179
5.754450
5.752205
5.744790
5.739435
5.723778
5.723778
5.723778
5.723778
5.722749
5.721778
5.721778
5.721778
5.717745
5.717567
5.717567
5.716367
5.716367
5.710703
5.710703
5.710703
5.710703
5.710703
5.710703
5.710703
5.710703
5.710703
5.710154
5.710154
5.706014
5.706014
5.705000
5.705000
5.693703
5.693703
5.693703
5.693703
5.686358
5.685721
5.685721
5.685721
5.685721
5.685721
5.684385
5.676787
5.671741
5.671741
5.671741
5.667052
5.667052
5.667052
5.667052
5.667052
5.667052
5.667052
5.667052
5.662859
5.660936
5.660936
5.657727
5.654919
5.654919
5.653097
5.640368
5.640368
5.640368
5.638124
5.638124
5.638124
5.636884
5.629879
5.629879
5.624682
5.624682
5.624682
5.624682
5.623627
5.623350
5.622451
5.620481
5.619277
5.615900
5.615900
5.615900
5.615346
5.615346
5.615346
5.613763
5.613763
5.604911
5.603808
5.603808
5.603808
5.600129
5.600129
5.593189
5.590777
5.590777
5.580289
5.580289
5.580289
5.580289
5.577797
5.577797
5.572918
5.572918
5.563295
5.563295
5.563135
5.563135
5.561070
5.546011
5.538529
5.538529
5.538529
5.538529
5.538529
5.537102
5.525902
5.525902
5.521843
5.521843
5.521843
5.521843
5.521843
5.521843
5.517639
5.517639
5.517639
5.516024
5.511781
5.511699
5.511699
5.511699
5.511699
5.508948
5.499588
5.496241
5.493671
5.489881
5.489881
5.488245
5.476899
5.473865
5.473865
5.473865
5.473599
5.473599
5.467151
5.467151
5.467151
5.464352
5.459468
5.459468
5.459468
5.457281
5.457281
5.447094
5.441776
5.441776
5.441776
5.441776
5.441776
5.441776
5.440599
5.440599
5.440599
5.440599
5.439531
5.439531
5.439531
5.439531
5.439531
5.439531
5.439366
5.438370
5.438370
5.438370
5.438370
5.438370
5.434107
5.419527
5.419527
5.419198
5.419153
5.419153
5.419153
5.419153
5.404821
5.404781
5.404781
5.404781
5.404781
5.403666
5.399328
5.399328
5.395019
5.395019
5.395019
5.395019
5.395019
5.390857
5.390857
5.390857
5.390857
5.390857
5.390857
5.385364
5.385364
5.385364
5.385364
5.369635
5.368451
5.368451
5.361792
5.358706
5.358706
5.358329
5.358329
5.352098
5.352098
5.352098
5.352098
5.352098
5.351566
5.349787
5.349465
5.349465
5.349465
5.349465
5.342723
5.342723
5.342718
5.342718
5.342291
5.342291
5.342291
5.342135
5.336547
5.336266
5.335400
5.335400
5.324070
5.324070
5.324070
5.318913
5.318913
5.318903
5.316846
5.291359
5.291359
5.291359
5.291359
5.291359
5.291359
5.288553
5.283834
5.283834
5.283834
5.283834
5.283743
5.283572
5.283388
5.283388
5.283121
5.283121
5.281451
5.263203
5.249111
5.249111
5.249111
5.249111
5.245339
5.241602
5.241602
5.229166
5.229166
5.229166
5.229166
5.228165
5.228165
5.223769
5.223769
5.223769
5.223759
5.223552
5.223552
5.220463
5.208692
5.208692
5.208692
5.208692
5.207819
5.203097
5.203097
5.201954
5.201954
5.201943
5.190412
5.190412
5.185620
5.183273
5.179483
5.179483
5.179483
5.179483
5.178588
5.178588
5.178588
5.175686
5.175686
5.175686
5.175154
5.175154
5.175154
5.171088
5.170556
5.158989
5.158989
5.158989
5.158989
5.156152
5.156152
5.154951
5.154951
5.154951
5.154951
5.154951
5.154951
5.154951
5.154453
5.154453
5.152357
5.150100
5.150100
5.150100
5.140954
5.136201
5.135060
5.133313
5.133313
5.123449
5.123449
5.104930
5.104930
5.104930
5.104930
5.104930
5.104503
5.099950
5.099950
5.099950
5.099950
5.099950
5.099950
5.099950
5.099950
5.099950
5.091528
5.091528
5.090591
5.089738
5.089738
5.089362
5.089362
5.089362
5.089362
5.089362
5.089362
5.089362
5.089362
5.089362
5.084487
5.081267
5.077596
5.077157
5.077157
5.077157
5.077157
5.076660
5.075117
5.075117
5.075117
5.075117
5.075117
5.065040
5.053265
5.053265
5.047226
5.047226
5.047226
5.046859
5.045787
5.045787
5.045787
5.045787
5.045787
5.045787
5.044714
5.044714
5.044714
5.044714
5.044714
5.041135
5.035854
5.035854
5.035854
5.030926
5.030827
5.030827
5.030827
5.020506
5.020506
5.020506
5.020506
5.017247
5.012531
5.012531
5.012531
5.011259
5.009722
5.006072
5.006072
5.006072
5.005959
5.005959
5.005959
5.001027
5.001027
5.001027
4.992976
4.992976
4.979828
4.979828
4.979828
4.979828
4.979828
4.979828
4.979828
4.979828
4.979828
4.979828
4.979828
4.979828
4.979828
4.979828
4.979573
4.978357
4.954351
4.951517
4.950042
4.948571
4.948571
4.940455
4.934250
4.933612
4.928657
4.926226
4.926226
4.926226
4.926226
4.925082
4.925082
4.921638
4.917370
4.917370
4.916307
4.913176
4.913176
4.911004
4.908843
4.908843
4.908176
4.908176
4.899471
4.890513
4.886240
4.884553
4.884465
4.883889
4.882389
4.882389
4.879255
4.878605
4.878605
4.878605
4.878605
4.878605
4.878601
4.877323
4.877323
4.877323
4.877323
4.875607
4.875607
4.875607
4.875607
4.870539
4.858565
4.858565
4.858565
4.853284
4.853284
4.853284
4.853284
4.849051
4.845008
4.843504
4.843504
4.833080
4.833080
4.828667
4.826391
4.826391
4.823950
4.819607
4.819607
4.819607
4.811738
4.811738
4.811738
4.811021
4.809884
4.809884
4.805391
4.805391
4.803846
4.803846
4.798949
4.792485
4.789980
4.787014
4.787014
4.772660
4.772660
4.770575
4.770300
4.770300
4.770300
4.770300
4.769098
4.762896
4.758478
4.758478
4.758478
4.750279
4.750279
4.746113
4.746113
4.743419
4.741261
4.735679
4.735266
4.735266
4.732271
4.732271
4.732271
4.732271
4.732271
4.720703
4.720703
4.717228
4.715204
4.711206
4.711206
4.707004
4.707004
4.705381
4.705111
4.703391
4.702963
4.702963
4.700737
4.700737
4.700737
4.700737
4.699685
4.696534
4.696534
4.695798
4.686576
4.686576
4.678187
4.648919
4.648919
4.648919
4.648919
4.648919
4.646396
4.646396
4.644333
4.644333
4.644333
4.642966
4.640162
4.640162
4.638699
4.637704
4.626599
4.623719
4.612727
4.604226
4.592742
4.592742
4.583189
4.574269
4.560708
4.552927
4.548493
4.523901
4.518594
4.518594
4.518594
4.518594
4.518594
4.518594
4.516741
4.516741
4.516741
4.516741
4.516711
4.516711
4.516711
4.516711
4.514192
4.514192
4.514192
4.507929
4.505723
4.505723
4.505723
4.505723
4.505723
4.492016
4.491938
4.491938
4.483732
4.483732
4.483732
4.483732
4.483732
4.482706
4.482706
4.481793
4.478853
4.478853
4.478853
4.478853
4.473309
4.473309
4.473309
4.473309
4.471644
4.471644
4.471644
4.471644
4.471644
4.463750
4.463750
4.458789
4.458172
4.458172
4.456468
4.456468
4.439691
4.439691
4.439691
4.439338
4.439338
4.435349
4.435349
4.435349
4.435349
4.435349
4.435349
4.435349
4.435349
4.435349
4.435349
4.435349
4.435349
4.435349
4.435002
4.434448
4.429197
4.429197
4.422834
4.422834
4.421060
4.421060
4.421060
4.416957
4.416493
4.416493
4.416493
4.416493
4.413918
4.413918
4.412876
4.412876
4.412876
4.412876
4.410913
4.410913
4.410913
4.409433
4.409433
4.409433
4.409433
4.409433
4.409433
4.409433
4.408518
4.408096
4.407359
4.406802
4.406683
4.390207
4.390207
4.384787
4.384787
4.382369
4.374566
4.374566
4.373669
4.356778
4.356250
4.350625
4.350625
4.342412
4.342412
4.342412
4.303718
4.303718
4.303718
4.302076
4.302076
4.296842
4.291370
4.291370
4.291370
4.291370
4.285992
4.284077
4.284077
4.284077
4.284077
4.283930
4.283930
4.281178
4.281178
4.280989
4.280989
4.279007
4.279007
4.278815
4.278815
4.275525
4.270749
4.270749
4.270091
4.270091
4.270091
4.260963
4.260963
4.260946
4.259486
4.259486
4.253186
4.249941
4.248696
4.247383
4.242998
4.242998
4.242998
4.242998
4.242998
4.242998
4.237356
4.236084
4.236084
4.236084
4.236084
4.235019
4.235019
4.235019
4.221412
4.220064
4.220064
4.218611
4.215675
4.215675
4.215675
4.213889
4.211637
4.211123
4.210307
4.210307
4.210307
4.210116
4.209736
4.209736
4.209736
4.209736
4.209678
4.209545
4.209545
4.209545
4.196974
4.196974
4.193424
4.193025
4.184624
4.183596
4.182902
4.180736
4.180736
4.180736
4.180736
4.180736
4.180736
4.173034
4.173034
4.173034
4.173034
4.173034
4.173034
4.173034
4.173034
4.166070
4.166070
4.166070
4.166070
4.163772
4.163772
4.163772
4.163772
4.159325
4.159325
4.159325
4.158652
4.158652
4.158652
4.158652
4.158652
4.158652
4.158652
4.158652
4.158652
4.149282
4.149282
4.149282
4.149282
4.143496
4.143496
4.143496
4.143496
4.142074
4.142074
4.142074
4.142020
4.141087
4.141087
4.138928
4.138928
4.138928
4.138928
4.138928
4.138928
4.138928
4.138928
4.131087
4.118607
4.118607
4.115175
4.100340
4.100340
4.100035
4.100001
4.100001
4.100001
4.099951
4.099951
4.099951
4.099951
4.094135
4.091293
4.091293
4.090984
4.089470
4.089470
4.089470
4.089470
4.077279
4.077150
4.066528
4.065375
4.065375
4.065375
4.065375
4.065375
4.063423
4.063423
4.063423
4.063423
4.048416
4.048416
4.042444
4.042444
4.041623
4.041623
4.040785
4.040684
4.040684
4.040684
4.029743
4.029743
4.029539
4.023313
4.023313
4.023313
4.023313
4.023313
4.023313
4.023313
4.023313
4.007047
4.000034
3.998932
3.998932
3.998932
3.998932
3.998932
3.997430
3.997430
3.989278
3.986258
3.986258
3.986258
3.982751
3.972747
3.972747
3.971342
3.971342
3.971342
3.971342
3.971342
3.971342
3.971342
3.971342
3.971342
3.968877
3.967439
3.950037
3.940666
3.940431
3.933387
3.933387
3.932896
3.932896
3.926849
3.915437
3.915437
3.915437
3.915437
3.915437
3.901625
3.898786
3.897187
3.894779
3.894779
3.894779
3.894779
3.894779
3.894779
3.892168
3.892168
3.892168
3.892168
3.892168
3.889863
3.888049
3.888023
3.883997
3.882855
3.881886
3.877412
3.870983
3.870983
3.870983
3.866059
3.866059
3.866059
3.866059
3.865704
3.865704
3.865704
3.865414
3.854383
3.854383
3.854383
3.854383
3.854383
3.854383
3.854383
3.854383
3.852669
3.849555
3.842994
3.841421
3.841189
3.839718
3.837601
3.837601
3.837601
3.837601
3.837601
3.834878
3.834878
3.834878
3.834398
3.825837
3.819151
3.811364
3.811364
3.809576
3.799948
3.799948
3.799255
3.799228
3.799228
3.795171
3.784268
3.784268
3.781650
3.777039
3.774238
3.773899
3.773771
3.773771
3.773771
3.773771
3.773770
3.773770
3.773770
3.773743
3.773743
3.764723
3.764723
3.764652
3.764652
3.764652
3.758917
3.758917
3.757501
3.757501
3.757501
3.757501
3.757501
3.754338
3.753677
3.753677
3.753677
3.753677
3.752077
3.740773
3.731478
3.731476
3.729816
3.729816
3.728195
3.724635
3.713400
3.704222
3.704222
3.704216
3.704216
3.691586
3.684765
3.684765
3.664926
3.664926
3.664926
3.664926
3.663560
3.662405
3.660487
3.655224
3.649321
3.644013
3.644013
3.635481
3.635481
3.635481
3.627459
3.622266
3.622266
3.622266
3.622266
3.620349
3.600275
3.600275
3.600275
3.600275
3.600275
3.600275
3.598625
3.598625
3.598625
3.594923
3.585715
3.585715
3.585715
3.585715
3.585715
3.584497
3.577911
3.577911
3.539779
3.539779
3.539779
3.534059
3.534059
3.534059
3.534059
3.533789
3.529593
3.529593
3.528361
3.525553
3.525553
3.525553
3.525553
3.525553
3.525553
3.525553
3.525553
3.525553
