34894.226172
32975.181250
28882.166797
27039.103125
26552.907031
26356.548047
26356.548047
22562.035938
21822.455859
21695.892188
21695.892188
19790.071094
19670.079297
19154.244336
19051.723828
17663.668164
16838.859570
16184.386328
15571.845312
15268.176367
14909.254883
13698.251562
13698.251562
12839.672852
12715.660352
12481.216797
12481.216797
12481.216797
12481.216797
12481.216797
12481.216797
12481.216797
12400.846094
12174.677148
11905.707129
11749.091699
11477.662109
10928.381055
10895.100000
10764.533789
10651.154883
10424.921094
10401.820508
10011.610547
9966.421484
9963.109863
9872.741602
9853.369531
9392.827930
9392.827930
9392.827930
9392.827930
9392.827930
9392.827930
9213.543555
9167.005273
9167.005273
9126.002539
9126.002539
9126.002539
9078.489844
8977.541602
8502.850391
8502.850391
8502.850391
8301.722656
8301.722656
8301.722656
8167.959766
8154.214746
8058.412891
8016.926465
8016.926465
8016.926465
7945.692090
7778.404102
7778.404102
7778.404102
7740.359375
7739.433789
7610.394824
7610.394824
7413.809131
7285.206592
7285.206592
7276.036084
7001.308740
6782.874951
6717.414795
6614.485107
6318.557080
6318.557080
6318.557080
6318.557080
6318.557080
6318.557080
6269.360791
6258.418213
5977.716064
5977.716064
5887.899170
5883.184570
5730.094531
5730.094531
5633.297754
5536.904785
5487.532568
5487.532568
5487.532568
5487.532568
5394.949463
5394.949463
5391.645557
5391.645557
5391.645557
5353.701123
5120.546924
5117.096387
5117.096387
4863.305859
4855.165137
4855.165137
4811.014111
4811.014111
4811.014111
4811.014111
4773.311572
4773.311572
4773.311572
4588.212158
4532.744189
4532.744189
4440.927344
4440.927344
4392.231055
4392.231055
4392.231055
4392.231055
4392.231055
4251.534033
4251.534033
4188.264258
4088.077783
4088.077783
4073.065186
4021.182520
3994.607422
3994.607422
3961.077881
3787.629785
3787.629785
3778.433936
3711.619971
3711.619971
3563.429688
3563.429688
3557.899609
3481.001563
3481.001563
3345.792188
3227.681787
3222.443506
3222.443506
3219.964795
3219.300391
3199.436426
3171.471143
3064.326465
3064.326465
3018.594775
2998.661719
2998.227197
2953.473682
2920.739844
2910.335400
2910.335400
2897.915332
2799.790283
2785.581250
2756.963281
2745.250146
2710.175488
2653.966162
2522.230029
2516.345215
2461.336475
2420.938696
2359.441040
2359.441040
2359.441040
2353.057275
2281.717139
2260.567285
2245.925781
2245.925781
2187.007031
2168.264893
2168.264893
2161.593726
2161.593726
2109.335767
2109.335767
2096.463208
2080.879785
2057.865894
2057.831909
2057.831909
2042.325171
1999.912817
1948.467627
1901.222412
1877.976440
1866.202124
1866.202124
1845.592847
1844.434399
1811.403394
1809.974292
1800.724292
1783.997827
1766.813281
1748.741748
1748.741748
1743.218555
1743.218555
1743.218555
1741.792798
1731.158130
1722.496729
1721.419263
1716.448462
1712.646875
1704.598193
1702.033057
1683.300049
1635.077466
1625.447803
1614.123999
1583.200024
1574.278687
1574.278687
1571.301294
1570.035474
1551.097705
1551.097705
1524.578101
1523.943579
1522.957739
1511.005176
1498.052319
1498.052319
1491.295496
1491.295496
1491.295496
1491.295496
1487.692224
1476.757251
1467.503052
1467.503052
1440.549731
1425.892834
1410.426038
1410.426038
1405.043469
1402.189514
1375.162048
1366.662488
1352.404578
1351.831604
1303.567908
1303.567908
1297.795422
1280.441492
1271.982227
1271.982227
1271.982227
1271.982227
1256.048047
1256.048047
1256.048047
1232.749878
1227.182678
1196.518250
1191.361194
1190.235706
1182.719519
1178.911206
1175.648877
1168.500659
1168.500659
1157.426074
1157.426074
1156.570508
1150.819739
1148.114075
1147.515222
1142.969983
1135.019153
1128.548499
1118.290149
1113.922827
1096.694043
1094.872925
1090.042590
1081.322900
1076.658765
1075.325745
1055.411462
1054.677087
1049.248303
1047.730127
1042.280640
1040.364563
1039.733875
1036.421057
1018.481128
1017.024780
1004.803821
1001.865271
1001.865271
997.158972
996.528284
978.169379
978.169379
961.800629
947.052863
931.074323
930.490436
918.543927
916.558002
911.620502
911.620502
902.878070
901.255609
901.255609
901.255609
893.044403
893.044403
878.547260
877.311078
872.271991
872.271991
867.306360
854.085950
837.319116
836.848352
823.475024
823.475024
822.881104
818.912708
807.687964
804.598462
789.357129
789.357129
778.364197
770.798999
766.062866
762.695776
755.902527
755.902527
755.902527
754.916418
754.916418
731.218530
729.810229
729.810229
724.816296
724.134216
720.796936
720.796936
717.917969
716.712170
713.769275
713.769275
710.698474
710.698474
710.698474
710.005359
709.223987
709.205835
707.316760
701.067908
701.067908
692.519202
692.251764
685.939838
685.939838
684.947577
684.947577
682.976361
682.913043
682.602802
682.602802
682.602802
672.571075
670.977118
667.872406
666.618622
662.070282
661.862738
661.023212
646.163397
643.132440
642.838971
641.929828
641.896918
639.580469
633.919531
625.580188
624.772461
624.772461
624.772461
623.456274
614.262598
611.283490
611.134625
610.859058
609.382300
609.247974
601.698450
601.667999
601.667999
593.435553
581.701440
580.974695
579.663525
579.663525
579.663525
570.942947
567.947891
567.748526
554.780014
543.629123
542.681259
541.720224
539.715546
534.084576
534.084576
531.007434
530.993018
529.923572
523.803128
523.330179
520.743192
518.672586
512.577356
512.577356
511.951965
503.440991
501.370374
501.366193
501.096191
488.900836
488.900836
488.673807
485.756052
484.146298
484.146298
484.146298
483.962070
482.322977
482.322977
482.322977
477.474216
476.401486
476.401486
473.246127
468.506519
468.108295
464.364581
464.234329
463.822156
462.692053
461.146997
460.926166
460.721381
456.683490
452.488486
452.488486
452.488486
452.266846
452.266846
450.677515
449.589163
447.700784
447.502188
444.673367
444.673367
440.054453
439.906323
439.899103
438.259409
433.558670
432.243069
431.607349
430.479083
430.479083
430.479083
429.697711
428.518976
428.518976
425.215366
421.318463
420.987164
420.987164
420.735480
420.735480
420.228302
417.900958
417.900958
416.600592
416.600592
412.918304
411.690411
408.795526
408.646164
408.089658
407.961435
407.771054
406.546457
406.546457
402.263571
401.972849
401.972849
401.803430
399.490717
394.502103
394.502103
374.582175
374.582175
374.164990
373.974036
369.431451
369.048389
367.013245
363.970508
358.949780
357.660773
357.631573
355.890771
353.181567
352.075055
352.075055
350.719055
350.719055
350.605203
349.890604
349.890604
348.124271
348.124271
341.237021
341.237021
339.266263
336.362912
336.362912
335.518063
335.518063
334.847903
334.600137
333.398245
332.911801
331.925912
320.673251
317.685178
316.970584
316.970584
313.708691
312.441946
311.727353
309.492438
308.694440
308.520471
307.700232
298.904828
298.904828
298.904828
297.948026
297.295596
297.265927
297.113071
297.113071
297.113071
296.967728
296.967728
293.065128
292.280414
292.280414
292.280414
292.280414
291.824750
290.551166
289.250778
289.250778
287.500195
287.500195
286.459058
286.130487
286.130487
275.399854
275.399854
272.600879
272.600879
270.228455
268.724054
268.502374
268.239862
268.239862
268.239862
266.869824
266.127704
266.041055
265.152209
264.453247
263.974979
263.854825
263.854825
263.854825
258.951288
258.951288
258.031876
257.301053
257.151898
256.153625
256.153625
253.874503
253.804382
252.168701
252.168701
251.963690
251.950549
250.623932
248.547018
246.513327
246.053696
245.873404
245.294101
243.740189
243.556561
243.556561
243.211374
241.523239
238.913516
238.913516
238.293564
234.571512
233.159921
232.745889
231.365005
230.055106
229.844333
229.247946
227.669659
226.282669
223.478452
220.976474
220.976474
220.379358
220.335205
219.643225
219.413745
218.946121
218.043729
217.997748
216.464819
216.370029
213.183670
213.131555
212.335498
209.316519
208.014807
207.602957
203.048492
200.040402
198.186920
197.876160
197.876160
197.876160
197.148740
196.748892
196.748892
195.311166
194.432690
193.233142
193.090875
193.085919
193.085919
192.267291
191.995847
189.140694
188.452687
187.335370
187.021582
185.683484
185.294658
181.198741
180.773357
180.773357
180.628075
180.417720
180.200116
179.761923
179.761923
179.032098
178.622868
178.508740
176.133151
175.469022
175.469022
173.882532
173.882532
173.157095
173.150104
173.150104
173.150104
170.322879
169.572318
167.639151
167.639151
167.639151
167.259271
165.929501
165.658607
164.402931
164.402931
162.662978
162.048979
160.523500
160.523500
160.523500
160.523500
160.501184
159.334647
159.264597
159.264597
159.119255
158.739038
157.583066
155.954231
155.279402
152.822231
152.822231
152.822231
152.822231
152.297417
150.416954
150.408772
150.351721
150.351721
150.351721
150.026840
149.405765
149.230812
149.026567
148.677905
148.677905
148.532655
148.513307
148.513307
148.171786
147.315363
147.106427
146.165549
143.904070
143.904070
143.812550
143.673384
143.500699
143.046486
143.046486
142.596278
142.412653
142.403810
142.403810
142.089799
140.172694
140.172694
140.172694
139.880742
139.655362
139.655362
138.990819
138.990819
138.990819
138.807193
138.581430
138.581430
137.423557
137.423557
137.423557
137.423557
137.423557
137.162556
137.103395
137.103395
137.070609
137.070609
136.430905
136.108441
135.890329
135.890329
135.890329
135.738197
135.519255
135.519255
135.381419
135.381419
134.702806
134.702806
134.527257
134.298323
134.090219
134.090219
134.090219
133.660960
132.498177
132.401292
132.401292
131.736661
131.736661
131.269153
131.269153
131.201582
131.122417
130.739360
130.242006
129.994759
129.994759
129.994759
129.475563
128.294997
128.294997
127.868867
127.492726
127.492726
127.439960
127.241161
127.221828
127.221828
127.221828
126.951317
126.951317
126.569185
126.237556
126.237556
125.821107
125.802791
124.272018
123.848994
123.848994
123.848994
123.695387
122.402832
122.402832
122.402832
122.402832
122.402832
122.379953
122.185764
121.912646
121.382294
121.382294
121.226141
120.919109
120.838307
119.859233
119.859233
119.859233
119.700124
119.659859
119.659859
119.610542
118.781993
118.728009
118.728009
118.512566
118.296802
118.296802
116.672127
116.672127
116.469374
116.417331
116.417331
115.968472
115.968472
115.821591
115.743024
115.462549
115.229614
115.229614
115.171771
114.922949
114.922949
113.927687
113.867238
113.818425
113.749348
113.705205
113.454285
113.366522
113.226950
113.219144
113.219144
113.219144
112.991385
112.975464
112.970293
111.742850
111.742850
111.485922
111.228485
111.156248
111.156248
111.156248
110.980795
110.758461
110.758461
110.415167
109.060526
109.060526
109.060526
109.050066
109.027364
109.011740
108.954370
108.936055
107.562370
107.310466
106.524551
106.524551
106.134657
105.848563
105.848563
105.680859
104.860767
104.703531
103.896136
103.896136
103.896136
103.541417
101.760249
101.741057
101.741057
101.741057
101.274648
101.274648
101.274648
101.080179
101.050299
100.825343
100.751279
100.612848
100.612848
100.555005
100.548705
100.503510
100.436238
100.436238
100.436238
100.009441
99.657944
99.372644
99.257942
98.851813
98.851813
98.659773
97.481561
97.352444
96.697166
96.691971
96.279659
95.926497
95.666609
95.548891
95.546851
95.108110
94.962541
94.515239
94.515239
94.515239
94.483315
93.845328
93.845328
93.845328
93.845328
93.573828
93.516095
93.405998
93.405998
93.056544
92.949693
92.917769
92.917769
92.870879
92.870879
92.098799
91.837775
90.838729
90.838729
89.925647
89.752236
89.099294
89.099294
89.099294
89.030975
88.926167
88.656932
88.629735
88.629735
88.629735
88.622954
88.622954
88.622954
88.615150
88.559944
88.500848
88.346882
88.346882
88.346882
88.315707
88.310485
87.827792
87.651011
87.186622
87.169338
87.169338
87.081243
87.012725
85.149239
84.812352
84.641676
83.983224
83.707880
83.492282
83.257425
83.232504
83.000379
83.000379
82.721122
82.721122
82.721122
82.703609
82.703609
82.703609
82.703609
82.703609
82.272047
82.272047
82.272047
81.994083
81.925670
81.925670
81.925670
80.909389
80.909389
80.717910
80.687144
80.416946
80.416946
80.416946
80.020701
80.020701
79.833630
79.833630
79.826317
79.687249
79.687249
79.405596
79.364523
79.022015
79.000510
78.979651
78.977253
78.977253
78.977253
78.682793
78.665888
78.665888
78.605332
78.561790
78.535567
78.469662
78.444370
77.057274
76.831953
76.735196
76.599355
76.599355
74.094234
74.094234
74.094234
73.247541
72.732370
72.732370
72.732370
72.732370
72.709057
72.304687
72.251152
72.251152
72.040214
71.952570
71.947398
71.805972
71.760143
71.760143
71.688519
71.688519
71.688519
71.687039
71.687039
71.648322
71.530222
71.014210
70.412671
70.412671
69.656157
69.602622
69.602622
69.264735
68.941080
68.278848
68.278848
67.002135
66.774736
66.774736
66.774736
66.774736
66.512373
66.215296
65.864145
65.581479
65.581479
65.556188
65.300829
65.299037
65.263511
65.153521
65.120265
64.843344
64.843344
64.056813
64.056813
64.056813
63.951545
63.951545
63.926253
63.719854
63.436420
63.408458
63.307672
63.307672
63.076434
62.790181
62.790181
62.790181
62.683648
62.518632
62.518632
62.518632
62.518632
62.108702
61.924008
61.924008
61.853539
61.798236
61.798236
61.650010
61.477598
61.442222
61.441000
61.372219
61.204292
61.140514
61.140514
61.037775
60.953354
60.953354
60.953354
60.953354
60.857558
60.857558
60.685732
60.685732
60.685732
60.685732
60.373220
60.127196
60.034593
60.034593
59.937783
59.937783
59.937783
59.937783
59.937783
59.868481
59.857475
59.832183
59.740219
59.462133
59.455411
59.455411
59.455411
59.441477
59.441477
59.441477
58.918280
58.850780
58.535666
58.535666
58.535666
58.472089
58.091684
58.091684
58.083532
58.083532
58.083532
58.068590
57.525775
57.521925
57.472527
57.366507
57.366497
57.366497
57.248165
57.100283
57.100283
56.957262
56.688581
56.510241
56.510241
56.507438
56.353049
56.176717
56.151247
56.138673
56.138673
56.103814
56.101860
56.094477
56.024550
56.024550
55.957051
55.957051
55.500306
55.466489
55.466489
55.466489
55.466489
54.879997
54.832565
54.832565
54.661813
54.661813
53.381428
53.313720
52.902822
52.397758
52.397758
52.397758
52.318242
52.318242
52.282718
52.282718
52.266096
52.266096
52.266096
52.266096
52.247182
52.247182
52.112454
52.059045
52.059045
51.950961
51.950961
51.939955
51.939955
51.939955
51.920113
51.920113
51.881009
51.421875
51.421875
51.267974
51.233997
51.159370
51.035788
51.018122
50.937000
50.864118
50.864118
50.811736
50.772631
50.772631
50.664547
50.664547
50.122717
50.043715
50.043715
49.832406
49.832406
49.790895
49.790895
49.555533
49.555533
49.548672
49.548672
49.548672
49.537666
49.444335
49.444335
49.444335
48.672400
48.672400
47.853139
47.853139
47.853139
47.653436
47.653436
47.569856
47.565070
47.559287
46.741658
46.741658
46.741658
46.628841
46.628841
46.628841
46.628841
46.628841
46.618080
46.441495
46.415097
46.404904
46.404904
46.227035
46.227035
46.216029
46.215799
46.215799
46.215799
46.215799
46.192320
46.159991
46.159991
46.159991
46.075284
46.075284
45.993025
45.993025
45.993025
45.920036
45.920036
45.879967
45.751541
45.576714
45.422108
45.422108
45.307982
45.307982
45.177866
45.177866
44.667936
44.667936
44.667936
43.669389
43.471050
43.430653
43.430653
43.426205
43.308809
43.289631
43.280824
42.529996
42.005226
41.831311
41.831311
41.831311
41.774452
41.715130
41.715130
41.689788
41.513773
41.513773
41.513773
41.489312
41.342905
41.320539
41.320539
41.149731
41.025807
41.025807
40.998911
40.998911
40.998911
40.980265
40.958202
40.825542
40.825542
40.825542
40.825542
40.323923
40.323923
40.243461
40.046507
40.046507
40.046507
40.043672
40.043672
40.043672
39.471445
39.215947
39.215947
39.215947
39.178235
39.121349
39.121349
39.121349
39.121349
39.113132
39.113132
39.113132
39.063142
39.063142
39.063142
38.986858
38.986858
38.986858
38.986858
38.796530
38.796530
38.796530
38.796530
38.796530
38.775726
38.773357
38.392996
38.392996
38.392996
38.392996
38.370633
38.370633
38.284876
38.250938
38.014558
37.996835
37.996835
37.996161
37.450537
37.348660
37.348660
37.281426
37.281426
37.281426
37.281426
37.281426
37.281426
37.281426
37.281426
37.281426
37.260623
37.184340
37.184340
37.184340
37.162179
37.162179
37.162179
37.128346
37.128346
36.867337
36.857268
36.857268
36.746722
36.746722
36.746722
36.270750
36.236653
36.167709
36.167709
36.167709
36.167709
36.167709
36.055712
36.055712
36.024365
36.024365
36.024365
36.024365
36.024365
36.003188
35.974145
35.960482
35.750578
35.728212
35.728212
35.728212
35.728212
35.685043
35.685043
35.523738
35.523738
35.523738
35.523738
35.298127
34.839523
34.839523
34.641314
34.035326
33.693916
33.617550
33.613454
33.536806
33.536806
33.532393
33.420471
33.420471
33.420168
33.420168
33.420168
33.420168
33.415148
33.415148
33.415148
33.415148
33.415148
33.414292
33.409358
33.409358
33.400766
33.400766
33.352043
33.352043
33.352043
33.347631
33.347631
33.347631
33.347631
33.122758
33.084480
33.070819
32.983030
32.983030
32.978843
32.973984
32.971544
32.865996
32.758943
32.470059
32.470059
32.143621
32.024187
32.009606
32.009606
31.998378
31.998378
31.993740
31.972425
31.788716
31.784939
31.722252
31.717231
31.703568
31.696638
31.682476
31.555936
31.438908
31.438908
31.438908
31.434780
31.434780
31.434780
31.420608
31.417756
31.406855
31.405442
31.361276
31.361276
31.105911
31.105911
31.075746
31.075746
31.075746
30.984793
30.984793
30.866911
30.855105
30.854749
30.823040
30.794017
30.736219
30.735521
30.724182
30.420090
30.420090
30.412790
30.409771
30.397115
30.397115
30.397115
30.372380
30.357293
30.316055
30.282464
29.993506
29.993506
29.985687
29.942174
29.942174
29.875885
29.825844
29.499710
29.476139
29.435659
29.435659
29.435659
29.352736
29.329797
29.155317
29.155317
29.155317
28.983113
28.983113
28.983113
28.982328
28.982328
28.971493
28.784390
28.770644
28.770644
28.683249
28.608171
28.409697
28.333556
28.246072
28.246072
28.198165
28.196197
28.161757
28.161757
28.146074
28.067787
28.067787
28.067787
28.064935
28.064935
28.041291
27.949597
27.890148
27.870053
27.870053
27.435819
27.434644
27.434644
27.434644
27.434644
27.434644
27.434644
27.434644
27.434644
27.434644
27.425932
27.425932
27.425932
27.347728
27.326733
27.326733
27.326733
27.326733
27.326733
27.326733
27.275792
27.275792
27.221654
26.681662
26.681662
25.487702
25.197116
25.184663
25.184663
25.155640
25.155362
25.151915
24.409300
24.265970
24.150458
24.150458
24.150458
24.150458
24.132568
24.048828
23.617803
23.482331
23.482331
23.465919
23.419639
23.419639
23.419639
23.419639
23.419639
23.319959
23.314472
23.283785
23.283785
23.003519
22.954454
22.834946
22.834946
22.831733
22.578038
22.519949
22.519949
22.397686
22.397686
22.390037
22.390037
22.390037
22.390037
22.390037
22.378153
22.378153
22.378153
22.378153
22.378153
22.378153
22.340117
22.340117
22.293283
22.230832
22.223379
22.223379
22.223379
21.999206
21.755745
21.755745
21.755163
21.628216
21.628216
21.489803
21.489803
21.230714
21.228300
21.201489
21.201489
21.138113
21.138113
21.138113
21.126944
21.126944
21.126944
21.123710
21.123710
21.123710
21.123710
21.046735
21.046735
21.046735
20.901321
20.901321
20.900825
20.900825
20.900825
20.900825
20.900825
20.900825
20.839080
20.839080
20.839080
20.839080
20.824865
20.672888
20.672888
20.650458
20.649767
20.614256
20.614256
20.335920
20.335920
20.335920
20.335920
20.333012
20.333012
20.332321
20.332321
20.332321
20.332321
20.325008
20.295406
20.261480
20.239049
20.115062
20.115062
20.115062
20.068557
20.068557
20.068557
20.007421
20.007421
20.007421
20.007421
20.007421
20.006832
20.006832
19.973922
19.898585
19.560738
19.560675
19.560675
19.560675
19.554268
19.220243
19.220243
19.175788
19.158128
19.158128
19.158128
19.158128
19.158128
19.157438
19.157438
19.086665
19.043653
19.043653
19.043653
19.043653
19.043653
19.043653
19.036497
19.036497
19.032554
18.990819
18.990819
18.259080
18.253044
17.871416
17.871416
17.871416
17.871416
17.871416
17.864259
17.863576
17.863576
17.821365
17.821365
17.821365
17.821365
17.821365
17.746499
17.746499
17.719319
17.719319
17.719319
17.715644
17.715644
17.715644
17.629091
17.548620
17.528741
17.528741
17.528741
17.528741
17.528741
17.528741
17.528741
17.528741
17.528144
17.528144
17.528144
17.528144
17.367407
17.106347
17.106347
17.072765
17.072765
17.072765
17.072765
17.042344
17.042344
17.042344
17.004991
17.004991
17.004991
17.004991
17.004991
16.988965
16.988965
16.848614
16.818113
16.818113
16.724176
16.724176
16.724176
16.724176
16.724176
16.660425
16.630819
16.625034
16.491196
16.452966
16.452966
16.452966
16.346059
16.346059
16.312744
16.312744
16.291777
16.291777
16.291777
16.224490
16.223052
16.215896
16.215896
15.823287
15.823287
15.823287
15.746134
15.746134
15.746134
15.746134
15.746134
15.685670
15.685670
15.645972
15.645972
15.625006
15.596251
15.596251
15.593836
14.859139
14.859139
14.859139
14.849647
14.849647
14.849647
14.565670
14.565670
14.527257
14.527257
14.495538
14.495538
14.403892
14.403769
14.388692
14.352533
14.346208
14.341405
14.291416
14.291165
14.279292
14.261338
14.261338
14.222328
14.215951
14.215951
14.215951
14.215951
14.215951
14.162823
14.161952
14.161952
14.161952
14.100095
14.053995
14.053995
14.053995
14.053995
14.053995
13.971679
13.721423
13.721423
13.721423
13.721423
13.707865
13.706689
13.706689
13.152420
13.152420
13.152420
13.152420
13.152420
13.152420
13.135220
13.135220
12.881270
12.880400
12.880400
12.880400
12.109662
12.109662
12.109662
12.109662
12.109662
12.101211
12.101211
12.101211
12.101211
12.101211
12.052464
12.035184
12.035184
12.035184
11.796760
11.795890
11.795890
11.780219
11.200468
11.200468
11.195036
11.195036
11.195036
11.194909
11.193665
11.191019
11.144816
11.144816
11.144816
11.144816
11.137305
11.137305
11.132700
11.085120
11.033368
11.033368
11.032656
10.984482
10.984482
10.984482
10.984482
10.984482
10.984482
10.984482
10.984482
10.967400
10.966405
10.966405
10.966405
10.966405
10.966405
10.965535
10.962854
10.776192
10.776192
10.776192
10.776192
10.776192
10.776192
10.776192
10.764371
10.760947
10.760947
10.760947
10.746121
10.746121
10.736038
10.736038
10.736038
10.735230
10.725581
10.725581
10.725581
10.725581
10.725581
10.725581
10.712521
10.693522
10.693522
10.693522
10.693522
10.693522
10.679279
10.679279
10.439743
10.439743
10.434280
10.419864
10.419864
10.419864
10.406804
10.406804
10.406804
10.406804
10.395564
10.361904
10.361904
10.361904
10.361904
10.361904
10.361904
10.361904
10.276147
10.244737
10.244737
10.244737
10.238093
10.232746
10.128975
10.090102
10.061690
10.036227
10.036227
10.036227
10.036227
10.036227
10.031610
10.031610
10.012396
10.012396
10.012396
9.993737
9.993737
9.991709
9.986942
9.960298
9.960298
9.960298
9.960298
9.960298
9.929904
9.918640
9.918640
9.911311
9.909478
9.877053
9.877053
9.877053
9.859025
9.793348
9.787643
9.770180
9.755178
9.755178
9.755178
9.755178
9.753151
9.734492
9.725985
9.712325
9.712325
9.614824
9.481135
9.479952
9.443809
9.434216
9.434216
9.418601
9.413179
9.394520
9.360981
9.360981
9.335437
9.335437
9.335437
9.335437
9.246565
9.246565
9.168356
9.168356
9.168356
9.163350
9.014201
9.009723
9.009723
9.009723
9.009723
9.009723
9.009723
9.009723
9.009723
9.009723
9.009723
9.009723
8.941164
8.941164
8.678602
8.646283
8.646283
8.646283
8.487713
8.487395
8.487395
8.485760
8.428609
8.415497
8.408579
8.408579
8.408579
8.408579
8.408579
8.384113
8.342125
8.237631
8.237631
8.237631
8.237631
8.237631
8.237067
8.237067
8.237067
8.237003
8.237003
8.223975
8.223975
8.223975
8.223975
8.223975
8.211510
8.151727
8.144809
8.134891
8.134891
8.134891
8.134891
8.109429
8.109429
8.061612
8.033048
8.033048
8.033048
7.890351
7.887231
7.857935
7.857935
7.857935
7.857935
7.857935
7.857935
7.857935
7.857373
7.851009
7.831653
7.829797
7.817884
7.739798
7.739798
7.738827
7.738827
7.738827
7.738827
7.738827
7.738827
7.738827
7.737280
7.644994
7.644994
7.644994
7.644994
7.595800
7.590034
7.590034
7.590031
7.590031
7.590031
7.511785
7.511785
7.511785
7.473041
7.473041
7.473041
7.473038
7.473038
7.473038
7.473038
7.473038
7.473038
7.473038
7.473038
7.376455
7.310464
7.298643
7.298643
7.298643
7.294773
7.288855
7.288855
7.288855
7.279461
7.279461
7.279461
7.213470
7.213470
7.210177
7.210177
7.204237
7.204237
7.193416
7.187903
7.187903
7.185824
7.185824
7.185824
7.183222
7.124594
7.002349
7.002349
6.938058
6.938058
6.938058
6.910452
6.910452
6.863445
6.859370
6.859370
6.859370
6.801725
6.758860
6.758860
6.758860
6.758860
6.758860
6.758860
6.758860
6.758860
6.758860
6.758860
6.758860
6.592498
6.592498
6.591790
6.588346
6.588346
6.588346
6.588346
6.588346
6.588346
6.575812
6.575812
6.575812
6.487005
6.487005
6.455663
6.409996
6.409102
6.409102
6.409102
6.409102
6.409102
6.391181
6.391181
6.391181
6.304277
6.304277
6.292371
6.292371
6.292371
6.292371
6.292371
6.292371
6.292371
6.292371
6.253112
6.246224
6.240560
6.225028
6.225028
6.225028
6.224985
6.224985
6.209724
6.209724
6.209724
6.209098
6.209098
6.209098
6.209098
6.209098
6.209098
6.207245
6.165547
6.165547
6.165547
6.165547
6.165547
6.165547
6.165547
6.165547
6.158659
6.158659
6.146585
6.146585
6.146585
6.146585
6.146585
6.146585
6.146585
6.146585
6.146585
6.146585
6.146585
6.146585
6.146585
6.145893
6.141397
6.117597
6.117597
6.117597
6.117597
6.117597
6.117597
6.116438
6.095927
6.095927
6.078722
6.005187
6.004495
5.999440
5.999440
5.999440
5.999440
5.995036
5.995036
5.995036
5.995036
5.989993
5.981975
5.981975
5.934088
5.934088
5.912443
5.912443
5.912443
5.912443
5.912443
5.912443
5.907279
5.907279
5.907279
5.907279
5.880700
5.871278
5.871278
5.835621
5.835621
5.821035
5.821035
5.821035
5.821035
5.821035
5.811612
5.811612
5.806557
5.806557
5.806557
5.806557
5.806557
5.806557
5.800835
5.800835
5.800835
5.800835
5.800835
5.800810
5.800810
5.773979
5.768465
5.768465
5.768149
5.768149
5.768149
5.768149
5.768149
5.768149
5.760518
5.760202
5.760202
5.760202
5.755275
5.755275
5.755275
5.755275
5.671850
5.630152
5.630152
5.624677
5.624361
5.624361
5.562265
5.562265
5.562265
5.561949
5.561949
5.550119
5.548204
5.540064
5.540064
5.540064
5.540064
5.540064
5.527851
5.527851
5.520455
5.519733
5.519733
5.519733
5.519733
5.515076
5.515076
5.515076
5.515076
5.456707
5.456707
5.454792
5.454792
5.413503
5.413503
5.319567
5.319567
5.306562
5.306562
5.306562
5.306562
5.306562
5.306357
5.305104
5.304097
5.304097
5.304097
5.304097
5.304097
5.304097
5.304097
5.298379
5.298379
5.298379
5.298379
5.298379
5.298379
5.298379
5.288666
5.288666
5.288666
5.282261
5.282261
5.282261
5.275528
5.272819
5.272819
5.272819
5.272819
5.272819
5.272819
5.272819
5.272819
5.272819
5.270565
5.270565
5.266189
5.261978
5.255111
5.255111
5.255111
5.255111
5.248200
5.214799
5.214593
5.214593
5.214593
5.214593
5.214593
5.214593
5.106956
5.087615
5.087615
5.085700
5.082739
5.082428
5.082428
5.074243
5.074243
5.074243
5.074243
5.074038
5.074038
5.074038
5.041712
5.041712
5.041712
5.041712
5.036291
5.036291
5.036291
5.036291
5.036291
5.036291
5.036291
5.031915
5.031915
5.031915
5.031915
5.031915
5.031915
5.028181
5.028181
5.028181
5.028181
5.028181
5.021116
5.021116
5.021116
5.021116
5.019033
5.019033
5.019033
5.019033
4.975483
4.975483
4.970062
4.970062
4.970062
4.968185
4.968185
4.968185
4.963570
4.963364
4.963364
4.963364
4.963364
4.952086
4.952086
4.950863
4.943550
4.943550
4.936960
4.936339
4.936339
4.936339
4.831912
4.831912
4.800641
4.785637
4.777254
4.777254
4.666266
4.666266
4.661651
4.661651
4.655061
4.655061
4.655061
4.655061
4.655061
4.655061
4.655061
4.655061
4.646969
4.646969
4.646969
4.637308
4.634604
4.634604
4.634604
4.634604
4.630225
4.630225
4.630225
4.630225
4.630225
4.616466
4.616466
4.616466
4.616466
4.616466
4.526589
4.494465
4.494465
4.494465
4.489044
4.489044
4.489044
4.489044
4.489044
4.471183
4.463091
4.451776
4.451776
4.451155
4.451155
4.451155
4.440018
4.437049
4.437049
4.437049
4.437049
4.437049
4.437049
4.437049
4.426583
4.426583
4.274165
4.257483
4.257483
4.239621
4.196672
4.196672
4.196672
4.196672
4.133874
4.133874
4.132707
4.132707
4.118948
4.118948
4.118948
4.118948
4.118948
4.118948
4.086545
4.085525
4.085525
4.085525
4.085525
4.085525
4.085525
4.085525
4.085525
4.085525
4.085525
4.085525
4.085525
4.085525
4.085525
4.085525
4.085525
4.085525
4.085525
4.085185
4.085185
4.085185
4.082589
4.082589
4.082589
4.082589
4.082589
4.079173
4.079173
4.079173
4.079173
4.076205
4.076205
4.076205
4.076205
4.076205
4.076205
4.076205
4.076205
4.076205
4.076205
4.066759
4.066759
4.066759
4.066759
4.056769
4.056769
4.036075
4.036075
4.036075
4.036075
4.036075
4.036075
3.984141
3.978006
3.977641
3.962828
3.926835
3.926835
3.926835
3.926835
3.926835
3.926835
3.926835
3.926835
3.926835
3.920190
3.920190
3.920190
3.920190
3.920190
3.920190
3.920190
3.918146
3.918146
3.918146
3.918146
3.918146
3.918146
3.918146
3.918146
3.918146
3.918146
3.918146
3.893647
3.893647
3.893647
3.890724
3.890724
3.890724
3.890724
3.890724
3.890724
3.857066
3.857066
3.857066
3.849116
3.849116
3.849116
3.833147
3.833147
3.833147
3.833147
3.826296
3.819935
3.816196
3.816196
3.785640
3.779506
3.728376
3.728376
3.728376
3.728376
3.728376
3.728376
3.728376
3.725575
3.693474
3.693474
3.668801
3.668801
3.668801
3.668801
3.668558
3.658211
3.658211
3.658211
3.658211
3.658211
3.658211
3.658211
3.658211
3.658211
3.638339
3.631940
3.516859
3.516859
3.516859
3.516859
3.516859
3.516859
3.516859
3.516859
3.516859
3.516859
3.516859
3.504543
3.504543
3.504543
3.504543
3.504543
3.504543
3.504543
3.504543
3.504543
3.504543
3.504543
3.501491
3.501491
3.501491
3.501491
3.501491
3.501491
3.500949
3.500949
3.442765
3.442765
3.442765
3.442765
3.429107
3.429107
3.429107
3.429107
3.414408
3.414408
3.414408
3.411356
3.411356
3.411356
3.411356
3.411356
3.411356
3.411356
3.411356
3.411356
3.411356
3.410213
3.410213
3.410213
3.410213
3.406971
3.406971
3.406971
3.380299
3.380299
3.380299
3.380299
3.380299
3.380299
3.380299
3.380299
3.380299
3.380299
3.380299
3.380299
3.380299
3.376496
3.376496
3.376496
3.376496
3.376496
3.376420
3.376420
3.376420
3.376420
3.367990
3.367990
3.367990
3.367990
3.367990
3.367990
3.367990
3.367990
3.367990
3.367990
3.367990
3.367990
3.367990
3.367990
3.367990
3.367990
3.355061
3.355061
3.355061
3.355061
3.355061
3.355061
3.181801
3.173370
3.173370
3.173370
3.173370
3.171921
3.171921
3.171921
3.171921
3.171845
3.171845
3.171845
3.171845
3.149919
3.149919
3.149919
3.149919
3.149919
3.149919
3.149919
3.141179
3.141179
3.141179
3.141179
3.141179
3.141179
3.139779
3.139779
3.139778
3.139778
3.139778
3.139778
3.139778
3.138254
3.138254
3.138254
3.138254
3.137241
3.137241
3.137133
3.119915
3.119915
3.119915
3.104974
3.104974
3.104974
3.104974
3.104974
3.094326
3.088918
3.088918
3.087918
3.087918
3.085047
3.085047
3.085047
3.085047
3.069354
3.069159
3.069159
3.069159
3.069159
3.069159
3.069159
3.069159
3.069159
3.069159
3.069159
3.069159
3.064466
3.064466
3.060570
3.060570
3.060570
3.060570
3.060570
3.060570
3.060570
3.060570
3.060570
3.060570
3.060570
3.060570
3.058554
3.058554
3.042538
3.042538
3.042538
3.017963
3.016121
3.016121
3.015945
3.015945
3.014188
3.014188
3.014188
3.014188
2.995130
2.994345
2.994345
2.994345
2.994345
2.993964
2.993964
2.993964
2.993964
2.993964
2.993964
2.993964
2.993964
2.993964
2.993964
2.993964
2.993964
2.993964
2.993964
2.993964
2.993964
2.971319
2.971319
2.971319
2.967671
2.967671
2.967671
2.967671
2.967671
2.965469
2.965088
2.965088
2.944595
2.944595
2.944595
2.944595
2.944595
2.927334
2.918662
2.909866
2.909153
2.907795
2.907795
2.818310
2.818310
2.818310
2.818310
2.818310
2.818277
2.812612
2.812612
2.812612
2.812612
2.777606
2.777606
2.777606
2.764363
2.764363
2.764363
2.764363
2.764363
2.764363
2.764363
2.764363
2.764363
2.764363
2.764363
2.764363
2.763541
2.763541
2.763541
2.763541
2.762289
2.762289
2.762289
2.762289
2.762289
2.762289
2.762289
2.762289
2.732662
2.732662
2.731628
2.731628
2.729467
2.729467
2.726154
2.726154
2.724081
2.724081
2.724081
2.724081
2.724081
2.724081
2.724081
2.723172
2.723172
2.723172
2.718324
2.718324
2.718324
2.668406
2.668406
2.668406
2.668406
2.667847
2.667847
2.667847
2.667847
2.667847
2.667847
2.667847
2.667847
2.667847
2.667847
2.654471
2.654260
2.652224
2.652224
2.652224
2.652224
2.652224
2.652224
2.652224
2.652224
2.647985
2.647985
2.647985
2.647985
2.647985
2.647985
2.647985
2.614321
2.614321
2.614321
2.613985
2.613985
2.608304
2.608304
2.608128
2.608128
2.608128
2.608128
2.608128
2.608128
2.601369
2.600884
2.600884
2.600884
2.600884
2.600884
2.600884
2.600884
2.600884
2.600884
2.600884
2.600884
2.600884
2.600884
2.600884
2.600884
2.588284
2.570669
2.570669
2.570669
2.570669
2.570502
2.570502
2.570502
2.570502
2.570502
2.570502
2.567727
2.567727
2.567727
2.565352
2.565352
2.564793
2.564793
2.564793
2.564793
2.564793
2.564793
2.564793
2.564793
2.564793
2.564793
2.564793
2.564793
2.564793
2.564793
2.564793
2.564793
2.564793
2.564793
2.564793
2.564793
2.564793
2.564793
2.564793
2.564793
2.556741
2.556741
2.556741
2.556670
2.556670
2.556670
2.556670
2.556670
2.518383
2.513690
2.513690
2.513690
2.513690
2.486409
2.486409
2.486409
2.486409
2.486409
2.486409
2.486409
2.486409
2.486409
2.486337
2.486337
2.486337
2.486337
2.486337
2.486337
2.486337
2.486337
2.486337
2.486337
2.459033
2.459033
2.459033
2.456258
2.456258
2.452854
2.449019
2.441955
2.441955
2.441955
2.441955
2.441955
2.441955
2.441955
2.441955
2.441955
2.441955
2.441955
2.441659
2.441659
2.441659
2.441659
2.439541
2.439246
2.439246
2.439246
2.439246
2.436916
2.436916
2.436916
2.436916
2.436916
2.429851
2.429851
2.429851
2.429851
2.426621
2.426621
2.426309
2.426309
2.426151
2.425275
2.425275
2.425275
2.425275
2.408795
2.408795
2.371341
2.371341
2.371341
2.354087
2.354087
2.354087
2.354080
2.354080
2.354080
2.354080
2.354080
2.354080
2.354080
2.354080
2.354080
2.354080
2.325427
2.325427
2.324955
2.324955
2.324955
2.324955
2.324955
2.324955
2.324955
2.324955
2.324955
2.324955
2.324955
2.324955
2.323373
2.323373
2.307489
2.307489
2.307489
2.307489
2.307489
2.307489
2.307489
2.307489
2.307489
2.307331
2.307331
2.307331
2.307331
2.307331
2.306858
2.289604
2.289604
2.286952
2.281537
2.281537
2.281537
2.281537
2.281537
2.281537
2.279884
2.279884
2.279323
2.279323
2.278820
2.278347
2.277550
2.277550
2.277550
2.277550
2.277550
2.277550
2.277550
2.277550
2.276858
2.276858
2.208095
2.197504
2.197504
2.197504
2.197504
2.197504
2.180523
2.178801
2.178801
2.178801
2.174789
2.174789
2.174730
2.174730
2.174730
2.174730
2.174730
2.174730
2.174730
2.174730
2.174730
2.174730
2.174730
2.174673
2.174040
2.174040
2.174040
2.174040
2.174040
2.174040
2.174040
2.174040
2.174040
2.174040
2.174040
2.174040
2.174040
2.174040
2.166070
2.166070
2.128485
2.128485
2.128485
2.128485
2.128485
2.109243
2.109243
2.108918
2.108860
2.108860
2.108860
2.108860
2.108860
2.108860
2.108860
2.108860
2.102003
2.102003
2.102003
2.102003
2.102003
2.102003
2.102003
2.102003
2.102003
2.102003
2.102003
2.102003
2.099803
2.099717
2.099717
2.099717
2.099717
2.099717
2.099717
2.099542
2.096156
2.096156
2.096156
2.096156
2.096156
2.096156
2.095949
2.095949
2.095949
2.095949
2.090310
2.090310
2.090310
2.086391
2.086391
2.086074
2.086074
2.066203
2.066203
2.066203
2.066203
2.066203
2.066203
2.066203
2.066203
2.066203
2.066203
2.066203
2.065411
2.065411
2.065411
2.065411
2.065411
2.065295
2.065295
2.065295
2.065295
2.057931
2.057931
2.057358
2.057358
2.057358
2.057358
2.057358
2.057358
2.057358
2.057157
2.056533
2.051064
2.051064
2.051064
2.051064
2.051064
2.051064
2.051064
2.051064
2.035157
2.035157
2.035157
2.034956
2.034956
2.034956
2.034956
2.034956
2.034956
2.034956
2.030168
2.030168
2.021799
2.021585
2.021359
2.021359
2.021359
2.021359
2.021359
2.021359
2.021359
2.020786
2.020786
2.020786
2.012993
2.012993
2.012993
2.012993
2.007272
2.007272
2.004048
2.003847
2.003847
2.003847
2.000318
1.995054
1.995054
1.995054
1.995054
1.995054
1.995054
1.995054
1.995054
1.995054
1.995054
1.995054
1.995054
1.995054
1.995054
1.995054
1.995054
1.995054
1.995054
1.995054
1.994744
1.964440
1.964440
1.964440
1.964440
1.964440
1.964440
1.964440
1.964440
1.964440
1.964440
1.962751
1.962751
1.956830
1.956830
1.956830
1.956830
1.956830
1.956830
1.956830
1.955071
1.955071
1.955071
1.955071
1.955071
1.952901
1.952901
1.952901
1.952901
1.952901
1.952901
1.920784
1.920784
1.920784
1.917939
1.917939
1.917939
1.917939
1.917939
1.913562
1.913562
1.913562
1.912134
1.912063
1.911759
1.911759
1.911759
1.911759
1.910153
1.907933
1.906434
1.906434
1.906434
1.906434
1.906434
1.906434
1.904554
1.904554
1.904554
1.904554
1.902795
1.902795
1.902795
1.899076
1.899076
1.899076
1.899076
1.897338
1.897338
1.897338
1.897338
1.897338
1.897338
1.897338
1.897101
1.897101
1.897101
1.873962
1.873962
1.798586
1.798586
1.798586
1.798586
1.798586
1.798586
1.798586
1.798230
1.798230
1.797994
1.797994
1.797994
1.787218
1.787218
1.787218
1.787218
1.787218
1.787218
1.786863
1.786863
1.786272
1.782908
1.782713
1.782713
1.782713
1.782358
1.782316
1.782316
1.782316
1.782316
1.782316
1.782316
1.782316
1.782316
1.782316
1.782316
1.782316
1.782316
1.782316
1.782316
1.781852
1.778873
1.778873
1.778873
1.778873
1.778873
1.778873
1.778873
1.778873
1.778873
1.778873
1.778873
1.778873
1.778873
1.778873
1.778873
1.778873
1.778873
1.778873
1.778873
1.778873
1.778873
1.776849
1.775607
1.775607
1.775607
1.768182
1.768182
1.768182
1.768182
1.761218
1.761218
1.761218
1.761218
1.761188
1.761188
1.761188
1.761188
1.761188
1.761188
1.760334
1.760334
1.758817
1.758817
1.758728
1.758728
1.758728
1.758728
1.758372
1.758372
1.758372
1.758372
1.758372
1.758372
1.758372
1.758257
1.758257
1.758257
1.746250
1.746250
1.746250
1.746250
1.746250
1.746250
1.746250
1.746250
1.746250
1.746250
1.733367
1.733367
1.733367
1.733251
1.733251
1.733251
1.733251
1.732639
1.732639
1.729673
1.729673
1.729673
1.729673
1.720664
1.720664
1.720664
1.720664
1.720664
1.720664
1.720664
1.719545
1.718584
1.718584
1.714872
1.714872
1.714710
1.714710
1.714710
1.714710
1.714710
1.714710
1.714710
1.711701
1.711701
1.711701
1.711701
1.711701
1.710800
1.710800
1.710800
1.710800
1.710800
1.710800
1.710800
1.710243
1.710243
1.710243
1.706593
1.706593
1.704510
1.704510
1.701500
1.701500
1.701500
1.701500
1.701500
1.701500
1.701500
1.696488
1.696488
1.696488
1.696488
1.696488
1.696488
1.696488
1.696488
1.696488
1.696488
1.696488
1.696488
1.684384
1.684384
1.682300
1.682300
1.682300
1.682300
1.682300
1.682300
1.681830
1.676818
1.671630
1.671630
1.671630
1.671630
1.671630
1.671630
1.671630
1.671630
1.624928
1.624928
1.624928
1.624928
1.624928
1.623307
1.623307
1.623307
1.623307
1.622642
1.622642
1.622642
1.622642
1.622642
1.622642
1.622642
1.619330
1.618256
1.617786
1.617786
1.617786
1.617786
1.617786
1.617540
1.617540
1.617540
1.610854
1.610854
1.610854
1.610854
1.609760
1.607612
1.607612
1.607612
1.607612
1.607612
1.607612
1.607052
1.607052
1.607052
1.607052
1.607052
1.607052
1.607052
1.607052
1.607052
1.607052
1.605958
1.605958
1.605958
1.605668
1.605668
1.605668
1.605668
1.605668
1.605668
1.605668
1.591343
1.588268
1.588268
1.584533
1.584533
1.584533
1.584533
1.584533
1.584533
1.584533
1.584415
1.584415
1.584415
1.584366
1.584366
1.584366
1.583468
1.583468
1.583468
1.580573
1.580573
1.579737
1.579737
1.579737
1.579737
1.579737
1.579737
1.579737
1.579737
1.574384
1.574384
1.574384
1.567922
1.567922
1.566284
1.566284
1.565495
1.565462
1.565462
1.565462
1.565462
1.565462
1.565462
1.565462
1.565014
1.565014
1.565014
1.565014
1.565014
1.565014
1.556305
1.556305
1.501121
1.501121
1.501121
1.499589
1.499529
1.499529
1.499528
1.499528
1.499528
1.499528
1.499528
1.499528
1.499528
1.499528
1.499528
1.499528
1.499528
1.499528
1.499528
1.499528
1.499528
1.499528
1.499528
1.499528
1.499528
1.499528
1.499528
1.499528
1.499528
1.499528
1.466951
1.449435
1.449435
1.449435
1.449435
1.449435
1.449435
1.449435
1.449435
1.449435
1.449435
1.448809
1.448809
1.448809
1.448809
1.448809
1.448809
1.448809
1.448809
1.448809
1.448809
1.448809
1.448809
1.448809
1.448809
1.443020
1.443020
1.443020
1.443020
1.443020
1.443020
1.443020
1.443020
1.443020
1.443020
1.443020
1.443020
1.443020
1.443020
1.438717
1.438717
1.438717
1.430021
1.430021
1.430021
1.430021
1.430021
1.430021
1.430021
1.430021
1.430021
1.430021
1.430021
1.429396
1.429396
1.429396
1.429396
1.429396
1.428948
1.428948
1.427173
1.427173
1.427173
1.425245
1.425245
1.411794
1.411794
1.411794
1.411794
1.404798
1.404798
1.404798
1.404798
1.395798
1.395798
1.395798
1.395798
1.395798
1.395798
1.395798
1.395798
1.395350
1.395350
1.389933
1.389933
1.389933
1.389933
1.389933
1.389933
1.389933
1.389933
1.389933
1.389933
1.389933
1.389933
1.389933
1.389933
1.389933
1.389933
1.389933
1.389933
1.389933
1.389933
1.387187
1.386125
1.386125
1.386125
1.386125
1.386125
1.386125
1.386125
1.386125
1.386125
1.386125
1.383688
1.383688
1.383688
1.383688
1.383688
1.383688
1.383688
1.383688
1.383688
1.383688
1.383688
1.383688
1.383688
1.383688
1.383125
1.383125
1.380561
1.380561
1.375021
1.375021
1.375021
1.375021
1.375021
1.375021
1.375021
1.375021
1.375021
1.375021
1.375021
1.375021
1.375021
1.375021
1.375021
1.375014
1.375014
1.375014
1.375014
1.375014
1.375014
1.375014
1.374822
1.374822
1.374822
1.374230
1.374230
1.373170
1.373170
1.369662
1.369662
1.369662
1.368282
1.368282
1.368282
1.368282
1.368282
1.365585
1.365585
1.365585
1.365585
1.365585
1.354993
1.354993
1.354993
1.354993
1.354986
1.354986
1.354986
1.354986
1.354986
1.354986
1.354986
1.354986
1.353961
1.353961
1.353961
1.352781
1.352781
1.352781
1.352781
1.352781
1.352781
1.351441
1.351441
1.351441
1.351441
1.351441
1.351441
1.351269
1.351269
1.351269
1.350409
1.350409
1.341616
1.341616
1.341616
1.341616
1.341616
1.341616
1.341616
1.341472
1.340464
1.340464
1.340464
1.340464
1.340464
1.340464
1.340464
1.340464
1.340144
1.340144
1.340144
1.340144
1.340144
1.339871
1.339871
1.339871
1.339871
1.337841
1.337841
1.331953
1.330474
1.330474
1.330474
1.330474
1.330474
1.330474
1.330474
1.330474
1.330474
1.330474
1.330474
1.330474
1.330474
1.330474
1.328792
1.328792
1.328792
1.328792
1.328792
1.328792
1.328792
1.328792
1.328792
1.328792
1.328792
1.328792
1.314472
1.314472
1.314472
1.314472
1.314472
1.314472
1.314472
1.314472
1.314472
1.314239
1.314239
1.314239
1.314239
1.314239
1.314239
1.313582
1.313582
1.313582
1.313582
1.313582
1.313582
1.313582
1.313582
1.313582
1.313582
1.313582
1.313388
1.312731
1.312731
1.312731
1.312731
1.312731
1.312731
1.312731
1.310877
1.310877
1.310877
1.310877
1.295668
1.295668
1.295668
1.295668
1.295668
1.295668
1.295668
1.295668
1.295668
1.289420
1.289420
1.289420
1.289420
1.289420
1.289420
1.289420
1.289420
1.289420
1.289420
1.289420
1.289420
1.289420
1.289420
1.289420
1.289420
1.289420
1.289420
1.289420
1.289420
1.289420
1.289420
1.289420
1.289420
1.289420
1.283999
1.283999
1.283999
1.283999
1.283999
1.283999
1.283472
1.283472
1.283472
1.283472
1.283472
1.283472
1.283472
1.283472
1.283472
1.283472
1.274526
1.274526
1.274526
1.274526
1.274526
1.268549
1.268549
1.268549
1.268549
1.268549
1.268549
1.268549
1.268549
1.268549
1.268549
1.268549
1.268549
1.268549
1.268275
1.268275
1.268275
1.263521
1.263521
1.263521
1.263521
1.263521
1.263521
1.263521
1.263521
1.263521
1.263521
1.263521
1.262414
1.262414
1.262414
1.262414
1.262414
1.262414
1.262414
1.258867
1.258867
1.258867
1.258867
1.258867
1.258867
1.258867
1.258867
1.258867
1.258867
1.258867
1.258867
1.258669
1.258669
1.258669
1.258669
1.258669
1.258669
1.258669
1.258669
1.258669
1.258669
1.258669
1.258669
1.258669
1.258669
1.258669
1.258669
1.258669
1.258669
1.258669
1.258669
1.258669
1.258669
1.258669
1.258669
1.258669
1.258425
1.258425
1.258425
1.258425
1.258425
1.258425
1.258425
1.258425
1.258425
1.258425
1.258425
1.258425
1.258425
1.258425
1.258425
1.258425
1.258425
1.256050
1.256050
1.256050
1.256050
1.256050
1.256050
1.256044
1.256044
1.256044
1.256044
1.255799
1.255799
1.255799
1.255799
1.255799
1.255799
1.255799
1.255799
1.255799
1.255799
1.249690
1.249690
1.249690
1.249690
1.249690
1.249690
1.249492
1.249492
1.249492
1.249492
1.249492
1.249492
1.249492
1.249492
1.249492
1.249227
1.249227
1.248785
1.248785
1.248785
1.248785
1.248785
1.248785
1.248785
1.248785
1.248785
1.248785
1.248785
1.248785
1.246272
1.246272
1.246272
1.246272
1.246272
1.246272
1.246272
1.246272
1.243608
1.243001
1.243001
1.243001
1.243001
1.243001
1.243001
1.243001
1.243001
1.243001
1.243001
1.243001
1.243001
1.243001
1.243001
1.243001
1.243001
1.243001
1.243001
1.243001
1.243001
1.243001
1.243001
1.243001
1.243001
1.243001
1.243001
1.243001
1.243001
1.243001
1.243001
1.243001
1.243001
1.243001
1.239272
1.239272
1.239068
1.239068
1.239068
1.239068
1.239068
1.237409
1.237409
1.237409
1.237409
1.236101
1.236101
1.235925
1.235925
1.235925
1.235893
1.235893
1.235893
1.235893
1.235893
1.235893
1.235893
1.235893
1.235893
1.235893
1.235893
1.235893
1.235893
1.235893
1.235893
1.235893
1.235893
1.235893
1.232807
1.232807
1.231671
1.231671
1.231671
1.231671
1.231671
1.231671
1.231671
1.231261
1.231261
1.231261
1.231261
1.231261
1.231261
1.231261
1.231261
1.231261
1.231261
1.231261
1.231261
1.231261
1.231261
1.231261
1.231261
1.231261
1.231261
1.231261
1.231261
1.231261
1.231261
1.231261
1.231261
1.231261
1.231261
1.231261
1.231261
1.231261
1.231261
1.231261
1.230492
1.230492
1.230492
1.230492
1.230492
1.230492
1.230492
1.230492
1.230492
1.230492
1.230492
1.230492
1.230492
1.230492
1.230492
1.230492
1.229109
1.229109
1.229109
1.229109
1.229109
1.229109
1.229109
1.229109
1.229109
1.228016
1.228016
1.227746
1.227746
1.227746
1.227746
1.227746
1.227746
1.227746
1.227746
1.227746
1.227746
1.227746
1.227746
1.227746
1.227746
1.227746
1.227746
1.227746
1.227746
1.213693
1.213693
1.213693
1.213693
1.213693
1.213693
1.213693
1.213693
1.213693
1.213693
1.213693
1.213693
1.213644
1.213644
1.213644
1.213644
1.213644
1.213644
1.213644
1.213644
1.213644
1.213424
1.213424
1.213424
1.213424
1.213424
1.213424
1.213424
1.213424
1.213424
1.213424
1.213424
1.213424
1.213424
1.213424
1.213424
1.213424
1.213424
1.213424
1.213424
1.213424
1.213424
1.213424
1.213424
1.213424
1.213424
1.213424
1.213424
1.213424
1.213424
1.213424
1.212311
1.212311
1.211969
1.211969
1.211969
1.211969
1.211676
1.211676
1.211676
1.211676
1.211676
1.211676
1.207943
1.207943
1.207943
1.207943
1.207943
1.207943
1.207943
1.206537
1.206537
1.206537
1.206537
1.196238
1.196238
1.196238
1.196238
1.196238
1.196238
1.196238
1.196238
1.196238
1.196238
1.196238
1.196238
1.196238
1.196238
1.179391
1.179064
1.179064
1.178277
1.178277
1.178277
1.178277
1.178277
1.176624
1.176624
1.176624
1.176624
1.176624
1.176624
1.176624
1.176624
1.176624
1.176624
1.176624
1.175151
1.175151
1.175151
1.175151
1.175151
1.173890
1.173890
1.152264
1.152264
1.152264
1.152264
1.151978
1.151978
1.151978
1.151158
1.151158
1.151098
1.151098
1.151083
1.151083
1.151083
1.143894
1.143894
1.143894
1.143306
1.143306
1.143306
1.143306
1.143306
1.135770
1.135770
1.135770
1.126852
1.126852
1.126852
1.126852
1.126852
1.126852
1.126852
1.118490
1.118490
1.118490
1.118490
1.118490
1.118490
1.118490
1.118490
1.118490
1.117377
1.117377
1.117377
1.117377
1.117377
1.117377
1.117377
1.117377
1.117377
1.117377
1.117377
1.117377
1.117377
1.117377
1.117377
1.117377
1.117377
1.117377
1.117377
1.117377
1.117377
1.117377
1.117377
1.117377
1.117377
1.117377
1.079912
1.068979
1.068979
1.068979
1.068979
1.068979
1.068979
1.068979
1.068898
1.068898
1.068898
1.068898
1.068777
1.063621
1.063621
1.063621
1.063510
1.063510
1.063510
1.063510
1.063510
1.063510
1.063510
1.063510
1.063510
1.063510
1.063510
1.063510
1.063510
1.063510
1.063510
1.063510
1.063510
1.062055
1.062055
1.062055
1.062055
1.062055
1.061933
1.061933
1.061933
1.061933
1.061512
1.061512
1.060944
1.060944
1.060944
1.060944
1.060703
1.060703
1.060703
1.060703
1.060703
1.060592
1.060592
1.060592
1.060592
1.060060
1.060060
1.060060
1.060060
1.060060
1.059974
1.059974
1.059974
1.059974
1.059974
1.059100
1.058642
1.058186
1.058186
1.058186
1.058186
1.058186
1.058186
1.058186
1.058186
1.058186
1.058186
1.058186
1.058186
1.058186
1.058186
1.058186
1.058186
1.058186
1.058184
1.058184
1.058184
1.058184
1.058184
1.058184
1.058184
1.053947
1.053947
1.053470
1.053470
1.053470
1.053470
1.053470
1.053470
1.053470
1.053470
1.053470
1.053470
1.053470
1.045160
1.044644
1.044644
1.038096
1.038096
1.038096
1.038096
1.038096
1.038096
1.037697
1.037697
1.037697
1.036438
1.036438
1.036438
1.036438
1.036438
1.036352
1.036352
1.036352
1.036318
1.036318
1.036318
1.036299
1.036299
1.036299
1.036299
1.036299
1.036299
1.036299
1.036299
1.036299
1.029097
1.029097
1.028800
1.028800
1.028800
1.028800
1.028800
1.028800
1.028800
1.028800
1.027644
1.023438
1.023394
1.023394
1.023394
1.023394
1.023394
1.022493
1.022493
1.022493
1.022493
1.022455
1.022455
1.022455
1.022455
1.022455
1.022455
1.022455
1.022455
1.022455
1.022455
1.022455
1.022455
1.021213
1.021213
1.021213
1.021213
1.021213
1.021213
1.021213
1.021213
1.021213
1.021213
1.021213
1.021213
1.021213
1.017184
1.017184
1.017184
1.017184
1.017184
1.017184
1.017184
1.017184
1.017184
1.017184
1.017184
1.017184
1.017184
1.016552
1.016552
1.016552
1.016552
1.016552
1.016552
1.016552
1.016552
0.938463
0.938361
0.938361
0.869093
0.869093
0.869093
0.869070
0.869070
0.869070
0.869070
0.869070
0.869070
0.867834
0.867224
0.860109
0.860109
0.860109
0.860109
0.860109
0.860109
0.860109
0.860109
0.860109
0.860057
0.847070
0.841498
0.841498
0.841395
0.841395
0.841395
0.841395
0.841395
0.841395
0.841395
0.841395
0.841395
0.838014
0.838014
0.838014
0.838014
0.838014
0.838014
0.838014
0.836272
0.836272
0.836272
0.834327
0.834327
0.834327
0.834327
0.834327
0.834327
0.834327
0.834327
0.834327
0.834327
0.834327
0.834327
0.834327
0.834238
0.834238
0.834238
0.834238
0.834238
0.834238
0.815735
0.815735
0.815735
0.815735
0.815735
0.814190
0.814190
0.814190
0.814190
0.814190
0.814190
0.814190
0.814190
0.814190
0.814190
0.814103
0.814052
0.814052
0.814052
0.814052
0.814052
0.814052
0.814052
0.814052
0.814052
0.814052
0.813995
0.813607
0.813607
0.813602
0.813602
0.813602
0.813602
0.813602
0.813602
0.813602
0.813602
0.813602
0.813602
0.813602
0.813602
0.813602
0.807126
0.807126
0.807126
0.807126
0.807126
0.807126
0.807126
0.807126
0.807126
0.807126
0.807126
0.807126
0.804213
0.804213
0.804213
0.804126
0.804126
0.804126
0.804126
0.804126
0.804126
0.804126
0.804126
0.804126
0.804126
0.804126
0.804126
0.803587
0.803587
0.803587
0.803587
0.803582
0.803582
0.803582
0.803582
0.803582
0.803582
0.803582
0.803582
0.803582
0.803582
0.803582
0.803582
0.801933
0.801933
0.801933
0.801933
0.801933
0.801933
0.801933
0.801933
0.800515
0.800515
0.797238
0.797238
0.796993
0.796993
0.796993
0.796993
0.796993
0.796993
0.796993
0.796993
0.795698
0.795698
0.795698
0.795698
0.795693
0.795693
0.795693
0.795693
0.795693
0.795693
0.795693
0.795693
0.795693
0.795693
0.795693
0.795693
0.795693
0.795693
0.795693
0.795693
0.795693
0.795473
0.795473
0.795473
0.795473
0.795473
0.795473
0.795473
0.795473
0.795473
0.795473
0.795473
0.795473
0.794815
0.794815
0.794815
0.794815
0.794815
0.794815
0.794815
0.794815
0.793678
0.793678
0.780271
0.780271
0.780264
0.780264
0.780264
0.780264
0.780264
0.780264
0.780264
0.780264
0.778021
0.778021
0.778021
0.778010
0.778010
0.778010
0.778010
0.777835
0.777835
0.777835
0.776623
0.773518
0.773518
0.769584
0.769584
0.769584
0.767167
0.767167
0.767167
0.767167
0.767167
0.767167
0.767167
0.767167
0.767167
0.767167
0.767167
0.767167
0.767167
0.767167
0.767167
0.767167
0.767167
0.767167
0.767167
0.767167
0.767156
0.767156
0.767129
0.767129
0.767129
0.767129
0.767129
0.767129
0.767129
0.767129
0.767129
0.767129
0.767129
0.767129
0.767129
0.767129
0.767129
0.765739
0.765739
0.765739
0.765739
0.765739
0.765739
0.765739
0.765739
0.765739
0.765739
0.765739
0.765739
0.765739
0.765739
0.765739
0.765739
0.765739
0.765739
0.765739
0.765739
0.765739
0.765739
0.765739
0.765739
0.765739
0.765739
0.765739
0.765739
0.765739
0.765739
0.765739
0.765739
0.765739
0.765655
0.765655
0.765655
0.765655
0.765655
0.765655
0.765655
0.765655
0.765655
0.765655
0.765655
0.765655
0.765655
0.765655
0.765655
0.765655
0.765655
0.765655
0.765655
0.765655
0.765655
0.765655
0.765655
0.765655
0.765655
0.765655
0.765655
0.765655
0.765655
0.765655
0.765655
0.765655
0.765373
0.765373
0.765373
0.765373
0.765373
0.765373
0.765373
0.765373
0.741858
0.741858
0.741858
0.741858
0.741064
0.741064
0.741064
0.741064
0.741064
0.741064
0.741064
0.741064
0.741064
0.741064
0.741064
0.741064
0.741064
0.741064
0.741064
0.740718
0.740718
0.740496
0.740496
0.739449
0.739449
0.739449
0.739449
0.738757
0.738757
0.738757
0.738757
0.738757
0.738757
0.738757
0.738757
0.738757
0.738757
0.738757
0.738757
0.738757
0.738757
0.738757
0.726713
0.726713
0.726713
0.726713
0.726713
0.726713
0.726713
0.726713
0.726713
0.726713
0.726713
0.726713
0.726713
0.726713
0.726713
0.726713
0.725471
0.725471
0.725471
0.725471
0.724693
0.724693
0.724693
0.724693
0.724693
0.724693
0.724693
0.724693
0.724693
0.724693
0.724693
0.724693
0.724693
0.724693
0.724693
0.724693
0.723289
0.723289
0.723289
0.723289
0.722356
0.722356
0.722356
0.722356
0.722356
0.722356
0.722356
0.721432
0.721432
0.721432
0.721432
0.721432
0.721432
0.721432
0.721432
0.721432
0.721432
0.721432
0.721432
0.721432
0.721432
0.721432
0.721432
0.721432
0.721432
0.721432
0.721432
0.721432
0.721335
0.721335
0.721335
0.721335
0.721335
0.721335
0.721335
0.721335
0.721335
0.721335
0.721335
0.721335
0.721335
0.721335
0.721335
0.721335
0.721335
0.721335
0.721335
0.721335
0.721335
0.721335
0.714295
0.714295
0.714295
0.714295
0.714197
0.714197
0.714197
0.714197
0.709599
0.709599
0.709599
0.709599
0.709599
0.709599
0.709599
0.709599
0.709599
0.709599
0.709599
0.709599
0.709599
0.709599
0.709599
0.709599
0.709599
0.707477
0.707477
0.707477
0.707477
0.707477
0.707477
0.707477
0.707477
0.707477
0.707477
0.707477
0.707477
0.707477
0.707477
0.707477
0.707477
0.707477
0.707477
0.707477
0.707477
0.707477
0.706608
0.706608
0.706608
0.706608
0.706608
0.706608
0.706608
0.706608
0.706608
0.706608
0.706608
0.706608
0.706608
0.706608
0.706608
0.706608
0.706608
0.706608
0.706608
0.706608
0.706608
0.706608
0.706608
0.706608
0.706608
0.706608
0.706608
0.706608
0.706608
0.706608
0.706608
0.691682
0.691682
0.691682
0.691682
0.691672
0.691672
0.691672
0.691672
0.691672
0.691672
0.691672
0.691672
0.691004
0.691004
0.690440
0.690440
0.690440
0.689309
0.689309
0.689309
0.689309
0.689309
0.689309
0.689299
0.689299
0.688233
0.688233
0.688233
0.688233
0.688233
0.688233
0.688233
0.688233
0.688233
0.688233
0.685621
0.684696
0.683581
0.683581
0.683581
0.683581
0.683076
0.683076
0.683076
0.683076
0.683076
0.681235
0.677965
0.677965
0.677965
0.676508
0.676508
0.676159
0.676159
0.676159
0.676159
0.676159
0.675430
0.675430
0.675430
0.675430
0.675430
0.675430
0.675430
0.675430
0.675430
0.675430
0.675430
0.675430
0.675430
0.675430
0.675430
0.673731
0.673731
0.673731
0.672275
0.672275
0.672275
0.672275
0.672275
0.672275
0.672275
0.672275
0.670771
0.670110
0.670110
0.670110
0.670110
0.670110
0.670110
0.670110
0.670079
0.669098
0.669075
0.669075
0.669075
0.669075
0.669075
0.669075
0.669075
0.669075
0.669075
0.669075
0.669075
0.669075
0.668383
0.668383
0.668383
0.668383
0.668383
0.668383
0.668383
0.668383
0.668383
0.668383
0.668383
0.668383
0.668383
0.668383
0.668383
0.668383
0.668383
0.665179
0.665179
0.665179
0.665179
0.665099
0.665099
0.665099
0.664371
0.664371
0.664371
0.664371
0.664371
0.664272
0.664229
0.663799
0.662126
0.662126
0.662126
0.662126
0.662126
0.662126
0.662126
0.662126
0.661830
0.661830
0.661830
0.661567
0.661567
0.661567
0.661567
0.661567
0.661567
0.661466
0.661466
0.661466
0.661466
0.661466
0.661466
0.659763
0.659763
0.659763
0.659763
0.656609
0.656609
0.656609
0.656609
0.656609
0.656609
0.656609
0.656609
0.656609
0.656599
0.656599
0.656599
0.656599
0.656599
0.656599
0.656599
0.656599
0.656599
0.656599
0.656599
0.656599
0.656599
0.656599
0.656599
0.655113
0.651475
0.651475
0.651475
0.651475
0.651475
0.651475
0.651475
0.648637
0.648637
0.648637
0.648637
0.648637
0.648637
0.648220
0.648220
0.640478
0.640478
0.640478
0.640478
0.640478
0.640478
0.640478
0.640478
0.640478
0.640478
0.640061
0.640022
0.640022
0.640022
0.640022
0.640022
0.640022
0.640022
0.639274
0.639274
0.631259
0.631259
0.631259
0.631175
0.631175
0.631175
0.631175
0.631175
0.623178
0.623178
0.623178
0.623178
0.623178
0.623178
0.622964
0.622964
0.622880
0.622880
0.622695
0.622695
0.622695
0.622695
0.622695
0.622695
0.622695
0.621486
0.621486
0.621486
0.621486
0.621486
0.621486
0.621486
0.621486
0.621486
0.621486
0.621486
0.621486
0.621486
0.621486
0.621486
0.621486
0.621486
0.621486
0.619479
0.619479
0.619479
0.619062
0.617097
0.617097
0.617097
0.617097
0.617097
0.617097
0.617097
0.617097
0.617097
0.617097
0.617097
0.617097
0.617097
0.617097
0.617097
0.617097
0.617097
0.617097
0.617097
0.617097
0.617097
0.617097
0.617097
0.616516
0.616516
0.616516
0.616516
0.616516
0.616516
0.616516
0.613391
0.613391
0.613391
0.613391
0.613391
0.613391
0.613391
0.613128
0.613128
0.613128
0.613128
0.613128
0.613128
0.613128
0.613128
0.613128
0.613128
0.613128
0.612616
0.612616
0.612616
0.601082
0.601082
0.600819
0.600819
0.600819
0.599912
0.599912
0.599868
0.599355
0.599277
0.599207
0.599207
0.599207
0.599207
0.599207
0.599207
0.599207
0.599207
0.599207
0.599207
0.599207
0.599207
0.599207
0.599207
0.599207
0.599207
0.599207
0.599131
0.598427
0.598427
0.598427
0.597520
0.597520
0.597008
0.597008
0.597008
0.597008
0.597008
0.597008
0.597008
0.597008
0.597008
0.597008
0.597008
0.597008
0.597008
0.597008
0.597008
0.596665
0.594590
0.594590
0.594590
0.594590
0.594590
0.593074
0.593074
0.593074
0.593074
0.593074
0.593074
0.593074
0.592561
0.592561
0.592561
0.592561
0.592561
0.592561
0.592561
0.592561
0.592561
0.592561
0.592561
0.592561
0.592561
0.592561
0.592561
0.592561
0.592561
0.592561
0.592561
0.570816
0.570816
0.570816
0.570816
0.570816
0.570816
0.570816
0.570816
0.570816
0.570816
0.570816
0.570816
0.570816
0.570816
0.570816
0.570816
0.570816
0.570816
0.570773
0.570773
0.565208
0.565208
0.565208
0.565208
0.565208
0.565208
0.565208
0.565208
0.565208
0.565208
0.565208
0.565208
0.565208
0.565208
0.565208
0.565208
0.565208
0.565208
0.565208
0.565208
0.565208
0.565208
0.565208
0.565208
0.565208
0.565208
0.565208
0.565208
0.565208
0.565208
0.565208
0.565208
0.565208
0.565208
0.565208
0.565208
0.565208
0.565208
0.565208
0.565208
0.556586
0.556586
0.556586
0.556586
0.556586
0.556586
0.556586
0.556586
0.556586
0.556586
0.556586
0.556586
0.556586
0.556586
0.556580
0.556413
0.556413
0.556413
0.556413
0.556413
0.556413
0.556413
0.556413
0.556413
0.556413
0.556413
0.556413
0.556413
0.556413
0.556413
0.556413
0.556413
0.556413
0.556384
0.556384
0.556384
0.556384
0.556384
0.534295
0.534295
0.534288
0.534288
0.534288
0.534288
0.534288
0.534277
0.534277
0.534277
0.534277
0.534277
0.534277
0.534277
0.532964
0.532964
0.532964
0.532964
0.532964
0.532964
0.532964
0.532964
0.526309
0.526309
0.526309
0.526309
0.526309
0.526309
0.526309
0.524255
0.524255
0.523496
0.523496
0.523496
0.523496
0.523496
0.523495
0.523495
0.522895
0.522895
0.522895
0.522895
0.522895
0.522895
0.522895
0.522895
0.522895
0.522574
0.522574
0.522574
0.522574
0.522574
0.522574
0.522574
0.522574
0.522574
0.522574
0.522574
0.522574
0.522574
0.522574
0.522574
0.522574
0.522574
0.521590
0.521590
0.521590
0.521590
0.521590
0.521590
0.521590
0.521590
0.521590
0.521590
0.521590
0.521590
0.519804
0.519804
0.519804
0.519045
0.519045
0.519045
0.519045
0.519045
0.519045
0.518777
0.518777
0.518777
0.518777
0.518777
0.518777
0.518777
0.518626
0.518626
0.518626
0.518626
0.518626
0.518626
0.518626
0.518626
0.518626
0.518626
0.518626
0.518626
0.518626
0.518626
0.518626
0.518626
0.518600
0.518600
0.518600
0.518600
0.518600
0.518600
0.516968
0.516968
0.516968
0.516968
0.516968
0.516968
0.516968
0.516968
0.516968
0.516968
0.516968
0.516968
0.516968
0.516942
0.516942
0.516942
0.516942
0.516942
0.516769
0.516769
0.516526
0.516526
0.516526
0.516526
0.516526
0.516526
0.516526
0.516526
0.516526
0.516526
0.516526
0.516526
0.515934
0.515934
0.515934
0.515477
0.515477
0.515477
0.515477
0.515477
0.515477
0.515477
0.515477
0.515477
0.515477
0.515477
0.515477
0.515477
0.515477
0.515477
0.515477
0.511555
0.511555
0.511555
0.511555
0.511555
0.511555
0.511555
0.510963
0.510963
0.510963
0.510963
0.510963
0.510963
0.510963
0.510963
0.510963
0.510963
0.510963
0.510963
0.510963
0.510963
0.510963
0.510963
0.510963
0.510963
0.510963
0.510963
0.505687
0.505687
0.505687
0.505687
0.505687
0.505687
0.505687
0.505687
0.505687
0.505687
0.502231
0.502231
0.502231
0.502231
0.502231
0.502231
0.502231
0.502231
0.502231
0.502231
0.502231
0.501179
0.501179
0.501179
0.501179
0.501179
0.501179
0.501179
0.501179
0.501179
0.501179
0.501179
0.501156
0.501156
0.501156
0.501156
0.501156
0.501156
0.501156
0.501156
0.501156
0.501156
0.501156
0.501156
0.501156
0.501156
0.501156
0.501156
0.501156
0.501156
0.501156
0.501156
0.501156
0.501156
0.501156
0.501156
0.501156
0.501156
0.501156
0.501156
0.501156
0.501156
0.501156
0.501156
0.501156
0.501156
0.501156
0.501156
0.501156
0.501156
0.501156
0.500388
0.500388
0.500388
0.500388
0.500388
0.500388
0.500388
0.500388
0.500388
0.500388
0.500388
0.498473
0.498473
0.498473
0.498473
0.498473
0.497868
0.497868
0.497868
0.497868
0.497868
0.497868
0.497868
0.497868
0.497868
0.497848
0.497848
0.497848
0.497848
0.497848
0.497848
0.497848
0.497848
0.497848
0.497848
0.497848
0.497848
0.497760
0.497760
0.497760
0.497760
0.493898
0.493898
0.493898
0.493418
0.493418
0.493418
0.493418
0.493418
0.493418
0.493418
0.493418
0.493418
0.492813
0.492813
0.492813
0.492813
0.491130
0.489393
0.489393
0.489393
0.489393
0.489393
0.489393
0.489393
0.489393
0.489393
0.488706
0.488706
0.488706
0.488706
0.488706
0.488706
0.488706
0.488706
0.488706
0.488706
0.488706
0.488706
0.488706
0.487673
0.487673
0.487673
0.487673
0.487673
0.487673
0.487673
0.487673
0.487673
0.487673
0.487673
0.487673
0.480379
0.479560
0.479560
0.479560
0.479560
0.479560
0.479560
0.479560
0.479560
0.479560
0.479560
0.479560
0.479560
0.477722
0.477722
0.477722
0.477722
0.477722
0.477722
0.477722
0.477722
0.477722
0.477722
0.477634
0.477634
0.477634
0.477566
0.477566
0.477566
0.477566
0.477566
0.477547
0.477547
0.477547
0.477547
0.477547
0.477547
0.477547
0.477547
0.477547
0.477458
0.477458
0.477458
0.477458
0.477458
0.477458
0.477458
0.477458
0.477458
0.477458
0.477458
0.477458
0.477458
0.477458
0.477458
0.477458
0.477458
0.477458
0.477458
0.477458
0.477458
0.476732
0.476732
0.476732
0.476732
0.476732
0.476732
0.476732
0.476732
0.476732
0.476732
0.476732
0.476732
0.476732
0.476732
0.476732
0.476712
0.476712
0.476712
0.476712
0.476712
0.476712
0.476712
0.476712
0.476712
0.476712
0.476712
0.476712
0.476712
0.476712
0.476712
0.476712
0.476712
0.475931
0.475931
0.473420
0.473420
0.473420
0.473420
0.473420
0.473420
0.473420
0.473420
0.473420
0.473420
0.473420
0.473420
0.473420
0.473420
0.473420
0.473420
0.473420
0.473420
0.473420
0.473420
0.473420
0.473420
0.473420
0.473420
0.473420
0.473420
0.473420
0.473420
0.473420
0.473420
0.473420
0.473420
0.473420
0.473420
0.473420
0.473420
0.473420
0.473420
0.473420
0.472991
0.472991
0.472991
0.472991
0.472991
0.472991
0.472991
0.472991
0.472991
0.472991
0.472991
0.472991
0.472991
0.472991
0.472991
0.472991
0.472991
0.472991
0.472991
0.472991
0.472991
0.472991
0.472991
0.472991
0.472991
0.472849
0.472849
0.472849
0.472849
0.472849
0.472849
0.472849
0.472849
0.472849
0.472849
0.472849
0.472849
0.467389
0.467389
0.467389
0.467389
0.467389
0.467389
0.467389
0.467389
0.467389
0.467389
0.467389
0.467389
0.467389
0.467389
0.467389
0.467389
0.467389
0.467389
0.467389
0.467389
0.467389
0.467389
0.467389
0.467369
0.467369
0.467369
0.458441
0.458441
0.458441
0.458441
0.458441
0.458441
0.458441
0.458441
0.458441
0.458155
0.458155
0.458155
0.458155
0.458155
0.458155
0.458155
0.458155
0.458155
0.458155
0.458155
0.458155
0.458155
0.458155
0.458155
0.458155
0.458155
0.458155
0.458155
0.458155
0.458155
0.458155
0.458155
0.458155
0.458155
0.458155
0.458155
0.458155
0.458155
0.458155
0.458155
0.458155
0.458155
0.458155
0.458155
0.458155
0.458155
0.458155
0.458155
0.458155
0.458155
0.458155
0.458155
0.458155
0.458155
0.457986
0.457986
0.457986
0.457986
0.457986
0.457986
0.457986
0.457986
0.457986
0.457986
0.457986
0.457986
0.457986
0.457986
0.457986
0.457986
0.457986
0.457986
0.454249
0.454249
0.454249
0.454249
0.454249
0.454249
0.454249
0.454249
0.454249
0.454249
0.454249
0.454249
0.454249
0.454249
0.454249
0.454249
0.454249
0.454249
0.453090
0.453090
0.453090
0.453090
0.453090
0.453090
0.453090
0.453090
0.452170
0.452170
0.452170
0.452170
0.452170
0.450620
0.450620
0.450620
0.450620
0.450620
0.450620
0.450620
0.450620
0.450620
0.450114
0.450020
0.450020
0.449852
0.449852
0.449852
0.449852
0.449852
0.449852
0.448302
0.448302
0.448302
0.445803
0.445803
0.445803
0.445803
0.445803
0.445803
0.445803
0.445803
0.445803
0.445803
0.445803
0.445803
0.445803
0.445803
0.445803
0.445803
0.445803
0.445803
0.445803
0.445803
0.445803
0.444487
0.444487
0.444487
0.444487
0.444487
0.444487
0.444487
0.444487
0.444487
0.444410
0.444410
0.444410
0.444410
0.444410
0.444410
0.444410
0.444410
0.444410
0.444410
0.444410
0.444410
0.444410
0.444410
0.444410
0.444410
0.444410
0.444410
0.444410
0.444410
0.444410
0.444410
0.442779
0.442779
0.442779
0.442779
0.442779
0.442779
0.442779
0.442779
0.442779
0.442779
0.442779
0.442779
0.442779
0.442779
0.442779
0.441573
0.441573
0.441573
0.441573
0.441573
0.441573
0.441573
0.441573
0.441573
0.441573
0.441573
0.441573
0.441573
0.441573
0.441573
0.441573
0.438211
0.438211
0.438211
0.438211
0.438211
0.438211
0.438211
0.438211
0.438211
0.438211
0.438211
0.438211
0.438211
0.437237
0.437237
0.437237
0.437237
0.437237
0.437237
0.437237
0.437063
0.437063
0.437058
0.437058
0.437058
0.437058
0.437058
0.437058
0.435123
0.435123
0.434368
0.434368
0.433998
0.433850
0.433329
0.433329
0.433329
0.433329
0.433329
0.433079
0.433079
0.433079
0.432605
0.432605
0.432605
0.432605
0.432207
0.432207
0.432207
0.432207
0.432207
0.432207
0.432207
0.432207
0.432207
0.432207
0.432207
0.432207
0.428817
0.428285
0.428285
0.428285
0.428285
0.428285
0.428285
0.428285
0.428285
0.428285
0.428285
0.428285
0.428285
0.428285
0.428285
0.428285
0.427939
0.427939
0.427939
0.427939
0.427939
0.427939
0.427939
0.427939
0.427939
0.427939
0.427939
0.427939
0.427791
0.427791
0.427791
0.427791
0.427791
0.427791
0.427791
0.427791
0.427698
0.427698
0.427698
0.427698
0.427698
0.427513
0.427513
0.427513
0.427513
0.427513
0.427513
0.427513
0.427513
0.427513
0.427513
0.427513
0.427513
0.427513
0.425025
0.425025
0.425025
0.425025
0.425025
0.425025
0.425025
0.424679
0.424679
0.424679
0.424679
0.424651
0.424651
0.424651
0.424651
0.424651
0.424651
0.424651
0.424651
0.424651
0.424651
0.424651
0.424651
0.424651
0.424651
0.424651
0.424651
0.424651
0.424651
0.424651
0.424651
0.424651
0.422208
0.422208
0.422208
0.422208
0.422208
0.422033
0.422033
0.422033
0.422033
0.422033
0.422033
0.422033
0.422033
0.422033
0.422005
0.422005
0.422005
0.422005
0.422005
0.422005
0.422005
0.422005
0.422005
0.422005
0.422005
0.422005
0.422005
0.422005
0.422005
0.422005
0.422005
0.422005
0.422005
0.422005
0.422005
0.422005
0.422005
0.422005
0.422005
0.422005
0.422005
0.422005
0.422005
0.422005
0.422005
0.422005
0.422005
0.422005
0.422005
0.422005
0.422005
0.422005
0.422005
0.422005
0.422005
0.422005
0.422005
0.422005
0.422005
0.422004
0.422004
0.422004
0.422004
0.422004
0.422004
0.422004
0.422004
0.422004
0.422004
0.422004
0.422004
0.422004
0.421880
0.421880
0.420454
0.420454
0.420454
0.420454
0.420454
0.420454
0.420454
0.420454
0.420454
0.420454
0.420454
0.420454
0.420454
0.420454
0.420454
0.420454
0.420454
0.420454
0.420454
0.420454
0.420454
0.420454
0.420454
0.420454
0.420454
0.420230
0.419194
0.419194
0.419194
0.419194
0.419194
0.419194
0.419194
0.419194
0.419052
0.419052
0.419052
0.419052
0.419052
0.419052
0.419052
0.419052
0.419052
0.418980
0.418980
0.418980
0.418980
0.418980
0.418980
0.418980
0.418980
0.418980
0.418980
0.418980
0.418980
0.418980
0.418980
0.418980
0.418980
0.418980
0.418980
0.418980
0.418980
0.418980
0.418980
0.418980
0.418980
0.418980
0.418980
0.418980
0.418980
0.418980
0.418980
0.418980
0.418516
0.418516
0.418399
0.418399
0.418399
0.418399
0.418399
0.418399
0.417198
0.417198
0.417198
0.417198
0.417198
0.417198
0.417198
0.417056
0.417056
0.417056
0.417056
0.417056
0.417056
0.417056
0.417056
0.417056
0.416939
0.416939
0.416939
0.416939
0.416939
0.416939
0.416939
0.416939
0.416939
0.416939
0.416939
0.416939
0.416939
0.416921
0.416921
0.416921
0.416921
0.416921
0.416921
0.416921
0.416921
0.416921
0.416782
0.416782
0.416782
0.416782
0.416693
0.416693
0.416693
0.416693
0.416693
0.416693
0.416693
0.416693
0.416693
0.416693
0.416693
0.416693
0.416693
0.416693
0.416693
0.416693
0.416693
0.416693
0.416693
0.416693
0.416693
0.416693
0.416575
0.416575
0.416575
0.416575
0.416575
0.416575
0.416575
0.416575
0.416575
0.416575
0.416575
0.416575
0.416575
0.416575
0.416575
0.416471
0.416471
0.416471
0.416471
0.416471
0.416471
0.416471
0.416471
0.416471
0.416471
0.416471
0.416471
0.416471
0.416471
0.416471
0.416471
0.416471
0.416471
0.416471
0.416471
0.416471
0.416471
0.416471
0.416471
0.416471
0.416471
0.416471
0.416471
0.416471
0.416471
0.416471
0.416471
0.416471
0.416471
0.416471
0.416471
0.416471
0.416471
0.416471
0.416471
0.416471
0.415312
0.415312
0.415312
0.415312
0.415312
0.415312
0.415312
0.415312
0.415312
0.415312
0.415312
0.415312
0.415312
0.415312
0.415312
0.415312
0.415312
0.415312
0.415312
0.415312
0.415312
0.415312
0.415312
0.415312
0.415312
0.415312
0.415312
0.414174
0.414174
0.414174
0.414174
0.413708
0.413708
0.413708
0.413708
0.413708
0.413708
0.413708
0.413708
0.413708
0.413708
0.413708
0.413708
0.413708
0.413708
0.413708
0.413708
0.413708
0.413708
0.413708
0.413708
0.413708
0.413708
0.413708
0.413708
0.413708
0.413708
0.413708
0.413708
0.413708
0.413708
0.413708
0.413708
0.413708
0.413708
0.413708
0.413708
0.413708
0.413708
0.413708
0.413708
0.413708
0.413686
0.413686
0.413686
0.413686
0.413686
0.413686
0.413686
0.413554
0.413554
0.413554
0.413554
0.413554
0.413515
0.413515
0.413515
0.413515
0.413515
0.413515
0.413487
0.413487
0.413487
0.413487
0.413487
0.413487
0.413487
0.413487
0.413487
0.413487
0.413487
0.413487
0.413487
0.413487
0.413487
0.413487
0.413487
0.413487
0.413487
0.413487
0.413487
0.413221
0.413221
0.413221
0.413221
0.413221
0.413221
0.413221
0.413221
0.413221
0.413221
0.413221
0.413221
0.413221
0.413062
0.413062
0.413062
0.413062
0.413062
0.413062
0.413062
0.413062
0.413062
0.413062
0.413062
0.413062
0.413062
0.413062
0.413062
0.413062
0.412453
0.412453
0.412453
0.412453
0.412453
0.412453
0.412453
0.412453
0.412453
0.412453
0.412453
0.412453
0.412453
0.412453
0.412453
0.412453
0.412453
0.412453
0.412453
0.412453
0.412453
0.411266
0.411266
0.411266
0.411266
0.411266
0.411266
0.411266
0.411266
0.411266
0.411266
0.411266
0.411266
0.411266
0.411266
0.411266
0.411266
0.411266
0.411266
0.411266
0.411266
0.411266
0.411266
0.411266
0.411266
0.411266
0.411266
0.411266
0.411266
0.411266
0.411266
0.411266
0.411266
0.411266
0.411266
0.411266
0.411266
0.411266
0.411266
0.411266
0.411266
0.411266
0.411266
0.411266
0.409901
0.409901
0.409901
0.409901
0.409901
0.409901
0.409901
0.409901
0.409901
0.409901
0.409901
0.409901
0.409901
0.409901
0.409901
0.409901
0.409901
0.409901
0.409901
0.409901
0.409901
0.409901
0.409901
0.409901
0.409901
0.409034
0.409034
0.409034
0.409034
0.409034
0.409034
0.409034
0.409034
0.409034
0.409034
0.409034
0.409034
0.409034
0.409034
0.409034
0.409034
0.409034
0.409004
0.409004
0.409004
0.409004
0.409004
0.409004
0.409004
0.409004
0.409004
0.409004
0.408597
0.408597
0.408597
0.408597
0.408597
0.408597
0.408597
0.408597
0.408597
0.408597
0.408597
0.408597
0.408597
0.408597
0.408597
0.408597
0.408597
0.408597
0.408597
0.408597
0.408597
0.408597
0.408597
0.408528
0.408528
0.408528
0.408528
0.408528
0.408528
0.408528
0.408528
0.408528
0.408528
0.408528
0.408528
0.408528
0.408528
0.408528
0.408528
0.408528
0.408528
0.408528
0.408528
0.408528
0.408528
0.408528
0.408528
0.408528
0.408515
0.408515
0.408515
0.408515
0.408515
0.408515
0.408515
0.408515
0.408515
0.408482
0.408482
0.408482
0.408482
0.408482
0.408482
0.408482
0.408482
0.408482
0.408482
0.408482
0.408482
0.408482
0.408482
0.408482
0.408482
0.408482
0.408482
0.408482
0.408482
0.408482
0.408482
0.408482
0.408482
0.408482
0.408482
0.408482
0.408482
0.408482
0.408482
0.408482
0.408482
0.408482
0.408482
0.408482
0.408482
0.408482
0.408482
0.408482
0.408482
0.408482
0.408482
0.408482
0.408482
0.408482
0.408482
0.408482
0.408482
0.408482
0.408482
0.408482
0.408482
0.408482
0.408482
0.408482
0.408482
0.408482
0.408482
0.407855
0.407855
0.407855
0.407855
0.406144
0.404889
0.404889
0.397803
0.397803
0.397803
0.397803
0.397803
0.397803
0.397803
0.397803
0.396894
0.396894
0.396894
0.396894
0.396894
0.396894
0.396894
0.396894
0.396894
0.396894
0.396894
0.396894
0.396894
0.396894
0.396894
0.396894
0.396894
0.396894
0.396894
0.396894
0.396894
0.396894
0.396894
0.396894
0.396894
0.396894
0.396894
0.396894
0.396894
0.396894
0.396894
0.396894
0.396894
0.396894
0.396894
0.396894
0.396352
0.396352
0.396328
0.396328
0.396328
0.396328
0.396328
0.396328
0.396328
0.396328
0.396132
0.396132
0.396132
0.396132
0.396132
0.396132
0.394656
0.394656
0.394656
0.394656
0.394656
0.394656
0.394656
0.394656
0.394656
0.394656
0.394656
0.394656
0.394656
0.394656
0.394568
0.394568
0.394568
0.394568
0.394568
0.394568
0.394568
0.394021
0.394021
0.394021
0.394021
0.394021
0.394021
0.394021
0.394021
0.394021
0.394021
0.394021
0.394021
0.394021
0.394021
0.394021
0.394021
0.394021
0.394021
0.394021
0.394021
0.394021
0.394021
0.394021
0.394021
0.394021
0.394021
0.394021
0.394021
0.394021
0.394021
0.394021
0.394021
0.394021
0.394021
0.394021
0.394021
0.394021
0.393896
0.393896
0.393896
0.393896
0.393896
0.393896
0.393896
0.393896
0.393896
0.393896
0.393896
0.393896
0.393896
0.393896
0.393896
0.393896
0.393896
0.393138
0.392567
0.392567
0.392567
0.392567
0.392567
0.392567
0.392567
0.392567
0.392567
0.392567
0.392184
0.392184
0.392184
0.392184
0.392184
0.392184
0.392184
0.392184
0.391897
0.391897
0.391897
0.391897
0.391897
0.391897
0.391897
0.391897
0.391897
0.391897
0.391897
0.391782
0.391782
0.391782
0.391525
0.391525
0.391525
0.391525
0.391478
0.391478
0.391478
0.391191
0.391191
0.391191
0.391191
0.391191
0.391191
0.391191
0.391191
0.391191
0.391191
0.391191
0.391191
0.391191
0.391191
0.391191
0.391191
0.391191
0.391191
0.391191
0.391148
0.391148
0.390772
0.390772
0.390772
0.390772
0.390772
0.390772
0.390772
0.390772
0.390772
0.390772
0.390772
0.390772
0.390692
0.390692
0.390692
0.390692
0.390692
0.390692
0.390692
0.390692
0.390692
0.390692
0.390692
0.390509
0.390509
0.390509
0.390509
0.390499
0.390499
0.390499
0.390456
0.390456
0.390456
0.390456
0.389568
0.389568
0.389389
0.389389
0.389389
0.389389
0.389389
0.389389
0.389389
0.389389
0.389389
0.389389
0.389389
0.389389
0.389389
0.389389
0.389389
0.389389
0.389389
0.389389
0.389389
0.389389
0.389389
0.389389
0.389376
0.389376
0.389188
0.389188
0.389188
0.389188
0.389188
0.389188
0.389188
0.389188
0.389188
0.389188
0.389188
0.389188
0.389188
0.389188
0.388672
0.388629
0.388629
0.388629
0.388629
0.388629
0.388629
0.388629
0.388629
0.388629
0.388629
0.388629
0.388629
0.388629
0.388629
0.388629
0.385389
0.385389
0.385389
0.385389
0.385389
0.385389
0.385093
0.385093
0.385093
0.385093
0.385093
0.385093
0.385093
0.385093
0.385093
0.385093
0.385093
0.385093
0.385093
0.385093
0.385093
0.385093
0.385093
0.385093
0.385093
0.385093
0.385093
0.385055
0.385055
0.385055
0.385055
0.385055
0.385055
0.385055
0.385055
0.385055
0.385055
0.385055
0.385055
0.385055
0.385055
0.385055
0.385055
0.385055
0.385055
0.385055
0.385055
0.384983
0.384983
0.384983
0.384983
0.384983
0.384983
0.384983
0.384983
0.384983
0.384983
0.384983
0.384983
0.384983
0.384983
0.384983
0.384983
0.384983
0.384983
0.384983
0.384983
0.384983
0.384983
0.384983
0.384983
0.384983
0.384983
0.384983
0.384983
0.384983
0.384983
0.384983
0.384983
0.384983
0.384983
0.384983
0.384983
0.384983
0.384983
0.384983
0.384925
0.384925
0.384602
0.384602
0.384602
0.384602
0.384602
0.384602
0.384602
0.384602
0.384602
0.384602
0.384602
0.384602
0.383818
0.383818
0.383818
0.383818
0.383818
0.383818
0.383818
0.383818
0.383818
0.383818
0.383818
0.383818
0.383818
0.383818
0.383818
0.383818
0.383818
0.383818
0.383818
0.383818
0.383818
0.383818
0.383818
0.383818
0.383818
0.383818
0.383818
0.383818
0.383818
0.383818
0.383473
0.383473
0.383473
0.383473
0.383473
0.383473
0.383473
0.383473
0.383473
0.383473
0.383473
0.383473
0.383473
0.383473
0.383473
0.383473
0.383432
0.383432
0.383432
0.383432
0.383432
0.383432
0.383432
0.383432
0.383432
0.383432
0.383432
0.383432
0.383432
0.383432
0.383432
0.383432
0.383432
0.383432
0.383432
0.383432
0.383432
0.383432
0.383432
0.383432
0.383259
0.383259
0.383259
0.383259
0.383259
0.383259
0.383259
0.383259
0.383259
0.383259
0.383259
0.383259
0.383259
0.383259
0.383259
0.383259
0.383259
0.383259
0.383259
0.383259
0.383259
0.383259
0.383259
0.383259
0.383259
0.383259
0.383259
0.383259
0.383259
0.383259
0.383259
0.382771
0.382771
0.382771
0.382771
0.382771
0.382617
0.382617
0.382617
0.382617
0.382617
0.382617
0.382617
0.382617
0.382617
0.382617
0.382617
0.382617
0.382617
0.382617
0.382617
0.382617
0.382617
0.382617
0.382617
0.382617
0.382617
0.382617
0.382617
0.382617
0.382617
0.382617
0.382617
0.382617
0.382617
0.382617
0.382617
0.382617
0.382617
0.382617
0.382617
0.382617
0.382617
0.382617
0.382617
0.382617
0.382617
0.382617
0.382617
0.382617
0.381686
0.381686
0.381686
0.381686
0.381686
0.381686
0.381686
0.381686
0.372672
0.372672
0.372672
0.372672
0.372672
0.372672
0.372672
0.372672
0.372672
0.372672
0.372672
0.372672
0.372672
0.372672
0.372672
0.372672
0.372672
0.372672
0.372672
0.372672
0.372672
0.372672
0.372672
0.372672
0.372672
0.372672
0.372672
0.372672
0.372672
0.372672
0.372672
0.372672
0.372672
0.372672
0.372672
0.371708
0.371708
0.371708
0.371708
0.371708
0.371708
0.371708
0.371708
0.371708
0.371708
0.371708
0.371708
0.371708
0.371708
0.371708
0.371708
0.371708
0.371708
0.371708
0.371708
0.371708
0.371687
0.371687
0.371687
0.371687
0.371687
0.371687
0.371687
0.371687
0.371687
0.371687
0.371687
0.371687
0.371687
0.371687
0.371029
0.371029
0.371029
0.371029
0.371029
0.371029
0.371029
0.371029
0.371029
0.371029
0.371029
0.371029
0.371029
0.371029
0.371029
0.371007
0.371007
0.371007
0.371007
0.371007
0.371007
0.371007
0.371007
0.371007
0.371007
0.371007
0.371007
0.371007
0.371007
0.371007
0.371007
0.371007
0.371007
0.371007
0.371007
0.371007
0.371007
0.371007
0.371007
0.371007
0.368697
0.368697
0.368697
0.368697
0.368697
0.368697
0.368697
0.368697
0.368697
0.368697
0.368697
0.368697
0.368697
0.368697
0.368697
0.368697
0.368697
0.368697
0.368697
0.368697
0.368697
0.368697
0.368697
0.368697
0.368697
0.368697
0.367827
0.367827
0.367827
0.367827
0.367827
0.367827
0.367827
0.367827
0.367827
0.367827
0.367827
0.367827
0.367827
0.367827
0.367827
0.367827
0.367827
0.367827
0.367827
0.367827
0.367827
0.367351
0.367351
0.367351
0.367351
0.367351
0.367351
0.367351
0.367351
0.367351
0.367092
0.367092
0.367092
0.367092
0.367092
0.367092
0.367092
0.367092
0.367092
0.367092
0.367092
0.367092
0.367092
0.367092
0.367092
0.367092
0.367092
0.366346
0.366346
0.366346
0.366346
0.366346
0.366346
0.366346
0.366346
0.366346
0.366346
0.366346
0.366346
0.366346
0.366346
0.366346
0.366346
0.366346
0.366346
0.366346
0.365424
0.365424
0.365424
0.365424
0.365424
0.364794
0.364794
0.364794
0.364794
0.364794
0.364794
0.364794
0.364794
0.364794
0.364794
0.364794
0.364794
0.364794
0.364794
0.364794
0.364794
0.364794
0.364794
0.364794
0.364794
0.364794
0.364794
0.364794
0.364794
0.364794
0.364794
0.364794
0.364794
0.364794
0.364794
0.364416
0.364416
0.364416
0.364416
0.364416
0.364269
0.364269
0.364269
0.364269
0.364269
0.364269
0.364269
0.364269
0.364269
0.364269
0.364269
0.364269
0.364269
0.364269
0.364269
0.364119
0.364119
0.364119
0.364119
0.364119
0.364119
0.364119
0.364119
0.364119
0.364119
0.364119
0.364119
0.364119
0.364119
0.364119
0.364119
0.364119
0.364119
0.364119
0.364119
0.364119
0.364119
0.364119
0.364119
0.364119
0.364119
0.364119
0.364119
0.364119
0.364119
0.364119
0.364119
0.364119
0.364119
0.362142
0.362142
0.362142
0.362142
0.362142
0.362142
0.360152
0.360030
0.360030
0.360030
0.360030
0.360030
0.360030
0.360030
0.360030
0.360030
0.360030
0.360030
0.360030
0.360030
0.360030
0.360030
0.360030
0.360030
0.360030
0.360030
0.360030
0.360030
0.360030
0.360030
0.360030
0.360030
0.360030
0.360030
0.360030
0.360030
0.360030
0.360030
0.360030
0.360030
0.360030
0.360030
0.359718
0.359718
0.359718
0.359718
0.359718
0.359718
0.359718
0.359718
0.359718
0.359718
0.359718
0.359718
0.359718
0.359718
0.359718
0.359718
0.359718
0.359613
0.359610
0.359610
0.359610
0.359610
0.359610
0.359489
0.359489
0.359489
0.359489
0.359489
0.359489
0.359489
0.359489
0.359489
0.359489
0.359380
0.359380
0.359380
0.359380
0.359380
0.359380
0.359380
0.359380
0.359380
0.359380
0.359380
0.359380
0.359380
0.359380
0.359380
0.359380
0.359380
0.359380
0.359380
0.359380
0.359380
0.359380
0.359380
0.359380
0.359380
0.356082
0.356082
0.356082
0.356082
0.356082
0.356082
0.356082
0.356082
0.356082
0.356082
0.356082
0.356082
0.356082
0.356007
0.356007
0.355837
0.355837
0.355837
0.355837
0.355615
0.355615
0.355615
0.355445
0.355320
0.355320
0.355320
0.355105
0.355105
0.355105
0.354902
0.354902
0.354902
0.354902
0.354902
0.354902
0.354902
0.354902
0.354902
0.354902
0.354902
0.354902
0.354902
0.354902
0.354902
0.354902
0.354902
0.354902
0.354902
0.354902
0.354902
0.354902
0.354902
0.354902
0.354902
0.354766
0.354766
0.354766
0.354766
0.354766
0.354766
0.354766
0.354766
0.354766
0.354766
0.354766
0.354766
0.354766
0.354766
0.354766
0.354766
0.354766
0.354766
0.354766
0.354766
0.354759
0.354743
0.354743
0.354743
0.354743
0.354743
0.354736
0.354736
0.354736
0.354736
0.354736
0.354736
0.354736
0.354736
0.354736
0.354736
0.354736
0.354736
0.354736
0.354736
0.354736
0.354736
0.354736
0.354736
0.354736
0.354736
0.354736
0.354736
0.354736
0.354736
0.354736
0.354736
0.354633
0.354633
0.354633
0.354118
0.354118
0.354118
0.354015
0.354015
0.354015
0.354015
0.354015
0.354015
0.354015
0.354015
0.354015
0.354015
0.354015
0.354015
0.354015
0.354015
0.353955
0.353955
0.353955
0.353955
0.353955
0.353955
0.352990
0.352990
0.352990
0.352990
0.352990
0.352990
0.352990
0.352990
0.352990
0.352990
0.352990
0.352990
0.352990
0.352990
0.352990
0.352990
0.348543
0.348543
0.348543
0.348543
0.348543
0.348543
0.348543
0.348543
0.348543
0.348543
0.348543
0.348543
0.348543
0.348543
0.348543
0.348543
0.348543
0.348543
0.348543
0.348543
0.348543
0.348543
0.348543
0.348543
0.348543
0.348543
0.348543
0.348543
0.348543
0.348543
0.348263
0.345731
0.341571
0.341571
0.341571
0.341571
0.341571
0.341571
0.341571
0.341571
0.341571
0.341571
0.341571
0.341571
0.341571
0.341571
0.341571
0.341571
0.341571
0.341571
0.341571
0.341571
0.341571
0.341571
0.341571
0.341571
0.341571
0.341571
0.341571
0.341571
0.341571
0.341571
0.341571
0.341571
0.341571
0.341571
0.341571
0.341571
0.341571
0.341571
0.340175
0.340175
0.340175
0.340175
0.339870
0.339870
0.338624
0.338624
0.338624
0.338624
0.338624
0.338624
0.338624
0.336192
0.336192
0.336192
0.336192
0.336192
0.336058
0.336058
0.336058
0.336058
0.336058
0.336058
0.336058
0.336058
0.336058
0.336058
0.336058
0.336058
0.335899
0.335899
0.335899
0.335899
0.335899
0.335899
0.335899
0.335899
0.335899
0.335899
0.335899
0.335899
0.335899
0.335899
0.335899
0.335777
0.335777
0.335777
0.335777
0.335777
0.335777
0.335777
0.335777
0.335777
0.335777
0.335777
0.335777
0.335777
0.335777
0.335777
0.335777
0.335777
0.335777
0.335777
0.335777
0.335777
0.335777
0.335777
0.335777
0.335777
0.335777
0.335777
0.335777
0.335777
0.335777
0.335777
0.335777
0.335777
0.335777
0.335777
0.335777
0.335777
0.335777
0.335777
0.335777
0.335777
0.335777
0.335777
0.335777
0.335777
0.335777
0.335777
0.335777
0.335777
0.335777
0.335777
0.335777
0.335777
0.335777
0.335777
0.335777
0.335777
0.335777
0.335777
0.335750
0.334121
0.334121
0.334121
0.334121
0.334121
0.334121
0.334071
0.334039
0.334039
0.334039
0.334039
0.334039
0.334039
0.334039
0.334039
0.334039
0.334039
0.334039
0.334039
0.334039
0.334039
0.334039
0.333963
0.333963
0.333963
0.333963
0.333963
0.333963
0.333963
0.333963
0.333963
0.333963
0.333963
0.333963
0.333963
0.333963
0.333963
0.333963
0.333963
0.333963
0.333963
0.333963
0.333963
0.333963
0.333963
0.333963
0.333961
0.333951
0.333951
0.333951
0.333649
0.333649
0.333649
0.333649
0.333649
0.333649
0.333649
0.333649
0.333649
0.333649
0.333649
0.333649
0.333649
0.333649
0.333649
0.333649
0.333649
0.333649
0.333649
0.329288
0.329288
0.329288
0.329288
0.329288
0.329288
0.329288
0.329288
0.328614
0.328614
0.328614
0.328614
0.328614
0.328614
0.328614
0.328614
0.328614
0.328614
0.328614
0.328614
0.328614
0.327655
0.327655
0.327655
0.327655
0.327655
0.327655
0.327655
0.327655
0.327655
0.327655
0.327655
0.327655
0.327655
0.327655
0.327655
0.327655
0.327655
0.327655
0.327655
0.327655
0.327655
0.327381
0.327381
0.327381
0.327381
0.327381
0.327381
0.327381
0.327381
0.327381
0.327381
0.327381
0.327381
0.327381
0.327381
0.327381
0.327381
0.327381
0.327381
0.327381
0.327381
0.327381
0.327372
0.327372
0.327372
0.327372
0.327372
0.326138
0.326138
0.326138
0.326138
0.326138
0.326138
0.326138
0.326138
0.326138
0.326138
0.326138
0.326128
0.326128
0.326128
0.326128
0.326094
0.326094
0.326094
0.326094
0.326094
0.326094
0.326094
0.326094
0.326094
0.326094
0.326094
0.326094
0.326094
0.326094
0.326086
0.326086
0.325500
0.325500
0.325500
0.325500
0.325500
0.325500
0.325500
0.325500
0.325500
0.325465
0.325465
0.325465
0.325465
0.325465
0.325465
0.325465
0.325465
0.325465
0.325465
0.325465
0.325465
0.325465
0.325465
0.325465
0.325465
0.325465
0.325465
0.325465
0.325465
0.325465
0.325465
0.325465
0.325465
0.325465
0.325465
0.325465
0.325465
0.325465
0.325455
0.325455
0.325455
0.325455
0.325455
0.325455
0.325455
0.325455
0.325455
0.325455
0.325362
0.325362
0.325362
0.325362
0.325362
0.325362
0.325362
0.325362
0.325362
0.325362
0.325362
0.325362
0.325362
0.325362
0.325362
0.325362
0.325362
0.325362
0.325362
0.325362
0.325362
0.325362
0.325362
0.325182
0.325182
0.325182
0.325157
0.325157
0.325157
0.325157
0.325157
0.325110
0.325110
0.325110
0.325110
0.325110
0.325110
0.325110
0.325110
0.325110
0.325075
0.325075
0.325075
0.325075
0.325075
0.325075
0.325075
0.325075
0.325075
0.325075
0.325075
0.325075
0.324058
0.324058
0.320691
0.320691
0.320691
0.320667
0.320667
0.320667
0.320667
0.320667
0.320667
0.320653
0.320653
0.320653
0.320653
0.320653
0.320653
0.320653
0.320653
0.320653
0.320653
0.320653
0.320653
0.320642
0.320642
0.320642
0.320642
0.320642
0.320642
0.320642
0.320642
0.320642
0.320642
0.320642
0.320642
0.320642
0.320642
0.320642
0.320642
0.320642
0.320642
0.320642
0.320642
0.320642
0.320642
0.320642
0.320642
0.320642
0.320642
0.320642
0.320593
0.320593
0.320593
0.320593
0.320441
0.319483
0.319483
0.319483
0.319483
0.319097
0.319097
0.319097
0.319097
0.319097
0.319097
0.319097
0.319097
0.319097
0.319097
0.319097
0.319097
0.319097
0.319097
0.319097
0.317902
0.317902
0.317902
0.317902
0.317782
0.317782
0.317782
0.317782
0.317782
0.317782
0.317782
0.317782
0.317782
0.317782
0.317782
0.317782
0.317782
0.317782
0.317782
0.317782
0.317782
0.317782
0.317782
0.317782
0.315689
0.315689
0.315689
0.315689
0.315689
0.314494
0.314494
0.314494
0.314494
0.314494
0.314494
0.314494
0.314494
0.314494
0.314494
0.314494
0.314494
0.314494
0.314487
0.314487
0.314487
0.314487
0.314487
0.314487
0.314487
0.314455
0.314455
0.314455
0.314455
0.314455
0.314455
0.314455
0.314336
0.314336
0.314336
0.314336
0.314336
0.314336
0.314336
0.314336
0.314336
0.314336
0.314336
0.314336
0.314336
0.314336
0.314336
0.314336
0.314336
0.314237
0.314237
0.314237
0.314237
0.314237
0.314237
0.314237
0.314237
0.314237
0.314237
0.314237
0.314237
0.314237
0.314237
0.314237
0.314237
0.314237
0.314237
0.314117
0.314117
0.314117
0.314117
0.314117
0.314117
0.314117
0.314117
0.314117
0.314117
0.314117
0.314117
0.314117
0.314117
0.314117
0.314117
0.314117
0.314117
0.314117
0.313726
0.313726
0.313355
0.313355
0.313355
0.313355
0.313355
0.313355
0.313355
0.313355
0.313355
0.313355
0.313045
0.313045
0.313045
0.313045
0.313045
0.313045
0.313045
0.313045
0.313045
0.313045
0.312173
0.312173
0.311587
0.311587
0.311587
0.311587
0.311587
0.311587
0.311587
0.311587
0.311587
0.311587
0.311587
0.311587
0.311587
0.311587
0.311587
0.311587
0.311587
0.311587
0.311587
0.311587
0.311587
0.311587
0.311587
0.311587
0.311587
0.311587
0.311587
0.311587
0.311587
0.311587
0.311587
0.311587
0.311587
0.311587
0.311587
0.311587
0.311587
0.311587
0.311587
0.311587
0.311587
0.311587
0.311587
0.311587
0.311587
0.311587
0.311587
0.311587
0.311253
0.311253
0.311253
0.311253
0.311253
0.311253
0.311253
0.311253
0.311253
0.311253
0.311253
0.311253
0.311253
0.311253
0.311253
0.311253
0.311253
0.311253
0.311253
0.311208
0.311208
0.311208
0.311208
0.310701
0.310701
0.310701
0.310659
0.310659
0.310659
0.310659
0.310659
0.310659
0.310659
0.310659
0.310659
0.310659
0.310659
0.310659
0.310659
0.310659
0.310659
0.310659
0.310659
0.310659
0.310659
0.310659
0.310659
0.310659
0.310659
0.310473
0.310473
0.310473
0.310473
0.310473
0.310473
0.310473
0.309438
0.309438
0.308565
0.308565
0.308565
0.308565
0.307988
0.307988
0.307628
0.307628
0.307628
0.307628
0.307628
0.307628
0.307628
0.307628
0.307628
0.307628
0.307628
0.307628
0.307628
0.307628
0.307628
0.307628
0.307628
0.307628
0.307628
0.307628
0.307628
0.307628
0.307628
0.307628
0.307628
0.307628
0.307628
0.307628
0.307088
0.307088
0.307088
0.307088
0.307088
0.307087
0.307087
0.307087
0.307087
0.307087
0.307087
0.307087
0.307087
0.307087
0.307087
0.307087
0.307087
0.307087
0.307087
0.305903
0.305903
0.305903
0.305903
0.305903
0.305903
0.302598
0.302598
0.302598
0.302598
0.302598
0.302598
0.302598
0.302598
0.302598
0.302598
0.302598
0.302598
0.302598
0.302598
0.302356
0.301857
0.301857
0.301857
0.301857
0.301857
0.301857
0.301857
0.301857
0.301857
0.301857
0.301857
0.301857
0.300761
0.300761
0.300761
0.300761
0.300761
0.300329
0.300329
0.300329
0.300329
0.300329
0.300329
0.300329
0.300329
0.300329
0.300329
0.299233
0.299233
0.297420
0.297420
0.297420
0.297420
0.297420
0.297420
0.297420
0.297420
0.297420
0.297420
0.296840
0.296840
0.296840
0.296840
0.296840
0.296840
0.296840
0.296840
0.296840
0.296840
0.296840
0.296840
0.296840
0.296840
0.296840
0.296840
0.296840
0.296840
0.296840
0.296840
0.296840
0.296840
0.296840
0.296840
0.296840
0.296840
0.296840
0.296840
0.296612
0.296612
0.296612
0.296612
0.296612
0.296612
0.296612
0.296595
0.296595
0.296595
0.296595
0.296595
0.296595
0.296595
0.296595
0.296595
0.296595
0.296595
0.296595
0.296595
0.296595
0.296595
0.296595
0.296595
0.296595
0.296595
0.296595
0.296595
0.296595
0.296592
0.296592
0.296592
0.296592
0.296576
0.296576
0.296576
0.296576
0.296576
0.296576
0.296576
0.296576
0.296576
0.296576
0.296576
0.296576
0.296576
0.296576
0.296576
0.296576
0.296576
0.296576
0.296576
0.296576
0.296576
0.296576
0.296576
0.296576
0.296576
0.296576
0.296576
0.296576
0.296576
0.296467
0.296467
0.296467
0.296467
0.296467
0.296467
0.296467
0.296425
0.296425
0.296425
0.296425
0.296425
0.296425
0.296425
0.296425
0.296425
0.296425
0.296425
0.296425
0.296425
0.296425
0.296425
0.296425
0.296402
0.296402
0.296402
0.296402
0.296402
0.296402
0.296402
0.296402
0.296402
0.296402
0.296402
0.296402
0.296402
0.296402
0.296402
0.296402
0.296402
0.296402
0.296402
0.296402
0.296402
0.296402
0.296402
0.296402
0.296402
0.295898
0.295898
0.295898
0.295898
0.295898
0.295898
0.295898
0.295898
0.295898
0.295898
0.295898
0.295898
0.295898
0.295898
0.295898
0.295655
0.295655
0.295655
0.295655
0.295534
0.295534
0.295534
0.295534
0.295534
0.295534
0.295534
0.295534
0.295534
0.295534
0.295534
0.295534
0.295534
0.295534
0.295534
0.295534
0.295534
0.295534
0.295534
0.295534
0.295534
0.295534
0.295534
0.295534
0.295534
0.295461
0.295461
0.295461
0.295461
0.295461
0.295461
0.295461
0.295461
0.295461
0.295461
0.295461
0.295461
0.295461
0.295461
0.295461
0.295461
0.295461
0.295461
0.295461
0.295461
0.295461
0.292375
0.292375
0.292375
0.292375
0.292375
0.292375
0.292092
0.292092
0.292092
0.292092
0.291879
0.291879
0.291879
0.291879
0.291879
0.291879
0.291879
0.291879
0.291879
0.291879
0.291879
0.291879
0.291879
0.291879
0.291879
0.291879
0.291879
0.291879
0.291879
0.291879
0.291879
0.291879
0.291879
0.291879
0.291879
0.291879
0.291879
0.291879
0.291879
0.291879
0.291879
0.291662
0.291610
0.291610
0.291610
0.291610
0.291610
0.291610
0.291610
0.291610
0.291610
0.291610
0.291610
0.291610
0.291610
0.291610
0.291610
0.291610
0.291610
0.291610
0.291610
0.291610
0.291610
0.291610
0.291564
0.291564
0.291564
0.291564
0.291564
0.291564
0.291564
0.291564
0.291564
0.291564
0.291564
0.291564
0.291564
0.291564
0.291564
0.291564
0.291564
0.291564
0.291564
0.291564
0.291502
0.291502
0.291493
0.291493
0.291493
0.291493
0.291493
0.291493
0.291493
0.291493
0.291493
0.291493
0.291493
0.291493
0.291493
0.291493
0.291493
0.291493
0.291493
0.291493
0.291493
0.291493
0.291493
0.291493
0.291493
0.291493
0.289246
0.289246
0.289246
0.289246
0.289246
0.289246
0.289246
0.289246
0.287999
0.287999
0.287999
0.287999
0.287953
0.287953
0.287953
0.287785
0.287785
0.287785
0.287785
0.287785
0.287785
0.287785
0.287785
0.287785
0.287785
0.287785
0.287785
0.287785
0.287785
0.287785
0.287785
0.287785
0.287785
0.287785
0.287785
0.287785
0.287785
0.287785
0.287785
0.287785
0.287785
0.287785
0.287785
0.287785
0.287557
0.285923
0.285923
0.285923
0.285923
0.285923
0.285923
0.285923
0.285923
0.285923
0.285923
0.285923
0.285923
0.285923
0.285923
0.285923
0.285923
0.285923
0.285923
0.285923
0.285923
0.285923
0.285923
0.285923
0.285923
0.285923
0.285923
0.285923
0.285923
0.285923
0.285923
0.285923
0.285923
0.285923
0.285923
0.285923
0.285923
0.285923
0.285923
0.285923
0.285923
0.285923
0.285923
0.285923
0.285923
0.285923
0.285923
0.285923
0.285923
