367.946640
362.674335
357.920148
345.617648
344.534561
340.453876
335.190088
332.152969
325.933237
324.538089
317.950299
315.192331
313.328558
303.611746
303.167493
298.955481
296.518002
295.645047
294.831569
291.345329
289.569881
284.274974
284.049895
277.118690
276.784811
275.810185
275.383125
271.275244
267.732593
265.249930
265.142607
260.949544
258.943298
258.577180
256.338376
249.790933
248.103592
247.150806
246.345111
243.067433
242.839427
238.890707
238.890707
237.877386
231.777342
229.866962
229.137665
229.137665
229.137665
226.223239
226.223239
224.857089
221.654254
219.702505
218.901588
217.611784
215.285661
213.063962
209.809865
206.833795
204.770538
202.801418
202.292760
200.131923
199.792586
195.185040
194.299184
193.391754
192.351695
191.758127
191.170576
191.170576
190.555052
190.555052
187.463840
185.523613
185.191245
185.053053
184.328276
184.328276
183.574129
183.337576
182.310504
181.446729
180.400635
180.400635
178.927368
175.842624
174.527402
174.527402
173.358818
172.760039
172.275230
172.228499
170.096960
170.096960
166.931496
166.739781
164.952951
163.718657
161.223267
160.878023
159.361966
159.036433
158.194572
157.126616
157.126616
156.479713
155.789516
155.789516
154.386171
149.914435
149.910086
149.316406
148.837170
148.837170
148.837170
147.712947
146.445355
144.420901
143.163338
142.531696
142.301260
142.301260
140.769524
140.709666
140.709666
140.548466
140.380983
139.533509
139.088358
138.841586
138.565143
138.565143
138.166286
137.474138
136.572452
135.743661
135.743661
135.743661
135.207809
134.515611
134.159835
133.887577
132.647369
131.998346
129.748636
129.748636
129.748636
129.748636
129.748636
128.669640
127.973560
127.515763
127.444991
126.900090
126.562822
126.270100
125.725198
123.554115
123.554115
122.940270
122.612395
122.612395
122.303515
121.103107
120.908810
119.931181
119.931181
119.398489
118.136621
117.320141
117.141344
116.510960
116.189536
115.888332
115.454783
115.100748
113.768064
112.681677
111.946493
111.741386
111.057525
109.645877
109.458656
109.447987
108.857870
108.857870
108.784663
107.932944
107.464585
106.142412
105.833560
105.143430
104.800021
104.598097
103.483025
103.483025
103.277574
103.196665
102.827380
102.656728
102.508006
102.202864
102.001528
101.607803
101.459182
100.675632
100.239500
99.620156
98.977831
98.853585
98.696015
98.528194
97.679234
97.462446
97.326254
97.122266
97.074191
96.829494
96.402485
96.193620
95.494247
95.270879
94.813432
94.566040
94.091547
93.549542
93.021548
91.941061
91.697662
91.697662
91.273316
91.145959
90.451369
89.901474
89.656124
89.589331
89.560583
89.373752
88.969701
88.603391
88.363347
88.078918
87.707608
87.486127
86.824423
86.583230
85.069024
84.611139
84.089009
83.860305
83.668944
83.649636
82.969937
82.691190
82.417975
82.382527
81.972826
81.889081
81.691055
81.635873
80.994696
80.719276
80.185162
80.020004
79.550768
79.311674
79.146410
79.146410
78.810781
78.408035
78.313651
78.313651
78.235052
77.983424
77.946927
77.598251
77.280988
77.242716
76.859714
76.527620
76.496214
76.409645
76.244080
76.078941
75.680460
75.588885
75.216915
75.035258
74.991618
74.924848
74.774418
74.752058
74.636040
74.626270
74.280110
73.678944
73.639513
73.437420
73.268748
73.137787
72.896725
72.767290
72.578366
72.093447
71.481272
71.428130
71.238555
71.055397
70.702126
70.571426
70.471489
70.265760
70.132724
70.058715
69.967221
69.814791
69.732651
69.573999
69.485855
69.268964
68.573660
68.271467
68.240028
68.217618
68.200457
67.853201
67.525145
67.016660
66.680101
66.358329
66.289953
66.260690
66.257228
66.175562
66.173911
66.058035
65.901740
65.829340
65.623143
65.453598
65.305181
65.305181
65.220674
64.807269
64.807269
64.634830
64.430119
64.303056
64.257743
64.174292
63.685131
63.547924
63.399871
63.320076
63.157552
63.101851
62.956182
62.831777
62.738110
62.680636
62.603178
62.486062
62.201058
62.060485
61.933013
61.921252
61.735986
61.191180
60.933609
60.933609
60.805291
60.588692
60.386915
60.318875
60.110927
60.082283
60.064118
59.925016
59.775845
59.774111
59.614043
59.551405
59.551405
59.440320
59.303554
59.029250
58.945285
58.901781
58.613386
58.447664
58.430767
58.408881
58.291933
58.273339
58.221935
58.133701
58.087807
57.949532
57.881203
57.698421
57.489030
57.396784
57.092061
56.847979
56.622762
56.082039
55.761221
55.749842
55.543075
55.356106
55.099137
55.008279
54.947535
54.655634
54.231096
54.076541
54.014005
53.860093
53.744783
53.654169
53.599463
53.151797
52.940200
52.766918
52.704382
52.384455
51.984202
51.932034
51.896561
51.825501
51.720406
51.720004
51.720004
51.590055
51.574791
51.532300
51.532300
51.361839
51.137861
50.984906
50.819358
50.584373
50.447456
50.197684
50.162680
49.850056
49.731020
49.681286
49.626724
49.604089
49.560597
49.186930
49.063194
48.985760
48.855197
48.800589
48.644025
48.636818
48.608445
48.484266
48.383426
48.189360
48.116751
48.068659
48.059729
47.942506
47.883632
47.708449
47.471712
47.271497
47.139677
47.138976
46.910982
46.808065
46.735717
46.447012
46.381752
46.267212
46.144906
46.066224
46.066224
46.059451
45.663104
45.654174
45.411871
45.326868
45.326868
45.041431
44.994518
44.974177
44.924195
44.875079
44.815030
44.592609
44.592609
44.568387
44.398370
44.398370
43.995990
43.944094
43.943397
43.840688
43.840688
43.678143
43.592151
43.550717
43.538297
43.429590
43.356467
43.356467
43.253770
43.223074
43.156836
43.096676
43.049023
42.659891
42.344207
42.204870
42.190235
42.190235
42.050616
42.004046
41.992352
41.811117
41.756961
41.478129
41.431142
41.431142
41.364637
41.316000
41.316000
41.136485
41.045683
41.011646
41.009182
40.945448
40.878117
40.714319
40.632719
40.632719
40.409620
40.326607
40.256433
40.256433
39.938982
39.830830
39.664253
39.332892
39.195054
39.128816
39.048628
39.048628
38.878727
38.673437
38.569354
38.484942
38.370923
38.310267
38.310267
38.310267
38.278484
38.178157
37.981583
37.902799
37.849627
37.720425
37.588991
37.506132
37.349203
37.347095
37.192946
37.192946
37.146877
37.107201
37.052317
36.969341
36.969341
36.830167
36.707813
36.609568
36.516326
36.407134
36.355712
36.335181
36.171860
36.139673
36.139673
36.037177
35.930491
35.926509
35.789270
35.575977
35.560032
35.558832
35.505727
35.433732
35.309141
35.262297
35.136799
35.104065
34.838526
34.807223
34.753669
34.533811
34.449203
34.310481
34.281129
34.233508
34.081031
34.015262
33.946733
33.724331
33.622350
33.567178
33.567178
33.563341
33.477816
33.336694
33.263868
33.263868
33.190884
33.076657
32.984884
32.967637
32.870807
32.855379
32.824118
32.789585
32.748509
32.748509
32.702550
32.347164
32.339022
32.260352
32.241847
32.241847
32.241847
32.192157
32.043509
31.854402
31.703548
31.586814
31.586814
31.586814
31.406306
31.365590
31.055298
31.041852
31.021892
30.989625
30.989625
30.794840
30.779652
30.520507
30.467104
30.405922
30.372494
30.277508
30.274327
30.218419
30.140631
30.107025
29.896970
29.896970
29.685703
29.685703
29.632001
29.603027
29.583228
29.486211
29.452268
29.348131
29.292696
29.161960
29.161960
29.146837
29.106417
29.001895
28.988654
28.962236
28.897693
28.611846
28.594950
28.548247
28.477577
28.477577
28.455601
28.393399
28.309955
28.309955
28.062698
27.995832
27.995832
27.908291
27.796643
27.769827
27.729170
27.681078
27.681078
27.659392
27.505204
27.414298
27.343642
27.343642
27.343642
27.301907
27.115392
26.979465
26.848115
26.789407
26.676292
26.574784
26.505724
26.442204
26.425323
26.284301
26.235019
26.235019
26.235019
26.235019
26.235019
26.037602
25.968013
25.968013
25.835481
25.741180
25.691512
25.668303
25.628506
25.624061
25.580870
25.580870
25.476659
25.476659
25.352966
25.347185
25.283834
25.142129
25.034234
25.027419
24.929285
24.872948
24.824553
24.824175
24.766770
24.568066
24.497741
24.486733
24.449986
24.449986
24.449986
24.382464
24.347126
24.297854
24.276714
24.226863
24.218835
24.218835
24.083446
24.073137
23.991326
23.991326
23.979432
23.830132
23.830132
23.824567
23.819102
23.784846
23.567372
23.474741
23.359228
23.359228
23.323006
23.323006
23.265019
23.265019
23.265019
23.227267
23.107913
22.913785
22.814960
22.665930
22.665930
22.628467
22.583502
22.581195
22.581195
22.581195
22.543839
22.350552
22.348568
22.310227
22.221535
22.161276
22.158965
22.158965
22.080717
22.022103
22.005316
22.005316
21.973057
21.920417
21.706204
21.706204
21.706204
21.636855
21.631392
21.580779
21.447541
21.442077
21.442077
21.394160
21.292010
21.130986
21.012355
21.003772
21.003772
20.970187
20.959336
20.848077
20.848077
20.698629
20.496033
20.446014
20.407582
20.336817
20.251302
20.220433
20.220433
20.159935
20.133310
20.130728
20.108053
20.067953
19.957913
19.941107
19.936641
19.895953
19.864793
19.780550
19.772892
19.771823
19.761283
19.761283
19.651537
19.538182
19.529104
19.388082
19.374852
19.374852
19.334097
19.334097
19.326780
19.225461
19.214585
18.997008
18.991688
18.974057
18.966437
18.966437
18.958796
18.931602
18.918821
18.905179
18.880626
18.854848
18.796313
18.668863
18.642478
18.549256
18.535440
18.463237
18.373701
18.364459
18.263544
18.216367
18.195236
18.141508
18.074625
18.074625
17.958111
17.958111
17.949377
17.932270
17.921394
17.921394
17.780279
17.780279
17.763125
17.763125
17.763125
17.750592
17.616516
17.616516
17.564282
17.442811
17.442811
17.390067
17.350045
17.345757
17.345757
17.260838
17.237817
17.223468
17.096658
17.073772
17.040480
16.924973
16.911221
16.911221
16.802707
16.740164
16.663938
16.594824
16.594824
16.576781
16.534125
16.449658
16.449658
16.384396
16.332098
16.332098
16.239911
16.223966
16.202373
16.173489
16.167740
16.166693
16.165370
16.158743
16.080677
16.080677
16.045868
16.030260
15.964873
15.964873
15.942557
15.849732
15.849732
15.761987
15.759417
15.759417
15.733741
15.733741
15.727461
15.714688
15.713195
15.713195
15.683007
15.553794
15.540306
15.540306
15.540306
15.370633
15.332560
15.306414
15.283320
15.249710
15.209692
15.205945
15.143984
15.143984
15.104839
15.104839
15.043063
15.043063
15.041994
15.041994
14.915892
14.915892
14.902580
14.770602
14.770602
14.732773
14.732773
14.732773
14.723228
14.723228
14.665731
14.607291
14.607291
14.602238
14.551834
14.517879
14.504548
14.480943
14.421395
14.386484
14.336138
14.297359
14.281695
14.238578
14.238440
14.238100
14.214496
14.150559
14.150559
14.090988
14.081878
14.057381
13.991844
13.991844
13.955361
13.952775
13.927466
13.892743
13.708026
13.696636
13.695655
13.695655
13.695655
13.688693
13.601189
13.601189
13.574625
13.533751
13.442681
13.439724
13.362350
13.362350
13.268613
13.208931
13.189851
13.179034
13.179034
13.169340
13.169340
13.079270
13.057446
13.036081
12.997943
12.910849
12.910849
12.907090
12.907090
12.899268
12.899268
12.899268
12.876297
12.876297
12.862143
12.850494
12.809428
12.808481
12.788968
12.778210
12.625414
12.625414
12.619551
12.609700
12.609700
12.562867
12.562867
12.522252
12.416580
12.398815
12.382856
12.382856
12.382856
12.373007
12.367144
12.323773
12.323773
12.286479
12.239478
12.224229
12.221483
12.177410
12.163527
12.118708
12.118708
12.093504
12.093504
12.093504
12.068868
12.027410
12.027410
12.024340
11.993611
11.993611
11.979759
11.951149
11.939499
11.939499
11.872618
11.842381
11.772380
11.767605
11.767605
11.767605
11.708097
11.708097
11.678854
11.678854
11.678854
11.614284
11.614284
11.607078
11.580208
11.560098
11.553070
11.541553
11.541553
11.541553
11.541553
11.538532
11.523332
11.480395
11.480395
11.470577
11.446294
11.433913
11.417286
11.416417
11.416417
11.300573
11.267821
11.267821
11.231368
11.231368
11.220528
11.220528
11.213659
11.212875
11.212875
11.212875
11.133055
11.133055
11.133055
11.133055
11.133055
11.128340
11.103704
11.074750
11.074750
11.074750
11.067040
11.040294
11.034643
10.983849
10.976652
10.971826
10.908375
10.908375
10.808767
10.774128
10.774128
10.756274
10.700956
10.649402
10.649402
10.637775
10.630568
10.609045
10.589596
10.588205
10.570642
10.567597
10.562866
10.558446
10.532550
10.498327
10.489674
10.392406
10.387945
10.387945
10.370720
10.370720
10.364524
10.341887
10.341887
10.341887
10.292528
10.285128
10.189010
10.189010
10.093059
10.082682
10.047971
10.000213
9.978416
9.919426
9.919426
9.873414
9.847509
9.760007
9.760007
9.698906
9.698906
9.698906
9.641162
9.612198
9.498195
9.496284
9.475617
9.380606
9.380606
9.376468
9.330066
9.288287
9.288287
9.288287
9.271620
9.271620
9.267619
9.238394
9.206306
9.203592
9.135420
9.134472
9.101523
9.049692
9.044596
9.022445
8.998622
8.998622
8.983965
8.976227
8.973550
8.973550
8.937060
8.881464
8.881464
8.876284
8.803801
8.797124
8.796288
8.707567
8.707567
8.700363
8.700363
8.674133
8.674133
8.671205
8.663483
8.663483
8.609487
8.592393
8.570414
8.456298
8.456298
8.456007
8.411532
8.411532
8.394246
8.394246
8.394246
8.394246
8.327811
8.299082
8.275187
8.275187
8.251643
8.180607
8.180607
8.179913
8.111452
8.104757
8.104757
8.104757
8.104757
8.026203
8.026203
8.019003
8.009636
8.009636
7.984509
7.980438
7.949009
7.949009
7.949009
7.949009
7.942372
7.924368
7.913842
7.913842
7.913842
7.913842
7.913842
7.913842
7.913842
7.913842
7.913842
7.910171
7.910171
7.896784
7.875965
7.875965
7.854933
7.773337
7.773337
7.773337
7.768502
7.768502
7.696018
7.683552
7.683552
7.680429
7.680429
7.680429
7.680429
7.643235
7.566399
7.566399
7.560307
7.542546
7.536256
7.513968
7.513968
7.473662
7.464843
7.464843
7.464843
7.464843
7.458384
7.458384
7.458384
7.424537
7.424537
7.424537
7.424537
7.424537
7.388788
7.387993
7.336850
7.319697
7.319697
7.310879
7.291173
7.288721
7.267769
7.267769
7.267769
7.267769
7.267769
7.224794
7.224794
7.224794
7.186683
7.168923
7.164501
7.162634
7.147450
7.146787
7.145902
7.142500
7.139395
7.135737
7.041686
7.017116
7.017116
7.009564
6.964810
6.956750
6.923245
6.923245
6.923245
6.920122
6.920122
6.920122
6.911371
6.833620
6.833620
6.833620
6.829198
6.824846
6.824567
6.824567
6.689967
6.680847
6.680847
6.663763
6.661065
6.661065
6.647893
6.647893
6.636499
6.635836
6.619005
6.608571
6.608571
6.608401
6.524417
6.524417
6.524417
6.511213
6.480084
6.421831
6.421831
6.414537
6.406544
6.406544
6.262822
6.262822
6.253612
6.240573
6.222718
6.222718
6.222285
6.219442
6.215282
6.215282
6.215282
6.164204
6.061776
6.061776
6.024463
5.956162
5.950698
5.946453
5.946453
5.927493
5.927493
5.914122
5.900950
5.873935
5.873935
5.819921
5.819921
5.794745
5.791094
5.791094
5.769614
5.769614
5.756442
5.756442
5.756442
5.756442
5.678164
5.678164
5.653846
5.653846
5.651182
5.638243
5.638243
5.636098
5.636098
5.636098
5.631319
5.631319
5.630101
5.626709
5.621194
5.597333
5.597333
5.597333
5.597333
5.597333
5.584858
5.557887
5.516080
5.507348
5.507348
5.489072
5.489072
5.489072
5.472433
5.452994
5.441139
5.428168
5.428168
5.414773
5.405169
5.405169
5.405169
5.405169
5.405169
5.405169
5.404691
5.404691
5.396104
5.390290
5.390290
5.383267
5.379678
5.379678
5.379678
5.352496
5.352496
5.352496
5.351841
5.351841
5.351841
5.351841
5.330788
5.330788
5.329987
5.310241
5.215291
5.214636
5.214636
5.196219
5.196219
5.184110
5.182844
5.045154
4.990533
4.976442
4.976442
4.976442
4.948770
4.948770
4.948770
4.948770
4.948770
4.948770
4.948770
4.948770
4.948770
4.944255
4.926913
4.872064
4.872064
4.865617
4.865617
4.858279
4.855805
4.855805
4.852373
4.837165
4.837165
4.835606
4.835606
4.835606
4.819435
4.819435
4.811331
4.811331
4.811331
4.811331
4.787875
4.718852
4.711662
4.711249
4.705172
4.700205
4.656205
4.656205
4.653972
4.616865
4.613889
4.606200
4.570595
4.570595
4.570595
4.570595
4.570595
4.570595
4.569010
4.551352
4.541797
4.541797
4.541454
4.536876
4.516758
4.516758
4.514526
4.513781
4.513781
4.513126
4.513126
4.513126
4.513126
4.474590
4.474590
4.465816
4.465816
4.442005
4.407947
4.407947
4.311078
4.311078
4.298724
4.295965
4.291019
4.218262
4.218262
4.218262
4.218262
4.206296
4.205974
4.203390
4.202011
4.202011
4.201781
4.201781
4.201781
4.201781
4.201781
4.178824
4.166990
4.158198
4.158198
4.158198
4.157614
4.145164
4.145164
4.145164
4.142461
4.142461
4.142461
4.142461
4.142343
4.085960
4.072216
4.063963
4.063963
4.061755
4.052039
4.034441
4.032422
4.032422
4.028491
4.028491
4.028491
4.020299
3.997441
3.995984
3.975753
3.934684
3.934684
3.934684
3.881006
3.873106
3.857551
3.754656
3.754656
3.743262
3.726107
3.713350
3.709602
3.701977
3.699274
3.697293
3.694867
3.682370
3.655337
3.655337
3.655337
3.655337
3.630639
3.630639
3.562807
3.562807
3.562636
3.562636
3.562636
3.562636
3.562044
3.562044
3.547005
3.543978
3.530883
3.501794
3.501794
3.501794
3.495856
3.494155
3.494155
3.494155
3.494155
3.494155
3.491387
3.491387
3.484713
3.484713
3.484713
3.481650
3.480207
3.441191
3.441191
3.433663
3.433663
3.433663
3.412552
3.399321
3.395717
3.395717
3.388749
3.370317
3.370317
3.354198
3.354198
3.354033
3.352590
3.343967
3.341399
3.341399
3.341399
3.341399
3.335067
3.335067
3.335067
3.332831
3.327588
3.324440
3.312048
3.312048
3.296025
3.296025
3.296025
3.296025
3.296025
3.296025
3.296025
3.291055
3.291055
3.291055
3.291055
3.290303
3.285956
3.233329
3.233329
3.233329
3.223317
3.221577
3.221232
3.220293
3.213872
3.207703
3.192489
3.191578
3.183716
3.183716
3.172083
3.172083
3.172083
3.172083
3.164291
3.157103
3.150443
3.142822
3.138351
3.137745
3.111420
3.100718
3.100718
3.090037
3.090037
3.090037
3.090037
3.090037
3.090037
3.090037
3.066828
3.066828
3.066828
3.060191
3.060191
3.055656
3.055656
3.055656
3.055656
3.055656
3.050505
3.050505
3.050505
3.050505
3.009966
3.009481
3.003077
3.003077
2.901154
2.901154
2.901154
2.901154
2.895575
2.895575
2.895575
2.895575
2.890901
2.890901
2.871046
2.871046
2.871046
2.869028
2.869028
2.868543
2.868543
2.857015
2.857015
2.815862
2.815862
2.798761
2.798761
2.785512
2.785512
2.780361
2.779754
2.764415
2.764415
2.761722
2.761722
2.759875
2.749159
2.748266
2.748266
2.715060
2.715060
2.714138
2.709453
2.709453
2.709453
2.700845
2.689144
2.686520
2.677786
2.677786
2.677342
2.667058
2.667058
2.646253
2.642889
2.642889
2.642889
2.635208
2.635208
2.631030
2.631030
2.631030
2.626818
2.626818
2.624301
2.624301
2.623942
2.623942
2.619651
2.619651
2.607857
2.607857
2.607857
2.607154
2.607154
2.607154
2.586411
2.586411
2.586411
2.586411
2.582749
2.582749
2.582749
2.580921
2.580921
2.580921
2.576092
2.576092
2.576003
2.576003
2.576003
2.576003
2.574305
2.574305
2.574305
2.574305
2.574305
2.574305
2.572426
2.572426
2.551571
2.551571
2.549808
2.549808
2.549808
2.502971
2.497731
2.497287
2.487081
2.486767
2.486767
2.486767
2.486419
2.479892
2.479892
2.476521
2.476521
2.475798
2.475798
2.475798
2.474598
2.474381
2.456584
2.442921
2.442806
2.432566
2.432566
2.432566
2.409561
2.382317
2.381119
2.375989
2.375821
2.375474
2.375474
2.375101
2.371984
2.371984
2.368946
2.368946
2.368660
2.368660
2.368660
2.350484
2.350484
2.350484
2.330788
2.330788
2.323732
2.315127
2.314779
2.314779
2.314779
2.314779
2.306784
2.304651
2.304651
2.304651
2.304651
2.304651
2.304651
2.304651
2.304651
2.304651
2.292719
2.292719
2.290244
2.289778
2.283434
2.283255
2.283255
2.278119
2.274700
2.274700
2.274700
2.274700
2.267764
2.267764
2.264415
2.263871
2.263871
2.262128
2.262128
2.262128
2.259264
2.252764
2.252764
2.252764
2.252161
2.252161
2.252161
2.251788
2.251788
2.251788
2.251788
2.220694
2.220694
2.220694
2.220694
2.220694
2.220694
2.220694
2.220694
2.220603
2.220603
2.220603
2.220603
2.220603
2.220603
2.220288
2.220288
2.220288
2.220288
2.190637
2.190637
2.190637
2.189849
2.189849
2.189849
2.189849
2.167985
2.166569
2.166569
2.166569
2.162211
2.153702
2.153105
2.153105
2.153105
2.146773
2.122872
2.121314
2.121314
2.114822
2.114822
2.114822
2.114822
2.113719
2.113659
2.113659
2.113659
2.113397
2.113397
2.113397
2.113397
2.113284
2.109782
2.109285
2.109285
2.109285
2.109173
2.102823
2.102823
2.102153
2.102153
2.101890
2.100926
2.100926
2.100926
2.100926
2.100926
2.100926
2.100926
2.100926
2.100926
2.100926
2.100926
2.039565
2.039565
2.039565
2.034130
2.034130
2.034130
2.034130
2.034130
2.034130
2.034130
2.033027
2.033027
2.033027
2.033027
2.032239
2.012886
1.999099
1.999099
1.999099
1.991142
1.991142
1.991142
1.991142
1.991142
1.991142
1.987640
1.965079
1.965079
1.965079
1.965079
1.965079
1.965079
1.965079
1.965079
1.965079
1.965079
1.964234
1.964234
1.964234
1.963227
1.963227
1.956880
1.956197
1.956197
1.956197
1.956197
1.955073
1.955073
1.955073
1.954814
1.949531
1.949531
1.939749
1.939749
1.939749
1.930359
1.925331
1.925331
1.925331
1.922224
1.915617
1.915617
1.914181
1.914181
1.914181
1.913173
1.913173
1.913173
1.907897
1.905946
1.905946
1.905946
1.903581
1.903581
1.903581
1.903581
1.878314
1.878314
1.878314
1.878314
1.878078
1.877019
1.877019
1.877019
1.876607
1.873575
1.873575
1.866693
1.866693
1.866691
1.866691
1.862922
1.862765
1.862765
1.853659
1.853659
1.853659
1.853659
1.834540
1.834540
1.834540
1.834540
1.834181
1.834181
1.826297
1.826297
1.825640
1.825234
1.818000
1.818000
1.816194
1.813883
1.813883
1.813883
1.813883
1.813753
1.810536
1.807412
1.807412
1.807412
1.807412
1.807412
1.807412
1.807412
1.807412
1.807412
1.807412
1.807412
1.807412
1.793369
1.787348
1.786988
1.786988
1.785550
1.785550
1.785550
1.785550
1.785550
1.785128
1.785128
1.785128
1.785128
1.778332
1.778332
1.778332
1.771319
1.771319
1.771319
1.771319
1.771319
1.771319
1.759646
1.759646
1.759646
1.759619
1.759619
1.759619
1.759619
1.759619
1.759501
1.759501
1.758226
1.758226
1.758226
1.758226
1.758226
1.758201
1.758201
1.758201
1.758201
1.758201
1.758201
1.757589
1.757589
1.754813
1.754813
1.741843
1.741843
1.739942
1.739942
1.732708
1.732708
1.732708
1.729876
1.729876
1.729668
1.729668
1.724012
1.724012
1.724012
1.724012
1.719078
1.719078
1.719078
1.719078
1.719078
1.719078
1.716830
1.716830
1.716830
1.716830
1.716830
1.716830
1.716830
1.711776
1.711776
1.711713
1.708881
1.708881
1.708881
1.708881
1.708881
1.708881
1.701980
1.701604
1.701604
1.701604
1.700104
1.700104
1.700104
1.700104
1.693682
1.691250
1.691250
1.681631
1.681631
1.681631
1.681631
1.681631
1.667101
1.665201
1.665201
1.663478
1.661577
1.661577
1.660524
1.658591
1.658591
1.658591
1.656160
1.654821
1.654821
1.654821
1.654821
1.635205
1.635205
1.635205
1.635205
1.635181
1.635181
1.635181
1.635181
1.628799
1.628799
1.628799
1.625942
1.613693
1.613693
1.593602
1.570787
1.570787
1.570787
1.569142
1.491906
1.491906
1.491906
1.491906
1.491906
1.489670
1.489186
1.483947
1.483947
1.483722
1.474503
1.474503
1.474503
1.474062
1.474062
1.474062
1.473935
1.473935
1.466884
1.466884
1.460859
1.460859
1.460859
1.460859
1.460859
1.458926
1.445741
1.433260
1.433260
1.430828
1.430828
1.430804
1.430804
1.428082
1.428082
1.428082
1.414897
1.414897
1.414897
1.414897
1.414897
1.412242
1.408702
1.408702
1.408702
1.408702
1.408702
1.406818
1.406818
1.406818
1.406818
1.406818
1.406818
1.406818
1.402833
1.402833
1.402833
1.402833
1.402833
1.400949
1.396956
1.396956
1.396956
1.386927
1.385080
1.385080
1.385080
1.385080
1.385080
1.384723
1.384723
1.384723
1.384699
1.384699
1.384699
1.384699
1.384699
1.384699
1.384699
1.380255
1.380013
1.379259
1.377968
1.377968
1.363148
1.363148
1.363148
1.360326
1.360326
1.351722
1.351722
1.351722
1.350574
1.350574
1.350574
1.350382
1.350140
1.350140
1.350140
1.350140
1.340962
1.339290
1.339290
1.335634
1.335634
1.335634
1.335086
1.333999
1.333999
1.333999
1.333999
1.312295
1.304583
1.304583
1.304583
1.304583
1.303180
1.303180
1.303180
1.303180
1.302892
1.302892
1.302892
1.302892
1.302892
1.286104
1.286104
1.278709
1.278709
1.271672
1.271672
1.271672
1.266227
1.266227
1.266227
1.266227
1.262448
1.262448
1.262448
1.262448
1.262448
1.262448
1.261185
1.261185
1.260976
1.260976
1.260976
1.260976
1.260976
1.260976
1.246386
1.246386
1.231682
1.231682
1.231682
1.226679
1.220226
1.220226
1.220226
1.220226
1.217767
1.217767
1.217767
1.215803
1.208727
1.208727
1.208727
1.207727
1.207438
1.207438
1.207438
1.203950
1.203950
1.203950
1.203950
1.203950
1.203950
1.203950
1.203307
1.203085
1.203085
1.203085
1.203085
1.203085
1.200305
1.200305
1.199872
1.199872
1.199872
1.199650
1.193058
1.193058
1.193058
1.192515
1.192515
1.192515
1.192515
1.192515
1.192515
1.191039
1.190120
1.186122
1.164651
1.164651
1.164651
1.164651
1.164378
1.162128
1.158889
1.158889
1.158223
1.157680
1.157680
1.157680
1.157680
1.150903
1.146254
1.146254
1.145777
1.144908
1.144908
1.144908
1.137572
1.137572
1.137572
1.137572
1.137562
1.137562
1.137562
1.133388
1.133388
1.133388
1.133388
1.133116
1.133116
1.133116
1.129792
1.129501
1.129501
1.128882
1.125855
1.125855
1.125855
1.123306
1.123306
1.123306
1.113535
1.113213
1.113213
1.113213
1.105102
1.105102
1.105102
1.105102
1.105102
1.105102
1.104690
1.102233
1.102233
1.100919
1.100813
1.100813
1.092165
1.092165
1.092165
1.092130
1.092130
1.091697
1.091697
1.087103
1.087103
1.084041
1.084041
1.077367
1.077367
1.077367
1.077367
1.077367
1.076955
1.076955
1.076955
1.076919
1.076919
1.076919
1.076919
1.069585
1.069553
1.069553
1.069553
1.069553
1.069553
1.069447
1.069447
1.069239
1.059930
1.059930
1.059930
1.059930
1.059930
1.059930
1.059930
1.059930
1.059930
1.058300
1.054882
1.054882
1.047832
1.047832
1.047832
1.047832
1.045274
1.045274
1.045274
1.045274
1.045274
1.045274
1.045274
1.044618
1.044525
1.044525
1.044525
1.044525
1.044460
1.044460
1.044460
1.044460
1.044460
1.042063
1.042063
1.042063
1.042063
1.042063
1.042063
1.042063
1.042063
1.041870
1.040933
1.040933
1.040933
1.038536
1.038536
1.038536
1.030550
1.030550
1.028452
1.028452
1.028452
1.028452
1.028452
1.028452
1.028452
1.028452
1.027287
1.027287
1.015745
1.014433
1.014433
1.014433
0.998497
0.996092
0.996092
0.994927
0.993863
0.993863
0.993797
0.993797
0.989728
0.989728
0.989728
0.989728
0.989728
0.989385
0.981890
0.981890
0.981890
0.981890
0.981890
0.981890
0.981890
0.981890
0.981890
0.981890
0.981890
0.981890
0.981890
0.981890
0.980677
0.980677
0.976822
0.974587
0.971233
0.966215
0.966215
0.966215
0.966215
0.965243
0.964760
0.964760
0.964760
0.950534
0.950534
0.950087
0.940541
0.940541
0.940541
0.940541
0.938696
0.933150
0.933150
0.933150
0.933150
0.933150
0.933150
0.933150
0.932828
0.929473
0.929473
0.929473
0.929473
0.929473
0.929473
0.929473
0.929473
0.927921
0.927921
0.927921
0.927921
0.927921
0.924566
0.920560
0.920560
0.920560
0.920560
0.920560
0.920407
0.920407
0.920407
0.920407
0.920407
0.920407
0.920407
0.920407
0.920407
0.917811
0.917811
0.917811
0.913538
0.913538
0.913538
0.913538
0.905047
0.905047
0.903237
0.903237
0.903237
0.899264
0.897376
0.897376
0.897376
0.897376
0.897376
0.897223
0.897223
0.897223
0.897223
0.897223
0.897223
0.897223
0.897223
0.897223
0.897223
0.897223
0.897223
0.897223
0.894072
0.890851
0.890851
0.890851
0.890851
0.890851
0.890851
0.890851
0.890851
0.890851
0.890851
0.890851
0.890851
0.890851
0.890295
0.890295
0.890295
0.890295
0.890295
0.888946
0.888946
0.888946
0.887549
0.883605
0.883264
0.881914
0.880338
0.880338
0.880338
0.879782
0.879782
0.879782
0.879782
0.879782
0.879782
0.876807
0.876807
0.876807
0.872906
0.872906
0.872906
0.872906
0.872906
0.872906
0.872906
0.872906
0.872906
0.872906
0.872906
0.872906
0.872906
0.872906
0.872550
0.866134
0.851581
0.851581
0.851581
0.851581
0.851581
0.844301
0.844301
0.844301
0.844301
0.840333
0.840119
0.829533
0.829533
0.814041
0.814041
0.814041
0.814041
0.814041
0.814041
0.814041
0.814041
0.814041
0.814041
0.814041
0.814041
0.813145
0.813145
0.803287
0.803287
0.799758
0.799758
0.799758
0.799758
0.799758
0.796612
0.796612
0.796612
0.796612
0.796612
0.796612
0.796398
0.796398
0.795789
0.795789
0.794213
0.794213
0.794213
0.794213
0.794213
0.793951
0.793951
0.793951
0.793951
0.793951
0.793055
0.793018
0.793018
0.793018
0.791602
0.791571
0.791571
0.791571
0.791571
0.791571
0.791571
0.791571
0.791571
0.791571
0.791571
0.791571
0.791571
0.783042
0.783042
0.779408
0.779408
0.776867
0.776867
0.776867
0.776867
0.776867
0.776867
0.769296
0.769296
0.769296
0.767502
0.767502
0.767502
0.767502
0.767502
0.767502
0.767332
0.767332
0.767332
0.767332
0.767332
0.767332
0.742488
0.738807
0.738807
0.738807
0.738807
0.738807
0.738807
0.738807
0.738807
0.738807
0.738776
0.738776
0.738776
0.728147
0.728147
0.724819
0.724819
0.724819
0.724819
0.724819
0.724819
0.724819
0.724819
0.724819
0.724819
0.723335
0.723335
0.722898
0.722898
0.719056
0.719056
0.719056
0.719056
0.719056
0.719056
0.719056
0.719056
0.719056
0.719056
0.717157
0.717109
0.717109
0.717109
0.717109
0.717109
0.709661
0.709661
0.709661
0.709661
0.701976
0.701976
0.701976
0.701976
0.701976
0.701976
0.701976
0.701976
0.701976
0.701976
0.701682
0.701682
0.701682
0.701682
0.700688
0.700688
0.700688
0.700688
0.700224
0.700224
0.700224
0.700224
0.700224
0.696702
0.696702
0.696702
0.696702
0.695709
0.695709
0.694512
0.694512
0.694512
0.694361
0.694361
0.694361
0.694361
0.694361
0.694112
0.694112
0.694112
0.694112
0.692896
0.692896
0.692667
0.692667
0.692572
0.692572
0.692572
0.692572
0.692572
0.692572
0.692572
0.691814
0.691814
0.691576
0.691251
0.689757
0.689757
0.689757
0.689757
0.689757
0.685462
0.685462
0.677048
0.677048
0.677048
0.677048
0.676368
0.675301
0.675301
0.675301
0.675301
0.675301
0.675082
0.675082
0.675082
0.673810
0.669641
0.669641
0.662803
0.662803
0.662803
0.662803
0.662803
0.662652
0.662652
0.662652
0.662652
0.662652
0.662652
0.662652
0.662652
0.662652
0.658362
0.658362
0.653723
0.653723
0.653503
0.653503
0.653352
0.653352
0.653352
0.653352
0.653352
0.653352
0.653352
0.649323
0.649323
0.649323
0.648701
0.648701
0.648622
0.648622
0.647330
0.647330
0.647330
0.647330
0.647330
0.647330
0.645187
0.645187
0.645187
0.645187
0.645187
0.645187
0.643614
0.642059
0.642059
0.642059
0.642059
0.642059
0.642059
0.642059
0.640339
0.640339
0.640260
0.640260
0.640260
0.638646
0.638646
0.638646
0.638116
0.638116
0.638116
0.638116
0.637773
0.635124
0.635124
0.635124
0.635124
0.635124
0.635124
0.635124
0.635124
0.635124
0.635124
0.635124
0.635002
0.635002
0.635002
0.635002
0.634250
0.634250
0.633398
0.633398
0.633398
0.633398
0.632244
0.632244
0.632244
0.632244
0.632244
0.632244
0.632244
0.632244
0.632244
0.632244
0.632244
0.632244
0.632244
0.629222
0.625831
0.625831
0.625747
0.625747
0.625747
0.625747
0.625747
0.625747
0.625747
0.625747
0.625557
0.622402
0.622402
0.622402
0.622402
0.622402
0.622402
0.622402
0.622402
0.622402
0.619786
0.619664
0.619664
0.619664
0.619664
0.619664
0.619664
0.619664
0.616199
0.616199
0.616199
0.616199
0.616199
0.616199
0.616199
0.616199
0.616199
0.612083
0.612083
0.612083
0.612083
0.612083
0.612083
0.612083
0.612083
0.612083
0.612083
0.612083
0.612083
0.612083
0.612083
0.612083
0.612083
0.612083
0.612083
0.612083
0.612083
0.612083
0.612083
0.610688
0.610688
0.610688
0.605724
0.605724
0.605724
0.605724
0.605724
0.605724
0.603132
0.602686
0.602686
0.602686
0.595282
0.592978
0.590660
0.590660
0.590660
0.590660
0.590660
0.590660
0.589537
0.589537
0.589537
0.589537
0.589537
0.589537
0.589537
0.589537
0.589537
0.589537
0.589537
0.589537
0.588471
0.588471
0.587934
0.587334
0.587334
0.587334
0.587334
0.587334
0.587334
0.587334
0.587334
0.587334
0.587334
0.587334
0.587334
0.586299
0.580784
0.580784
0.580784
0.580784
0.580784
0.580784
0.580784
0.579509
0.577866
0.577866
0.577866
0.577866
0.574195
0.574195
0.573387
0.571134
0.567412
0.567412
0.567412
0.567412
0.567412
0.564688
0.564688
0.564688
0.564688
0.563589
0.563589
0.563589
0.563589
0.561244
0.561244
0.561244
0.561244
0.561244
0.561244
0.561244
0.561244
0.559996
0.559996
0.559996
0.559996
0.559996
0.559996
0.559996
0.559769
0.559769
0.559709
0.559366
0.559366
0.559366
0.559366
0.556812
0.556812
0.556069
0.554987
0.554987
0.554987
0.554987
0.554987
0.554987
0.554987
0.554987
0.554702
0.553784
0.553784
0.553784
0.553784
0.553784
0.551956
0.551956
0.551956
0.551956
0.549885
0.549885
0.549885
0.549885
0.549885
0.549885
0.549885
0.549885
0.549885
0.549885
0.549885
0.549885
0.549885
0.540442
0.540442
0.540442
0.540442
0.540442
0.539513
0.539513
0.539469
0.539469
0.539469
0.539469
0.539469
0.538892
0.538892
0.538888
0.538888
0.538888
0.538888
0.538888
0.538888
0.538888
0.533927
0.533923
0.533071
0.533071
0.533071
0.533071
0.533071
0.533071
0.533071
0.533071
0.533071
0.533071
0.533071
0.533071
0.533071
0.533071
0.533071
0.533071
0.533071
0.533071
0.533071
0.533071
0.533071
0.533019
0.533019
0.533019
0.533019
0.529956
0.529956
0.527430
0.527215
0.527215
0.522343
0.521807
0.521675
0.521675
0.521675
0.521675
0.521675
0.520087
0.520087
0.520087
0.520087
0.518223
0.518091
0.518091
0.516887
0.516887
0.516887
0.516887
0.516601
0.516601
0.516601
0.516601
0.516601
0.516601
0.516601
0.516601
0.516601
0.516601
0.516601
0.512256
0.512252
0.512252
0.512252
0.512252
0.512252
0.512252
0.512252
0.512252
0.512252
0.512252
0.512252
0.512252
0.512252
0.512252
0.512252
0.512252
0.512252
0.512252
0.512252
0.512252
0.512252
0.512252
0.493536
0.493536
0.491519
0.491519
0.491519
0.491519
0.491519
0.491382
0.490558
0.490558
0.490558
0.490558
0.490558
0.490558
0.490558
0.490558
0.490558
0.490558
0.490558
0.490558
0.490558
0.490558
0.490558
0.490558
0.490558
0.490558
0.490558
0.490558
0.490558
0.490558
0.490460
0.490460
0.489912
0.489912
0.489912
0.488688
0.488688
0.482376
0.482376
0.482376
0.482376
0.482326
0.482326
0.482326
0.482326
0.481711
0.481711
0.481711
0.479482
0.479482
0.479482
0.479482
0.479482
0.479482
0.479482
0.476982
0.476982
0.472549
0.472549
0.472498
0.472361
0.472361
0.472361
0.472287
0.472287
0.472287
0.472287
0.472287
0.472287
0.472287
0.472287
0.472287
0.472287
0.472287
0.472287
0.471691
0.471190
0.465119
0.465119
0.465119
0.465119
0.463283
0.463283
0.463283
0.463283
0.462307
0.456483
0.456483
0.456483
0.456483
0.456483
0.456483
0.455853
0.455853
0.455853
0.455853
0.455853
0.455853
0.455853
0.455853
0.455853
0.455853
0.455853
0.455853
0.455853
0.455853
0.455853
0.455853
0.455853
0.455853
0.455853
0.455853
0.455853
0.455853
0.455853
0.455853
0.455853
0.455853
0.455853
0.455673
0.455673
0.455064
0.454469
0.454469
0.453642
0.453642
0.453642
0.453642
0.453642
0.453642
0.453642
0.453642
0.453642
0.453632
0.453632
0.453632
0.452129
0.452129
0.452129
0.452129
0.452129
0.452129
0.452129
0.451638
0.451638
0.451638
0.451638
0.451638
0.451638
0.451638
0.450217
0.450217
0.450217
0.450217
0.450217
0.450217
0.447072
0.447072
0.447072
0.447072
0.447072
0.446670
0.446670
0.446670
0.446092
0.441573
0.441185
0.441185
0.441076
0.441076
0.441076
0.440899
0.440899
0.440899
0.440899
0.440899
0.440817
0.440817
0.439873
0.439873
0.437656
0.437656
0.437535
0.437535
0.434759
0.434492
0.434492
0.434492
0.434492
0.434492
0.434492
0.434492
0.434492
0.433328
0.433319
0.433319
0.432752
0.432752
0.430460
0.430361
0.430361
0.430361
0.430361
0.430361
0.430361
0.430193
0.430193
0.430193
0.430184
0.429236
0.429236
0.429236
0.415855
0.415855
0.415230
0.413992
0.413992
0.412687
0.412687
0.412687
0.412687
0.412687
0.411567
0.411567
0.411567
0.411567
0.410841
0.410841
0.409608
0.409608
0.409608
0.409608
0.409608
0.409608
0.408660
0.408660
0.408169
0.408169
0.408169
0.408169
0.408169
0.404031
0.404031
0.404031
0.403861
0.401796
0.401709
0.401709
0.400851
0.400851
0.400851
0.400851
0.400851
0.399903
0.399903
0.399830
0.399830
0.399830
0.399830
0.399476
0.398851
0.398851
0.398641
0.398641
0.398641
0.398641
0.398641
0.398641
0.398641
0.398641
0.396537
0.396537
0.396194
0.396194
0.396194
0.396194
0.396194
0.386423
0.386423
0.386423
0.386423
0.386423
0.386135
0.383107
0.382072
0.382072
0.382072
0.381965
0.380826
0.380826
0.380826
0.380826
0.379861
0.379861
0.379861
0.379861
0.379432
0.378294
0.378294
0.377346
0.377346
0.377346
0.374642
0.374565
0.374565
0.374565
0.374565
0.374565
0.374565
0.374565
0.374565
0.374565
0.374422
0.374422
0.374422
0.374422
0.373751
0.373751
0.373751
0.373751
0.373751
0.373751
0.373751
0.373751
0.373468
0.373468
0.372969
0.372969
0.372969
0.372969
0.372826
0.372826
0.372826
0.372826
0.372826
0.372826
0.372826
0.372826
0.372826
0.372826
0.372826
0.372826
0.372826
0.372826
0.371384
0.371282
0.371282
0.371282
0.371282
0.370857
0.370857
0.370857
0.370857
0.370857
0.367154
0.367154
0.367154
0.364777
0.364777
0.364777
0.364777
0.364777
0.364777
0.364777
0.363320
0.363320
0.360853
0.360853
0.360853
0.355488
0.353513
0.351103
0.351103
0.351103
0.351103
0.351103
0.351103
0.351103
0.350123
0.350123
0.350123
0.350123
0.350123
0.348839
0.348839
0.348839
0.348839
0.347779
0.347779
0.347779
0.347779
0.347779
0.347779
0.347779
0.347779
0.347779
0.347779
0.345009
0.345009
0.345009
0.345009
0.345009
0.345009
0.345009
0.345009
0.345009
0.345009
0.345009
0.345009
0.345009
0.344753
0.344753
0.344753
0.344753
0.344753
0.344753
0.344753
0.344753
0.344680
0.344680
0.343351
0.343351
0.343351
0.343093
0.343093
0.342869
0.342869
0.342869
0.342869
0.341708
0.341708
0.341708
0.341661
0.341661
0.341661
0.341661
0.341661
0.341661
0.341661
0.341519
0.341519
0.341519
0.341519
0.341519
0.341471
0.341426
0.341378
0.341378
0.341378
0.341378
0.341378
0.341378
0.341378
0.341378
0.341378
0.341304
0.341304
0.340423
0.340271
0.340271
0.340271
0.340271
0.339267
0.339267
0.339267
0.339267
0.339267
0.339267
0.339256
0.339256
0.339256
0.339256
0.339256
0.339256
0.339256
0.339256
0.339256
0.339256
0.339256
0.339256
0.339256
0.339256
0.339256
0.339256
0.339256
0.338791
0.338791
0.338791
0.338791
0.338791
0.338528
0.338528
0.338528
0.338528
0.338528
0.338528
0.338528
0.338528
0.338528
0.338528
0.338528
0.338528
0.338528
0.338528
0.338528
0.338528
0.338528
0.338528
0.338528
0.338528
0.338528
0.338528
0.338528
0.337425
0.337425
0.337425
0.337425
0.337425
0.336581
0.336581
0.336581
0.336581
0.336581
0.336540
0.336540
0.336540
0.334720
0.334720
0.333875
0.333875
0.333875
0.333875
0.333875
0.333875
0.333875
0.333875
0.333875
0.333875
0.333875
0.333875
0.333875
0.333875
0.333875
0.333875
0.333875
0.333875
0.333875
0.333875
0.329572
0.329572
0.328328
0.321218
0.317333
0.317333
0.317333
0.317333
0.317333
0.317229
0.317229
0.316207
0.316207
0.316207
0.316207
0.316207
0.316207
0.315869
0.315869
0.315869
0.315869
0.315869
0.315869
0.315688
0.315501
0.315424
0.315424
0.315424
0.315424
0.315424
0.315424
0.315424
0.315424
0.315424
0.315424
0.315424
0.315424
0.315424
0.315300
0.315300
0.315300
0.315300
0.315300
0.315300
0.315300
0.315300
0.315300
0.315300
0.314832
0.314832
0.311451
0.311393
0.311393
0.311393
0.311393
0.311393
0.311393
0.311393
0.311393
0.311393
0.310408
0.310408
0.310408
0.310408
0.310408
0.310408
0.310408
0.310408
0.310408
0.310408
0.310408
0.310408
0.310408
0.307763
0.307763
0.307763
0.307763
0.307763
0.307763
0.307763
0.307763
0.307763
0.307763
0.307763
0.307763
0.307763
0.307763
0.307763
0.307763
0.307763
0.307763
0.305655
0.305655
0.305308
0.305111
0.305111
0.305111
0.305111
0.305111
0.305111
0.305111
0.305111
0.305111
0.305111
0.305111
0.305111
0.304537
0.302376
0.302376
0.302376
0.302376
0.298567
0.298567
0.298567
0.298567
0.298567
0.294601
0.294601
0.294601
0.294601
0.293817
0.293758
0.292550
0.292550
0.292550
0.292550
0.292550
0.292550
0.292550
0.292130
0.292130
0.292130
0.289967
0.289967
0.289967
0.289967
0.289967
0.289967
0.289967
0.289967
0.289719
0.289719
0.289719
0.289719
0.287457
0.287457
0.287457
0.287457
0.287457
0.287457
0.287457
0.287457
0.286468
0.286468
0.285953
0.285776
0.282968
0.282968
0.282968
0.282968
0.282968
0.282896
0.278862
0.278563
0.278563
0.278563
0.278563
0.278563
0.278563
0.278563
0.278563
0.278563
0.278547
0.278547
0.278210
0.278210
0.278210
0.278195
0.278195
0.277083
0.277083
0.277083
0.275731
0.275594
0.275579
0.275579
0.275419
0.275419
0.275419
0.275419
0.275419
0.275419
0.275419
0.275419
0.275419
0.275419
0.275419
0.275419
0.275419
0.275419
0.275317
0.275317
0.275317
0.274078
0.274078
0.274078
0.274078
0.274078
0.274078
0.274078
0.272310
0.272310
0.272310
0.272310
0.272310
0.272310
0.272310
0.272310
0.272310
0.272310
0.272310
0.272310
0.272281
0.272281
0.272281
0.272281
0.272103
0.272103
0.272103
0.271635
0.271635
0.271635
0.267651
0.267651
0.267651
0.267651
0.267651
0.267651
0.267651
0.267651
0.267432
0.267432
0.267432
0.267432
0.267432
0.267432
0.267432
0.267432
0.267432
0.267432
0.267432
0.267432
0.267432
0.267039
0.267039
0.267039
0.267039
0.267039
0.267039
0.267039
0.267039
0.263385
0.263385
0.263385
0.263385
0.263385
0.263385
0.263385
0.263385
0.263385
0.263385
0.263385
0.263385
0.263385
0.263385
0.263385
0.263385
0.263385
0.263385
0.262786
0.262786
0.262786
0.262786
0.262786
0.262786
0.262786
0.262786
0.262786
0.262786
0.262786
0.262786
0.262786
0.262688
0.262688
0.262688
0.262688
0.262688
0.262688
0.262688
0.262688
0.262688
0.262688
0.262688
0.262688
0.262688
0.261853
0.261853
0.261853
0.261853
0.261853
0.261853
0.261853
0.261853
0.261853
0.261853
0.261853
0.261853
0.260869
0.260869
0.260869
0.260869
0.260869
0.260869
0.260869
0.260869
0.260763
0.260763
0.260763
0.260077
0.260077
0.260077
0.260077
0.260077
0.260077
0.260077
0.260077
0.260077
0.260077
0.260077
0.260077
0.260077
0.260077
0.260077
0.260077
0.260077
0.260077
0.260077
0.260077
0.260077
0.260077
0.260077
0.260077
0.260077
0.260077
0.260077
0.260077
0.260077
0.260077
0.260077
0.260077
0.259983
0.259983
0.259983
0.259983
0.259983
0.259983
0.259983
0.259983
0.259983
0.259983
0.259983
0.259952
0.253669
0.253669
0.253669
0.253669
0.253669
0.253669
0.253606
0.253606
0.253606
0.253606
0.253606
0.253606
0.253606
0.253604
0.253604
0.253604
0.253604
0.253558
0.253558
0.253558
0.253558
0.253457
0.253457
0.253457
0.253457
0.253457
0.253457
0.253457
0.253457
0.253457
0.253457
0.253457
0.253457
0.253457
0.253457
0.249303
0.246331
0.246331
0.246331
0.246331
0.246331
0.246331
0.240702
0.240702
0.240702
0.240702
0.240702
0.240702
0.240702
0.240702
0.240702
0.239215
0.239215
0.239215
0.238846
0.238846
0.238668
0.238668
0.238668
0.238668
0.238668
0.238668
0.238668
0.238668
0.237734
0.237734
0.237734
0.237734
0.237734
0.237734
0.237633
0.237633
0.237633
0.237633
0.235884
0.235884
0.235884
0.235884
0.235884
0.235884
0.235884
0.235884
0.235884
0.235884
0.235884
0.235884
0.235884
0.235884
0.235884
0.235884
0.235884
0.235884
0.235884
0.235884
0.235884
0.235884
0.235884
0.235884
0.235884
0.235884
0.235884
0.235884
0.235884
0.235884
0.235884
0.235884
0.235884
0.235884
0.235652
0.234506
0.234317
0.234317
0.234317
0.234317
0.234317
0.234317
0.234317
0.234316
0.234307
0.231646
0.231646
0.230103
0.230103
0.229938
0.229938
0.229938
0.229938
0.229938
0.229938
0.229938
0.229938
0.229938
0.229938
0.229938
0.229938
0.226806
0.226806
0.226806
0.226806
0.226806
0.226806
0.226806
0.226806
0.226806
0.226806
0.226806
0.226806
0.226806
0.226246
0.226246
0.226246
0.226246
0.226246
0.226246
0.226246
0.226246
0.226246
0.225347
0.225347
0.225347
0.225347
0.225347
0.224505
0.224505
0.224505
0.224386
0.224386
0.224386
0.224386
0.224386
0.224386
0.224386
0.224386
0.224386
0.224386
0.224386
0.224386
0.224386
0.224386
0.222573
0.222573
0.222573
0.222573
0.222573
0.222573
0.222573
0.222013
0.222013
0.222013
0.222013
0.222013
0.222013
0.222013
0.222013
0.222013
0.222013
0.222013
0.221774
0.221774
0.221774
0.221774
0.221774
0.221774
0.221774
0.221774
0.221774
0.219643
0.219643
0.219643
0.219643
0.219643
0.218546
0.218546
0.218546
0.218546
0.218546
0.218546
0.218546
0.218546
0.218546
0.218546
0.218546
0.218546
0.218546
0.218546
0.218546
0.218546
0.218546
0.218546
0.218546
0.218546
0.218546
0.218546
0.218215
0.218215
0.218215
0.218215
0.218215
0.218215
0.218215
0.218215
0.218215
0.218215
0.218215
0.216379
0.216379
0.216379
0.216379
0.215650
0.215650
0.215650
0.215319
0.215319
0.215319
0.215319
0.215319
0.215319
0.215319
0.215319
0.215319
0.215319
0.215319
0.215319
0.215319
0.215319
0.215319
0.215319
0.215319
0.215319
0.215319
0.215319
0.215319
0.215319
0.215319
0.215319
0.215319
0.214177
0.214177
0.214177
0.214177
0.214177
0.214177
0.214177
0.214177
0.213857
0.213471
0.213471
0.213471
0.213471
0.213471
0.213471
0.210439
0.210439
0.210439
0.209869
0.208033
0.208033
0.208033
0.208033
0.208033
0.208033
0.208033
0.208033
0.208033
0.208033
0.208033
0.208033
0.208033
0.207395
0.205457
0.205457
0.205457
0.205457
0.205457
0.205457
0.205457
0.205457
0.205457
0.205457
0.205457
0.205457
0.205457
0.205457
0.205457
0.205286
0.205286
0.205286
0.205286
0.205286
0.205286
0.205286
0.205286
0.205286
0.205286
0.205286
0.205286
0.205286
0.205286
0.205286
0.205286
0.205286
0.205286
0.204900
0.204900
0.204900
0.204900
0.204900
0.204900
0.204900
0.204900
0.204900
0.204900
0.204835
0.204835
0.204835
0.204835
0.204835
0.204835
0.203647
0.203647
0.203647
0.203647
0.203010
0.203010
0.202885
0.202885
0.202885
0.202885
0.202885
0.202885
0.202885
0.202859
0.202859
0.202859
0.202859
0.202859
0.202859
0.202859
0.202859
0.202859
0.202859
0.202782
0.202782
0.202782
0.202752
0.202752
0.202752
0.202752
0.202752
0.202752
0.202687
0.202687
0.201006
0.201006
0.201006
0.200881
0.200881
0.200881
0.199982
0.199982
0.199982
0.199982
0.199982
0.199982
0.199982
0.199982
0.199982
0.199982
0.199982
0.199982
0.199982
0.199982
0.199982
0.199982
0.199982
0.199982
0.199982
0.199982
0.199982
0.199982
0.199982
0.199982
0.199982
0.199982
0.199982
0.199982
0.199982
0.199982
0.199982
0.199982
0.199982
0.199982
0.199982
0.199636
0.199636
0.199636
0.199636
0.199636
0.199636
0.199636
0.199636
0.199444
0.199236
0.199236
0.199236
0.199236
0.199236
0.199236
0.199236
0.198472
0.198472
0.198472
0.198472
0.198472
0.198472
0.198472
0.198472
0.198472
0.198472
0.198264
0.196635
0.196635
0.196635
0.196635
0.196635
0.196635
0.196635
0.196357
0.196357
0.196357
0.196357
0.196357
0.196357
0.196357
0.196357
0.196357
0.196357
0.196357
0.195325
0.194441
0.194441
0.194441
0.194441
0.194441
0.194126
0.194126
0.194126
0.194126
0.194126
0.194126
0.194126
0.194126
0.194126
0.194126
0.194126
0.194126
0.194126
0.194126
0.193666
0.193666
0.193666
0.193666
0.193666
0.193666
0.193666
0.193094
0.193094
0.193094
0.193094
0.193094
0.193094
0.193094
0.193094
0.193094
0.192210
0.192210
0.192210
0.192049
0.192049
0.192049
0.192049
0.192049
0.192049
0.192049
0.192049
0.192049
0.192049
0.192049
0.192049
0.192049
0.192049
0.188400
0.188400
0.188032
0.188032
0.188032
0.188032
0.188032
0.188032
0.188032
0.188032
0.188032
0.188032
0.188032
0.188032
0.188032
0.188032
0.188032
0.187274
0.187274
0.187274
0.187274
0.187274
0.186132
0.186132
0.186132
0.186132
0.186132
0.182773
0.182773
0.182427
0.182427
0.182427
0.182427
0.182427
0.182427
0.182427
0.182427
0.182427
0.182427
0.182427
0.182427
0.182427
0.182427
0.182427
0.182427
0.182427
0.182427
0.182427
0.182427
0.182427
0.182427
0.182413
0.182413
0.182413
0.182413
0.182413
0.182413
0.182413
0.182413
0.181146
0.181146
0.179771
0.179771
0.178157
0.178157
0.178157
0.178157
0.178157
0.178157
0.178157
0.178157
0.178157
0.178157
0.178157
0.178157
0.178157
0.178157
0.178147
0.178147
0.178147
0.178147
0.178147
0.178147
0.178147
0.178147
0.178147
0.178147
0.178147
0.178147
0.178147
0.177745
0.177745
0.177745
0.177745
0.177745
0.177745
0.177745
0.177715
0.177715
0.177715
0.177715
0.177715
0.177715
0.177661
0.177661
0.177661
0.176205
