244871020748.799988
136459310899.199997
109607783961.600006
67922797969.599998
47545894380.362503
37762271002.362503
25061998176.162498
23656240127.537304
23649463503.860863
14340364135.860865
13437812993.460865
4998436302.260864
4986431076.348364
4986241557.088794
4623225049.980054
4483382272.462695
4483382272.462695
62348.868945
62348.868945
62348.868945
62295.644849
62295.644849
62295.644849
28731.655835
28731.655835
28731.655835
28731.655835
28731.655835
28517.246509
28517.246509
28517.246509
28517.246509
15246.535571
15246.535571
15205.658911
15204.113831
15204.113831
15204.113831
15204.113831
10902.224768
817.850049
817.850049
817.850049
817.850049
817.850049
809.887231
809.887231
798.706128
798.706128
751.416089
736.048022
717.333875
717.333875
717.333875
717.333875
717.333875
717.333875
717.333875
717.333875
717.333875
717.333875
717.333875
705.989844
690.206519
690.206519
690.061926
690.061926
681.574414
681.574414
681.574414
681.574414
681.574414
681.574414
681.574414
681.574414
681.574414
681.574414
681.574414
681.574414
681.574414
681.574414
681.574414
673.182092
673.182092
673.182092
673.182092
673.182092
669.690112
667.816772
659.981506
659.981506
659.981506
659.981506
659.981506
659.981506
655.168616
654.655261
654.655261
654.655261
652.151196
652.151196
648.080536
648.080536
648.080536
648.080536
648.080536
647.875287
647.875287
647.119012
645.699469
645.699469
645.699469
643.239874
643.239874
643.239874
643.239874
623.428528
623.428528
623.428528
619.084558
608.108118
600.399841
600.399841
599.916144
599.916144
599.916144
599.916144
593.688190
590.533221
590.533221
590.533221
590.516718
587.872693
579.468011
579.468011
578.607050
578.607050
564.539264
564.539264
557.534851
557.534851
555.814685
555.814685
555.814685
555.814685
555.814685
555.814685
554.605957
548.928796
544.149078
534.608209
534.608209
534.608209
534.583734
534.583734
534.583734
534.182452
534.182452
534.182452
534.182452
525.878827
516.696674
516.696674
516.696674
516.696674
516.576160
516.576160
516.576160
516.576160
515.738220
515.738220
513.748700
507.416022
507.246283
507.246283
507.246283
507.246283
507.246283
507.246283
507.246283
506.869171
498.316730
498.316730
498.316730
498.316730
498.316730
498.316730
498.316730
498.316730
497.240613
491.964380
489.273651
489.273651
488.948895
488.948895
488.948895
488.569769
488.569769
487.270026
485.655707
485.655707
485.655707
485.195905
485.195905
484.724902
482.524365
477.937396
475.200110
474.113531
474.113531
474.113531
471.425519
464.202246
463.634607
462.922437
460.346094
460.346094
459.565900
459.565900
459.565900
457.165753
457.165753
448.724548
448.724548
448.724548
448.724548
439.382324
439.382324
439.382324
436.820624
436.625787
436.625787
436.625787
434.693427
434.693427
434.693427
434.693427
434.693427
431.509802
431.509802
431.509802
431.509802
431.509802
431.509802
431.067542
430.829590
430.829590
430.829590
430.648499
430.648499
430.648499
430.648499
430.648499
428.709241
428.309540
428.134515
428.134515
424.534906
424.534906
424.534906
424.007892
423.491443
423.417102
421.521045
421.521045
421.521045
421.521045
421.364154
420.163623
420.163623
420.163623
420.163623
420.163623
420.119183
419.472876
419.472876
417.405664
417.405664
417.048053
417.048053
417.048053
411.772028
411.772028
411.772028
410.726935
410.726935
410.712451
409.444098
409.313733
408.597498
408.597498
408.597498
408.440674
408.440674
407.772028
407.772028
407.516705
407.082922
406.669238
406.406903
406.406903
405.916937
405.916937
405.162628
405.162628
405.162628
405.162628
404.013861
404.013177
404.013177
403.982855
403.982855
403.982855
403.982855
403.479150
402.671661
402.671661
402.620154
400.823682
400.823682
400.517059
400.517059
399.490076
399.490076
399.490076
398.726697
395.750525
395.750525
395.750525
395.198669
394.519098
394.519098
394.519098
394.109534
394.109534
392.944495
392.944495
392.944495
392.608374
391.296222
390.633447
390.633447
390.485205
390.292499
387.578735
385.508588
385.508588
385.508588
384.831647
383.751837
383.751837
383.751837
383.671759
383.360095
383.360095
381.557208
381.141211
381.107794
381.107794
381.107794
381.107794
380.150897
379.318744
379.318744
379.318744
377.486523
377.485547
376.034381
376.034381
376.034381
376.034381
376.034381
375.803436
375.803436
375.803436
375.803436
375.756702
375.756702
375.756702
375.112567
375.112567
373.506061
373.506061
372.911292
372.911292
372.717725
371.967822
371.909528
371.793683
371.793683
371.793683
371.163708
370.637128
369.832153
369.832153
369.832153
369.394336
369.394336
369.394336
367.674347
367.674347
367.674347
367.674347
367.387231
367.382861
367.382861
367.101007
366.553497
366.553497
366.519098
366.368909
366.136536
366.136536
365.437518
365.437518
365.383685
365.382196
365.382196
365.382196
363.246985
363.246985
363.246985
362.222876
361.215680
361.215680
360.850916
360.850916
360.523584
359.775879
359.208105
359.034619
358.906177
358.906177
358.906177
358.906177
357.517255
357.517255
357.517255
357.517255
357.269708
356.536499
356.536499
356.307745
356.167780
355.106635
355.106635
353.626062
353.626062
353.626062
352.932086
352.327020
352.327020
352.327020
351.964362
351.964362
351.964362
351.964362
351.964362
351.304370
350.106512
350.106512
349.045044
348.928174
347.037811
345.798431
345.543036
345.543036
345.273517
343.674548
343.470502
343.470502
343.470502
343.470502
343.470502
343.019751
341.831982
341.800824
341.480701
341.441766
341.286084
341.286084
341.068140
340.359296
340.359296
340.359296
339.048615
339.031262
338.812744
337.708051
337.456470
337.456470
337.339429
337.339429
336.147766
334.271124
333.303711
332.590839
332.401019
332.401019
332.102795
332.102795
332.077606
332.077606
330.447534
330.447534
330.447534
330.447534
330.268561
329.006403
328.702106
328.702106
327.779321
327.779321
327.461212
327.461212
327.461212
327.461212
327.434937
326.755869
325.715323
325.715323
325.305707
325.305707
325.305707
325.208459
325.208459
325.208459
325.208459
324.983508
324.983508
324.983508
324.983508
324.971014
324.971014
324.827124
323.220145
323.039258
322.804474
322.804474
322.093414
322.093414
321.813849
321.671710
321.521936
321.354132
321.354132
321.354132
321.177554
321.177554
321.177554
320.042380
320.042380
320.026315
320.026315
319.852768
319.852768
319.655063
319.150436
319.099185
319.099185
318.611411
318.380972
317.475778
317.475778
315.153818
314.821689
314.634793
313.861380
313.861380
313.012665
312.599115
312.599115
312.599115
312.599115
312.016846
311.987830
311.486237
310.542676
310.535968
310.535968
310.535968
309.314676
308.385562
307.754678
307.344345
307.344345
307.195209
307.195209
307.195209
307.195209
306.771161
306.543134
305.513467
305.513467
305.513467
304.896030
304.896030
303.041910
303.041910
303.041910
303.041910
301.130441
301.130441
299.601389
299.601389
299.463907
299.399585
298.143515
298.143515
298.143515
297.039566
297.039566
297.039566
297.039566
297.039053
296.497015
296.497015
296.282767
296.282767
296.282767
295.009384
294.732959
294.732959
294.732959
294.732959
293.941107
293.941107
293.941107
293.941107
293.941107
292.207730
292.207730
291.480334
290.326440
290.099615
290.099615
290.099615
289.557263
289.557263
289.557263
289.492426
288.918478
288.319189
288.319189
288.319189
288.128699
288.128699
288.057629
288.057629
287.993988
287.993988
287.993988
286.132529
286.132529
286.132529
285.932410
285.932410
285.932410
285.447137
285.053625
284.669989
284.669989
284.373621
284.373621
284.373621
283.413937
283.413937
283.388766
283.388766
283.388766
283.258704
283.258704
282.753845
282.457788
282.457788
282.457788
282.457788
282.422394
282.078647
281.821695
280.544388
280.544388
280.544388
280.544388
280.544388
280.232645
280.232645
278.489282
278.489282
277.993680
277.949149
277.949149
277.426514
276.468652
276.468652
276.468652
276.258771
275.633679
274.815283
274.424802
274.424802
272.454208
272.454208
272.454208
272.234225
271.285861
269.648257
269.339240
269.303494
269.007510
269.007510
268.709750
268.709750
268.709750
268.687061
268.687061
268.415625
268.415625
268.415625
268.415625
267.048828
266.909232
266.621683
266.621683
266.442847
265.222974
265.222974
265.222974
264.744824
264.744824
263.922916
263.922916
263.458371
263.458371
263.458371
263.458371
263.458371
263.458371
263.325876
263.325876
263.144650
263.144650
262.687369
262.540561
262.540561
262.284555
262.053812
262.041254
262.041254
261.057507
261.057507
261.057507
261.057507
261.057507
261.006842
261.006842
259.949774
259.949774
259.949774
259.446881
259.446881
258.742853
258.149246
257.926834
257.926834
257.926834
256.312595
256.035333
256.035333
256.035333
256.035333
256.035333
256.035333
256.035333
255.905322
255.905322
255.905322
255.905322
255.905322
254.689282
254.689282
253.744714
253.558029
253.434769
253.434769
253.434769
252.971292
252.856635
252.856635
252.508582
251.587433
251.587433
251.567041
251.567041
251.567041
251.079230
251.079230
250.564233
250.447864
248.779514
248.779514
248.779514
247.834525
246.711252
246.711252
245.678580
245.678580
245.678580
245.678580
245.011600
245.011600
245.011600
244.962680
244.425598
244.425598
244.425598
244.425598
244.224829
243.905762
243.905762
243.755984
243.008081
242.669226
242.566260
242.566260
241.811563
240.254202
240.254202
240.254202
240.072934
240.072934
240.059369
240.059369
239.042175
239.042175
239.042175
239.042175
239.042175
239.042175
237.859744
237.859744
237.712137
237.461606
236.006262
236.006262
235.197845
235.197845
235.197845
235.197845
235.197845
235.197845
235.197845
235.197845
235.197845
235.197845
235.197845
235.197845
235.197845
235.197845
235.197845
235.197845
234.825378
234.825378
233.658301
232.753171
232.753171
232.753171
232.753171
232.753171
231.692337
231.692337
231.686612
231.256024
230.590857
230.516418
230.516418
228.786060
228.503394
228.503394
227.858423
227.227490
226.540369
226.540369
226.540369
226.540369
226.041187
226.041187
225.700952
225.457086
224.784259
224.716998
224.716998
224.532849
223.832648
223.832648
223.533362
222.626404
221.917499
221.917499
221.790390
221.631290
221.631290
221.631290
221.631290
221.184558
220.958780
220.958780
220.863263
220.694571
220.694571
220.553961
220.372589
220.034683
220.034683
219.307761
219.143646
219.143646
219.143646
219.143646
218.800323
218.800323
218.326312
218.323322
217.791403
217.791403
217.791403
217.791403
217.504910
217.504910
217.504910
217.504910
217.504910
216.560754
213.775705
213.775705
213.775705
213.775705
213.264862
213.245282
213.216284
213.068756
213.068756
212.477783
212.293210
212.293210
212.293210
211.917484
211.441556
211.441556
211.441556
211.114154
210.893372
210.295386
210.295386
209.600507
208.921936
208.848026
208.176837
208.176837
207.855148
207.839694
207.839694
206.648111
206.648111
206.648111
206.648111
205.518530
204.936850
204.936850
204.936850
204.934256
204.934256
204.934256
203.941641
203.941641
203.716428
203.700974
203.700974
203.700974
203.700974
203.700974
203.700974
203.700974
203.700974
203.411435
202.989868
200.699454
199.843823
199.843823
199.843823
199.843823
199.818570
198.868799
198.868799
198.868799
197.558038
197.535516
197.535516
197.257513
197.257513
197.257513
197.257513
197.257513
197.136212
197.136212
197.136212
197.136212
196.974072
196.830066
196.830066
196.830066
195.779263
195.779263
195.779263
195.779263
195.525812
195.525812
195.525812
195.206323
194.228625
194.228625
194.228625
194.050757
194.050757
193.965854
193.965854
193.965854
193.818021
193.067270
193.039752
193.039752
193.039752
192.228674
192.228674
192.160165
191.976831
191.939392
190.990671
190.990671
190.738986
190.034271
189.986371
189.986371
189.986371
189.337802
189.284848
189.079642
189.016983
188.876447
188.876447
188.176318
188.176318
188.176318
188.176318
188.046494
187.676315
187.281784
187.281784
187.281784
187.281784
187.158173
186.370462
186.370462
186.370462
186.370462
186.128531
185.576434
185.540076
185.540076
185.540076
184.907709
184.907709
184.831528
183.719632
183.719632
183.709778
183.335394
182.836066
181.416754
181.416754
181.251910
181.182739
181.182739
181.182739
180.813834
180.813834
180.813834
180.098547
180.098547
180.098547
180.052975
180.001340
180.001340
179.556345
179.556345
179.490759
179.490759
179.490759
179.490759
179.490759
179.490759
179.490759
179.490759
179.092227
178.369865
178.369865
178.334221
177.939403
177.939403
177.937669
177.937669
177.778221
177.575069
177.498238
177.320766
176.047771
175.959581
175.959358
175.815437
175.815437
175.669264
175.644315
175.644315
175.115819
175.115819
174.806343
174.784431
174.784431
174.465166
174.052995
173.980354
173.592116
173.543729
173.543729
172.689023
172.689023
172.411571
172.060506
172.060506
171.838445
171.838445
171.675816
171.292670
171.106604
170.928876
170.928876
170.143277
170.143277
170.143277
170.100790
169.875949
168.673477
168.222559
168.222559
168.125067
168.125067
168.125067
168.125067
168.040210
168.040210
167.832094
167.832094
167.399765
167.399765
167.059641
166.932492
166.932492
165.777222
165.193732
165.193732
165.193732
165.187256
164.995276
164.995276
164.995276
163.987453
163.987453
163.987453
163.975200
162.952150
162.952150
162.952150
162.952150
162.253012
162.253012
162.253012
162.253012
162.253012
162.230319
162.230319
162.214020
160.053421
160.053421
160.053421
160.053421
160.053421
160.053421
159.601224
159.328755
159.328755
159.328755
158.822206
158.822206
158.724712
158.724712
158.623601
157.845778
157.845778
157.845778
157.767966
157.767966
155.068980
155.068980
154.772304
154.772304
154.723802
154.440855
154.340929
154.329308
154.329308
154.329308
154.329308
154.329308
154.329308
154.329308
153.738329
153.738329
153.577400
153.577400
153.248714
153.248714
152.115892
152.115892
151.381656
151.381656
151.381656
151.381656
151.177582
151.177582
151.175592
151.175592
151.175592
150.760886
150.760886
150.746933
150.746933
150.429066
148.888161
148.835071
148.835071
148.101373
148.101373
148.091385
148.091385
148.091385
147.808273
147.808273
147.808273
147.562555
147.562555
146.375159
146.375159
146.375159
146.375159
146.375159
146.375159
146.375159
145.912851
145.828964
144.891269
144.891269
144.701419
144.701419
144.621349
144.614613
143.515892
143.515892
143.515892
143.461034
143.461034
143.461034
143.354247
143.354247
143.354247
143.354247
143.354247
143.354247
143.354247
142.967760
142.967760
142.786336
142.689177
141.474806
141.318375
141.205551
140.797583
140.293204
140.129254
140.129254
138.608621
137.966409
137.966409
137.966409
137.966409
137.966409
137.396312
137.396312
137.035751
137.035751
137.031755
137.031755
137.031755
137.031755
137.031755
136.803468
136.396773
136.396773
136.396773
136.181735
136.181735
136.181735
136.181735
136.181735
136.039049
136.021587
136.021587
136.021587
136.021587
136.021587
136.021587
136.021587
136.021587
134.690366
134.690366
134.617307
134.617307
134.221405
134.221405
134.221405
134.221405
134.221405
134.221405
133.623535
133.623535
133.372389
133.344958
133.184348
133.184348
133.070850
132.187825
132.187825
132.030995
131.821602
131.821602
131.821602
131.452708
131.023514
130.945667
130.877029
130.425342
130.425342
130.291122
130.291122
130.291122
129.693141
129.224487
128.380777
128.318462
128.298091
127.328647
127.328647
127.289127
127.012941
127.012941
126.997885
126.997885
126.997885
126.903970
126.658142
126.658142
126.598492
126.598492
126.325104
126.325104
126.325104
126.128671
126.128671
126.128671
125.868538
125.697258
125.079631
125.009612
124.220857
124.124219
124.124219
124.124219
124.124219
124.102509
123.999284
123.588069
123.419400
123.419400
123.419400
123.102560
122.755197
122.755197
122.755197
122.742024
122.742024
122.742024
122.742024
122.742024
122.742024
122.742024
122.742024
122.742024
122.447682
122.425319
121.884724
121.884724
121.832695
121.832695
121.832695
121.713754
121.398573
121.398573
121.398573
121.398573
121.107787
120.825581
120.101640
120.101640
120.101640
119.838316
119.815953
119.799730
119.748109
119.226955
119.226955
119.226955
119.226955
119.165503
119.165503
119.073273
119.073273
119.073273
119.072075
119.072075
119.072075
118.430171
118.006374
117.677405
117.677405
117.604810
117.057428
116.298659
116.298659
116.298659
116.217477
116.138138
115.956038
115.913531
115.913531
115.913531
114.945642
114.945642
114.945642
114.945642
114.624353
113.164319
113.164319
112.885782
112.443600
112.443600
112.071982
112.071982
111.748987
111.124011
111.124011
111.124011
111.124011
111.124011
111.124011
111.120883
111.120883
111.120883
111.120883
111.120883
111.120883
111.120883
110.901822
110.901822
110.812378
110.777800
110.648389
110.648389
110.647314
110.633215
110.533182
110.448651
110.257684
110.257684
109.866045
109.860336
109.687122
108.895560
108.895560
108.895560
108.734024
108.734024
108.734024
108.628949
108.628949
108.628949
108.243822
108.243822
108.243822
108.243822
107.977721
107.977721
107.977721
107.977721
107.977721
107.977721
107.977721
107.929251
107.929251
107.282184
106.973541
106.958464
106.353125
106.350598
106.350598
106.350598
106.321803
106.321803
106.260744
106.216728
105.409709
105.409709
105.409709
105.045744
105.039351
105.039351
104.510242
104.510242
104.510242
104.503659
104.503659
104.503659
104.254576
104.254576
103.957989
103.957989
102.955293
102.955293
102.955293
102.817760
102.817760
102.631492
101.845368
101.845368
101.735380
101.735380
101.663323
101.628396
101.628396
101.628396
101.628396
101.628396
101.562969
101.562969
101.496644
100.915592
100.643491
100.643491
99.012463
98.907537
98.226006
98.106985
98.106985
97.053419
97.053419
97.053419
97.053419
96.470448
96.220102
95.912122
95.912122
95.912122
95.850145
95.601694
95.302827
95.302827
95.302827
94.909861
94.419836
94.419836
94.419836
94.419836
94.419836
94.334751
93.478895
93.478895
93.478895
93.478895
93.478895
93.478895
93.478895
93.250623
93.250623
93.180902
93.180902
93.100607
93.100607
92.474181
92.393736
92.393736
92.393736
92.383471
92.383471
92.383471
92.379169
92.379169
92.379169
92.379169
92.379169
92.379169
92.069125
92.069125
91.768579
91.768579
91.768579
91.768579
91.599022
91.588872
91.588872
91.525583
91.461644
91.461644
91.097974
91.097974
91.097974
90.937247
90.707959
90.707959
89.907530
89.901855
89.804913
89.804913
89.772404
89.548596
89.325690
89.325690
89.325690
89.325690
89.221532
89.169566
89.169566
89.169566
87.865940
87.836388
87.836388
87.824377
87.824377
87.824377
87.727689
87.465624
87.465624
87.465624
86.959472
86.949237
86.949237
86.826358
86.826358
86.823757
86.823757
86.823757
85.829569
85.829569
85.829569
85.829569
85.297515
84.984752
84.982151
84.982151
84.978910
84.943847
84.916027
83.621476
83.621476
83.613935
83.613935
83.479443
83.479443
83.479443
82.936433
82.936433
82.106424
81.441608
81.441608
81.250462
81.250462
81.218440
81.215839
81.215839
81.215839
81.215839
81.215839
81.215839
81.021851
81.021851
81.021851
81.021851
80.991861
80.991861
80.991861
80.991098
80.991098
80.965639
80.639052
80.639052
80.639052
80.593195
80.593195
80.322777
80.312099
80.070317
79.740905
79.740905
79.660743
79.660743
79.589143
79.589143
79.589143
79.251265
79.244430
79.189567
79.165404
79.165404
79.093641
78.941854
78.941854
78.941854
78.941854
78.941854
78.941854
78.603564
78.585990
78.585990
78.585990
78.315798
77.910725
77.910725
77.908125
77.908125
77.572373
77.454009
77.454009
77.454009
77.240565
77.193221
76.834088
76.823393
76.781471
76.017558
75.861370
75.707647
75.281299
75.281299
75.281299
75.191576
75.133686
75.133686
75.133686
75.133686
75.133686
75.131384
74.481500
74.481500
73.909969
73.909969
73.909969
73.814512
73.330756
73.150851
73.150851
73.150851
73.150851
72.722538
72.722538
72.722538
72.722538
72.722538
72.722538
72.655085
72.094823
72.094823
72.094823
71.742298
71.701224
71.701224
71.365121
71.359111
71.228905
71.119227
71.046069
71.046069
71.046069
70.641440
70.494607
70.468827
70.190905
70.190905
70.053764
70.053764
70.053764
70.053764
70.053764
70.053764
70.053764
70.053764
70.019226
70.019226
70.019226
70.019226
69.868919
69.815313
69.654252
69.624807
69.441354
69.441354
69.441354
69.441354
69.369096
69.296468
69.016814
69.016814
68.999412
68.961887
68.849958
68.454463
68.454463
68.300156
68.273257
68.273257
67.032643
66.987537
66.987537
66.987537
66.987537
66.987537
66.836516
66.836516
66.836516
66.836516
66.390619
66.275983
66.275983
66.120701
66.120701
66.120701
65.542332
65.542332
65.535593
65.085806
64.708919
64.656844
64.617504
64.440228
64.358967
64.355399
64.355399
64.355399
63.861923
63.693973
63.442634
63.441116
63.441116
63.441116
63.441116
63.441116
63.441116
63.441116
63.305846
63.219637
63.206492
63.206492
62.831869
62.513161
62.513161
62.513161
62.311266
61.012190
61.012190
60.968457
60.932003
60.932003
60.932003
60.932003
60.317337
60.125427
60.125427
60.125427
60.125427
60.119792
60.119792
59.857910
59.857910
59.857910
59.857910
59.857910
59.857910
59.857910
59.857910
59.755228
59.484817
59.172524
59.172524
59.172524
59.172524
59.172524
59.172524
59.172524
59.172524
59.017126
59.017126
59.017126
59.017126
59.017126
59.017126
58.884834
58.805141
58.805141
58.805141
58.028300
57.992945
57.992945
57.992945
57.883206
57.102830
57.102830
57.102633
56.931026
56.931026
56.878242
56.566798
56.566798
56.566798
56.566798
56.566798
56.566798
56.566798
56.566798
56.286375
56.286375
56.085913
56.085913
56.067388
56.067388
56.067388
56.067388
56.056432
56.056432
56.056432
55.834978
55.834978
55.834978
55.834978
55.761911
55.634175
55.084090
55.084090
55.079796
54.756657
54.599890
54.451165
54.451165
54.451165
54.451165
54.451165
54.451165
54.451165
54.451165
54.451165
54.451165
54.229446
54.229446
54.229446
54.092620
54.092620
53.980869
53.980869
53.980869
53.980869
53.954017
53.954017
53.954017
53.954017
53.827119
53.827119
53.827119
53.827119
53.631819
53.631819
53.631819
53.631819
53.631819
53.631819
53.598382
53.487751
53.487751
53.454710
53.339715
52.884013
52.884013
52.884013
52.884013
52.344798
52.344798
51.844437
51.844437
51.840687
51.801000
51.617410
51.617410
51.617410
51.302477
51.302477
51.302477
51.302477
51.302477
51.178040
51.132999
51.132999
51.088599
50.726102
50.726102
50.726102
50.726102
50.726102
50.726102
50.726102
50.579033
50.187115
50.187115
50.155371
49.647746
49.647746
49.332183
49.065387
49.001709
48.828304
48.828304
48.828304
48.828304
48.828304
48.828304
48.828304
48.817041
48.805669
48.805669
48.791270
48.742532
48.742532
48.571446
48.571446
48.528746
48.528746
48.528746
48.528746
48.528746
48.528746
48.489717
48.489717
48.284870
48.284870
48.239724
48.217959
48.217959
48.217959
48.217959
48.217959
48.213284
48.197582
48.138795
47.961771
47.943167
47.943167
47.943167
47.943167
47.943167
47.801861
47.801861
47.801861
47.746769
47.746769
47.734176
47.734176
47.734176
47.734176
47.734176
47.734176
47.631905
47.521823
47.446621
47.446621
47.446621
47.446621
47.446621
47.446621
46.998558
46.848263
46.807610
46.807610
46.340154
46.340154
46.340154
45.631321
45.631321
45.570381
45.570381
45.570381
45.570381
45.509299
45.230523
45.230523
45.230523
45.230523
45.230523
45.230523
45.188344
45.188344
45.180825
45.159317
44.781163
44.781163
44.781163
44.636833
44.636833
44.636833
44.636833
44.636833
44.636833
44.636833
43.932745
43.932745
43.834368
43.412852
43.412852
43.298763
43.298763
43.102520
43.101059
43.101059
42.936424
42.924360
42.924360
42.924360
42.846051
42.846051
42.846051
42.846051
42.332650
42.332650
42.065302
42.065302
42.049667
42.049667
42.007442
41.863433
41.863433
41.863433
41.863433
41.863433
41.768099
41.509325
41.509325
41.509325
41.466656
41.463086
41.368543
41.348473
41.222446
41.222446
41.222446
41.202968
41.202968
41.161804
41.161804
41.047675
41.047675
41.047675
41.037527
41.037527
41.037527
41.027521
41.027521
41.027521
41.027521
41.027521
41.027521
40.986650
40.945871
40.913562
40.794038
40.794038
40.794038
40.794038
40.794038
40.794038
40.659726
40.640188
40.560818
40.317183
39.628360
39.628360
39.628360
39.628360
39.554360
39.554360
39.340100
39.340100
39.340100
39.340100
39.243659
39.243659
39.243659
39.243659
39.156979
39.126530
39.114709
39.114709
39.008599
38.646896
38.646896
38.419748
38.227620
38.156379
38.156379
37.832467
37.832467
37.832467
36.584612
36.584612
36.584612
36.584612
36.584612
36.584612
36.573358
36.393602
36.393602
36.318994
36.318994
36.265494
36.265494
36.265494
36.265494
36.250656
36.238442
36.238442
36.139787
36.139787
36.139787
36.078505
36.061290
35.739992
35.714315
35.684232
35.684232
35.684232
35.465425
35.465425
35.442783
35.442783
35.442783
35.442783
35.196392
34.985186
34.536238
34.322142
34.322142
34.216661
34.216661
34.216661
34.216661
34.052927
34.052927
33.799126
33.799126
33.799126
33.799126
33.764595
33.764595
33.764595
33.612445
33.612445
33.449254
33.449254
33.449254
33.449254
33.449254
33.138708
33.059632
33.059632
33.056180
32.993142
32.960567
32.960567
32.731168
32.731168
32.712538
32.712538
32.712538
32.712538
32.712538
32.626812
32.626812
32.626812
32.549900
32.430049
32.430049
32.430049
32.430049
32.356426
32.356426
32.356426
32.340424
31.992281
31.992281
31.992281
31.797316
31.797316
31.797316
31.796297
31.796297
31.787342
31.787342
31.787342
31.787342
31.787342
31.430795
31.247221
30.980271
30.980271
30.980271
30.980271
30.980271
30.980271
30.980271
30.980271
30.797263
30.797263
30.797263
30.797263
30.710944
30.368628
30.368628
30.368628
30.368628
30.368628
30.368628
30.368628
30.368628
30.368628
30.368628
30.368628
30.368628
30.368628
30.009216
30.009216
29.997794
29.997794
29.989582
29.434258
29.434258
29.420755
29.420755
29.406164
29.406164
29.406164
29.406164
29.406164
29.406164
29.310918
29.310918
29.300472
29.300472
29.244493
29.001983
29.001983
29.001983
29.001983
29.001983
28.621835
28.621835
28.621835
28.620751
28.615011
28.615011
28.539486
28.539486
28.539486
28.539486
28.534085
28.534085
28.534085
28.534085
28.534085
28.534085
28.534085
28.534085
28.534085
28.534085
28.522561
28.403764
28.403764
28.403764
28.400052
28.400052
28.333947
28.333947
28.333947
28.333947
28.311160
28.249473
28.159726
28.065708
28.065708
28.064192
28.056947
28.020800
28.020800
28.020800
28.020800
28.020800
28.020800
28.020800
27.862620
27.840353
27.840353
27.840353
27.818721
27.688045
27.688045
27.628370
27.515736
27.394674
27.272480
27.159000
27.155217
27.032663
26.519042
26.519042
26.519042
26.495127
26.495127
26.242347
26.242347
26.242347
26.242347
26.242347
26.242347
26.242347
26.242347
26.242347
26.242347
26.242347
26.208091
26.208091
26.175973
26.175973
26.175973
26.062897
26.062897
26.057674
26.057674
26.057674
25.895067
25.667200
25.655942
25.655942
25.454828
25.449292
25.449292
25.426048
25.426048
25.202538
25.202538
25.186475
25.186475
25.172747
25.172747
25.172747
25.172747
25.172747
25.153857
25.013184
24.989112
24.989112
24.959325
24.890238
24.890238
24.773508
24.773508
24.773508
24.773508
24.655463
24.655463
24.364820
24.359001
24.337994
24.337994
24.160996
24.156052
24.156052
24.156052
24.127163
24.100163
23.779464
23.779464
23.779464
23.779464
23.779464
23.707790
23.705954
23.705954
23.705954
23.705954
23.510363
23.510363
23.510363
23.510363
23.510363
23.510363
23.510363
23.510363
23.510363
23.468527
23.468527
23.468527
23.468527
23.468527
23.434662
23.400887
23.400887
23.400887
23.400887
23.400887
23.284167
23.284167
23.284167
23.284167
23.284167
23.249450
22.942342
22.939673
22.939673
22.939673
22.938286
22.936679
22.936679
22.936679
22.778482
22.778482
22.778482
22.778482
21.975789
21.686565
21.686084
21.506365
21.506365
21.504156
21.169938
21.164767
21.164767
21.164767
21.164767
21.164767
21.119647
21.119647
21.119647
21.068864
21.068864
21.008758
21.008758
21.005953
21.005953
20.965223
20.965223
20.933742
20.933742
20.933742
20.933742
20.933742
20.933742
20.933742
20.929917
20.929917
20.929917
20.929917
20.892808
20.669515
20.669515
20.669515
20.669515
20.479509
20.479509
20.479509
20.479509
20.479509
20.477068
20.402699
20.402699
20.400920
20.400920
20.400920
20.387455
20.384514
20.384514
20.384514
20.384514
20.345877
20.302818
20.302818
20.251975
20.251494
20.251494
20.160201
19.953651
19.953651
19.953651
19.953651
19.950531
19.931914
19.781610
19.764267
19.758565
19.758565
19.758565
19.756898
19.756898
19.756898
19.711899
19.657950
19.657950
19.657950
19.657950
19.657950
19.657950
19.657950
19.657950
19.657950
19.657950
19.657950
19.426180
19.275969
19.275969
19.275969
19.241086
19.216396
19.216396
19.216396
19.216396
19.216396
19.216396
19.216396
19.216396
19.195412
19.195412
19.155827
19.155827
19.119100
19.095228
19.048209
19.028697
19.028697
19.012388
18.942536
18.942536
18.647043
18.647043
18.647043
18.647043
18.635550
18.635550
18.635550
18.561300
18.561300
18.561300
18.461551
18.461551
17.959131
17.940931
17.919270
17.919270
17.919270
17.908764
17.904775
17.904775
17.904775
17.904775
17.904631
17.904631
17.904631
17.904631
17.904631
17.904631
17.709777
17.709777
17.709777
17.709777
17.709777
17.709777
17.709777
17.705216
17.705216
17.702746
17.702746
17.428750
17.428750
17.428750
17.428750
17.401092
17.401092
17.401092
17.401092
17.401092
17.401092
17.350725
17.350725
17.310162
17.310162
17.310018
17.310018
17.235522
17.231313
17.231313
17.112584
17.112584
17.112584
17.101350
17.015310
16.882063
16.882063
16.882063
16.790593
16.790593
16.790593
16.775879
16.637458
16.551308
16.551308
16.428535
16.428535
16.383170
16.337155
16.337155
16.337155
16.317089
16.228249
16.228249
16.228249
16.228249
16.228249
16.223535
16.113098
15.848319
15.848319
15.848319
15.848319
15.822332
15.822332
15.788069
15.788069
15.456374
15.456374
15.456374
15.383153
15.383153
15.383153
15.383153
15.373719
15.373719
15.277669
15.236124
15.078264
15.078264
15.061420
15.061420
15.061420
14.967196
14.922191
14.922191
14.922191
14.922191
14.911819
14.911819
14.911819
14.911819
14.911819
14.881650
14.830944
14.792167
14.779675
14.779675
14.777868
14.777868
14.763974
14.763974
14.758158
14.758158
14.758158
14.740570
14.637729
14.637729
14.637729
14.637729
14.637729
14.637729
14.503677
14.503677
14.478363
14.444656
14.231009
14.229150
14.229150
14.229150
14.229150
14.099178
14.086746
14.086746
14.046540
14.046540
14.046540
14.046540
14.046540
14.046540
14.046540
14.046540
14.046540
14.046540
14.035296
14.035296
14.020143
14.020143
14.020143
14.003401
13.682948
13.682948
13.648126
13.648126
13.648126
13.648126
13.648126
13.638613
13.638613
13.638613
13.638613
13.632182
13.632182
13.632182
13.459459
13.459459
13.459459
13.459459
13.459459
13.459459
13.459459
13.457224
13.457224
13.457224
13.457224
13.457224
13.457224
13.457224
13.419710
13.419710
13.419710
13.419710
13.419710
13.393410
13.393410
13.393410
13.393410
13.339617
13.339617
13.328732
13.328732
13.243986
13.151543
13.117403
13.117403
13.074943
12.953008
12.953008
12.919684
12.582284
12.582284
12.582284
12.514352
12.470241
12.470241
12.470241
12.413634
12.413634
12.277518
12.213971
12.213971
12.213971
12.213971
12.182651
12.182651
12.182651
12.182651
12.182651
12.182651
12.182651
12.182651
12.115632
12.115632
12.115632
12.107056
12.107056
12.107056
12.107056
12.107056
12.107056
12.107056
12.107056
12.107056
12.081080
12.081080
12.081080
12.081080
12.081080
12.081080
12.081080
12.081080
12.081080
12.081080
12.069849
12.008747
12.008747
12.008747
12.008747
12.008747
11.980067
11.980067
11.980067
11.955158
11.955158
11.955158
11.817733
11.817733
11.817733
11.599135
11.599135
11.599135
11.599135
11.599135
11.599135
11.599135
11.598211
11.598211
11.598211
11.598211
11.598211
11.598211
11.598211
11.598211
11.598211
11.598211
11.598211
11.598211
11.598211
11.598211
11.598211
11.565345
11.565345
11.563278
11.563278
11.563278
11.563278
11.552065
11.512070
11.512070
11.512070
11.491311
11.491311
11.479457
11.479457
11.346868
11.346868
11.345391
11.343285
11.343285
11.343285
11.343285
11.343285
11.343285
11.343285
11.343285
10.991975
10.991975
10.858866
10.822875
10.822746
10.804910
10.804910
10.804910
10.804910
10.804910
10.804910
10.804910
10.804910
10.804910
10.804910
10.700790
10.700790
10.700790
10.700790
10.536660
10.536660
10.536660
10.536660
10.360941
10.316979
10.316979
10.316979
10.297022
10.275085
10.275085
10.237039
10.232613
10.232613
10.232613
10.232613
10.206971
10.206971
10.206971
10.206971
10.053504
10.053504
10.053504
10.030730
10.030730
10.030730
9.978213
9.978084
9.978084
9.978084
9.978084
9.969311
9.890105
9.889271
9.889271
9.889271
9.889271
9.889271
9.889271
9.889271
9.888165
9.888165
9.882166
9.882166
9.882166
9.882166
9.882166
9.856416
9.856416
9.856416
9.856416
9.856416
9.856416
9.854723
9.787378
9.787378
9.721818
9.721818
9.721818
9.721818
9.721818
9.721818
9.409364
9.409364
9.409364
9.403529
9.403529
9.403529
9.403529
9.403529
9.392299
9.392299
9.227047
9.227047
9.227047
9.227047
9.157409
9.157409
9.058805
9.058805
9.058805
9.032171
8.991368
8.966642
8.966642
8.966642
8.966642
8.965693
8.965693
8.964342
8.964342
8.943311
8.943311
8.943311
8.943311
8.943311
8.943311
8.943311
8.943311
8.943311
8.943311
8.943311
8.906305
8.906305
8.906305
8.884644
8.827800
8.827800
8.827800
8.827800
8.827800
8.815088
8.815088
8.798693
8.798693
8.798693
8.798693
8.776396
8.731905
8.636845
8.636845
8.595727
8.595727
8.595727
8.595727
8.595727
8.595727
8.595727
8.485733
8.485733
8.485733
8.483084
8.393036
8.179539
8.179539
8.179539
8.179539
8.179539
8.149395
8.149395
8.149395
8.149395
8.066610
8.013665
8.013665
8.013665
8.012189
8.012189
8.012189
8.007548
7.985035
7.985035
7.974760
7.974760
7.974760
7.974760
7.974760
7.953037
7.953037
7.926044
7.926044
7.717522
7.691862
7.691862
7.691862
7.691862
7.691862
7.680493
7.478837
7.478837
7.478837
7.478837
7.478837
7.470832
7.470832
7.470832
7.470832
7.470832
7.470832
7.470832
7.470832
7.470832
7.470832
7.470832
7.470832
7.470832
7.470832
7.393459
7.393459
7.393459
7.393459
7.393459
7.393459
7.393459
7.363609
7.363609
7.363609
7.363609
7.363609
7.363609
7.363609
7.363609
7.363609
7.363609
7.363609
7.363609
7.363609
7.363609
7.363609
7.363609
7.358375
7.358375
7.261627
7.261627
7.261627
7.197617
7.197617
7.197617
7.197617
7.197617
7.197617
7.197617
7.197617
7.196272
7.196272
7.196272
7.184499
7.184499
7.184499
7.184499
7.184486
7.170354
7.170354
7.170354
7.170354
6.959356
6.959356
6.959356
6.959356
6.959356
6.959356
6.959356
6.915227
6.915227
6.915227
6.869532
6.869532
6.869532
6.869532
6.869532
6.849460
6.849460
6.849460
6.824887
6.824887
6.824887
6.776339
6.776339
6.776339
6.776339
6.756418
6.756418
6.756418
6.756418
6.756418
6.718965
6.718965
6.699890
6.699890
6.699890
6.687483
6.687483
6.687483
6.687483
6.687483
6.682882
6.682882
6.682882
6.682882
6.682066
6.682066
6.682066
6.682066
6.682066
6.682066
6.682066
6.682066
6.682066
6.682066
6.669729
6.669729
6.669729
6.669729
6.669729
6.669729
6.669729
6.669729
6.669729
6.669729
6.669729
6.669729
6.668925
6.668925
6.668925
6.668925
6.668925
6.668925
6.668925
6.668925
6.668925
6.668925
6.668925
6.668925
6.668925
6.635508
6.635508
6.635508
6.635508
6.635508
6.635508
6.635508
6.635508
6.635508
6.635508
6.577313
6.575015
6.555458
6.555458
6.555458
6.555458
6.555458
6.555458
6.555458
6.555458
6.555458
6.555458
6.555458
6.555458
6.555406
6.555406
6.551625
6.542134
6.542134
6.542134
6.532101
6.532101
6.532100
6.532100
6.532100
6.521906
6.521906
6.519702
6.519702
6.519702
6.518627
6.518627
6.518627
6.518627
6.518627
6.518627
6.518627
6.502226
6.502226
6.455652
6.455652
6.455652
6.455652
6.441616
6.441616
6.441616
6.436930
6.434449
6.434449
6.434449
6.434449
6.434449
6.433647
6.412039
6.412039
6.412039
6.412039
6.412039
6.412039
6.412039
6.412039
6.412039
6.357288
6.357288
6.357288
6.357288
6.357288
6.355270
6.355270
6.355270
6.355270
6.355270
6.355270
6.355270
6.355270
6.355270
6.355270
6.338474
6.338474
6.338474
6.338474
6.338474
6.338474
6.338474
6.338474
6.338474
6.338474
6.338474
6.338474
6.338474
6.338474
6.338473
6.269964
6.269964
6.269964
6.269964
6.263184
6.263184
6.263184
6.263184
6.261675
6.261675
6.261675
6.224017
6.224017
6.224017
6.224017
6.142297
6.142297
6.142297
6.142297
6.142297
6.142297
6.142297
6.135899
6.135899
6.135899
6.135899
6.135899
6.104005
6.104005
6.104005
5.907601
5.907601
5.907601
5.907601
5.907601
5.907601
5.907601
5.907601
5.885313
5.885313
5.885313
5.878508
5.878508
5.878508
5.878508
5.872681
5.872681
5.872681
5.872681
5.872681
5.872681
5.872681
5.872681
5.730448
5.730448
5.730448
5.730448
5.659207
5.659207
5.659207
5.659207
5.659207
5.659207
5.640859
5.637409
5.634336
5.634336
5.634336
5.630623
5.624794
5.624794
5.624794
5.624794
5.617974
5.617974
5.617974
5.617974
5.617974
5.617974
5.617974
5.617974
5.617974
5.617974
5.594898
5.594898
5.594898
5.594898
5.594898
5.594898
5.594898
5.594898
5.594898
5.594898
5.594898
5.594898
5.594898
5.594898
5.594898
5.594898
5.478335
5.478335
5.478335
5.413586
5.413586
5.413586
5.413586
5.413586
5.391761
5.391761
5.391761
5.391761
5.391761
5.391761
5.391761
5.378137
5.377179
5.377179
5.377179
5.377179
5.377179
5.353854
5.353854
5.352864
5.352864
5.352864
5.334993
5.334993
5.334993
5.334993
5.334993
5.334993
5.334993
5.304497
5.297972
5.297972
5.297972
5.257478
5.257478
5.257478
5.257478
5.257478
5.257478
5.245455
5.245455
5.245455
5.245455
5.245455
5.245455
5.245455
5.245455
5.245455
5.245455
5.209538
5.209538
5.209538
5.209538
5.209538
5.208927
5.208927
5.208927
5.208927
5.208927
5.208927
5.208927
5.208927
5.208927
5.208927
5.208927
5.208927
5.208927
5.208927
5.208927
5.208927
5.208927
5.208927
5.208927
5.187749
5.187749
5.187749
5.187749
5.173121
5.169721
5.169721
5.169721
5.169721
5.168929
5.166829
5.166829
5.166829
5.166829
5.166829
5.166829
5.166829
5.166829
5.166829
5.166829
5.122532
5.122532
5.122532
5.122532
5.122532
5.122532
5.122532
5.122532
5.122532
5.122532
5.122532
5.030249
5.030249
5.029158
5.029158
5.018264
5.018264
4.898066
4.898066
4.881114
4.881114
4.881114
4.881114
4.881114
4.881114
4.881114
4.872345
4.872345
4.872345
4.872345
4.872345
4.865197
4.865197
4.864334
4.864334
4.864334
4.864334
4.864334
4.864334
4.864334
4.864334
4.864334
4.864334
4.864334
4.864334
4.864334
4.864334
4.864334
4.864334
4.864334
4.862986
4.862986
4.862986
4.862986
4.862986
4.862986
4.862986
4.862986
4.862986
4.862986
4.862986
4.843410
4.843410
4.843410
4.843410
4.843410
4.843410
4.843410
4.843410
4.843410
4.843225
4.843225
4.840802
4.840802
4.840802
4.840802
4.840802
4.840802
4.840802
4.840802
4.840802
4.840275
4.840275
4.840275
4.840275
4.840275
4.839518
4.839518
4.839518
4.839518
4.839518
4.839518
4.839518
4.839518
4.839518
4.837177
4.837177
4.837177
4.837177
4.837177
4.837177
4.837177
4.837177
4.816734
4.816734
4.816734
4.816734
4.816734
4.816734
4.816734
4.816734
4.816734
4.816734
4.816734
4.815556
4.815556
4.815387
4.815387
4.798724
4.701399
4.701399
4.701399
4.701399
4.701399
4.701399
4.701399
4.701399
4.701399
4.701399
4.660085
4.660085
4.660085
4.660085
4.653585
4.653585
4.653585
4.653585
4.653585
4.653585
4.653585
4.653585
4.633922
4.633428
4.633428
4.633428
4.633428
4.632782
4.632753
4.631520
4.608247
4.608247
4.608247
4.602629
4.602629
4.602629
4.602629
4.602629
4.602629
4.602629
4.600517
4.600517
4.600517
4.600517
4.599960
4.599960
4.599960
4.599960
4.599960
4.599960
4.599960
4.599960
4.599960
4.599960
4.599960
4.599960
4.589475
4.589475
4.567087
4.567087
4.567087
4.567087
4.567087
4.567087
4.567087
4.567087
4.567087
4.567087
4.549566
4.549566
4.549566
4.549566
4.549566
4.549566
4.549566
4.549566
4.549566
4.549566
4.549566
4.549566
4.549566
4.549566
4.549566
4.549566
4.549566
4.548792
4.544148
4.544148
4.544148
4.543559
4.543559
4.543559
4.543559
4.543559
4.537156
4.537156
4.537156
4.537156
4.537133
4.537133
4.537133
4.537133
4.537133
4.537133
4.537133
4.537133
4.537133
4.489558
4.485904
4.319637
4.319637
4.319268
4.319268
4.318772
4.318772
4.318772
4.268025
4.268025
4.268025
4.268025
4.268025
4.268025
4.268025
4.220160
4.220160
4.220160
4.220160
4.220160
4.220160
4.220160
4.220160
4.209041
4.129218
4.129218
4.129218
4.129218
4.129218
4.129218
4.129218
4.110865
4.110865
4.110865
4.012316
4.012316
4.012316
4.012316
4.012316
3.980635
3.980635
3.973120
3.973120
3.973120
3.973120
3.973120
3.973120
3.972355
3.972355
3.972355
3.972355
3.972355
3.969490
3.969490
3.969490
3.969285
3.969285
3.914795
3.914795
3.914795
3.914795
3.840351
3.831884
3.831884
3.831884
3.831884
3.831884
3.831884
3.831884
3.831884
3.831884
3.831884
3.831884
3.831884
3.831884
3.831884
3.831884
3.829047
3.829047
3.829047
3.829047
3.818684
3.761026
3.761026
3.759806
3.759806
3.758514
3.758514
3.755585
3.755585
3.755585
3.755585
3.755585
3.755585
3.755585
3.755585
3.745803
3.745803
3.745803
3.736426
3.736426
3.736426
3.736426
3.736426
3.736426
3.736426
3.736426
3.736426
3.736426
3.736426
3.736426
3.736426
3.736426
3.736426
3.736426
3.736426
3.736426
3.736426
3.736426
3.736426
3.736426
3.736426
3.731609
3.731609
3.731609
3.731609
3.731609
3.731609
3.731609
3.721656
3.721656
3.721656
3.721656
3.721656
3.721656
3.721656
3.721656
3.721656
3.721656
3.721656
3.721656
3.721656
3.721656
3.721656
3.720549
3.720549
3.720549
3.720549
3.720549
3.720549
3.720549
3.720549
3.720549
3.719893
3.718398
3.689641
3.689249
3.679130
3.679130
3.670076
3.670076
3.670076
3.664054
3.664054
3.664054
3.664054
3.664054
3.664054
3.648318
3.648318
3.648281
3.648281
3.648196
3.648196
3.648196
3.648196
3.648196
3.648196
3.648196
3.645965
3.645965
3.645965
3.645965
3.645965
3.645965
3.645965
3.645965
3.611010
3.611010
3.611010
3.611010
3.611010
3.611010
3.611010
3.541228
3.541228
3.541228
3.541228
3.541228
3.541228
3.540048
3.540048
3.535734
3.535734
3.535734
3.535734
3.535734
3.535734
3.535734
3.535734
3.535734
3.535734
3.535734
3.535734
3.535734
3.535734
3.535734
3.535734
3.535734
3.535734
3.535734
3.535734
3.535734
3.483735
3.483735
3.483735
3.483735
3.483735
3.483735
3.483735
3.483735
3.483735
3.483735
3.477222
3.474075
3.474075
3.474075
3.474075
3.474075
3.474075
3.474075
3.474075
3.462518
3.462518
3.462518
3.462518
3.462518
3.462518
3.462518
3.462518
3.438643
3.438643
3.438643
3.438643
3.438643
3.438643
3.438643
3.438643
3.438643
3.438565
3.438565
3.438565
3.438565
3.438545
3.438545
3.438545
3.438545
3.438545
3.438545
3.438545
3.438545
3.438545
3.438545
3.438545
3.438545
3.438545
3.427773
3.427773
3.427773
3.427773
3.407633
3.407633
3.407633
3.389691
3.389691
3.389691
3.389691
3.389691
3.389691
3.389691
3.389691
3.389691
3.389691
3.389691
3.389691
3.362920
3.362920
3.362920
3.362920
3.362920
3.362920
3.362920
3.362920
3.362920
3.362920
3.362920
3.362920
3.362920
3.362920
3.362920
3.362920
3.362920
3.362920
3.362920
3.362920
3.362920
3.362920
3.359666
3.359666
3.359666
3.358214
3.353303
3.353303
3.353303
3.353303
3.353303
3.316084
3.316084
3.316084
3.314359
3.314359
3.314359
3.314359
3.314359
3.314359
3.314359
3.314359
3.314359
3.314359
3.313586
3.313586
3.313586
3.313586
3.313586
3.311095
3.311095
3.311095
3.311095
3.311095
3.264337
3.264337
3.264337
3.264337
3.256114
3.256114
3.240958
3.231047
3.231047
3.226539
3.226539
3.226539
3.226539
3.226539
3.226539
3.226539
3.226539
3.226539
3.226539
3.226539
3.226539
3.208274
3.208274
3.208274
3.208274
3.208274
3.208274
3.208274
3.208274
3.208274
3.208274
3.145078
3.138432
3.138432
3.138432
3.138432
3.138432
3.116011
3.116011
3.116011
3.116011
3.106045
3.104358
3.104056
3.104056
3.104056
3.104056
3.104047
3.104047
3.104047
3.104047
3.104047
3.104047
3.104047
3.104047
3.104047
3.104047
3.104047
3.104047
3.104047
3.102994
3.069665
3.066423
3.066423
3.066423
3.066423
3.066423
3.066423
3.066423
3.066423
3.066423
3.066423
3.066423
3.066423
3.066423
3.066401
3.066401
3.066401
3.066401
3.066401
3.066401
3.066401
3.066401
3.066401
3.066401
3.066401
3.052552
3.052552
3.052552
3.052552
3.052552
3.052552
3.052552
3.052552
3.032130
3.032130
3.032130
3.032130
3.032130
3.032130
3.032130
3.032130
3.032130
3.032130
3.032130
3.032130
3.032130
3.032130
3.032130
3.029179
3.029179
3.028469
3.028469
3.028469
3.028469
3.028469
3.028469
3.028469
3.028469
3.028469
3.028469
3.028469
3.028469
3.007301
3.007301
3.007301
3.007301
3.007193
3.007193
3.007193
3.007193
3.007193
3.007193
3.005066
3.004898
3.004898
3.001764
3.001764
3.001764
3.001764
3.001764
3.001764
3.001764
3.001764
3.001764
3.001764
3.001764
2.996429
2.996429
2.996429
2.996429
2.996429
2.996429
2.996429
2.996429
2.996429
2.996429
2.996429
2.996429
2.996429
2.996429
2.996429
2.996429
2.996429
2.996429
2.996429
2.996429
2.996429
2.996429
2.996429
2.996429
2.996429
2.996429
2.996429
2.996429
2.996429
2.987337
2.987337
2.987337
2.987337
2.987337
2.987337
2.987337
2.987337
2.987337
2.987337
2.987337
2.987337
2.987337
2.987337
2.987337
2.987337
2.987337
2.987337
2.987337
2.987337
2.987337
2.987337
2.987337
2.987337
2.987337
2.987337
2.987337
2.987337
2.917433
2.917433
2.917433
2.917433
2.917433
2.917433
2.917433
2.917433
2.917433
2.917433
2.917433
2.917433
2.917433
2.916810
2.916810
2.916810
2.916810
2.914180
2.893824
2.893824
2.893824
2.893824
2.893824
2.893540
2.893540
2.887720
2.887720
2.887720
2.887720
2.855941
2.855941
2.855941
2.855941
2.855941
2.855941
2.855941
2.855941
2.855941
2.855941
2.855941
2.855941
2.853316
2.853316
2.853316
2.853316
2.853316
2.853316
2.842251
2.842251
2.842251
2.842251
2.842251
2.842251
2.834956
2.834956
2.834956
2.834956
2.834956
2.834956
2.834956
2.834956
2.834956
2.834956
2.834956
2.834956
2.834956
2.834956
2.834956
2.834956
2.834956
2.834956
2.833108
2.833108
2.833108
2.833108
2.833108
2.833108
2.833108
2.832616
2.832616
2.832616
2.832616
2.832616
2.832616
2.832616
2.832616
2.832616
2.832616
2.832616
2.832616
2.832616
2.832616
2.832616
2.832616
2.832616
2.832616
2.832616
2.831129
2.831129
2.831129
2.831129
2.831129
2.831129
2.831129
2.831129
2.831129
2.831129
2.831129
2.831129
2.831129
2.831129
2.831129
2.831129
2.831129
2.831129
2.831129
2.831129
2.831129
2.830923
2.830923
2.830923
2.830923
2.830923
2.830923
2.830923
2.830923
2.830923
2.830923
2.824716
2.824716
2.824716
2.824716
2.824716
2.824716
2.816117
2.816117
2.816117
2.816117
2.816117
2.814952
2.814952
2.814952
2.814952
2.776629
2.776629
2.776629
2.776629
2.776629
2.776629
2.776629
2.776629
2.776629
2.776629
2.776611
2.776611
2.776611
2.776611
2.776611
2.776611
2.776611
2.776611
2.776611
2.776611
2.776611
2.776611
2.774754
2.774754
2.774754
2.774754
2.774754
2.774754
2.773926
2.773926
2.773926
2.773926
2.773926
2.773926
2.773926
2.773926
2.773926
2.773926
2.773926
2.773926
2.773926
2.773926
2.773926
2.773926
2.773926
2.757877
2.748850
2.748850
2.748850
2.748850
2.732660
2.732660
2.732660
2.732660
2.729577
2.729577
2.729577
2.729577
2.729577
2.729577
2.729577
2.728138
2.728138
2.728138
2.728138
2.728138
2.728138
2.728138
2.728138
2.727574
2.727574
2.727574
2.727574
2.727574
2.727574
2.727574
2.727574
2.727574
2.727574
2.727574
2.725447
2.725447
2.725447
2.725447
2.725447
2.711531
2.711531
2.711531
2.711531
2.711531
2.711531
2.711531
2.711531
2.711531
2.711531
2.711531
2.711531
2.711531
2.711531
2.640675
2.640675
2.640675
2.640675
2.640675
2.640675
2.640675
2.640675
2.640675
2.640675
2.636704
2.636704
2.636704
2.636704
2.636704
2.636704
2.636704
2.636704
2.636704
2.636142
2.636142
2.636142
2.636142
2.636142
2.636142
2.636142
2.636142
2.636142
2.636142
2.636142
2.636142
2.635188
2.635188
2.635188
2.634017
2.634017
2.601124
2.601124
2.601124
2.601124
2.601124
2.601124
2.601124
2.601124
2.601124
2.599439
2.599439
2.599439
2.599439
2.599439
2.599439
2.599439
2.599439
2.599439
2.599439
2.599439
2.599439
2.599439
2.599439
2.594918
2.594918
2.594918
2.594918
2.594918
2.594918
2.594918
2.594918
2.594918
2.594918
2.594918
2.594918
2.584473
2.584473
2.584473
2.584473
2.584473
2.584473
2.584473
2.584473
2.584473
2.584473
2.584473
2.584473
2.584473
2.584473
2.584473
2.584473
2.584473
2.584473
2.584473
2.584473
2.584473
2.584473
2.584473
2.584473
2.584473
2.584473
2.584100
2.583126
2.583126
2.583126
2.583126
2.583126
2.583126
2.583126
2.583126
2.583126
2.583126
2.583126
2.583126
2.583126
2.583126
2.583126
2.583126
2.583126
2.583126
2.583126
2.528238
2.528238
2.528238
2.528238
2.528238
2.528238
2.528238
2.528238
2.528238
2.528238
2.527108
2.527108
2.527108
2.527108
2.527108
2.527108
2.527108
2.527108
2.527108
2.527108
2.527108
2.527108
2.527108
2.527108
2.527108
2.527108
2.525130
2.525130
2.525130
2.525130
2.525130
2.525130
2.525130
2.525130
2.515004
2.515004
2.515004
2.515004
2.515004
2.515004
2.515004
2.515004
2.515004
2.515004
2.515004
2.515004
2.515004
2.515004
2.515004
2.510155
2.510155
2.510155
2.510155
2.510155
2.505568
2.505568
2.469909
2.469909
2.469909
2.467421
2.467421
2.467421
2.467421
2.467421
2.465342
2.462137
2.462137
2.449099
2.449099
2.449099
2.449099
2.449099
2.449099
2.449099
2.449099
2.449099
2.449099
2.449099
2.449099
2.449099
2.449099
2.449099
2.449099
2.449099
2.449099
2.449099
2.449099
2.449099
2.449099
2.438242
2.438242
2.438242
2.438242
2.438242
2.438242
2.438242
2.438242
2.438242
2.438242
2.438242
2.438242
2.438242
2.438242
2.438242
2.438242
2.438242
2.438242
2.438242
2.438242
2.438242
2.438242
2.438242
2.438242
2.438242
2.438242
2.438242
2.434407
2.434407
2.434407
2.434407
2.434407
2.434407
2.434407
2.434407
2.434407
2.434407
2.434407
2.434407
2.434407
2.434407
2.434407
2.434407
2.434407
2.434407
2.434407
2.434407
2.434407
2.434407
2.434407
2.434407
2.434407
2.434404
2.433296
2.433296
2.433296
2.433296
2.433296
2.433296
2.433296
2.433296
2.433296
2.433296
2.433296
2.431239
2.431239
2.431239
2.431239
2.431239
2.431239
2.430758
2.430758
2.420361
2.420361
2.420361
2.420361
2.420361
2.420361
2.420361
2.420361
2.419525
2.419525
2.419525
2.419525
2.405458
2.405458
2.405458
2.405458
2.405458
2.374991
2.374991
2.374991
2.374991
2.374991
2.327694
2.327694
2.323876
2.323876
2.323876
2.323876
2.323876
2.323876
2.323405
2.323405
2.323405
2.323405
2.323405
2.323405
2.323405
2.323405
2.323405
2.323405
2.323405
2.323405
2.323405
2.323405
2.323405
2.323405
2.323405
2.323405
2.323405
2.323405
2.323405
2.323405
2.317127
2.317127
2.317127
2.317127
2.317127
2.317127
2.317127
2.317127
2.317127
2.317127
2.317127
2.317127
2.317127
2.317127
2.317127
2.317127
2.317127
2.315984
2.315984
2.315984
2.315984
2.315984
2.315984
2.315984
2.315984
2.315984
2.258674
2.258674
2.258674
2.258674
2.258674
2.258284
2.258284
2.258284
2.258273
2.258273
2.258273
2.258273
2.220241
2.220241
2.220241
2.220241
2.220241
2.220241
2.220241
2.220241
2.220241
2.220241
2.220241
2.220241
2.220241
2.220241
2.220241
2.220241
2.220241
2.215490
2.215490
2.213332
2.213332
2.213332
2.213332
2.213299
2.213299
2.213299
2.213299
2.213299
2.212689
2.212689
2.212689
2.212689
2.212689
2.212689
2.212689
2.212689
2.212689
2.212689
2.212689
2.212689
2.212689
2.212689
2.212689
2.212689
2.212689
2.212689
2.212446
2.212446
2.211782
2.211782
2.211782
2.206502
2.206502
2.206502
2.172454
2.172454
2.172454
2.172454
2.172454
2.172454
2.172454
2.172454
2.172454
2.172454
2.172454
2.172454
2.172454
2.172454
2.125679
2.125679
2.125679
2.125679
2.125679
2.125679
2.125679
2.125679
2.125679
2.121509
2.121509
2.121509
2.121509
2.121509
2.121509
2.121509
2.121509
2.121509
2.092010
2.092010
2.068012
2.068012
2.068012
2.049929
2.049929
2.049929
2.046031
2.046031
2.045342
2.045342
2.045342
2.038005
2.038005
2.038005
2.038005
2.038005
2.038005
2.038005
2.038005
2.038005
2.037770
2.037770
2.037770
2.037770
2.037770
2.037770
2.028683
2.028683
1.989219
1.989219
1.989219
1.989219
1.989219
1.989219
1.935953
1.935953
1.935953
1.922243
1.922243
1.922243
1.922243
1.922243
1.922243
1.922243
1.922243
1.922243
1.922243
1.922243
1.922243
1.922243
1.922243
1.922243
1.922243
1.922243
1.921472
1.921472
1.921472
1.921472
1.910990
1.910990
1.910990
1.910990
1.910990
1.910990
1.910990
1.910990
1.910990
1.910990
1.910990
1.910990
1.908291
1.908100
1.867213
1.867213
1.867213
1.867213
1.867213
1.867213
1.864446
1.858055
1.858055
1.858055
1.858055
1.858055
1.858055
1.855217
1.855217
1.855217
1.855217
1.855217
1.850839
1.850839
1.850839
1.850839
1.850839
1.850839
1.850839
1.838571
1.838571
1.838571
1.838571
1.838571
1.838571
1.838538
1.838538
1.838538
1.838538
1.838538
1.838538
1.838538
1.838538
1.838538
1.838538
1.838538
1.838538
1.838538
1.838538
1.838538
1.838538
1.838538
1.838538
1.838538
1.838538
1.838538
1.838538
1.838538
1.838538
1.838538
1.838538
1.838538
1.838538
1.838538
1.838538
1.838538
1.838538
1.838538
1.838538
1.838538
1.838538
1.838538
1.838538
1.838538
1.838538
1.838538
1.838538
1.838538
1.838538
1.838538
1.838538
1.813693
1.811962
1.811962
1.811962
1.811962
1.811962
1.810943
1.810943
1.810943
1.810943
1.810943
1.810943
1.810943
1.810943
1.810943
1.810943
1.810943
1.810943
1.810943
1.794002
1.794002
1.794002
1.794002
1.794002
1.794002
1.791334
1.791334
1.791334
1.791334
1.786267
1.786267
1.786267
1.786267
1.786267
1.786156
1.786156
1.786156
1.786156
1.786156
1.786156
1.786156
1.786156
1.786156
1.786156
1.786156
1.786156
1.786156
1.786156
1.786156
1.786156
1.786156
1.786156
1.786156
1.786156
1.786156
1.786156
1.786156
1.786156
1.786156
1.786156
1.786156
1.786156
1.786156
1.786156
1.786097
1.786097
1.786097
1.786097
1.786097
1.783971
1.783971
1.777399
1.776490
1.776490
1.776490
1.776490
1.776490
1.776156
1.776156
1.776156
1.776156
1.776156
1.776156
1.776156
1.776156
1.776156
1.776156
1.776156
1.768062
1.768062
1.768062
1.768062
1.768062
1.768062
1.765985
1.765985
1.765985
1.765985
1.765985
1.765985
1.765985
1.765985
1.765985
1.765985
1.764997
1.764997
1.764694
1.764694
1.764694
1.764694
1.764694
1.764694
1.764694
1.764694
1.764694
1.764694
1.764694
1.764694
1.764694
1.764694
1.764694
1.764694
1.764694
1.764694
1.764694
1.764694
1.764694
1.764694
1.764694
1.764694
1.764694
1.764694
1.764694
1.764694
1.764694
1.764694
1.764694
1.764694
1.764694
1.764694
1.764694
1.764694
1.764694
1.764694
1.761979
1.761979
1.761904
1.761904
1.761904
1.761904
1.761904
1.761904
1.761904
1.761904
1.761904
1.761904
1.761904
1.761904
1.761904
1.761904
1.761886
1.761886
1.761886
1.761886
1.761886
1.761886
1.761886
1.761886
1.761886
1.761886
1.761886
1.761886
1.759022
1.758584
1.758584
1.758584
1.758584
1.757896
1.757896
1.757896
1.757896
1.757254
1.754161
1.754161
1.754161
1.754144
1.754144
1.754144
1.754144
1.754144
1.754144
1.754144
1.754144
1.754144
1.754144
1.754144
1.752789
1.752789
1.752789
1.752789
1.752789
1.752789
1.752789
1.752789
1.752789
1.752789
1.752789
1.752789
1.752789
1.752789
1.752789
1.752789
1.752789
1.752789
1.752789
1.752789
1.752789
1.752789
1.752789
1.752789
1.752789
1.752789
1.752789
1.752789
1.752789
1.752789
1.752789
1.752789
1.752789
1.752789
1.752789
1.752789
1.752789
1.752789
1.752789
1.752789
1.752789
1.752789
1.752789
1.752789
1.752789
1.752789
1.752789
1.752789
1.752789
1.751415
1.751415
1.751415
1.751415
1.751415
1.751415
1.751415
1.751415
1.751415
1.751415
1.751317
1.751317
1.751317
1.751317
1.751317
1.751317
1.751317
1.751317
1.751317
1.751317
1.751317
1.751317
1.751317
1.751317
1.751317
1.751317
1.751317
1.751317
1.751317
1.751317
1.751317
1.751317
1.751317
1.751317
1.751317
1.751317
1.751317
1.751317
1.751317
1.751317
1.751317
1.751317
1.751317
1.751317
1.751317
1.751317
1.751317
1.751317
1.751317
1.751317
1.751317
1.751317
1.751317
1.751317
1.751317
1.751317
1.751317
1.751317
1.751317
1.751317
1.751317
1.751317
1.751317
1.751317
1.751317
1.751317
1.751317
1.751317
1.751317
1.751317
1.751317
1.751317
1.751317
1.751317
1.751317
1.751317
1.751317
1.751317
1.751317
1.751317
1.751317
1.751317
1.751317
1.751317
1.751317
1.751317
1.751317
1.751317
1.751317
1.751317
1.751317
1.751317
1.751317
1.751317
1.750613
1.750613
1.750613
1.745714
1.745714
1.745714
1.745714
1.745714
1.745714
1.745714
1.745714
1.745714
1.745714
1.745714
1.745714
1.745714
1.745714
1.745714
1.745714
1.745714
1.745714
1.745714
1.743785
1.738797
1.738761
1.735719
1.735719
1.735719
1.735719
1.735719
1.735719
1.735719
1.735719
1.735719
1.735719
1.735591
1.735591
1.735591
1.735591
1.735591
1.735591
1.735591
1.735591
1.735591
1.735591
1.735591
1.735591
1.735434
1.735434
1.735434
1.735434
1.735434
1.735434
1.735434
1.735434
1.735434
1.735434
1.735108
1.735108
1.735108
1.735108
1.735108
1.735108
1.735108
1.735108
1.735108
1.735108
1.735108
1.735108
1.735108
1.735108
1.735108
1.735108
1.735108
1.735108
1.735108
1.735108
1.735108
1.735108
1.735108
1.735108
1.735108
1.735108
1.735108
1.735108
1.735108
1.735108
1.735108
1.735108
1.735108
1.733818
1.733818
1.733814
1.733814
1.733814
1.733814
1.733814
1.733814
1.733814
1.733814
1.733814
1.733814
1.733814
1.733814
1.733814
1.733814
1.733814
1.733814
1.733814
1.733814
1.733814
1.733814
1.733814
1.733814
1.733814
1.733814
1.733814
1.733814
1.733814
1.733814
1.733814
1.733814
1.733814
1.733814
1.733814
1.733814
1.733814
1.733814
1.733814
1.733814
1.733814
1.733814
1.733814
1.733814
1.733814
1.733814
1.733814
1.733814
1.733814
1.733814
1.733814
1.733814
1.733814
1.733814
1.733814
1.729580
1.729580
1.729580
1.729580
1.729580
1.712680
1.712680
1.712680
1.712680
1.712680
1.712680
1.712680
1.712680
1.712680
1.712680
1.712680
1.712680
1.712680
1.705237
1.705237
1.705237
1.705237
1.705237
1.705237
1.705237
1.705237
1.705237
1.705237
1.705237
1.705237
1.705237
1.705237
1.705237
1.705237
1.699470
1.699470
1.699470
1.699470
1.699470
1.699470
1.699470
1.699470
1.699470
1.699470
1.699470
1.699470
1.699470
1.644911
1.644911
1.644911
1.644911
1.644911
1.644911
1.644911
1.644911
1.644911
1.644911
1.644911
1.644911
1.644911
1.644911
1.644911
1.644911
1.644911
1.644911
1.644911
1.642869
1.642869
1.642869
1.642869
1.642869
1.642869
1.642869
1.642869
1.642869
1.642869
1.642869
1.642869
1.642869
1.642869
1.642869
1.642869
1.642869
1.642869
1.642869
1.642869
1.636696
1.636696
1.636696
1.636696
1.636696
1.636696
1.636696
1.635672
1.635672
1.635672
1.635672
1.635672
1.635672
1.635672
1.635672
1.630462
1.604624
1.604624
1.604624
1.596560
1.592626
1.591648
1.587485
1.581528
1.581528
1.581528
1.581528
1.581528
1.581528
1.581528
1.581528
1.581528
1.581528
1.581528
1.581528
1.581528
1.581528
1.581528
1.581528
1.581528
1.581528
1.581528
1.581528
1.581528
1.581528
1.581528
1.581528
1.581528
1.581528
1.581528
1.581528
1.581528
1.581528
1.581528
1.581528
1.581528
1.581528
1.581528
1.581528
1.581528
1.581528
1.581528
1.581528
1.581528
1.581473
1.581473
1.581473
1.581473
1.581473
1.581473
1.581473
1.581473
1.581473
1.581473
1.581473
1.581473
1.581473
1.581473
1.581407
1.581407
1.581407
1.580604
1.580604
1.580571
1.580571
1.580571
1.580571
1.580571
1.580571
1.579870
1.579870
1.579870
1.579870
1.579870
1.579870
1.579870
1.579870
1.579870
1.579870
1.579870
1.579870
1.579870
1.579870
1.579870
1.579870
1.579870
1.579870
1.553576
1.553576
1.553576
1.553576
1.553576
1.553576
1.552261
1.552261
1.552261
1.552261
1.552261
1.552261
1.552261
1.552261
1.541454
1.541454
1.539577
1.539577
1.539577
1.539577
1.539551
1.539551
1.539551
1.539551
1.539551
1.539551
1.539551
1.539551
1.536894
1.536894
1.536894
1.536894
1.518322
1.518322
1.518322
1.518322
1.518322
1.518322
1.518322
1.518322
1.512479
1.512479
1.512479
1.512479
1.512479
1.512432
1.512432
1.512432
1.512432
1.512432
1.512432
1.512432
1.512432
1.512432
1.512432
1.512432
1.512432
1.512432
1.512432
1.512432
1.512432
1.512432
1.512432
1.512432
1.512432
1.512432
1.512432
1.512432
1.512432
1.512432
1.496495
1.496495
1.496495
1.496495
1.496495
1.496495
1.496495
1.496495
1.496495
1.496495
1.496495
1.496495
1.494034
1.494034
1.494034
1.494034
1.494034
1.478968
1.478968
1.478968
1.478968
1.478968
1.478968
1.478968
1.478968
1.478968
1.478968
1.478968
1.478968
1.477684
1.477684
1.477684
1.477684
1.477684
1.475956
1.475956
1.473732
1.473732
1.473732
1.473732
1.473732
1.473732
1.473732
1.473732
1.473732
1.473732
1.473732
1.473732
1.473732
1.473732
1.473732
1.473732
1.473732
1.473732
1.473732
1.473732
1.473732
1.473732
1.473732
1.473732
1.473732
1.473732
1.473732
1.473732
1.473732
1.473732
1.473732
1.473732
1.473732
1.473732
1.473732
1.473732
1.473732
1.473732
1.449691
1.449691
1.449691
1.449691
1.449691
1.449691
1.449691
1.449691
1.449691
1.449691
1.449691
1.449691
1.449691
1.449691
1.449691
1.449691
1.449691
1.449691
1.449317
1.449317
1.449317
1.448747
1.448747
1.448747
1.396966
1.396966
1.396966
1.396966
1.396966
1.396966
1.396966
1.396966
1.396966
1.396966
1.396966
1.396966
1.396966
1.396966
1.390926
1.390926
1.390926
1.390926
1.390926
1.374078
1.374078
1.374078
1.374078
1.374078
1.374078
1.374078
1.374078
1.374078
1.374078
1.374078
1.374078
1.374078
1.374078
1.374078
1.374078
1.374078
1.371745
1.371745
1.371745
1.371745
1.371745
1.371745
1.371745
1.371745
1.371745
1.371745
1.371745
1.371745
1.371745
1.371745
1.371745
1.371745
1.371745
1.371745
1.371744
1.371744
1.371744
1.371744
1.370057
1.370057
1.370057
1.370057
1.370057
1.370057
1.370057
1.370057
1.370057
1.370057
1.370057
1.370057
1.370054
1.370054
1.370054
1.370054
1.370054
1.370054
1.369451
1.369451
1.369451
1.369451
1.369451
1.369451
1.369451
1.369451
1.369451
1.369451
1.369451
1.369451
1.369451
1.369451
1.369451
1.369451
1.369451
1.369451
1.369451
1.369451
1.369451
1.369451
1.369451
1.369451
1.369451
1.369451
1.369306
1.369306
1.369306
1.369306
1.369306
1.369306
1.369306
1.369306
1.369306
1.369306
1.369306
1.369306
1.369306
1.369306
1.369306
1.369306
1.369306
1.367044
1.367044
1.367044
1.367044
1.367044
1.367044
1.367044
1.367044
1.367044
1.367044
1.367044
1.367044
1.367044
1.367044
1.367044
1.367044
1.367044
1.367044
1.367044
1.367044
1.367044
1.367044
1.366832
1.366832
1.366832
1.366832
1.366832
1.366832
1.366832
1.366832
1.366832
1.366832
1.366832
1.366473
1.366473
1.366473
1.366473
1.366473
1.366473
1.366473
1.351803
1.351803
1.350813
1.350813
1.350813
1.350813
1.350813
1.350813
1.350813
1.350813
1.350813
1.350813
1.350813
1.350813
1.350813
1.350813
1.350268
1.350268
1.350268
1.350268
1.350268
1.350268
1.350268
1.350268
1.350268
1.350268
1.350268
1.350268
1.350268
1.350268
1.350268
1.350268
1.350268
1.350268
1.350268
1.350268
1.350268
1.350268
1.350268
1.350268
1.350268
1.350268
1.350268
1.350268
1.350268
1.350268
1.350268
1.350268
1.350268
1.350268
1.350268
1.350268
1.350268
1.350268
1.350268
1.350268
1.350268
1.350268
1.346940
1.346940
1.346339
1.346339
1.346339
1.346339
1.346339
1.346339
1.346339
1.346339
1.346339
1.346339
1.346339
1.346339
1.346339
1.346339
1.346339
1.346339
1.346339
1.346339
1.346339
1.346339
1.346339
1.346339
1.346339
1.346339
1.346339
1.346339
1.346339
1.346339
1.346339
1.346339
1.346339
1.346339
1.346339
1.346339
1.346339
1.346339
1.346339
1.346339
1.346339
1.346339
1.346339
1.346339
1.346339
1.346339
1.346339
1.346339
1.346339
1.346339
1.346339
1.346339
1.346339
1.346339
1.346339
1.346339
1.346339
1.346339
1.346339
1.346339
1.346339
1.346339
1.346339
1.345145
1.345143
1.345143
1.345143
1.345143
1.345143
1.345143
1.345143
1.345143
1.345143
1.345143
1.345143
1.345143
1.345143
1.345143
1.345143
1.345143
1.345143
1.345143
1.345143
1.345143
1.345143
1.345143
1.345143
1.345143
1.345143
1.345143
1.345143
1.345143
1.345113
1.335618
1.335618
1.335618
1.335618
1.335618
1.335618
1.335083
1.335083
1.335083
1.335083
1.335083
1.335083
1.335083
1.335083
1.335083
1.335083
1.335083
1.335083
1.334814
1.334814
1.333133
1.333133
1.333133
1.333133
1.333133
1.333133
1.333133
1.333133
1.333133
1.333133
1.333133
1.333133
1.333133
1.333133
1.333133
1.333133
1.333133
1.333133
1.332839
1.332839
1.332839
1.312449
1.312449
1.312449
1.312449
1.312449
1.312449
1.312449
1.312449
1.310948
1.310948
1.310948
1.310948
1.310948
1.306205
1.306205
1.306205
1.306205
1.306205
1.306205
1.306205
1.305743
1.305743
1.305743
1.305743
1.305743
1.305743
1.305743
1.305743
1.305661
1.305661
1.305661
1.305661
1.305661
1.305661
1.305661
1.305661
1.305661
1.305661
1.305661
1.305661
1.305661
1.305661
1.305661
1.305661
1.305661
1.305661
1.305661
1.305661
1.305661
1.305661
1.305661
1.305661
1.302534
1.302534
1.302534
1.299149
1.299149
1.299149
1.298952
1.298952
1.298952
1.298952
1.298952
1.298952
1.298952
1.298952
1.298952
1.298952
1.298952
1.298952
1.298952
1.298952
1.298952
1.298952
1.298336
1.298336
1.298336
1.298336
1.297344
1.297344
1.297344
1.297344
1.297344
1.297344
1.297344
1.297344
1.297344
1.297344
1.297344
1.297344
1.297344
1.297344
1.297344
1.297344
1.297344
1.297344
1.297344
1.297344
1.297344
1.297344
1.297344
1.297344
1.297344
1.297344
1.297344
1.297344
1.297344
1.297344
1.297344
1.297344
1.297344
1.297344
1.297344
1.297344
1.297344
1.297344
1.297344
1.297344
1.297344
1.297344
1.297344
1.297344
1.297344
1.297344
1.297344
1.297344
1.297344
1.297344
1.294248
1.288618
1.288618
1.288618
1.288618
1.288618
1.288618
1.288618
1.288618
1.288618
1.288618
1.288618
1.287408
1.287408
1.287408
1.287408
1.287408
1.287408
1.287408
1.287408
1.287408
1.287408
1.287408
1.287408
1.287408
1.287274
1.287274
1.287274
1.287274
1.287274
1.287274
1.287274
1.287274
1.287274
1.287274
1.287274
1.287274
1.287274
1.287274
1.287274
1.285333
1.285333
1.285333
1.281183
1.281183
1.281183
1.281183
1.281183
1.276584
1.276584
1.276584
1.276584
1.276584
1.276584
1.276584
1.276584
1.276584
1.276240
1.276240
1.276240
1.276240
1.276240
1.276240
1.276240
1.276240
1.276240
1.276240
1.276240
1.276240
1.276240
1.276240
1.276240
1.276240
1.276240
1.276240
1.276240
1.276240
1.276240
1.276240
1.276240
1.276240
1.276240
1.276240
1.276240
1.276240
1.276240
1.276240
1.276240
1.276240
1.276240
1.276240
1.276240
1.276240
1.276240
1.276240
1.276240
1.276240
1.276240
1.276240
1.276240
1.276240
1.276240
1.276240
1.276240
1.276240
1.276240
1.276240
1.276240
1.276240
1.275020
1.275020
1.275020
1.275020
1.269022
1.269022
1.269022
1.269022
1.269022
1.269022
1.269022
1.269022
1.269022
1.269022
1.269022
1.269022
1.269022
1.269022
1.269022
1.269022
1.269022
1.269022
1.269022
1.269022
1.269022
1.269022
1.269022
1.269022
1.269022
1.269022
1.269022
1.269022
1.269022
1.269022
1.269022
1.269022
1.269022
1.269022
1.269022
1.269022
1.269022
1.269022
1.269022
1.269022
1.269022
1.269022
1.269022
1.269022
1.269022
1.269022
1.269022
1.269022
1.269022
1.269022
1.269022
1.269022
1.269022
1.269022
1.269022
1.269022
1.269022
1.248630
1.248630
1.248630
1.248630
1.248630
1.248630
1.248630
1.248630
1.248630
1.246467
1.246467
1.246467
1.246467
1.246467
1.246467
1.246467
1.246467
1.246467
1.246467
1.246467
1.246467
1.246467
1.246467
1.246467
1.246467
1.246467
1.246467
1.246467
1.236272
1.236272
1.236272
1.236272
1.236272
1.236272
1.236272
1.236272
1.236272
1.236272
1.236272
1.236272
1.236272
1.236272
1.236272
1.236272
1.236272
1.236272
1.236272
1.236272
1.236272
1.236272
1.236272
1.236272
1.236272
1.236272
1.236272
1.234431
1.234431
1.234431
1.234431
1.234431
1.234422
1.234422
1.234422
1.234422
1.234422
1.234422
1.234422
1.234422
1.234422
1.234422
1.234422
1.234422
1.234422
1.230193
1.225517
1.225517
1.225517
1.225517
1.225517
1.225517
1.225517
1.225517
1.225517
1.225517
1.225497
1.225497
1.225497
1.225497
1.225497
1.225497
1.225497
1.225497
1.225497
1.225497
1.225497
1.225497
1.225497
1.224919
1.224919
1.224919
1.224919
1.224919
1.224919
1.224919
1.224919
1.224919
1.224919
1.224919
1.224919
1.224919
1.224919
1.224919
1.224919
1.224919
1.224919
1.224919
1.224919
1.224919
1.224919
1.224919
1.224919
1.224919
1.224919
1.224919
1.224919
1.224919
1.224919
1.224919
1.224919
1.224919
1.224919
1.224919
1.224919
1.224919
1.224919
1.224919
1.224919
1.224919
1.224919
1.224919
1.224919
1.224919
1.224919
1.224919
1.224919
1.224919
1.217381
1.217381
1.217381
1.217381
1.217381
1.217381
1.217381
1.217381
1.217381
1.217381
1.217381
1.217381
1.217381
1.217381
1.217381
1.215815
1.215815
1.215815
1.215815
1.215815
1.215815
1.215815
1.215815
1.215815
1.215815
1.215815
1.215815
1.215815
1.215815
1.215815
1.215815
1.215815
1.215815
1.215670
1.215670
1.215670
1.215670
1.215670
1.215670
1.203997
1.203997
1.203997
1.202385
1.202385
1.202385
1.202385
1.202385
1.202385
1.202385
1.202385
1.202385
1.202385
1.202385
1.202385
1.202385
1.202385
1.202385
1.202385
1.197352
1.197352
1.197352
1.197352
1.197352
1.196604
1.196604
1.196604
1.184597
1.184597
1.184597
1.184597
1.184509
1.184509
1.184364
1.184364
1.184364
1.184364
1.184364
1.184364
1.184364
1.184364
1.184364
1.184364
1.184364
1.184364
1.184364
1.184364
1.184364
1.184364
1.184364
1.184364
1.184364
1.184364
1.184364
1.184364
1.184364
1.184364
1.184364
1.184364
1.184364
1.184364
1.184364
1.184364
1.184364
1.184364
1.184364
1.183428
1.183428
1.183428
1.183428
1.183428
1.183428
1.183428
1.183428
1.183428
1.183428
1.183428
1.162470
1.162058
1.156834
1.156834
1.156834
1.156834
1.156834
1.156834
1.156834
1.156834
1.156834
1.156834
1.156834
1.156834
1.156834
1.156834
1.156834
1.156834
1.156834
1.156834
1.156834
1.156384
1.156384
1.156384
1.156384
1.156384
1.156384
1.156384
1.156384
1.156384
1.156384
1.153799
1.153799
1.153799
1.153799
1.153799
1.153799
1.153799
1.145482
1.145482
1.145482
1.145482
1.115531
1.115531
1.115531
1.115531
1.115531
1.115531
1.115531
1.115531
1.113130
1.113130
1.113130
1.113130
1.113130
1.113130
1.113130
1.113130
1.113130
1.113130
1.110665
1.110665
1.110665
1.110665
1.110665
1.110665
1.110665
1.110665
1.110665
1.110665
1.110665
1.110665
1.110665
1.110665
1.110665
1.110665
1.110665
1.110665
1.110665
1.110665
1.110665
1.110665
1.110665
1.110665
1.110665
1.110665
1.110665
1.110665
1.110665
1.110665
1.110665
1.110665
1.110665
1.110665
1.110665
1.110665
1.110665
1.099926
1.099926
1.099926
1.099926
1.099926
1.099926
1.099926
1.099926
1.099926
1.099926
1.099926
1.099926
1.099926
1.099926
1.099926
1.099926
1.099926
1.099926
1.099926
1.099926
1.099926
1.099926
1.099926
1.099926
1.099926
1.099926
1.099926
1.099926
1.099926
1.099926
1.099926
1.099926
1.099926
1.099926
1.099926
1.099926
1.099926
1.099926
1.099926
1.099926
1.099926
1.099926
1.099926
1.099926
1.099926
1.099926
1.099926
1.099926
1.099926
1.099926
1.099926
1.099926
1.099926
1.099926
1.099926
1.099926
1.099926
1.099926
1.099926
1.099926
1.099926
1.099495
1.099495
1.099495
1.099495
1.099495
1.099495
1.099495
1.099058
1.099058
1.099058
1.099058
1.099058
1.099058
1.099058
1.099058
1.099058
1.099058
1.098744
1.098744
1.098744
1.098744
1.098575
1.098575
1.098575
1.098575
1.098575
1.098575
1.098575
1.098575
1.098575
1.098575
1.098575
1.098575
1.098575
1.098575
1.098575
1.098575
1.098575
1.098575
1.098575
1.098575
1.098575
1.098575
1.098575
1.098575
1.098575
1.098575
1.098575
1.098575
1.098575
1.098575
1.098575
1.098575
1.098575
1.098575
1.098575
1.098575
1.096433
1.096433
1.096433
1.096433
1.096433
1.096433
1.096433
1.096433
1.096433
1.096433
1.096433
1.096433
1.096433
1.096433
1.096433
1.096433
1.096433
1.096433
1.096433
1.096433
1.096433
1.096287
1.096287
1.096287
1.096287
1.096260
1.096260
1.096260
1.096260
1.096260
1.096260
1.096260
1.096260
1.096260
1.096260
1.096260
1.096260
1.096260
1.096260
1.096260
1.096260
1.096260
1.096260
1.096260
1.096260
1.096260
1.096260
1.096260
1.096260
1.096260
1.095498
1.087741
1.087741
1.087741
1.087741
1.087741
1.087741
1.087741
1.087353
1.087353
1.087353
1.087353
1.087353
1.087353
1.087353
1.087353
1.087353
1.087353
1.087353
1.087353
1.087353
1.082876
1.082876
1.082876
1.082876
1.082876
1.082876
1.082876
1.080637
1.080637
1.080637
1.080637
1.080637
1.080637
1.080637
1.080637
1.080637
1.080637
1.080637
1.080637
1.080637
1.080637
1.080637
1.080637
1.080637
1.080637
1.080637
1.080637
1.080637
1.080637
1.080637
1.080637
1.076182
1.076182
1.076182
1.076182
1.076182
1.076182
1.076182
1.076182
1.075393
1.075393
1.075393
1.075393
1.075393
1.075393
1.075393
1.075393
1.075393
1.075393
1.075393
1.075393
1.075393
1.075393
1.075393
1.075393
1.075393
1.075393
1.075393
1.075393
1.075393
1.075393
1.075393
1.071700
1.071700
1.071700
1.071700
1.071700
1.071700
1.071700
1.071700
1.071700
1.071109
1.071109
1.071109
1.071109
1.071109
1.071109
1.071109
1.071109
1.071109
1.071109
1.071109
1.071109
1.071109
1.071109
1.071109
1.071109
1.071109
1.071109
1.071109
1.068404
1.068404
1.068404
1.068404
1.068404
1.068404
1.068404
1.068404
1.068404
1.068404
1.068404
1.068404
1.068404
1.068404
1.068404
1.068404
1.068404
1.068404
1.068404
1.068404
1.068404
1.068404
1.068404
1.068404
1.068404
1.068404
1.068404
1.068404
1.068404
1.068404
1.068404
1.068404
1.068404
1.068404
1.068404
1.068404
1.068404
1.068404
1.068404
1.068404
1.068404
1.068404
1.068404
1.068404
1.068404
1.068404
1.068404
1.068404
1.068404
1.068404
1.068404
1.068404
1.068404
1.068404
1.068404
1.068404
1.068404
1.068404
1.068404
1.068404
1.068404
1.068404
1.068404
1.057101
1.057101
1.057101
1.057101
1.057101
1.057101
1.057101
1.057101
1.057101
1.057101
1.057101
1.057101
1.057101
1.057101
1.057101
1.057101
1.057101
1.057101
1.057101
1.057101
1.057101
1.057101
1.057101
1.057101
1.057101
1.054826
1.054826
1.054826
1.054826
1.054826
1.054826
1.054797
1.054797
1.054797
1.054797
1.054797
1.054797
1.054797
1.054797
1.054797
1.050659
1.050659
1.050659
1.050659
1.050659
1.050659
1.050659
1.050659
1.050659
1.050659
1.050659
1.050659
1.050659
1.050659
1.050659
1.050659
1.050659
1.050659
1.039933
1.039933
1.039933
1.039933
1.039933
1.039933
1.039933
1.039933
1.039933
1.039933
1.039933
1.039933
1.039933
1.039933
1.039933
1.039933
1.039933
1.039933
1.039933
1.039933
1.039933
1.039933
1.039933
1.039933
1.039831
1.039831
1.039831
1.039831
1.039831
1.039831
1.039831
1.039831
1.039831
1.039831
1.039831
1.039831
1.039831
1.039831
1.039831
1.039831
1.039831
1.039831
1.039831
1.038582
1.038582
1.038582
1.038582
1.038582
1.038582
1.038582
1.038582
1.038582
1.038582
1.038582
1.038582
1.038582
1.038214
1.036517
1.036517
1.018337
1.018337
1.018337
1.017310
1.017310
1.017310
1.017310
1.017310
1.017310
1.017310
1.016873
1.016873
1.016873
1.016873
1.016873
1.016873
1.016873
1.016515
1.016515
1.016515
1.016515
1.016515
1.016515
1.016515
1.016515
1.016515
1.016515
1.016515
1.016515
1.016515
1.016515
1.016515
1.016515
1.016515
1.016515
1.016515
1.016515
1.016515
1.016515
1.016515
1.014525
1.014525
1.014525
1.014525
1.014525
1.014525
1.014525
1.014525
1.014525
1.013503
1.013503
1.013503
1.013503
1.013503
1.013503
1.013503
1.013503
1.013503
1.013503
1.013503
1.013503
1.013503
1.013503
1.013503
1.013503
1.013503
1.013503
1.013503
1.013503
1.013503
1.013503
1.013503
1.013503
1.013503
1.013503
1.013503
1.013503
1.013503
1.013503
1.013503
1.013503
1.011420
1.009366
1.009366
1.009366
1.009366
1.009366
1.009366
1.009366
1.009366
1.009366
1.009366
1.009366
1.009366
1.009366
1.009366
1.009366
1.009366
1.009366
1.009366
1.009366
1.008873
1.008873
1.008873
1.008873
1.008873
1.008873
1.008873
1.008873
1.008873
1.008873
1.008873
1.008873
1.008873
1.008873
1.008873
1.008873
1.008873
1.008873
1.008873
1.008873
1.008873
1.008873
1.008873
1.008873
1.008873
1.007323
1.007323
1.007323
1.007323
1.007323
1.007323
1.007323
1.007323
1.007323
1.007323
1.007323
1.007323
1.007323
1.007323
1.007323
1.007323
1.007323
1.007323
1.007323
1.007323
1.007323
1.007323
1.007323
1.007323
1.007323
1.007323
1.007323
1.007323
0.984703
0.984703
0.984703
0.984703
0.984703
0.984703
0.984703
0.984703
0.984703
0.984703
0.984703
0.984703
0.984703
0.984703
0.984703
0.984703
0.984703
0.984703
0.984703
0.984703
0.984703
0.984703
0.983346
0.983346
0.983346
0.983346
0.983346
0.983346
0.983346
0.983346
0.983346
0.983346
0.983346
0.983346
0.983346
0.982557
0.982557
0.982557
0.982557
0.982557
0.982557
0.982557
0.982557
0.982557
0.982557
0.982557
0.982557
0.982557
0.982557
0.982557
0.982557
0.982557
0.982557
0.982557
0.982557
0.982557
0.982452
0.982452
0.982452
0.982452
0.982452
0.982452
0.982452
0.982452
0.982452
0.982452
0.982452
0.982452
0.982452
0.982452
0.982452
0.982452
0.982452
0.982452
0.982452
0.982452
0.982452
0.982452
0.982452
0.982452
0.982452
0.982452
0.982452
0.982452
0.982452
0.982452
0.982452
0.982452
0.982452
0.982452
0.982452
0.982452
0.982452
0.982452
0.982452
0.982452
0.982452
0.982452
0.982452
0.982452
0.982452
0.982452
0.982452
0.982452
0.982452
0.982452
0.982452
0.982055
0.982055
0.982055
0.982055
0.982055
0.982055
0.982055
0.982055
0.982055
0.982055
0.982055
0.982055
0.982055
0.982055
0.982055
0.982055
0.982055
0.982055
0.982055
0.982055
0.982055
0.982055
0.982055
0.982055
0.982055
0.982055
0.982055
0.982055
0.982055
0.982055
0.982055
0.982055
0.982055
0.982055
0.982055
0.982055
0.982055
0.982055
0.982055
0.982055
0.982055
0.982055
0.982055
0.982055
0.981557
0.981557
0.981557
0.981557
0.981557
0.981557
0.981557
0.981557
0.981557
0.981557
0.981557
0.981557
0.981231
0.981231
0.981231
0.981231
0.981231
0.981231
0.981231
0.981231
0.981231
0.981231
0.981231
0.981231
0.981231
0.981231
0.981231
0.979013
0.979013
0.979013
0.979013
0.979013
0.979013
0.979013
0.979013
0.979013
0.979013
0.979013
0.979013
0.979013
0.979013
0.979013
0.979013
0.977591
0.977591
0.977591
0.977591
0.977591
0.977591
0.977591
0.977591
0.977591
0.977591
0.977591
0.977591
0.977591
0.977591
0.977591
0.977591
0.977591
0.977591
0.977591
0.977591
0.977591
0.977591
0.977591
0.977591
0.977591
0.977591
0.977591
0.977591
0.977591
0.977591
0.977591
0.977591
0.977591
0.977591
0.977591
0.977591
0.955009
0.955009
0.955009
0.955009
0.955009
0.955009
0.955009
0.955009
0.955009
0.955009
0.955009
0.955009
0.955009
0.955009
0.955009
0.955009
0.955009
0.955009
0.955009
0.955009
0.955009
0.955009
0.955009
0.955009
0.955009
0.955009
0.955009
0.955009
0.955009
0.955009
0.955009
0.955009
0.955009
0.955009
0.955009
0.955009
0.955009
0.955009
0.955009
0.955009
0.955009
0.955009
0.955009
0.955009
0.955009
0.955009
0.955009
0.955009
0.955009
0.955009
0.955009
0.955009
0.955009
0.955009
0.955009
0.955009
0.955009
0.955009
0.955009
0.955009
0.955009
0.952903
0.952903
0.952903
0.952903
0.952903
0.952903
0.952903
0.952903
0.952903
0.952903
0.952903
0.952903
0.952903
0.952903
0.952903
0.952903
0.952903
0.952903
0.952903
0.952903
0.952903
0.952903
0.937794
0.937794
0.937794
0.937794
0.937794
0.937794
0.937794
0.937794
0.937794
0.937794
0.937794
0.937794
0.937794
0.937794
0.937753
0.937753
0.937753
0.937753
0.937753
0.937753
0.937753
0.937753
0.937753
0.937753
0.937753
0.937753
0.937753
0.937702
0.937702
0.937702
0.937702
0.937702
0.937702
0.937702
0.937702
0.937702
0.937702
0.937702
0.937690
0.937690
0.937690
0.937690
0.937690
0.937690
0.937690
0.937690
0.937690
0.937690
0.937690
0.937690
0.937690
0.937690
0.937690
0.937690
0.937690
0.937690
0.937690
0.937690
0.937690
0.937690
0.937690
0.937690
0.937690
0.937690
0.937690
0.937690
0.937690
0.937690
0.937690
0.937690
0.937690
0.937690
0.937690
0.937690
0.937690
0.937690
0.937690
0.937690
0.937690
0.937690
0.937690
0.937690
0.937690
0.937690
0.937690
0.937690
0.937690
0.937690
0.937690
0.937690
0.937690
0.937690
0.937690
0.937690
0.937690
0.937690
0.937690
0.937690
0.937690
0.937690
0.937690
0.937690
0.937690
0.937690
0.937690
0.937690
0.937690
0.937690
0.937690
0.937690
0.937690
0.937690
0.937690
0.937690
0.937690
0.937690
0.937690
0.937690
0.937690
0.937233
0.937233
0.937233
0.937233
0.937233
0.937233
0.937233
0.937233
0.937233
0.937233
0.937233
0.937233
0.937233
0.937233
0.937233
0.937233
0.937233
0.937233
0.937122
0.937122
0.937122
0.937122
0.937122
0.937122
0.937122
0.937122
0.937122
0.937122
0.937122
0.937122
0.937122
0.937122
0.937122
0.937122
0.937122
0.937122
0.937122
0.937122
0.937122
0.937122
0.937122
0.937122
0.937122
0.937122
0.937122
0.937122
0.937122
0.937122
0.937122
0.937122
0.937122
0.937122
0.937122
0.937122
0.937122
0.937122
0.937122
0.937122
0.936078
0.936078
0.936078
0.936078
0.936078
0.936078
0.936078
0.936078
0.936078
0.936078
0.936078
0.936078
0.936078
0.936078
0.936078
0.936078
0.936078
0.936078
0.936078
0.936078
0.936078
0.936078
0.936078
0.936078
0.936078
0.936078
0.936078
0.936078
0.936078
0.936078
0.936078
0.936078
0.936078
0.936078
0.936078
0.936078
0.936078
0.936078
0.936078
0.936078
0.936078
0.936078
0.936078
0.936078
0.936078
0.936078
0.936078
0.936078
0.936078
0.936078
0.936078
0.936078
0.936078
0.936078
0.936078
0.936078
0.936078
0.936078
0.936078
0.936078
0.936078
0.936078
0.936078
0.936078
0.936078
0.936078
0.936078
0.936078
0.936078
0.936078
0.936078
0.936078
0.936078
0.936078
0.936078
0.936078
0.936078
0.936078
0.936078
0.936078
0.936078
0.936078
0.936078
0.936078
0.936078
0.936078
0.936078
0.936078
0.936078
0.936078
0.936078
0.935741
0.935741
0.935741
0.935741
0.935741
0.935741
0.935741
0.935741
0.935741
0.928353
0.928353
0.928353
0.928353
0.928353
0.928353
0.928353
0.928353
0.928353
0.928353
0.922233
0.922233
0.922233
0.922233
0.922233
0.922233
0.908878
0.908878
0.908878
0.908878
0.908878
0.908878
0.908878
0.908878
0.908878
0.908878
0.908878
0.908878
0.908878
0.908878
0.908878
0.908878
0.908878
0.906192
0.906192
0.906192
0.906192
0.906192
0.906192
0.906192
0.906192
0.906192
0.906192
0.906192
0.906192
0.906192
0.906192
0.906192
0.897552
0.897552
0.897552
0.897552
0.897552
0.897552
0.897552
0.897552
0.897552
0.897552
0.897552
0.897552
0.897552
0.897552
0.897552
0.897552
0.897552
0.897552
0.897552
0.897552
0.897552
0.897552
0.897552
0.896728
0.896728
0.896728
0.896728
0.896728
0.896728
0.896728
0.896728
0.896728
0.896728
0.896728
0.896728
0.896728
0.896728
0.896728
0.896728
0.896728
0.896728
0.896728
0.896728
0.896728
0.896728
0.896728
0.896728
0.896728
0.896728
0.896728
0.896728
0.896728
0.896728
0.896728
0.896728
0.896728
0.896728
0.896728
0.896728
0.896728
0.896728
0.894522
0.894522
0.894522
0.894522
0.894522
0.894522
0.894522
0.894522
0.894522
0.894522
0.894522
0.894522
0.894522
0.894522
0.894522
0.894522
0.894522
0.894522
0.894522
0.894522
0.894522
0.894522
0.894522
0.894522
0.894522
0.894522
0.894522
0.894522
0.893582
0.893582
0.893582
0.893582
0.893582
0.893582
0.893582
0.893582
0.893582
0.893582
0.893582
0.893582
0.893582
0.893582
0.893582
0.893582
0.893582
0.893582
0.893582
0.893582
0.893582
0.893582
0.893582
0.893582
0.893582
0.886738
0.885979
0.885979
0.885979
0.885979
0.885979
0.885979
0.885979
0.885979
0.885979
0.885979
0.885979
0.885979
0.885979
0.885979
0.885979
0.885979
0.885979
0.885979
0.885979
0.885979
0.885979
0.885979
0.885979
0.885979
0.885979
0.885979
0.885979
0.885979
0.885979
0.885979
0.885979
0.885979
0.885979
0.885979
0.885979
0.885979
0.885979
0.885979
0.885979
0.885979
0.885979
0.885979
0.885979
0.885979
0.885979
0.885979
0.885979
0.885979
0.885979
0.885979
0.885979
0.885979
0.885979
0.885979
0.885979
0.885979
0.885979
0.885979
0.885979
0.885979
0.885979
0.885979
0.885979
0.885979
0.885979
0.885979
0.885979
0.885979
0.885979
0.885979
0.885979
0.885979
0.885979
0.885979
0.885979
0.885979
0.885979
0.885979
0.885979
0.885979
0.885979
0.885979
0.885979
0.885979
0.885979
0.885979
0.885979
0.885979
0.885979
0.885979
0.885979
0.885979
0.885979
0.885475
0.885475
0.885475
0.885475
0.885419
0.885419
0.885419
0.885419
0.885419
0.885419
0.885419
0.885419
0.885419
0.885419
0.885419
0.885419
0.885419
0.885419
0.885419
0.885419
0.885419
0.885419
0.885419
0.885419
0.885419
0.885419
0.885419
0.885419
0.885419
0.885419
0.885419
0.885419
0.885419
0.885419
0.885419
0.885419
0.885419
0.885419
0.885419
0.885419
0.885419
0.885419
0.885419
0.885419
0.885419
0.885419
0.885419
0.885419
0.885419
0.885419
0.885419
0.885419
0.881775
0.881775
0.881775
0.881775
0.881775
0.881775
0.881775
0.881775
0.881775
0.881775
0.881775
0.881775
0.881775
0.881775
0.881775
0.881775
0.881775
0.881775
0.881775
0.881775
0.881775
0.881775
0.881775
0.881775
0.881775
0.881775
0.881775
0.881775
0.881775
0.881775
0.881775
0.881775
0.881775
0.881775
0.881775
0.881775
0.881775
0.881775
0.881775
0.881775
0.881775
0.881775
0.881775
0.881775
0.880631
0.880631
0.880631
0.880631
0.880631
0.880631
0.880631
0.880631
0.880631
0.880631
0.880631
0.880631
0.880631
0.880631
0.880631
0.880631
0.880631
0.880631
0.880631
0.880631
0.880631
0.880631
0.880631
0.880631
0.880631
0.880631
0.880631
0.880631
0.880631
0.880631
0.880631
0.880631
0.880631
0.880631
0.880631
0.880631
0.880631
0.880631
0.880631
0.880619
0.880619
0.880619
0.880619
0.880619
0.880619
0.880619
0.880619
0.880619
0.880619
0.880619
0.880619
0.880619
0.880619
0.880619
0.880619
0.880619
0.880619
0.880619
0.880619
0.880619
0.880619
0.880619
0.880619
0.880619
0.880619
0.880619
0.880619
0.880594
0.880594
0.880594
0.880594
0.880594
0.880594
0.880594
0.880594
0.880594
0.868176
0.867952
0.867952
0.867952
0.867331
0.867331
0.867331
0.867331
0.867198
0.867198
0.867198
0.867198
0.867198
0.867198
0.867198
0.867198
0.867198
0.867198
0.867198
0.867198
0.867198
0.867198
0.867198
0.867198
0.867198
0.867198
0.867198
0.867198
0.867198
0.867198
0.867198
0.867198
0.867198
0.867198
0.867198
0.867198
0.867198
0.867198
0.867198
0.867198
0.867198
0.867198
0.867198
0.867198
0.867198
0.867198
0.867198
0.867198
0.867198
0.867198
0.867127
0.867127
0.867127
0.867127
0.867127
0.867127
0.867127
0.867127
0.867127
0.867127
0.867127
0.867127
0.867127
0.867008
0.867008
0.867008
0.867008
0.867008
0.867008
0.867008
0.867008
0.867008
0.867008
0.867008
0.867008
0.867008
0.867008
0.867008
0.867008
0.867008
0.867008
0.867008
0.867008
0.867008
0.867008
0.867008
0.867008
0.867008
0.867008
0.867008
0.867008
0.867008
0.867008
0.867008
0.867008
0.867008
0.867008
0.867008
0.867008
0.867008
0.866935
0.866935
0.866935
0.866935
0.866935
0.866935
0.866935
0.866935
0.866935
0.866935
0.866935
0.866935
0.866935
0.866935
0.866935
0.866935
0.866451
0.866451
0.866451
0.866451
0.866451
0.866451
0.866451
0.866451
0.866451
0.866451
0.866451
0.866451
0.866451
0.866451
0.866451
0.866451
0.866451
0.866451
0.866451
0.866451
0.866451
0.866451
0.866451
0.866451
0.866451
0.866451
0.866451
0.866451
0.866451
0.866451
0.866451
0.866451
0.866451
0.866451
0.866451
0.866451
0.866451
0.866451
0.866451
0.866451
0.866451
0.866451
0.866451
0.866451
0.866354
0.866354
0.866354
0.866354
0.866354
0.866354
0.866354
0.866354
0.866354
0.866354
0.866354
0.866354
0.866354
0.866354
0.866354
0.866354
0.866354
0.866354
0.866354
0.866354
0.866354
0.866354
0.866354
0.866354
0.866354
0.866354
0.866354
0.866354
0.866354
0.866354
0.866354
0.866354
0.866354
0.866354
0.866354
0.866354
0.865590
0.865590
0.865590
0.865590
0.865590
0.865590
0.865590
0.865590
0.865590
0.865590
0.865590
0.865590
0.865590
0.865590
0.865590
0.865590
0.865590
0.865590
0.865590
0.865590
0.865590
0.865590
0.865590
0.865590
0.865590
0.865590
0.865590
0.865590
0.864491
0.864491
0.864491
0.864491
0.859177
0.859177
0.859177
0.859177
0.859177
0.859177
0.859177
0.859177
0.859177
0.859177
0.859177
0.859177
0.859177
0.859177
0.859177
0.858271
0.858271
0.858271
0.858271
0.858271
0.856366
0.856366
0.856366
0.856366
0.856366
0.855396
0.855396
0.855396
0.855396
0.855396
0.855396
0.855396
0.855396
0.855396
0.855396
0.855396
0.855396
0.855396
0.855396
0.855396
0.855396
0.855396
0.855396
0.855396
0.855396
0.855396
0.855396
0.855396
0.855396
0.855396
0.855396
0.855396
0.855396
0.855396
0.855396
0.855396
0.855396
0.855396
0.855396
0.855396
0.855396
0.855396
0.855396
0.855396
0.855396
0.855396
0.855396
0.855396
0.855396
0.855396
0.855396
0.855396
0.855396
0.855396
0.855396
0.855396
0.855396
0.855396
0.855396
0.855396
0.855396
0.855396
0.855396
0.855115
0.855115
0.855115
0.855115
0.855115
0.855115
0.855115
0.855115
0.855115
0.854885
0.854885
0.854885
0.854885
0.854885
0.854885
0.854885
0.854885
0.853696
0.853696
0.853696
0.853696
0.853696
0.853696
0.853696
0.853696
0.853696
0.853696
0.853696
0.853696
0.853696
0.853696
0.853271
0.853271
0.853271
0.853271
0.853271
0.853271
0.853271
0.853271
0.853271
0.853271
0.853271
0.853271
0.853271
0.853271
0.853271
0.853258
0.853258
0.853258
0.853258
0.853258
0.853258
0.853258
0.853258
0.853258
0.853258
0.853258
0.853258
0.853258
0.853258
0.853258
0.853258
0.853258
0.853258
0.853258
0.853258
0.853258
0.853258
0.853258
0.853258
0.853258
0.853258
0.853258
0.853258
0.853258
0.853258
0.853258
0.853258
0.853258
0.853258
0.853258
0.853258
0.853258
0.853258
0.853258
0.853258
0.853258
0.853258
0.853258
0.853258
0.853258
0.853258
0.853258
0.853258
0.853258
0.853258
0.853258
0.853258
0.853258
0.853258
0.853258
0.853258
0.853258
0.853258
0.853258
0.853258
0.853258
0.853258
0.853258
0.853258
0.853258
0.853258
0.853258
0.853258
0.853258
0.853258
0.853258
0.853258
0.853258
0.853258
0.853258
0.853258
0.853258
0.853258
0.853258
0.853258
0.853258
0.853258
0.853258
0.853258
0.853258
0.853258
0.853258
0.853258
0.853258
0.853258
0.853258
0.853258
0.853258
0.853258
0.853258
0.853258
0.853258
0.853258
0.853258
0.853258
0.853258
0.853258
0.853258
0.849526
0.849526
0.849428
0.849428
0.849428
0.849428
0.849428
0.849428
0.849428
0.849428
0.849428
0.849428
0.849428
0.849428
0.849428
0.849428
0.849428
0.849428
0.849428
0.849428
0.849428
0.849428
0.849428
0.849428
0.849428
0.849428
0.849428
0.849428
0.849428
0.849428
0.849428
0.849428
0.849428
0.849428
0.849428
0.849428
0.849428
0.849428
0.849428
0.849428
0.849428
0.849428
0.849428
0.849428
0.849428
0.849428
0.849428
0.849428
0.849428
0.849428
0.849428
0.849428
0.849428
0.849428
0.849428
0.849428
0.849017
0.849017
0.849017
0.849004
0.849004
0.847671
0.847671
0.847671
0.847671
0.847671
0.847671
0.847671
0.847671
0.847671
0.847671
0.847671
0.847671
0.847671
0.847671
0.847671
0.847671
0.847671
0.847671
0.847671
0.847671
0.847671
0.847671
0.847671
0.847671
0.847671
0.847671
0.847671
0.847671
0.847671
0.847671
0.847671
0.847671
0.847671
0.847671
0.847591
0.847591
0.846613
0.846613
0.846613
0.846613
0.846613
0.846613
0.846613
0.846613
0.846613
0.846613
0.846613
0.846613
0.844443
0.844443
0.844443
0.844443
0.844443
0.844443
0.844443
0.844443
0.844443
0.844443
0.844443
0.842913
0.842913
0.842913
0.842913
0.842913
0.842913
0.842913
0.842913
0.842913
0.842913
0.842913
0.842913
0.842913
0.842913
0.842913
0.842913
0.842387
0.842387
0.842387
0.842387
0.842387
0.842387
0.842387
0.842387
0.842387
0.842387
0.842387
0.842387
0.842387
0.842387
0.842387
0.842387
0.842387
0.842387
0.842387
0.842387
0.842387
0.842387
0.842387
0.842387
0.842387
0.842387
0.842387
0.842387
0.842387
0.842387
0.842387
0.842387
0.842387
0.842387
0.842387
0.842387
0.842387
0.842387
0.842387
0.842387
0.842387
0.842387
0.842387
0.842282
0.842282
0.841257
0.841257
0.841257
0.841257
0.841257
0.841257
0.841257
0.841257
0.841257
0.841257
0.841257
0.841257
0.841257
0.841257
0.841257
0.841257
0.841257
0.839538
0.839538
0.839538
0.839538
0.839538
0.839538
0.839538
0.839538
0.839538
0.839538
0.839538
0.839538
0.839538
0.839538
0.839538
0.839538
0.839538
0.839538
0.839538
0.839538
0.839538
0.839538
0.839538
0.839538
0.839538
0.839538
0.839538
0.839538
0.839538
0.839538
0.839538
0.839538
0.839538
0.839538
0.839538
0.839538
0.839538
0.839538
0.839538
0.839538
0.839538
0.839538
0.839538
0.839538
0.839538
0.839538
0.839538
0.839538
0.839538
0.839538
0.839538
0.839538
0.839538
0.839538
0.839538
0.839538
0.839538
0.839538
0.839538
0.839538
0.839538
0.839538
0.839538
0.839538
0.839538
0.839538
0.839538
0.839538
0.839538
0.839538
0.839538
0.839524
0.839524
0.839524
0.839524
0.839524
0.839524
0.839524
0.839524
0.839524
0.839524
0.839524
0.839524
0.839524
0.839524
0.839524
0.839524
0.839524
0.839524
0.839524
0.839524
0.839524
0.839524
0.839524
0.839524
0.839524
0.839524
0.839524
0.839524
0.839524
0.839524
0.839524
0.839524
0.839477
0.839477
0.839477
0.839477
0.839477
0.839477
0.839477
0.839477
0.839477
0.839477
0.839477
0.839477
0.839477
0.839477
0.839477
0.839477
0.839477
0.839477
0.839477
0.839477
0.839477
0.839477
0.839477
0.839477
0.839477
0.839477
0.839477
0.839477
0.839477
0.839477
0.839477
0.839477
0.839477
0.839477
0.839477
0.839477
0.839477
0.839477
0.839477
0.839477
0.839477
0.839477
0.839477
0.839477
0.839477
0.839477
0.839477
0.839477
0.839477
0.839477
0.839477
0.839477
0.839477
0.839477
0.839477
0.839477
0.839477
0.839477
0.839477
0.839477
0.839477
0.839477
0.839477
0.839477
0.839477
0.839477
0.839477
0.839477
0.839477
0.839477
0.839477
0.839477
0.839477
0.839477
0.839477
0.839477
0.838883
0.838883
0.838883
0.838883
0.838832
0.838832
0.838832
0.838832
0.838832
0.838832
0.838832
0.838832
0.838832
0.838832
0.838832
0.838832
0.838832
0.838832
0.838832
0.838832
0.838832
0.838832
0.838832
0.838832
0.838832
0.838832
0.838832
0.838548
0.838548
0.838548
0.838548
0.838548
0.838548
0.838548
0.838548
0.838548
0.838548
0.838548
0.838548
0.838548
0.838548
0.838548
0.838548
0.838548
0.838548
0.838548
0.838548
0.838548
0.837978
0.837978
0.837978
0.837978
0.837978
0.829757
0.829757
0.829757
0.829757
0.829757
0.829757
0.829033
0.829033
0.829033
0.829033
0.829033
0.829033
0.829033
0.828465
0.828465
0.828465
0.828465
0.828465
0.828465
0.828417
0.828417
0.828417
0.828417
0.828417
0.828417
0.828417
0.828417
0.828417
0.828417
0.828417
0.827432
0.827432
0.827432
0.822890
0.822890
0.822890
0.807889
0.807889
0.807889
0.807889
0.807889
0.807889
0.807889
0.807889
0.805305
0.805305
0.805305
0.805305
0.805305
0.805305
0.805305
0.805305
0.805305
0.805305
0.805305
0.805305
0.805305
0.805305
0.805305
0.805305
0.805305
0.805305
0.805305
0.805305
0.805305
0.805305
0.805305
0.805305
0.805305
0.805305
0.805305
0.805305
0.805305
0.805305
0.805305
0.805305
0.805305
0.805305
0.805305
0.805305
0.805305
0.805305
0.805305
0.805305
0.805305
0.805305
0.805305
0.805305
0.805305
0.805305
0.805305
0.805305
0.805305
0.805305
0.805305
0.805305
0.805305
0.805305
0.805305
0.805305
0.805305
0.805305
0.805305
0.805305
0.805305
0.805305
0.805305
0.805305
0.805305
0.805305
0.805305
0.805305
0.805305
0.805305
0.805305
0.805305
0.805305
0.805305
0.800571
0.800571
0.800571
0.800571
0.800571
0.800571
0.800571
0.800388
0.800388
0.800388
0.800388
0.800388
0.800388
0.800388
0.800388
0.800388
0.800388
0.800388
0.800388
0.800388
0.800388
0.800388
0.800388
0.800388
0.800388
0.800388
0.800388
0.800388
0.800388
0.800388
0.800388
0.800388
0.800388
0.800388
0.800388
0.800388
0.800388
0.800388
0.800388
0.800388
0.800388
0.800388
0.800388
0.800388
0.800388
0.800388
0.800388
0.800388
0.800388
0.800388
0.800388
0.800388
0.800388
0.797451
0.797451
0.797437
0.797437
0.797437
0.797437
0.797437
0.795683
0.795683
0.795683
0.795683
0.795683
0.795683
0.795683
0.795683
0.795683
0.795683
0.795683
0.795683
0.795683
0.795683
0.795683
0.795683
0.795683
0.795683
0.795683
0.795683
0.795603
0.795603
0.795603
0.795603
0.795603
0.795603
0.795603
0.795527
0.795527
0.795527
0.795527
0.795527
0.795527
0.794432
0.794432
0.794432
0.794432
0.794432
0.794432
0.794432
0.794432
0.794432
0.794432
0.794432
0.794432
0.794432
0.794432
0.794432
0.794432
0.794432
0.794432
0.794432
0.794432
0.794432
0.794432
0.794432
0.794432
0.794432
0.794432
0.794432
0.794432
0.794432
0.794432
0.794432
0.794432
0.794432
0.794432
0.791486
0.791486
0.791486
0.791486
0.791486
0.791486
0.791486
0.791486
0.791486
0.791486
0.791486
0.791486
0.791486
0.791486
0.791486
0.791486
0.791486
0.791486
0.791486
0.791486
0.791486
0.791486
0.791486
0.791486
0.791486
0.791486
0.791486
0.791486
0.791486
0.791486
0.791486
0.791169
0.791169
0.791169
0.791169
0.791169
0.791169
0.791169
0.791169
0.791169
0.791169
0.791169
0.791169
0.791169
0.791169
0.791169
0.791169
0.791169
0.791169
0.791169
0.791169
0.791169
0.791169
0.791169
0.791169
0.791169
0.791169
0.791169
0.791169
0.791169
0.791169
0.791169
0.791169
0.791169
0.791169
0.791169
0.791169
0.791169
0.791169
0.791169
0.791169
0.791169
0.791169
0.791169
0.791169
0.791169
0.791169
0.791169
0.791169
0.791169
0.791169
0.791169
0.791169
0.791169
0.791169
0.791169
0.791169
0.791169
0.791169
0.791169
0.791169
0.791169
0.791169
0.791169
0.791169
0.791169
0.791169
0.791169
0.791169
0.791169
0.791169
0.791169
0.791169
0.791169
0.791169
0.791169
0.791169
0.791169
0.791169
0.791169
0.791169
0.791169
0.791169
0.791169
0.791169
0.791169
0.791169
0.791169
0.791169
0.791169
