1.000000
0.995071
0.984068
0.972562
0.968606
0.972978
0.975831
0.963897
0.956139
0.952059
0.939727
0.932137
0.937820
0.947940
0.941094
0.932353
0.923594
0.914396
0.910027
0.906645
0.916717
0.910430
0.910974
0.894523
0.886028
0.886988
0.881889
0.888137
0.881891
0.875823
0.859833
0.853703
0.850341
0.851192
0.856768
0.847723
0.845023
0.833518
0.826523
0.822167
0.825823
0.823535
0.821383
0.818003
0.809010
0.807259
0.801052
0.797835
0.805319
0.795781
0.794433
0.785391
0.783176
0.774671
0.781201
0.773018
0.769851
0.763490
0.762042
0.751433
0.753841
0.754170
0.760861
0.750348
0.753139
0.744589
0.737029
0.732995
0.733667
0.737771
0.732745
0.735156
0.730935
0.718168
0.720324
0.713631
0.718646
0.712138
0.709775
0.705463
0.697278
0.699949
0.694343
0.700055
0.697345
0.692117
0.687597
0.676178
0.675128
0.673024
0.675415
0.668725
0.669592
0.661679
0.658353
0.658830
0.663886
0.662926
0.656082
0.652626
0.650014
0.640985
0.643669
0.638552
0.645141
0.636895
0.631760
0.632741
0.624923
0.626957
0.627100
0.627102
0.622195
0.617616
0.614658
0.609527
0.605280
0.603230
0.601359
0.604331
0.597308
0.593276
0.591946
0.592228
0.589440
0.587869
0.586476
0.581089
0.577679
0.574446
0.573836
0.568615
0.568723
0.566509
0.567465
0.557456
0.551597
0.558113
0.550262
0.552557
0.550063
0.544938
0.542220
0.539660
0.534874
0.533113
0.534828
0.528456
0.526526
0.522672
0.520152
0.520155
0.520461
0.516407
0.520192
0.519542
0.507898
0.505072
0.499103
0.498413
0.501773
0.495274
0.492104
0.485723
0.487034
0.483340
0.474487
0.477850
0.474565
0.466428
0.466021
0.461219
0.459838
0.453213
0.456775
0.452243
0.447316
0.442903
0.441461
0.436530
0.434576
0.433100
0.425902
0.422905
0.416009
0.408847
0.406913
0.404077
0.403273
0.396698
0.392312
0.386368
0.384050
0.381600
0.381322
0.376081
0.373535
0.369642
0.359860
0.356887
0.354173
0.346740
0.347132
0.341981
0.332316
0.325654
0.326316
0.319600
0.317969
0.311187
0.309140
0.306426
0.301036
0.297463
0.295028
0.287615
0.283717
0.280660
0.277843
0.273416
0.270380
0.268380
0.264969
0.262351
0.259101
0.258181
0.252704
0.245375
0.246602
0.248018
0.242340
0.240909
0.239141
0.234542
0.229167
0.228637
0.230171
0.225969
0.224871
0.217167
0.216716
0.215879
0.214007
0.213412
0.213724
0.209258
0.205961
0.206496
0.202021
0.198982
0.199625
0.196139
0.195241
0.194007
0.188206
0.187125
0.187148
0.184088
0.184278
0.181231
0.180315
0.175016
0.171303
0.168498
0.170766
0.170718
0.166454
0.166661
0.165134
0.167306
0.160691
0.163184
0.159230
0.159751
0.157068
0.154511
0.149709
0.149478
0.148729
0.146947
0.146028
0.141702
0.144118
0.142993
0.138935
0.139526
0.138054
0.138478
0.136790
0.136114
0.135542
0.133861
0.129236
0.131433
0.127500
0.128052
0.124434
0.126314
0.126847
0.125122
0.126782
0.126050
0.124884
0.122750
0.121552
0.122533
0.118169
0.121160
0.119166
0.116689
0.118125
0.117430
0.116809
0.116659
0.117279
0.117534
0.114750
0.113629
0.112894
0.113514
0.115753
0.113861
0.113941
0.113763
0.110592
0.110419
0.112673
0.115908
0.113659
0.111493
0.111106
0.110423
0.110369
0.111096
0.109975
0.112105
0.111590
0.109631
0.109771
0.107195
0.105124
0.107339
0.103115
0.104323
0.104784
0.104946
0.104157
0.105216
0.103452
0.101508
0.100328
0.101901
0.101962
0.100669
0.101356
0.099219
0.098108
0.098991
0.098724
0.097332
0.098463
0.097865
0.094840
0.097629
0.095204
0.094812
0.093501
0.096811
0.096500
0.095045
0.094811
0.094409
0.095034
0.096880
0.095254
0.094557
0.092909
0.095615
0.097066
0.093829
0.093671
0.091258
0.092653
0.092312
0.090103
0.093782
0.091119
0.091605
0.091063
0.092019
0.090920
0.087518
0.087485
0.087437
0.087792
0.087694
0.086097
0.085865
0.086906
0.087073
0.086276
0.087670
0.085327
0.082986
0.084424
0.083684
0.085599
0.085569
0.084060
0.085450
0.083020
0.083419
0.084330
0.084466
0.084723
0.081428
0.082105
0.084426
0.084541
0.084282
0.082757
0.081923
0.083240
0.081783
0.080891
0.080747
0.081960
0.083609
0.082254
0.082363
0.080258
0.083066
0.083885
0.083884
0.083191
0.081624
0.081617
0.079097
0.079622
0.077795
0.078252
0.078431
0.077560
0.077085
0.076339
0.077676
0.076163
0.076635
0.075035
0.075545
0.078008
0.075141
0.076443
0.076180
0.079117
0.075667
0.076002
0.076916
0.079048
0.078802
0.076162
0.077931
0.074515
0.077437
0.075486
0.074899
0.073324
0.073143
0.073366
0.072079
0.073903
0.074041
0.074206
0.071029
0.073787
0.072055
0.071585
0.072532
0.071384
0.071813
0.073259
0.071271
0.071588
0.073496
0.072788
0.071602
0.071550
0.072433
0.071764
0.072645
0.072860
0.073139
0.074283
0.072107
0.074191
0.074617
0.077547
0.074997
0.074214
0.072230
0.072337
0.074086
0.069798
0.071026
0.068028
0.071636
0.072268
0.071619
0.070909
0.069602
0.070520
0.070370
0.070595
0.071025
0.068973
0.068973
0.071776
0.068760
0.069389
0.069254
0.067723
0.071174
0.069859
0.068434
0.067719
0.068256
0.067480
0.069722
0.067596
0.067809
0.068981
0.067072
0.064846
0.066520
0.066970
0.065427
0.064228
0.065844
0.068208
0.065421
0.066094
0.066736
0.066541
0.066188
0.064935
0.063876
0.066520
0.063802
0.064824
0.063573
0.064668
0.064506
0.064705
0.063886
0.064315
0.063752
0.063530
0.063618
0.062882
0.063519
0.064433
0.062905
0.063587
0.064343
0.062995
0.065165
0.063207
0.061226
0.061644
0.063002
0.063118
0.063838
0.062996
0.062689
0.064143
0.059741
0.060039
0.062629
0.062820
0.062095
0.062398
0.062810
0.061656
0.061353
0.061536
0.064296
0.063215
0.062466
0.063156
0.063132
0.064816
0.065581
0.062415
0.062887
0.063736
0.065993
0.062270
0.061110
0.060590
0.059302
0.062260
0.061971
0.061938
0.064984
0.060757
0.061838
0.062395
0.058876
0.060384
0.062439
0.061457
0.060062
0.063322
0.061790
0.059921
0.061513
0.061840
0.061680
0.062257
0.062266
0.063799
0.063316
0.062324
0.061142
0.061680
0.061348
0.062927
0.059622
0.059869
0.059304
0.060915
0.060993
0.060174
0.058983
0.060179
0.057526
0.060233
0.059808
0.061860
0.060612
0.061570
0.061044
0.062140
0.060995
0.061831
0.062558
0.062772
0.060953
0.063505
0.064042
0.062676
0.062556
0.062998
0.062454
0.061262
0.063152
0.061928
0.059851
0.059514
0.061842
0.060449
0.059909
0.060124
0.062290
0.061218
0.062670
0.063747
0.064965
0.064691
0.064286
0.064672
0.062900
0.061986
0.063567
0.062143
0.063907
0.063028
0.062797
0.063131
0.061846
0.065553
0.063361
0.061423
0.062179
0.061584
0.060850
0.059798
0.059672
0.060902
0.059342
0.061504
0.060582
0.060509
0.060989
0.059702
0.059933
0.061747
0.059603
0.059174
0.061285
0.061196
0.058983
0.059441
0.058116
0.059681
0.060410
0.061015
0.060360
0.059091
0.058014
0.061318
0.060948
0.058931
0.057503
0.060586
0.060468
0.060003
0.062333
0.061042
0.059760
0.059665
0.057757
0.058574
0.058973
0.058050
0.059793
0.056948
0.060614
0.060409
0.057799
0.059518
0.059854
0.059842
0.059786
0.059144
0.059455
0.060604
0.059577
0.059794
0.059937
0.058562
0.057693
0.059322
0.058060
0.058742
0.056952
0.057152
0.058285
0.056938
0.056484
0.057360
0.056031
0.056643
0.057468
0.055878
0.056335
0.056874
0.056191
0.055747
0.056452
0.056628
0.056300
0.055363
0.057760
0.057455
0.056489
0.058706
0.059207
0.057287
0.056312
0.056644
0.054978
0.056677
0.056887
0.056864
0.056501
0.056725
0.057502
0.058087
0.056471
0.057023
0.056665
0.056321
0.056960
0.056676
0.056149
0.057084
0.054133
0.054995
0.055305
0.055486
0.055639
0.055271
0.054369
0.054688
0.054360
0.055533
0.055889
0.054330
0.053852
0.053289
0.054087
0.055814
0.053859
0.055206
0.054957
0.054541
0.054235
0.055865
0.053080
0.054432
0.054041
0.052016
0.055862
0.055324
0.056308
0.053158
0.056023
0.055433
0.054019
0.050015
0.051506
0.054136
0.053836
0.054507
0.053463
0.053932
0.055074
0.054587
0.053416
0.053247
0.051875
0.053649
0.053837
0.053690
0.053997
0.053775
0.053554
0.052081
0.053325
0.052597
0.053471
0.053682
0.051325
0.051714
0.052098
0.054326
0.054488
0.053844
0.052725
0.053264
0.050875
0.051076
0.052763
0.053690
0.054172
0.051929
0.051141
0.052947
0.052312
0.052444
0.052211
0.052763
0.052429
0.051655
0.051307
0.053531
0.050481
0.051163
0.050028
0.050694
0.050400
0.049847
0.049440
0.050077
0.050281
0.048638
0.049212
0.047478
0.047452
0.048582
0.047345
0.048422
0.047353
0.047283
0.049278
0.047360
0.047449
0.047659
0.045559
0.046859
0.046379
0.046421
0.046423
0.047851
0.046170
0.047528
0.045901
0.047194
0.046946
0.046965
0.046436
0.045941
0.046843
0.047239
0.045856
0.047227
0.046478
0.048184
0.048488
0.046531
0.047967
0.047236
0.047043
0.046789
0.047343
0.046741
0.047909
0.047556
0.046520
0.045981
0.045599
0.046690
0.046760
0.046927
0.045312
0.046818
0.046106
0.045624
0.046978
0.047547
0.046413
0.048163
0.045075
0.047631
0.044530
0.047708
0.047506
0.047672
0.046590
0.045978
0.046111
0.046981
0.045436
0.046791
0.045279
0.045017
0.046786
0.046237
0.045569
0.045170
0.044470
0.044728
0.045220
0.046776
0.046038
0.046686
0.045214
0.044133
0.045471
0.045869
0.045400
0.046007
0.047224
0.046823
0.045802
0.044941
0.044344
0.045195
0.045599
0.045679
0.044527
0.046587
0.043931
0.046186
0.044052
0.045271
0.044370
0.044397
0.045542
0.043670
0.043982
0.043764
0.045319
0.044628
0.045462
0.044396
0.044372
0.043981
0.044095
0.044229
0.043849
0.044191
0.042824
0.043415
0.043953
0.040882
0.042435
0.041303
0.043317
0.042951
0.040922
0.042621
0.041604
0.042710
0.039666
0.040947
0.040443
0.041049
0.041911
0.042033
0.040925
0.042752
0.041316
0.041040
0.041701
0.041499
0.040992
0.041369
0.040299
0.040394
0.041022
0.040530
0.040297
0.038585
0.039407
0.041026
0.039634
0.040295
0.041009
0.041758
0.040685
0.041326
0.040013
0.038840
0.039314
0.039296
0.039997
0.039642
0.039721
0.039847
0.038541
0.039225
0.038515
0.037999
0.039558
0.037847
0.038703
0.038928
0.038036
0.038791
0.039624
0.038288
0.039053
0.039521
0.040599
0.038953
0.038476
0.039019
0.039126
0.037395
0.037464
0.036554
0.037691
0.038463
0.039251
0.037783
0.037732
0.037600
0.038676
0.038707
0.039817
0.039173
0.039291
0.039697
0.038646
0.038276
0.039244
0.039336
0.039320
0.038555
0.037601
0.038216
0.038031
0.038771
0.036949
0.037145
0.036918
0.037025
0.037274
0.037763
0.038854
0.037502
0.038554
0.037225
0.037258
0.037249
0.037369
0.037854
0.037230
0.037619
0.038525
0.037056
0.038045
0.037242
0.037109
0.037804
0.037943
0.037105
0.037598
0.037841
0.036755
0.036601
0.036565
0.036932
0.037719
0.036132
0.035717
0.036949
0.036634
0.036738
0.036758
0.037809
0.037486
0.037418
0.037504
0.037189
0.038438
0.037457
0.035248
0.036568
0.035865
0.035888
0.034726
0.035495
0.035259
0.036436
0.036579
0.035409
0.037580
0.036668
0.037812
0.035599
0.036803
0.035833
0.036267
0.036185
0.036308
0.036184
0.035332
0.035851
0.035522
0.035835
0.034408
0.036818
0.034653
0.034858
0.034443
0.034042
0.033714
0.034339
0.034876
0.035876
0.034890
0.035709
0.034089
0.034765
0.034486
0.035261
0.033429
0.034276
0.033767
0.034808
0.035011
0.033825
0.034169
0.034653
0.034545
0.033795
0.033218
0.032886
0.034032
0.034436
0.033810
0.033054
0.033741
0.032705
0.033285
0.032591
0.034381
0.034372
0.033702
0.033434
0.032912
0.034628
0.032851
0.034737
0.035552
0.034570
0.033755
0.033371
0.033724
0.033685
0.034429
0.035441
0.033887
0.034200
0.033256
0.032780
0.032984
0.033772
0.032047
0.034795
0.032575
0.032992
0.032785
0.033246
0.034021
0.033088
0.032985
0.033815
0.034186
0.033127
0.033016
0.034423
0.032741
0.034577
0.034290
0.034151
0.035018
0.033712
0.033502
0.033106
0.032955
0.033977
0.033800
0.034501
0.032119
0.033496
0.031956
0.033417
0.034405
0.033751
0.034110
0.033731
0.032953
0.034102
0.033065
0.033070
0.032070
0.033713
0.034664
0.033334
0.033586
0.033429
0.032781
0.032404
0.033710
0.032262
0.033663
0.032561
0.033189
0.034544
0.033197
0.033827
0.033494
0.033371
0.032820
0.034027
0.034461
0.033169
0.032769
0.033061
0.033279
0.032672
0.033244
0.032524
0.032616
0.032332
0.031894
0.032235
0.031948
0.032060
0.033375
0.033745
0.031986
0.030594
0.030169
0.033140
0.031323
0.032742
0.031769
0.031327
0.031878
0.032664
0.031925
0.033127
0.033223
0.033672
0.032739
0.032746
0.031539
0.031809
0.033723
0.033269
0.033392
0.033760
0.031847
0.033071
0.033425
0.034002
0.032846
0.032119
0.032020
0.032718
0.032986
0.032889
0.032025
0.030861
0.031360
0.031247
0.031508
0.031851
0.031826
0.031905
0.030323
0.032178
0.030856
0.030317
0.031034
0.032537
0.030951
0.030872
0.032004
0.030844
0.030123
0.032311
0.031598
0.030706
0.031563
0.031602
0.031589
0.031816
0.032415
0.031756
0.031715
0.031554
0.030377
0.030102
0.031886
0.029697
0.029745
0.029456
0.028752
0.028936
0.028137
0.029733
0.028657
0.029467
0.028351
0.027777
0.028158
0.028751
0.028949
0.029034
0.029137
0.029373
0.028760
0.028830
0.028504
0.028375
0.028702
0.028343
0.027755
0.027783
0.028160
0.028175
0.029638
0.028643
0.028051
0.028713
0.030633
0.028637
0.029912
0.030020
0.028359
0.028806
0.027639
0.028946
0.028003
0.028471
0.028953
0.028752
0.029674
0.029164
0.029043
0.028787
0.028868
0.029271
0.029319
0.029602
0.028874
0.029001
0.028510
0.027363
0.027852
0.027670
0.028765
0.028351
0.028276
0.027900
0.027195
0.028191
0.027165
0.028152
0.026925
0.026384
0.026438
0.027129
0.027341
0.026875
0.028315
0.027969
0.027881
0.028278
0.027455
0.027285
0.027927
0.027955
0.027948
0.028014
0.027746
0.027529
0.027954
0.028004
0.026220
0.027733
0.027233
0.028636
0.027449
0.028011
0.027096
0.027625
0.026941
0.027911
0.027458
0.026935
0.027529
0.027156
0.027164
0.028081
0.027555
0.026577
0.026650
0.027818
0.027435
0.028823
0.027761
0.027619
0.028448
0.028711
0.027690
0.027782
0.027966
0.027975
0.028233
0.027544
0.027106
0.028263
0.028212
0.028532
0.028298
0.027657
0.028122
0.027302
0.028007
0.028784
0.028535
0.028929
0.028166
0.028269
0.027637
0.027536
0.028003
0.028329
0.026342
0.027117
0.028400
0.028072
0.027520
0.027611
0.027138
0.026482
0.027085
0.027223
0.026752
0.027308
0.027235
0.026619
0.025645
0.026400
0.026157
0.026389
0.027184
0.026228
0.025357
0.026671
0.026677
0.027052
0.026918
0.027038
0.027162
0.027095
0.027868
0.026650
0.027656
0.026538
0.026546
0.026893
0.026736
0.026210
0.027873
0.026396
0.027161
0.027299
0.027960
0.027012
0.025529
0.026688
0.026674
0.027290
0.026690
0.027291
0.026722
0.027879
0.027138
0.026043
0.026485
0.026095
0.027015
0.025730
0.026057
0.026059
0.026668
0.026839
0.026392
0.025624
0.025777
0.025034
0.025578
0.026484
0.025954
0.026577
0.026536
0.026279
0.027111
0.026843
0.026857
0.025539
0.028435
0.027939
0.028309
0.027575
0.027362
0.027567
0.026643
0.028892
0.027946
0.027414
0.028338
0.029151
0.027587
0.027651
0.027998
0.027006
0.028931
0.027010
0.027827
0.027662
0.027327
0.027725
0.028431
0.028315
0.027365
0.027786
0.028470
0.028167
0.028319
0.028828
0.028531
0.027634
0.027638
0.027297
0.027398
0.027643
0.027495
0.027975
0.027316
0.027629
0.027218
0.027355
0.027883
0.028606
0.029025
0.027164
0.027303
0.027024
0.027960
0.027629
0.028239
0.027176
0.029148
0.028254
0.028758
0.029580
0.029915
0.029436
0.028932
0.028747
0.028404
0.028915
0.027644
0.028715
0.028222
0.029035
0.027887
0.027963
0.027401
0.027431
0.027162
0.026997
0.028530
0.028211
0.028246
0.028508
0.028034
0.028600
0.028688
0.028229
0.028368
0.028681
0.027322
0.028484
0.028435
0.028258
0.027830
0.027884
0.028604
0.027465
0.028512
0.027962
0.028794
0.028127
0.026439
0.028292
0.026280
0.027178
0.027576
0.028555
0.027395
0.027488
0.027346
0.027442
0.026640
0.027451
0.028021
0.027581
0.028101
0.027419
0.026111
0.026419
0.026572
0.025803
0.026441
0.027460
0.027323
0.026827
0.027283
0.026934
0.027516
0.028119
0.027736
0.026651
0.027771
0.027995
0.026682
0.027575
0.026459
0.026955
0.026606
0.028486
0.028388
0.028176
0.028366
0.028914
0.028333
0.026984
0.027407
0.026904
0.027502
0.027860
0.027581
0.027144
0.026640
0.026515
0.026783
0.027856
0.027452
0.027353
0.027690
0.025468
0.025281
0.026134
0.025920
0.026648
0.028040
0.026063
0.027313
0.026895
0.025411
0.026342
0.027724
0.027512
0.025841
0.026098
0.025496
0.026228
0.026514
0.026174
0.026833
0.025730
0.026192
0.026759
0.026220
0.026819
0.026982
0.027237
0.026775
0.027650
0.026948
0.026682
0.026434
0.027465
0.026854
0.025588
0.026306
0.026669
0.026684
0.026286
0.027675
0.026560
0.026118
0.026023
0.026894
0.026651
0.027462
0.026120
0.027008
0.027673
0.027847
0.028376
0.027871
0.027410
0.026675
0.027045
0.026159
0.028258
0.026298
0.026479
0.026860
0.026364
0.025927
0.025931
0.026274
0.025158
0.025564
0.026577
0.026284
0.026484
0.026249
0.026156
0.025381
0.025635
0.025967
0.025688
0.026593
0.025784
0.026841
0.027034
0.026824
0.027039
0.026958
0.026160
0.026215
0.025885
0.026253
0.026480
0.027333
0.026614
0.027299
0.027480
0.027435
0.027785
0.027251
0.027547
0.027744
0.026729
0.026944
0.026842
0.027641
0.027432
0.029229
0.027575
0.027223
0.027514
0.027050
0.026101
0.027070
0.027018
0.028445
0.028988
0.028215
0.028850
0.029460
0.028409
0.029452
0.029106
0.028925
0.028178
0.028186
0.028883
0.028354
0.028420
0.029044
0.028494
0.028889
0.028630
0.028090
0.028046
0.028194
0.028130
0.027596
0.028205
0.028822
0.028026
0.027567
0.028529
0.028075
0.028532
0.028529
0.027053
0.026885
0.027458
0.028392
0.028913
0.028394
0.027659
0.027509
0.027405
0.027371
0.028310
0.026415
0.027180
0.026666
0.029142
0.028423
0.028562
0.028115
0.028684
0.028040
0.027477
0.028516
0.028925
0.027668
0.028581
0.028989
0.028643
0.027566
0.028240
0.026913
0.027818
0.028142
0.028079
0.027297
0.027324
0.027664
0.027341
0.027686
0.027381
0.027865
0.027694
0.028167
0.027175
0.027936
0.027723
0.028594
0.027322
0.028080
0.026432
0.026432
0.025348
0.027041
0.026402
0.025840
0.026013
0.025436
0.026693
0.027295
0.027161
0.028108
0.026917
0.027795
0.028492
0.028099
0.028621
0.028019
0.027596
0.027862
0.028418
0.028485
0.028423
0.028850
0.028060
0.028729
0.029167
0.029173
0.028115
0.029142
0.028455
0.028344
0.028286
0.027921
0.027966
0.029372
0.028456
0.027350
0.028456
0.026990
0.027466
0.026730
0.027326
0.027104
0.026828
0.027423
0.027518
0.027658
0.027535
0.026639
0.026565
0.027525
0.026749
0.028116
0.027003
0.025922
0.026041
0.027227
0.026493
0.026771
0.026499
0.027413
0.026424
0.027789
0.025965
0.026654
0.026336
0.026288
0.026412
0.026250
0.026245
0.025702
0.026155
0.026794
0.025919
0.026537
0.026915
0.026559
0.026043
0.025773
0.026633
0.027441
0.028103
0.027316
0.027622
0.027855
0.026612
0.026764
0.026946
0.027232
0.027332
0.027884
0.028177
0.027344
0.027928
0.027332
0.027497
0.027916
0.028944
0.027982
0.027083
0.026716
