0.126840
0.063538
0.055487
0.055487
0.053791
0.048724
0.041271
0.030403
0.030403
0.028730
0.026935
0.021607
0.021607
0.021158
0.020949
0.020949
0.015475
0.015475
0.015475
0.015368
0.015368
0.015368
0.012818
0.012818
0.012479
0.012479
0.012347
0.011419
0.011419
0.011419
0.011419
0.011419
0.011419
0.011419
0.011419
0.011419
0.011419
0.011419
0.011419
0.011005
0.011005
0.011005
0.011005
0.011005
0.011005
0.011005
0.011005
0.011005
0.011005
0.007072
0.006132
0.006132
0.006132
0.006132
0.006132
0.006132
0.006132
0.005550
0.005550
0.005550
0.005550
0.005550
0.005550
0.005550
0.005550
0.005527
0.005527
0.005527
0.005527
0.005527
0.005527
0.005527
0.005527
0.005527
0.005527
0.005527
0.005527
0.005527
0.005527
0.005527
0.005527
0.005445
0.005445
0.005445
0.005445
0.004969
0.004969
0.004969
0.004969
0.004969
0.004969
0.004969
0.004969
0.004927
0.004927
0.004304
0.004304
0.004304
0.004304
0.004304
0.004304
0.004304
0.004304
0.004304
0.004304
0.004304
0.004304
0.004304
0.004304
0.004022
0.004022
0.004022
0.004022
0.004022
0.004022
0.004022
0.004022
0.004022
0.004022
0.004022
0.004022
0.004022
0.003703
0.003703
0.003703
0.003703
0.003703
0.003703
0.003165
0.003165
0.003165
0.003165
0.003165
0.003165
0.003165
0.003165
0.003128
0.003128
0.003128
0.003128
0.003128
0.003128
0.003128
0.003128
0.003128
0.003128
0.003128
0.003128
0.003128
0.003128
0.003128
0.003128
0.003128
0.003128
0.003128
0.003128
0.003128
0.003128
0.003128
0.003128
0.003128
0.002900
0.002900
0.002900
0.002900
0.002900
0.002900
0.002900
0.002900
0.002883
0.002883
0.002883
0.002883
0.002883
0.002883
0.002883
0.002883
0.002883
0.002883
0.002883
0.002876
0.002876
0.002876
0.002876
0.002876
0.002876
0.002876
0.002876
0.002876
0.002876
0.002876
0.002876
0.002876
0.002876
0.002876
0.002876
0.002876
0.002876
0.002876
0.002876
0.002876
0.002876
0.002876
0.002876
0.002876
0.002876
0.002876
0.002876
0.002876
0.002876
0.002876
0.002876
0.002876
0.002876
0.002876
0.002876
0.002876
0.002876
0.002876
0.002876
0.002876
0.002876
0.002876
0.002876
0.002876
0.002876
0.002876
0.002876
0.002876
0.002876
0.002876
0.002876
0.002876
0.002876
0.002876
0.002876
0.002876
0.002876
0.002876
0.002876
0.002876
0.002876
0.002876
0.002876
0.002876
0.002876
0.002876
0.002876
0.002876
0.002876
0.002876
0.002876
0.002876
0.002876
0.002876
0.002876
0.002866
0.002866
0.002866
0.002866
0.002866
0.002866
0.002866
0.002866
0.002866
0.002866
0.002866
0.002866
0.002866
0.002866
0.002866
0.002866
0.002866
0.002866
0.002866
0.002866
0.002866
0.002866
0.002866
0.002866
0.002866
0.002866
0.002866
0.002866
0.002866
0.002866
0.002866
0.002866
0.002866
0.002866
0.002866
0.002866
0.002866
0.002866
0.002866
0.002866
0.002866
0.002866
0.002866
0.002866
0.002866
0.002866
0.002866
0.002866
0.002866
0.002866
0.002866
0.002866
0.002866
0.002866
0.002866
0.002866
0.002866
0.002866
0.002866
0.002866
0.002866
0.002866
0.002866
0.002866
0.002866
0.002866
0.002866
0.002866
0.002866
0.002866
0.002866
0.002866
0.002866
0.002866
0.002866
0.002866
0.002866
0.002866
0.002866
0.002866
0.002866
0.002856
0.002856
0.002856
0.002856
0.002856
0.002856
0.002856
0.002856
0.002856
0.002856
0.002856
0.002856
0.002856
0.002856
0.002856
0.002856
0.002856
0.002856
0.002856
0.002856
0.002856
0.002856
0.002856
0.002856
0.002856
0.002856
0.002856
0.002856
0.002856
0.002856
0.002856
0.002856
0.002856
0.002856
0.002856
0.002856
0.002856
0.002856
0.002856
0.002856
0.002856
0.002856
0.002856
0.002856
0.002856
0.002856
0.002856
0.002856
0.002856
0.002856
0.002856
0.002856
0.002856
0.002856
0.002856
0.002856
0.002856
0.002856
0.002856
0.002856
0.002856
0.002856
0.002856
0.002856
0.002856
0.002856
0.002856
0.002856
0.002856
0.002856
0.002856
0.002856
0.002856
0.002856
0.002856
0.002856
0.002856
0.002856
0.002856
0.002856
0.002856
0.002856
0.002856
0.002856
0.002856
0.002856
0.002856
0.002856
0.002856
0.002856
0.002856
0.002856
0.002856
0.002856
0.002856
0.002856
0.002856
0.002856
0.002856
0.002856
0.002856
0.002856
0.002856
0.002856
0.002856
0.002856
0.002856
0.002856
0.002856
0.002856
0.002856
0.002856
0.002856
0.002856
0.002856
0.002856
0.002856
0.002856
0.002856
0.002856
0.002856
0.002856
0.002856
0.002856
0.002856
0.002856
0.002856
0.002856
0.002856
0.002856
0.002856
0.002856
0.002856
0.002856
0.002856
0.002856
0.002856
0.002856
0.002856
0.002856
0.002856
0.002856
0.002856
0.002856
0.002856
0.002856
0.002856
0.002856
0.002856
0.002856
0.002856
0.002856
0.002856
0.002856
0.002856
0.002856
0.002856
0.002856
0.002856
0.002856
0.002856
0.002856
0.002810
0.002810
0.002810
0.002810
0.002810
0.002810
0.002810
0.002810
0.002810
0.002810
0.002810
0.002810
0.002810
0.002810
0.002810
0.002810
0.002810
0.002810
0.002810
0.002810
0.002810
0.002810
0.002810
0.002810
0.002810
0.002810
0.002810
0.002810
0.002810
0.002810
0.002810
0.002810
0.002810
0.002810
0.002810
0.002810
0.002810
0.002810
0.002810
0.002810
0.002810
0.002810
0.002810
0.002810
0.002810
0.002810
0.002810
0.002810
0.002810
0.002810
0.002810
0.002810
0.002810
0.002810
0.002810
0.002810
0.002810
0.002810
0.002810
0.002810
0.002810
0.002810
0.002810
0.002810
0.002810
0.002810
0.002810
0.002810
0.002810
0.002810
0.002810
0.002810
0.002810
0.002810
0.002810
0.002810
0.002810
0.002810
0.002810
0.002810
0.002810
0.002810
0.002810
0.002810
0.002810
0.002810
0.002810
0.002810
0.002810
0.002810
0.002810
0.002810
0.002810
0.002810
0.002810
0.002810
0.002810
0.002810
0.002810
0.002810
0.002810
0.002810
0.002810
0.002810
0.002810
0.002810
0.002810
0.002810
0.002810
0.002810
0.002810
0.002810
0.002810
0.002810
0.002810
0.002810
0.002810
0.002810
0.002810
0.002810
0.002810
0.002810
0.002810
0.002810
0.002810
0.002810
0.002810
0.002810
0.002810
0.002810
0.002810
0.002810
0.002810
0.002810
0.002810
0.002810
0.002810
0.002810
0.002810
0.002810
0.002810
0.002810
0.002810
0.002810
0.002810
0.002810
0.002810
0.002810
0.002810
0.002810
0.002810
0.002810
0.002810
0.002810
0.002810
0.002810
0.002810
0.002810
0.002810
0.002810
0.002810
0.002810
0.002810
0.002810
0.002810
0.002810
0.002810
0.002810
0.002810
0.002810
0.002810
0.002810
0.002810
0.002810
0.002810
0.002810
0.002810
0.002810
0.002810
0.002810
0.002810
0.002810
0.002810
0.002810
0.002810
0.002810
0.002810
0.002810
0.002810
0.002810
0.002810
0.002810
0.002810
0.002810
0.002810
0.002810
0.002810
0.002810
0.002810
0.002810
0.002810
0.002810
0.002810
0.002810
0.002810
0.002810
0.002810
0.002810
0.002810
0.002810
0.002810
0.002810
0.002810
0.002810
0.002810
0.002810
0.002810
0.002810
0.002810
0.002810
0.002810
0.002810
0.002810
0.002810
0.002810
0.002810
0.002810
0.002810
0.002810
0.002810
0.002810
0.002810
0.002810
0.002810
0.002810
0.002810
0.002810
0.002810
0.002810
0.002810
0.002810
0.002810
0.002810
0.002810
0.002810
0.002810
0.002810
0.002810
0.002810
0.002810
0.002810
0.002810
0.002810
0.002810
0.002810
0.002810
0.002810
0.002810
0.002810
0.002810
0.002810
0.002810
0.002810
0.002810
0.002810
0.002810
0.002810
0.002810
0.002810
0.002810
0.002810
0.002810
0.002810
0.002810
0.002810
0.002810
0.002810
0.002810
0.002810
0.002810
0.002810
0.002810
0.002810
0.002810
0.002810
0.002810
0.002810
0.002810
0.002810
0.002810
0.002810
0.002810
0.002810
0.002810
0.002810
0.002810
0.002810
0.002810
0.002810
0.002810
0.002810
0.002810
0.002810
0.002810
0.002810
0.002810
0.002810
0.002810
0.002810
0.002810
0.002810
0.002810
0.002810
0.002810
0.002810
0.002810
0.002810
0.002810
0.002810
0.002810
0.002810
0.002810
0.002810
0.002810
0.002810
0.002810
0.002810
0.002810
0.002810
0.002810
0.002810
0.002810
0.002810
0.002810
0.002810
0.002810
0.002810
0.002810
0.002810
0.002810
0.002810
0.002810
0.002810
0.002810
0.002810
0.002810
0.002810
0.002810
0.002810
0.002810
0.002810
0.002810
0.002810
0.002810
0.002810
0.002810
0.002810
0.002810
0.002810
0.002810
0.002810
0.002810
0.002810
0.002810
0.002810
0.002810
0.002810
0.002810
0.002810
0.002810
0.002810
0.002810
0.002810
0.002810
0.002810
0.002810
0.002810
0.002810
0.002810
0.002810
0.002810
0.002810
0.002810
0.002810
0.002810
0.002810
0.002810
0.002810
0.002810
0.002810
0.002810
0.002810
0.002810
0.002810
0.002810
0.002810
0.002810
0.002810
0.002810
0.002810
0.002810
0.002810
0.002810
0.002810
0.002810
0.002810
0.002810
0.002810
0.002810
0.002810
0.002810
0.002810
0.002810
0.002810
0.002810
0.002810
0.002810
0.002810
0.002810
0.002810
0.002810
0.002810
0.002810
0.002810
0.002810
0.002810
0.002810
0.002810
0.002810
0.002810
0.002810
0.002810
0.002810
0.002810
0.002810
0.002810
0.002810
0.002810
0.002810
0.002810
0.002810
0.002810
0.002810
0.002810
0.002810
0.002810
0.002810
0.002810
0.002810
0.002810
0.002810
0.002810
0.002810
0.002810
0.002810
0.002810
0.002810
0.002810
0.002810
0.002810
0.002810
0.002810
0.002810
0.002810
0.002810
0.002810
0.002810
0.002810
0.002810
0.002810
0.002810
0.002810
0.002810
0.002810
0.002810
0.002810
0.002810
0.002810
0.002810
0.002810
0.002810
0.002810
0.002810
0.002810
0.002810
0.002810
0.002810
0.002810
0.002810
0.002810
0.002810
0.002810
0.002810
0.002810
0.002810
0.002810
0.002810
0.002810
0.002810
0.002810
0.002810
0.002810
0.002810
0.002810
0.002810
0.002810
0.002810
0.002810
0.002810
0.002810
0.002810
0.002810
0.002810
0.002810
0.002810
0.002810
0.002810
0.002810
0.002810
0.002810
0.002810
0.002810
0.002810
0.002810
0.002810
0.002810
0.002810
0.002810
0.002810
0.002810
0.002810
0.002810
0.002810
0.002810
0.002810
0.002810
0.002810
0.002810
0.002810
0.002810
0.002810
0.002810
0.002810
0.002810
0.002810
0.002810
0.002810
0.002810
0.002810
0.002810
0.002810
0.002810
0.002810
0.002810
0.002810
0.002810
0.002810
0.002810
0.002810
0.002810
0.002810
0.002810
0.002810
0.002810
0.002810
0.002810
0.002810
0.002810
0.002810
0.002810
0.002810
0.002810
0.002810
0.002810
0.002810
0.002810
0.002810
0.002810
0.002810
0.002810
0.002810
0.002810
0.002810
0.002810
0.002810
0.002810
0.002810
0.002810
0.002810
0.002810
0.002810
0.002810
0.002810
0.002810
0.002810
0.002810
0.002810
0.002810
0.002810
0.002810
0.002810
0.002810
0.002810
0.002810
0.002810
0.002810
0.002810
0.002810
0.002810
0.002810
0.002810
0.002810
0.002810
0.002810
0.002810
0.002810
0.002810
0.002810
0.002810
0.002810
0.002810
0.002810
0.002810
0.002810
0.002810
0.002810
0.002810
0.002810
0.002810
0.002810
0.002810
0.002810
0.002810
0.002810
0.002810
0.002810
0.002810
0.002810
0.002810
0.002810
0.002810
0.002810
0.002810
0.002810
0.002810
0.002810
0.002810
0.002810
0.002810
0.002810
0.002810
0.002810
0.002810
0.002810
0.002810
0.002810
0.002810
0.002810
0.002810
0.002810
0.002810
0.002810
0.002810
0.002810
0.002810
0.002810
0.002810
0.002810
0.002810
0.002810
0.002810
0.002810
0.002810
0.002810
0.002810
0.002810
0.002810
0.002810
0.002810
0.002810
0.002810
0.002810
0.002810
0.002810
0.002810
0.002810
0.002810
0.002810
0.002810
0.002810
0.002810
0.002810
0.002810
0.002810
0.002810
0.002810
0.002810
0.002810
0.002810
0.002810
0.002810
0.002810
0.002810
0.002648
0.002648
0.002648
0.002648
0.002648
0.002648
0.002648
0.002648
0.002648
0.002648
0.002648
0.002648
0.002648
0.002648
0.002648
0.002648
0.002648
0.002648
0.002648
0.002648
0.002648
0.002648
0.002648
0.002648
0.002648
0.002648
0.002648
0.002648
0.002648
0.002648
0.002648
0.002648
0.002648
0.002648
0.002648
0.002648
0.002648
0.002648
0.002648
0.002648
0.002648
0.002648
0.002648
0.002648
0.002648
0.002648
0.002648
0.002648
0.002648
0.002648
0.002648
0.002648
0.002648
0.002648
0.002648
0.002484
0.002484
0.002484
0.002484
0.002484
0.002484
0.002484
0.002484
0.002484
0.002484
0.002484
0.002484
0.002484
0.002484
0.002484
0.002484
0.002484
0.002484
0.002484
0.002484
0.002484
0.002484
0.002484
0.002484
0.002484
0.002484
0.002484
0.002484
0.002484
0.002484
0.002484
0.002484
0.002484
0.002484
0.002484
0.002484
0.002484
0.002484
0.002484
0.002484
0.002484
0.002484
0.002484
0.002484
0.002484
0.002484
0.002484
0.002484
0.002484
0.002484
0.002484
0.002484
0.002484
0.002484
0.002484
0.002484
0.002484
0.002484
0.002484
0.002484
0.002484
0.002484
0.002484
0.002484
0.002484
0.002484
0.002484
0.002484
0.002484
0.002484
0.002484
0.002484
0.002484
0.002484
0.002484
0.002484
0.002484
0.002484
0.002484
0.002484
0.002484
0.002484
0.002484
0.002484
0.002484
0.002484
0.002484
0.002484
0.002484
0.002484
0.002484
0.002484
0.002484
0.002484
0.002484
0.002484
0.002484
0.002484
0.002484
0.002484
0.002484
0.002484
0.002484
0.002484
0.002484
0.002484
0.002484
0.002484
0.002484
0.002484
0.002484
0.002484
0.002484
0.002484
0.002484
0.002484
0.002484
0.002484
0.002484
0.002484
0.002484
0.002484
0.002484
0.002484
0.002484
0.002484
0.002484
0.002484
0.002484
0.002484
0.002484
0.002484
0.002484
0.002484
0.002484
0.002484
0.002484
0.002484
0.002484
0.002484
0.002484
0.002484
0.002484
0.002484
0.002484
0.002484
0.002484
0.002484
0.002484
0.002484
0.002484
0.002484
0.002484
0.002484
0.002484
0.002484
0.002484
0.002484
0.002484
0.002484
0.002484
0.002484
0.002484
0.002484
0.002484
0.002484
0.002484
0.002484
0.002484
0.002484
0.002484
0.002484
0.002484
0.002484
0.002484
0.002484
0.002484
0.002484
0.002484
0.002484
0.002484
0.002484
0.002484
0.002484
0.002484
0.002484
0.002484
0.002484
0.002484
0.002484
0.002484
0.002484
0.002484
0.002484
0.002484
0.002484
0.002484
0.002484
0.002484
0.002484
0.002484
0.002484
0.002484
0.002484
0.002484
0.002484
0.002484
0.002484
0.002484
0.002484
0.002484
0.002484
0.002484
0.002484
0.002484
0.002484
0.002484
0.002484
0.002484
0.002484
0.002484
0.002484
0.002484
0.002484
0.002484
0.002484
0.002484
0.002484
0.002484
0.002484
0.002484
0.002484
0.002484
0.002484
0.002484
0.002484
0.002484
0.002484
0.002484
0.002484
0.002484
0.002396
0.002396
0.002396
0.002396
0.002396
0.002396
0.002396
0.002396
0.002396
0.002396
0.002396
0.002396
0.002396
0.002396
0.002396
0.002396
0.002396
0.002396
0.002396
0.002396
0.002396
0.002396
0.002396
0.002396
0.002396
0.002396
0.002396
0.002396
0.002396
0.002396
0.002396
0.002396
0.002396
0.002396
0.002396
0.002396
0.002396
0.002396
0.002396
0.002396
0.002396
0.002396
0.002396
0.002396
0.002396
0.002396
0.002396
0.002396
0.002396
0.002396
0.002396
0.002396
0.002396
0.002396
0.002396
0.002396
0.002396
0.002396
0.002396
0.002396
0.002396
0.002396
0.002396
0.002396
0.002396
0.002396
0.002396
0.002396
0.002396
0.002396
0.002396
0.002396
0.002396
0.002396
0.002396
0.002396
0.002396
0.002396
0.002396
0.002396
0.002396
0.002396
0.002396
0.002396
0.002396
0.002396
0.002396
0.002396
0.002396
0.002396
0.002396
0.002396
0.002396
0.002396
0.002396
0.002396
0.002396
0.002396
0.002396
0.002396
0.002396
0.002396
0.002396
0.002396
0.002396
0.002396
0.002396
0.002396
0.002396
0.002396
0.002396
0.002396
0.002396
0.002396
0.002396
0.002396
0.002396
0.002396
0.002396
0.002396
0.002396
0.002396
0.002396
0.002396
0.002396
0.002396
0.002396
0.002396
0.002396
0.002396
0.002396
0.002396
0.002396
0.002396
0.002396
0.002396
0.002396
0.002396
0.002396
0.002396
0.002396
0.002396
0.002396
0.002396
0.002396
0.002396
0.002396
0.002396
0.002396
0.002396
0.002330
0.002330
0.002330
0.002330
0.002330
0.002330
0.002330
0.002330
0.002330
0.002330
0.002330
0.002330
0.002330
0.002330
0.002330
0.002330
0.002330
0.002330
0.002330
0.002330
0.002330
0.002330
0.002330
0.002330
0.002330
0.002330
0.002330
0.002330
0.002330
0.002330
0.002330
0.002330
0.002330
0.002330
0.002330
0.002330
0.002330
0.002330
0.002330
0.002330
0.002330
0.002330
0.002330
0.002330
0.002330
0.002330
0.002330
0.002330
0.002330
0.002330
0.002330
0.002330
0.002330
0.002330
0.002330
0.002330
0.002330
0.002330
0.002330
0.002330
0.002330
0.002330
0.002330
0.002330
0.002330
0.002330
0.002330
0.002330
0.002330
0.002330
0.002330
0.002330
0.002330
0.002330
0.002330
0.002330
0.002330
0.002330
0.002330
0.002330
0.002330
0.002330
0.002330
0.002330
0.002330
0.002330
0.002330
0.002330
0.002330
0.002330
0.002330
0.002330
0.002330
0.002330
0.002330
0.002330
0.002330
0.002330
0.002330
0.002330
0.002330
0.002330
0.002330
0.002330
0.002330
0.002330
0.002330
0.002330
0.002330
0.002330
0.002330
0.002330
0.002330
0.002330
0.002330
0.002330
0.002330
0.002330
0.002330
0.002330
0.002330
0.002330
0.002330
0.002330
0.002330
0.002330
0.002330
0.002330
0.002330
0.002330
0.002330
0.002330
0.002330
0.002330
0.002330
0.002330
0.002330
0.002330
0.002330
0.002330
0.002330
0.002330
0.002330
0.002330
0.002330
0.002330
0.002330
0.002330
0.002330
0.002330
0.002330
0.002330
0.002330
0.002330
0.002330
0.002330
0.002330
0.002330
0.002330
0.002330
0.002330
0.002330
0.002330
0.002330
0.002330
0.002330
0.002330
0.002330
0.002330
0.002330
0.002330
0.002330
0.002330
0.002330
0.002330
0.002330
0.002330
0.002330
0.002330
0.002330
0.002330
0.002330
0.002330
0.002330
0.002330
0.002330
0.002330
0.002330
0.002330
0.002330
0.002330
0.002330
0.002330
0.002330
0.002330
0.002330
0.002330
0.002330
0.002330
0.002330
0.002330
0.002330
0.002330
0.002330
0.002330
0.002330
0.002330
0.002330
0.002330
0.002330
0.002330
0.002330
0.002330
0.002330
0.002330
0.002330
0.002330
0.002330
0.002330
0.002330
0.002330
0.002330
0.002330
0.002330
0.002330
0.002330
0.002330
0.002330
0.002330
0.002330
0.002330
0.002330
0.002330
0.002330
0.002330
0.002330
0.002330
0.002330
0.002330
0.002330
0.002330
0.002330
0.002330
0.002317
0.002317
0.002317
0.002317
0.002317
0.002317
0.002317
0.002317
0.002317
0.002317
0.002317
0.002317
0.002317
0.002317
0.002317
0.002317
0.002317
0.002317
0.002317
0.002317
0.002317
0.002317
0.002317
0.002317
0.002317
0.002317
0.002317
0.002317
0.002317
0.002317
0.002317
0.002317
0.002317
0.002317
0.002317
0.002317
0.002317
0.002317
0.002317
0.002317
0.002317
0.002317
0.002317
0.002317
0.002317
0.002317
0.002317
0.002317
0.002317
0.002317
0.002317
0.002317
0.002317
0.002317
0.002317
0.002317
0.002317
0.002317
0.002317
0.002317
0.002317
0.002317
0.002317
0.002317
0.002317
0.002317
0.002317
0.002317
0.002317
0.002317
0.002317
0.002317
0.002317
0.002317
0.002317
0.002317
0.002317
0.002317
0.002317
0.002317
0.002317
0.002317
0.002317
0.002317
0.002317
0.002317
0.002317
0.002317
0.002317
0.002317
0.002317
0.002317
0.002317
0.002317
0.002317
0.002317
0.002317
0.002317
0.002317
0.002317
0.002317
0.002317
0.002317
0.002317
0.002317
0.002317
0.002317
0.002317
0.002317
