4083.065381
3797.256934
3326.492505
3280.265259
3015.721985
2819.235071
2579.582153
2387.694910
2339.428247
2226.764355
2190.037158
2040.045654
1960.311682
1787.103424
1589.588892
1462.978302
1373.359845
1339.880890
1295.770837
1217.087860
1217.087860
1203.579413
1175.955502
1005.394904
964.677979
871.985681
844.242499
794.919800
771.602545
771.602545
771.602545
762.220129
751.749463
714.091949
709.137747
708.434711
704.792743
685.465045
685.465045
682.025885
655.210248
617.129813
613.186066
612.256863
610.033005
596.825156
592.693533
575.891251
575.479352
575.479352
556.072870
550.006094
546.589508
534.190015
512.654729
495.342433
443.733775
443.733775
443.733775
434.029311
419.839198
418.508452
412.913368
412.180656
402.227342
400.099660
363.027689
362.813694
362.684791
356.077421
356.077421
349.666062
349.666062
346.918494
346.918494
335.435369
334.401410
333.668887
333.668887
328.090832
317.513444
316.440842
313.321818
298.685248
298.111008
291.027856
284.070029
283.063620
283.063620
283.063620
280.571251
280.571251
271.420903
267.536763
265.972408
263.782024
260.276186
259.171169
258.484920
249.927043
249.927043
246.232524
227.544820
227.544820
224.799229
224.799229
220.187161
218.327827
218.043727
217.972870
214.210678
214.210678
213.620422
212.674347
211.292258
211.292258
211.292258
207.186195
206.796483
206.796483
205.253249
205.253249
204.572505
202.642496
195.861251
195.475143
193.766631
190.190680
190.190680
186.783015
186.783015
185.772595
180.075916
179.568317
179.506046
178.966864
177.166104
174.219477
173.082942
171.960875
170.396126
170.396126
167.486745
164.644051
164.383197
164.157676
164.157676
164.157676
163.480396
163.480396
162.318377
162.318377
159.032447
159.032447
159.032447
158.922560
156.912126
156.268806
156.235429
151.658590
149.279411
148.762074
148.491359
148.491359
148.491359
147.605983
147.152260
144.406651
143.039061
143.039061
143.039061
140.637019
136.312655
135.425674
135.425674
135.278703
135.278703
134.386339
134.386339
130.980309
129.183913
129.183913
127.016555
126.884085
123.534601
121.027929
116.406141
116.406141
116.273811
116.214534
114.981548
114.853928
114.853928
114.314739
113.778922
112.757674
112.757674
112.370409
108.734599
107.882163
106.283979
106.203209
105.100763
105.007884
103.595373
101.091865
99.430790
99.430790
99.023123
97.971444
97.435305
95.911219
94.894122
94.185730
92.987720
92.987720
85.186762
80.916919
80.476147
79.919020
76.281673
74.973730
74.928124
74.454241
71.312827
67.964330
66.321930
65.987712
65.661835
65.661835
61.967727
61.967727
61.967727
61.489045
60.145928
60.098602
60.098602
56.747392
55.387390
55.027059
55.023097
55.023097
54.933441
54.649930
54.626070
52.296924
51.154941
51.154941
50.491862
49.739720
48.860946
48.141824
48.138956
47.205285
46.686176
46.469291
46.174345
45.856400
45.699650
44.735036
44.545990
40.636612
40.489976
40.487076
40.487076
39.497929
38.789639
38.789639
38.450689
38.014421
38.014421
37.259468
36.406932
35.668724
34.778486
32.511002
32.511002
32.327035
30.640226
28.854816
27.492184
27.083800
26.523562
26.462442
26.363405
26.363405
25.838074
25.397071
24.749039
24.664119
24.383036
23.732714
23.732714
23.618327
23.048494
23.013492
23.013492
23.013492
23.013492
22.732039
22.502744
22.374738
21.687269
21.638324
21.026797
21.007380
20.031101
19.837619
19.743386
19.438137
19.263593
19.229441
19.213545
18.855063
18.775601
18.536757
17.841717
17.633585
17.617071
17.505275
17.194964
16.214705
15.892790
15.579994
15.531175
15.308516
15.298512
15.298512
15.298512
15.199557
15.032810
14.945737
14.844304
14.677306
14.677306
14.565347
14.521209
14.500678
14.455959
14.434671
14.384487
14.293310
14.235895
14.221973
14.203228
14.042938
13.951107
13.852481
13.764479
13.756029
13.756029
13.678919
13.678919
13.523917
13.471470
13.471470
12.922294
12.862096
12.850462
12.810431
12.769601
12.646738
12.646738
12.641556
12.501231
12.346776
12.311170
12.270416
12.270416
12.169140
12.160409
11.863340
11.863340
11.838347
11.710038
11.544014
11.437571
11.405735
11.405735
11.298831
11.218121
11.091964
10.947618
10.921338
10.918262
10.918262
10.918262
10.873399
10.750856
10.593306
10.593306
10.581205
10.581205
10.483855
10.357475
10.346515
10.252060
10.252060
10.234846
10.234846
10.194925
10.053962
10.053962
9.966972
9.966972
9.675348
9.675348
9.618346
9.618346
9.595045
9.592746
9.591905
9.411017
9.377820
9.364102
9.201386
9.158856
9.083270
8.899746
8.873974
8.855087
8.849628
8.828493
8.815722
8.510623
8.452812
8.427832
8.424457
8.424457
8.310530
8.310530
8.309581
8.162430
8.149600
8.079465
8.079352
8.079352
8.077144
8.032284
7.940592
7.857768
7.845065
7.618374
7.618374
7.607504
7.538466
7.443087
7.443087
7.443087
7.427255
7.308807
7.276592
7.021653
6.914458
6.495239
6.495239
6.495239
6.495239
6.485772
6.485772
6.412728
6.313945
6.208883
6.207099
6.155577
6.155577
6.143468
6.142438
6.126280
6.119695
6.119695
6.112431
6.050591
5.840686
5.840686
5.699777
5.699777
5.699777
5.626959
5.610555
5.610555
5.610555
5.610555
5.599436
5.532291
5.529761
5.523202
5.467937
5.455714
5.406548
5.338846
5.338846
5.321591
5.250466
5.212882
5.195062
5.129155
5.103565
5.103565
5.101655
5.101655
5.098129
5.042139
5.042139
5.042139
5.040964
4.974050
4.974050
4.974050
4.974050
4.974050
4.974050
4.974050
4.956017
4.558583
4.548036
4.516563
4.516563
4.515751
4.506427
4.493536
4.493536
4.493536
4.441521
4.439058
4.431797
4.411233
4.380341
4.380341
4.303252
4.260641
4.206569
4.158953
4.108776
4.108776
4.097936
4.093479
4.092467
4.092467
4.050367
4.049555
3.969063
3.942789
3.929593
3.893209
3.893209
3.893209
3.892202
3.810951
3.806614
3.785686
3.785686
3.785686
3.785686
3.785686
3.764903
3.737170
3.731643
3.731643
3.731052
3.731052
3.731052
3.726182
3.726182
3.719561
3.719561
3.719561
3.719561
3.716172
3.694736
3.650178
3.634233
3.634233
3.598805
3.574862
3.569991
3.569991
3.457209
3.435132
3.424789
3.424789
3.424789
3.376224
3.375924
3.327922
3.327922
3.325001
3.294716
3.294716
3.288006
3.240933
3.211324
3.188615
3.188615
3.177496
3.166110
3.166110
3.100919
3.088106
3.082110
3.078177
3.078177
3.078177
3.070519
3.063882
3.063882
3.063207
3.059755
3.051944
3.051944
3.046652
2.999842
2.994983
2.947534
2.947534
2.945576
2.925841
2.904298
2.879880
2.879880
2.879880
2.848370
2.835530
2.835530
2.834908
2.834908
2.820686
2.792616
2.792494
2.786801
2.786801
2.739694
2.716957
2.716957
2.708804
2.708804
2.696188
2.696188
2.696034
2.676437
2.676437
2.572675
2.471262
2.471262
2.471262
2.450183
2.450183
2.450183
2.396564
2.396564
2.395631
2.389938
2.366203
2.366203
2.335814
2.335814
2.322108
2.311843
2.311843
2.309654
2.309654
2.308820
2.308689
2.253151
2.249357
2.241174
2.228256
2.216114
2.212650
2.210417
2.210417
2.088480
2.081519
2.080741
2.080741
1.984578
1.981885
1.978534
1.942625
1.915981
1.911970
1.877002
1.868103
1.868103
1.845884
1.838718
1.838340
1.838340
1.819064
1.819064
1.812300
1.805932
1.800239
1.745551
1.691907
1.691907
1.691907
1.691907
1.652759
1.652759
1.650198
1.650196
1.650196
1.635642
1.569109
1.565378
1.559690
1.559690
1.547085
1.518293
1.489759
1.489759
1.489759
1.489759
1.473072
1.465165
1.465165
1.464104
1.443312
1.437692
1.419733
1.417615
1.398175
1.398175
1.398175
1.395438
1.395438
1.378650
1.378650
1.378616
1.350864
1.350864
1.350864
1.350864
1.350446
1.350446
1.345107
1.319304
1.306704
1.306704
1.306704
1.306704
1.304645
1.298445
1.298445
1.295139
1.271481
1.271481
1.260381
1.253155
1.253155
1.247225
1.247225
1.246701
1.246701
1.213166
1.212620
1.211689
1.211689
1.211689
1.199838
1.144383
1.142265
1.141317
1.141317
1.141317
1.139258
1.138605
1.137914
1.137914
1.137883
1.127057
1.122717
1.039762
1.035402
1.035402
1.016794
1.016794
1.013129
1.011800
1.011800
1.009917
1.008847
1.008847
1.006299
1.000329
0.988410
0.987348
0.987166
0.987166
0.960322
0.960322
0.957432
0.956501
0.956501
0.956501
0.956501
0.956501
0.953797
0.952262
0.949984
0.949984
0.949410
0.949377
0.949377
0.949377
0.949377
0.949377
0.944440
0.911917
0.911725
0.911725
0.911725
0.911725
0.911725
0.911181
0.887957
0.887957
0.887957
0.877638
0.877495
0.876973
0.876973
0.876973
0.876973
0.876973
0.876973
0.866692
0.866692
0.864951
0.862833
0.856581
0.838582
0.838582
0.836652
0.836652
0.829757
0.829757
0.827206
0.825536
0.825536
0.825536
0.825536
0.825518
0.823122
0.817315
0.817315
0.817315
0.801989
0.800510
0.800510
0.800510
0.800510
0.800510
0.800510
0.796839
0.796839
0.788715
0.787751
0.787751
0.784126
0.764169
0.760890
0.760890
0.758960
0.758960
0.758448
0.756669
0.756669
0.756669
0.756669
0.751173
0.751140
0.751140
0.751140
0.751140
0.748960
0.748957
0.744815
0.739978
0.728360
0.713635
0.708139
0.708139
0.707206
0.694754
0.694748
0.684534
0.684534
0.684534
0.680337
0.680337
0.680337
0.680337
0.680337
0.678522
0.671124
0.671124
0.671124
0.671124
0.671124
0.671124
0.670175
0.670175
0.670175
0.669359
0.669359
0.669359
0.669359
0.664507
0.664507
0.662586
0.659762
0.659250
0.659057
0.659057
0.647303
0.647195
0.646364
0.646364
0.646364
0.646331
0.645710
0.645710
0.645710
0.639866
0.639348
0.638243
0.638243
0.630846
0.630846
0.630846
0.630846
0.630846
0.617420
0.600583
0.600583
0.585685
0.585685
0.583668
0.582972
0.580289
0.580289
0.578542
0.578222
0.578222
0.577081
0.576368
0.576368
0.575959
0.573527
0.572857
0.572857
0.571117
0.570523
0.570274
0.568233
0.568233
0.568233
0.558715
0.558185
0.552911
0.552908
0.552908
0.552908
0.543769
0.543713
0.538309
0.538309
0.537973
0.537973
0.537973
0.529795
0.529795
0.527231
0.527194
0.526586
0.526178
0.526178
0.526178
0.524327
0.523613
0.523613
0.523613
0.520653
0.518771
0.518771
0.518771
0.518522
0.518522
0.518522
0.515582
0.515582
0.515582
0.515582
0.515545
0.515367
0.513562
0.513562
0.512048
0.512048
0.512048
0.506915
0.506915
0.506915
0.501332
0.501332
0.501332
0.501332
0.501332
0.501332
0.497548
0.497548
0.497067
0.495973
0.495964
0.495964
0.489447
0.489447
0.489447
0.489447
0.487037
0.486408
0.483479
0.483442
0.483442
0.482153
0.477761
0.474861
0.474391
0.474391
0.474391
0.474391
0.474299
0.474299
0.471747
0.471747
0.471560
0.469882
0.465124
0.465124
0.465124
0.465124
0.465124
0.465124
0.463862
0.463862
0.462711
0.462498
0.462498
0.457451
0.457451
0.457451
0.457451
0.457451
0.457451
0.457451
0.457451
0.455832
0.455798
0.455798
0.453780
0.445328
0.445328
0.445328
0.445328
0.443889
0.443889
0.443889
0.443889
0.443889
0.443889
0.443543
0.439893
0.439893
0.439893
0.439893
0.439776
0.439354
0.439354
0.439354
0.439343
0.439343
0.439343
0.439343
0.439343
0.439343
0.439343
0.436043
0.433839
0.433839
0.433839
0.433734
0.433734
0.433734
0.433734
0.432635
0.432443
0.432299
0.432299
0.432299
0.432299
0.432299
0.428579
0.427032
0.422507
0.422507
0.422507
0.422156
0.422156
0.422156
0.422156
0.422156
0.421867
0.421821
0.421821
0.417289
0.416822
0.415590
0.415590
0.400933
0.400933
0.398914
0.396961
0.396961
0.396929
0.396901
0.396713
0.396713
0.396713
0.396604
0.394124
0.394124
0.393032
0.393022
0.392206
0.392206
0.391780
0.391780
0.391563
0.391141
0.391141
0.390646
0.390646
0.390646
0.385511
0.379061
0.379061
0.378569
0.378569
0.378379
0.378365
0.378305
0.378305
0.378305
0.378305
0.378297
0.378297
0.373630
0.371187
0.371165
0.371139
0.368564
0.368564
0.368564
0.368564
0.368506
0.368315
0.368315
0.366141
0.366141
0.366141
0.364862
0.364862
0.364862
0.364715
0.364715
0.356972
0.356972
0.355941
0.355941
0.355931
0.355694
0.355473
0.355473
0.355173
0.355085
0.354895
0.354895
0.354202
0.353110
0.353110
0.353110
0.352952
0.351974
0.351324
0.351324
0.350823
0.350774
0.350774
0.350774
0.348691
0.348009
0.348009
0.348009
0.348009
0.344438
0.344397
0.343727
0.343638
0.343638
0.343638
0.343638
0.343638
0.343638
0.343496
0.342855
0.342487
0.341680
0.341608
0.341202
0.341202
0.341202
0.341202
0.339171
0.339171
0.338967
0.335654
0.335218
0.335168
0.335168
0.334792
0.334733
0.334732
0.334440
0.333679
0.333679
0.333679
0.326404
0.326225
0.325914
0.325500
0.325500
0.325500
0.324999
0.324999
0.324999
0.324912
0.322758
0.322268
0.322245
0.321977
0.321355
0.317717
0.317717
0.317715
0.317666
0.313064
0.313064
0.312966
0.312966
0.312914
0.312905
0.312635
0.312635
0.312586
0.310633
0.310633
0.310005
0.308379
0.308379
0.308379
0.307471
0.307415
0.307415
0.307415
0.307363
0.307363
0.307363
0.307287
0.306648
0.305145
0.305145
0.305129
0.305129
0.297481
0.297481
0.297481
0.297481
0.297481
0.297481
0.297481
0.297481
0.297481
0.296810
0.296810
0.296691
0.296691
0.296691
0.296691
0.296691
0.296691
0.296504
0.296504
0.296504
0.296504
0.296504
0.296504
0.296504
0.296504
0.296504
0.296504
0.296504
0.295640
0.295640
0.294206
0.294206
0.294206
0.292327
0.288123
0.288123
0.288123
0.287792
0.287792
0.287792
0.287792
0.287142
0.284385
0.284385
0.284385
0.284385
0.284385
0.284385
0.283195
0.280934
0.280934
0.280934
0.280934
0.280854
0.279992
0.279991
0.279991
0.274163
0.274123
0.274020
0.274020
0.273893
0.273893
0.273485
0.273485
0.273485
0.273224
0.273224
0.273224
0.273224
0.270589
0.269342
0.268480
0.268480
0.266513
0.266513
0.266513
0.266513
0.265649
0.264809
0.264809
0.264809
0.264809
0.264809
0.264295
0.264295
0.263891
0.263891
0.263891
0.263812
0.263812
0.263370
0.263370
0.263370
0.262236
0.262236
0.262236
0.262236
0.262236
0.262231
0.262231
0.262231
0.262231
0.262231
0.262231
0.262023
0.260924
0.258178
0.257930
0.256453
0.256453
0.256453
0.256453
0.255455
0.255455
0.255453
0.255081
0.255081
0.255081
0.255072
0.255072
0.255072
0.255072
0.255012
0.248054
0.248054
0.247871
0.247871
0.247871
0.247782
0.247782
0.247782
0.247782
0.247782
0.247782
0.247754
0.247754
0.246937
0.246937
0.246937
0.246677
0.246165
0.245725
0.245453
0.245453
0.245453
0.244705
0.244705
0.244705
0.244705
0.244705
0.244705
0.244705
0.244705
0.244583
0.244583
0.244583
0.244537
0.244537
0.244537
0.244537
0.244093
0.244093
0.244093
0.244093
0.244093
0.244093
0.244021
0.244021
0.243875
0.243875
0.243875
0.243875
0.243875
0.243875
0.242654
0.242654
0.242654
0.237806
0.237147
0.237021
0.237021
0.236942
0.236942
0.236942
0.236942
0.236942
0.236355
0.236355
0.236355
0.235883
0.235883
0.235737
0.235684
0.235684
0.235684
0.234129
0.233419
0.233419
0.233346
0.232932
0.232932
0.232931
0.232931
0.232931
0.232914
0.232914
0.232914
0.232914
0.232914
0.232812
0.229109
0.229109
0.229109
0.228887
0.228269
0.227756
0.227756
0.227756
0.227275
0.227275
0.227275
0.227060
0.227056
0.224316
0.224316
0.224316
0.224247
0.224247
0.224247
0.224203
0.224203
0.223009
0.220602
0.220602
0.220598
0.220598
0.218933
0.218858
0.218858
0.218858
0.218858
0.218858
0.218359
0.218359
0.218359
0.218359
0.218359
0.218092
0.218092
0.218056
0.218012
0.218009
0.216273
0.216273
0.216273
0.216159
0.216096
0.215844
0.215844
0.215844
0.215844
0.215760
0.213234
0.213234
0.213234
0.212690
0.212690
0.212660
0.212434
0.212434
0.212434
0.212133
0.202772
0.202772
0.201611
0.201586
0.201586
0.201585
0.200835
0.200835
0.198414
0.198414
0.198237
0.198237
0.198237
0.198064
0.198020
0.194372
0.194335
0.194335
0.194335
0.194335
0.194335
0.194335
0.194294
0.194294
0.194294
0.194294
0.194294
0.194294
0.194294
0.194132
0.194132
0.194132
0.194132
0.194132
0.194086
0.194086
0.193957
0.193957
0.193957
0.193957
0.193957
0.193543
0.193543
0.193538
0.193538
0.193538
0.193504
0.193504
0.193504
0.193504
0.193088
0.180126
0.180126
0.176235
0.176235
0.176235
0.176235
0.176235
0.175769
0.175769
0.175769
0.175761
0.175493
0.175403
0.175403
0.175403
0.174176
0.172148
0.171664
0.169614
0.169481
0.168911
0.168338
0.167543
0.167543
0.167543
0.167543
0.167543
0.167543
0.167543
0.167543
0.167543
0.167543
0.167543
0.167543
0.167543
0.167543
0.167301
0.163485
0.163475
0.163075
0.163075
0.159173
0.159173
0.158667
0.158577
0.158577
0.158577
0.158577
0.158577
0.158577
0.158577
0.158092
0.158092
0.158092
0.158092
0.158092
0.157676
0.157676
0.157676
0.157631
0.157631
0.157596
0.157596
0.157596
0.157596
0.157415
0.157415
0.157047
0.155847
0.155835
0.155705
0.155705
0.155684
0.155264
0.155264
0.155264
0.155264
0.155264
0.155184
0.155184
0.155116
0.155116
0.155106
0.155106
0.155106
0.155055
0.154311
0.154311
0.154311
0.154311
0.154311
0.154280
0.154247
0.154247
0.154180
0.154149
0.154149
0.154075
0.154075
0.154075
0.152803
0.152803
0.152803
0.152803
0.152770
0.152770
0.152770
0.152770
0.152438
0.152438
0.152403
0.152335
0.151980
0.151966
0.151966
0.151966
0.151966
0.151966
0.150494
0.150494
0.148779
0.148779
0.148748
0.148748
0.148348
0.147932
0.145209
0.145209
0.145209
0.145209
0.145209
0.145209
0.143823
0.143823
0.143823
0.143823
0.143823
0.143811
0.143811
0.143811
0.143737
0.143737
0.143072
0.143072
0.143072
0.141717
0.141717
0.141717
0.141696
0.141696
0.141696
0.141696
0.141623
0.141623
0.140850
0.140850
0.140475
0.140475
0.139716
0.139716
0.139543
0.139543
0.139476
0.139476
0.138337
0.138337
0.138337
0.138337
0.136833
0.136617
0.136617
0.136617
0.135307
0.135258
0.135258
0.135258
0.135258
0.135258
0.135258
0.135258
0.135226
0.135226
0.135226
0.135226
0.135151
0.135151
0.135151
0.135151
0.135149
0.135149
0.135149
0.135140
0.135105
0.135105
0.135071
0.135071
0.135061
0.134290
0.134290
0.134290
0.134290
0.134290
0.134290
0.134290
0.134290
0.134289
0.134250
0.134250
0.134250
0.134250
0.134250
0.134250
0.134250
0.134192
0.134192
0.134192
0.134192
0.133881
0.133258
0.133258
0.132843
0.132674
0.132674
0.132674
0.132393
0.132386
0.132352
0.132352
0.132352
0.131526
0.131407
0.130959
0.130959
0.130959
0.130959
0.130959
0.130959
0.130959
0.130959
0.130959
0.130932
0.130932
0.130932
0.130932
0.130932
0.130932
0.130932
0.130888
0.129028
0.128983
0.128983
0.128962
0.128962
0.128962
0.128762
0.128762
0.128762
0.128762
0.128591
0.128591
0.127396
0.127308
0.127308
0.127259
0.127259
0.127167
0.127167
0.127155
0.126606
0.126606
0.126606
0.126606
0.126606
0.126549
0.126549
0.126549
0.125445
0.125445
0.125434
0.124645
0.124645
0.124645
0.124645
0.124475
0.124475
0.124475
0.124475
0.124473
0.124445
0.124445
0.124445
0.124445
0.124445
0.123550
0.123550
0.123550
0.123550
0.123550
0.123520
0.123520
0.123520
0.123520
0.123520
0.123454
0.122534
0.122534
0.122534
0.122534
0.122534
0.121421
0.121421
0.121421
0.121421
0.121421
0.121421
0.121421
0.120974
0.120974
0.120974
0.120974
0.120974
0.120974
0.120974
0.120974
0.120395
0.120395
0.120395
0.120367
0.120367
0.119912
0.118925
0.118904
0.118904
0.118858
0.118858
0.118858
0.118858
0.118838
0.118838
0.118838
0.118838
0.118838
0.118838
0.118838
0.118838
0.118838
0.118388
0.118388
0.118388
0.118301
0.118301
0.118301
0.118011
0.118011
0.118011
0.118011
0.118011
0.116459
0.116459
0.115492
0.115492
0.114981
0.114747
0.114747
0.114729
0.114729
0.114458
0.114458
0.114458
0.114370
0.114368
0.114334
0.114261
0.114261
0.114242
0.114242
0.113918
0.113918
0.113918
0.113918
0.113918
0.113903
0.113903
0.113089
0.113089
0.113089
0.113089
0.113089
0.113089
0.113089
0.113089
