1.000000
0.994439
0.990885
0.990247
0.989832
0.990693
0.992668
0.989864
0.992840
0.986714
0.982806
0.984565
0.987993
0.992007
0.989972
0.991095
0.986669
0.986029
0.985974
0.985039
0.990673
0.989343
0.979813
0.973525
0.970974
0.978147
0.975295
0.986666
0.980959
0.976693
0.976194
0.964560
0.966386
0.962626
0.974692
0.968036
0.964724
0.964319
0.956932
0.961392
0.962839
0.970166
0.964725
0.967194
0.960010
0.955846
0.957452
0.954547
0.952710
0.953635
0.953889
0.949286
0.946080
0.947328
0.944133
0.946275
0.947807
0.942939
0.940020
0.933471
0.938897
0.932030
0.944399
0.938478
0.940634
0.928677
0.923046
0.923333
0.929608
0.930410
0.932921
0.922709
0.913243
0.913399
0.910735
0.908772
0.914916
0.912125
0.907894
0.902637
0.896139
0.900190
0.896683
0.899294
0.892897
0.894269
0.890545
0.885482
0.888875
0.887537
0.888167
0.883597
0.887286
0.878542
0.871216
0.868746
0.869877
0.874193
0.877833
0.870061
0.865512
0.862182
0.861029
0.862141
0.867703
0.856747
0.854103
0.850798
0.850942
0.844319
0.843219
0.845485
0.839459
0.836503
0.834130
0.826320
0.825630
0.827118
0.827798
0.826389
0.825146
0.816701
0.816704
0.811428
0.807658
0.814279
0.810123
0.800274
0.799310
0.797402
0.793162
0.791388
0.796221
0.787645
0.789171
0.781369
0.772741
0.778346
0.773576
0.775794
0.777548
0.772580
0.769377
0.761163
0.765487
0.761962
0.759106
0.755921
0.752604
0.748913
0.743679
0.739661
0.734879
0.738619
0.735047
0.730099
0.724275
0.719249
0.714105
0.712553
0.714897
0.715213
0.710384
0.704136
0.702169
0.698641
0.689652
0.692662
0.690499
0.688697
0.679950
0.676561
0.670631
0.665790
0.668961
0.665826
0.659312
0.648990
0.645099
0.639728
0.641123
0.646278
0.633779
0.639475
0.627823
0.622584
0.617472
0.616186
0.613620
0.608844
0.605221
0.595525
0.588359
0.588244
0.587524
0.585239
0.581757
0.576009
0.568628
0.563867
0.563840
0.558998
0.557557
0.547470
0.549489
0.541544
0.535639
0.533685
0.529538
0.529539
0.522990
0.520567
0.511762
0.504694
0.503075
0.503332
0.501305
0.496208
0.495335
0.490491
0.488312
0.482445
0.481650
0.483586
0.474586
0.473759
0.469967
0.464962
0.465258
0.461882
0.458977
0.453439
0.448031
0.442461
0.440075
0.439628
0.439005
0.435896
0.432216
0.426605
0.425673
0.422820
0.419770
0.416888
0.416441
0.412504
0.409891
0.405329
0.403025
0.399468
0.397395
0.394161
0.390310
0.386930
0.382737
0.381539
0.380004
0.376974
0.378052
0.375625
0.370173
0.369419
0.366914
0.368524
0.363197
0.362921
0.359103
0.355087
0.352648
0.350021
0.349932
0.348793
0.347587
0.345586
0.344207
0.338749
0.337200
0.335660
0.335124
0.334906
0.331039
0.329980
0.327231
0.327197
0.324533
0.323966
0.320493
0.320748
0.320099
0.316566
0.316385
0.312463
0.309834
0.311594
0.307707
0.306384
0.302302
0.302136
0.298625
0.299491
0.299485
0.296980
0.298713
0.293507
0.291330
0.293683
0.289814
0.288618
0.288316
0.288679
0.284335
0.279765
0.282023
0.280958
0.278447
0.278125
0.275547
0.273786
0.272433
0.272803
0.270648
0.270645
0.269232
0.267937
0.264232
0.265493
0.263864
0.263129
0.262005
0.260858
0.259905
0.257490
0.254539
0.254176
0.252917
0.253682
0.253810
0.249772
0.249402
0.244942
0.247334
0.245535
0.248228
0.246393
0.246245
0.241811
0.240892
0.240536
0.243274
0.242690
0.243493
0.242562
0.241449
0.239881
0.239306
0.236726
0.237140
0.236176
0.235724
0.232957
0.231715
0.230353
0.229825
0.231751
0.230041
0.229355
0.229059
0.225872
0.225536
0.223877
0.227072
0.224393
0.224549
0.223888
0.222096
0.221937
0.221090
0.223000
0.221437
0.221807
0.220148
0.219386
0.217020
0.215335
0.214644
0.214602
0.212778
0.211635
0.208291
0.208186
0.206732
0.206452
0.207215
0.206656
0.204863
0.203020
0.204747
0.204514
0.204546
0.203753
0.202114
0.199041
0.200504
0.199772
0.198624
0.199052
0.198237
0.196702
0.194740
0.193933
0.195679
0.193500
0.193886
0.193316
0.195173
0.191979
0.192384
0.190929
0.190570
0.191710
0.191088
0.190406
0.188545
0.189679
0.187861
0.189047
0.189617
0.188757
0.188058
0.187537
0.184024
0.185748
0.186518
0.185894
0.184167
0.185502
0.184370
0.182826
0.182990
0.183298
0.182198
0.181392
0.183028
0.183003
0.182047
0.179829
0.179536
0.180439
0.181458
0.181349
0.180433
0.179655
0.181459
0.180108
0.182237
0.181779
0.181141
0.179646
0.178734
0.179046
0.179717
0.179898
0.178725
0.178021
0.175879
0.176037
0.175793
0.176770
0.178735
0.177602
0.176121
0.173867
0.173438
0.173275
0.174141
0.175224
0.173923
0.174316
0.174450
0.171737
0.173614
0.174308
0.172989
0.173630
0.173599
0.172845
0.171271
0.171397
0.172635
0.171927
0.172096
0.172765
0.169875
0.170247
0.170707
0.173414
0.170705
0.172055
0.172144
0.170175
0.170118
0.170273
0.169945
0.171548
0.170222
0.170986
0.170208
0.169660
0.170139
0.170458
0.171664
0.171483
0.171367
0.167661
0.169659
0.169741
0.169240
0.171904
0.170429
0.170189
0.168271
0.167308
0.168105
0.166870
0.170148
0.170518
0.167216
0.167550
0.168529
0.167236
0.167989
0.167017
0.167507
0.167292
0.167004
0.166786
0.166556
0.165572
0.168959
0.168397
0.167047
0.166562
0.164482
0.165957
0.164945
0.168223
0.169670
0.168762
0.166479
0.164272
0.164007
0.165017
0.165055
0.165228
0.164802
0.164949
0.164738
0.164122
0.163318
0.162452
0.163107
0.164244
0.162271
0.162481
0.162155
0.162611
0.164224
0.163688
0.161956
0.163729
0.162400
0.162349
0.162782
0.162354
0.162001
0.162000
0.161289
0.159960
0.159573
0.160812
0.161407
0.160807
0.160723
0.162056
0.159596
0.159501
0.160472
0.160236
0.161217
0.160062
0.158921
0.160332
0.159349
0.158129
0.159840
0.158589
0.159141
0.156235
0.159490
0.158110
0.158213
0.157041
0.159079
0.157443
0.156181
0.155886
0.155049
0.156731
0.156092
0.155962
0.155986
0.156603
0.156325
0.156372
0.156055
0.157640
0.159160
0.157141
0.156792
0.154765
0.156260
0.154607
0.157952
0.156091
0.155801
0.155868
0.155223
0.155359
0.155292
0.156241
0.156193
0.157166
0.155988
0.155559
0.155486
0.154858
0.156307
0.156121
0.155612
0.154529
0.153897
0.154408
0.153148
0.153172
0.153776
0.152164
0.151616
0.151809
0.150303
0.150793
0.152603
0.150778
0.152217
0.153090
0.151174
0.151656
0.152284
0.153895
0.152030
0.152596
0.152165
0.151074
0.151198
0.151829
0.152915
0.150823
0.150883
0.151935
0.150336
0.149551
0.148715
0.150418
0.150259
0.150407
0.149731
0.150342
0.149106
0.149033
0.150403
0.148399
0.149245
0.148023
0.148078
0.147966
0.147677
0.148440
0.148437
0.147860
0.148781
0.147930
0.146795
0.147967
0.147381
0.148055
0.147030
0.145209
0.145118
0.146223
0.146075
0.146580
0.144162
0.146192
0.146690
0.144529
0.145535
0.145582
0.144947
0.143734
0.145165
0.143584
0.144440
0.142720
0.141259
0.142036
0.142117
0.141510
0.141377
0.139516
0.139386
0.140931
0.141500
0.140172
0.141798
0.141774
0.140873
0.140618
0.142042
0.140474
0.139713
0.140734
0.139161
0.140045
0.139998
0.139895
0.142397
0.141249
0.139898
0.139892
0.138021
0.138976
0.139511
0.141485
0.140643
0.141024
0.139874
0.140022
0.140811
0.139941
0.139531
0.140017
0.140494
0.138643
0.137767
0.138692
0.138891
0.139280
0.138785
0.139474
0.137756
0.137445
0.136981
0.138760
0.138293
0.139473
0.137224
0.135844
0.136720
0.135523
0.134885
0.136938
0.136291
0.135710
0.135078
0.134482
0.136375
0.135120
0.136587
0.136198
0.135680
0.135988
0.134730
0.134925
0.133982
0.136676
0.135839
0.136032
0.136005
0.136806
0.135515
0.135539
0.137046
0.136423
0.135402
0.135745
0.133211
0.133973
0.134394
0.132547
0.132942
0.132938
0.131460
0.131063
0.130434
0.130615
0.132371
0.132947
0.130205
0.129822
0.129536
0.129596
0.130507
0.131489
0.130618
0.130196
0.129764
0.128579
0.130279
0.130591
0.129957
0.130472
0.130069
0.129585
0.128971
0.128765
0.128055
0.129358
0.129963
0.128420
0.127518
0.128052
0.128227
0.128183
0.129188
0.128802
0.130624
0.128620
0.127609
0.127175
0.126814
0.128091
0.127692
0.128930
0.127234
0.126629
0.127832
0.128798
0.127716
0.127309
0.127202
0.127500
0.126675
0.126873
0.127020
0.128307
0.128335
0.127278
0.127188
0.125618
0.125371
0.126024
0.125938
0.126489
0.126353
0.125341
0.125087
0.125294
0.125079
0.126979
0.125994
0.125651
0.125574
0.124789
0.123766
0.122862
0.125742
0.125080
0.124385
0.123810
0.123303
0.123171
0.122480
0.123555
0.123492
0.123323
0.122871
0.122045
0.123000
0.122237
0.123527
0.122546
0.123725
0.124132
0.122634
0.123297
0.122468
0.123434
0.123838
0.123489
0.122027
0.121767
0.121301
0.122616
0.121249
0.120801
0.121363
0.121447
0.120288
0.120013
0.120301
0.120239
0.121024
0.120630
0.120009
0.118735
0.118124
0.117863
0.118577
0.119277
0.119564
0.118060
0.117648
0.118680
0.118048
0.118168
0.116804
0.116882
0.117120
0.118262
0.119601
0.119053
0.119209
0.119344
0.118658
0.119950
0.119296
0.119951
0.118533
0.119382
0.120425
0.119611
0.117600
0.118595
0.117807
0.118515
0.118769
0.118690
0.118215
0.118662
0.119282
0.119658
0.120067
0.121609
0.120461
0.120440
0.120095
0.117375
0.118235
0.118788
0.118016
0.117276
0.118494
0.117180
0.117276
0.116386
0.117142
0.117407
0.118263
0.117433
0.116142
0.117240
0.115502
0.115659
0.115935
0.116097
0.116010
0.115543
0.114141
0.113724
0.114977
0.115957
0.114408
0.114623
0.113414
0.113681
0.113742
0.113997
0.114707
0.113351
0.114805
0.113746
0.112730
0.112725
0.112047
0.112680
0.113390
0.113145
0.112477
0.113046
0.113642
0.112373
0.114051
0.112965
0.112677
0.112314
0.111883
0.111435
0.111998
0.112423
0.112062
0.111531
0.110168
0.111025
0.110756
0.111381
0.111088
0.111716
0.111562
0.110665
0.110608
0.111122
0.111518
0.111190
0.111273
0.110574
0.109648
0.110256
0.109788
0.110977
0.110875
0.111025
0.110818
0.110859
0.109953
0.110331
0.111152
0.110286
0.110417
0.109940
0.109791
0.108669
0.109371
0.109191
0.109361
0.110694
0.109926
0.110293
0.109712
0.110103
0.110133
0.109794
0.110198
0.109850
0.110168
0.109253
0.108663
0.108991
0.108752
0.109774
0.109557
0.109535
0.109442
0.108374
0.108637
0.110089
0.109574
0.108858
0.108338
0.107425
0.106350
0.107181
0.107886
0.107499
0.107100
0.106315
0.106413
0.106182
0.106770
0.107514
0.107841
0.107532
0.107388
0.106616
0.107156
0.107171
0.107621
0.108259
0.107641
0.107299
0.106255
0.106724
0.106367
0.106845
0.108127
0.107528
0.105474
0.105804
0.104966
0.105742
0.105660
0.104742
0.105951
0.106606
0.105213
0.105063
0.105799
0.106654
0.106115
0.105894
0.106473
0.106222
0.105998
0.106126
0.106029
0.105751
0.105496
0.104940
0.104559
0.105065
0.105311
0.105308
0.104231
0.105010
0.105073
0.105143
0.104592
0.104977
0.105222
0.105712
0.105485
0.106475
0.105981
0.104505
0.104972
0.105220
0.105406
0.105731
0.104661
0.104035
0.105746
0.105592
0.105821
0.106255
0.106847
0.106781
0.105387
0.106178
0.106272
0.105402
0.105911
0.105725
0.106048
0.105360
0.103954
0.103976
0.104531
0.104005
0.104613
0.104607
0.103539
0.103733
0.104316
0.105001
0.104957
0.105577
0.104481
0.104004
0.105702
0.104260
0.104973
0.104882
0.103928
0.103220
0.101881
0.101939
0.102808
0.103132
0.104053
0.103373
0.103404
0.103173
0.102998
0.104479
0.103952
0.104885
0.103689
0.102888
0.102265
0.102868
0.103663
0.103543
0.102895
0.102588
0.102639
0.101821
0.102161
0.102309
0.103350
0.103194
0.103513
0.102422
0.103430
0.102566
0.103508
0.103896
0.104631
0.103979
0.103956
0.102824
0.102321
0.103387
0.104462
0.104477
0.103023
0.102912
0.102756
0.101691
0.102396
0.103363
0.102780
0.103355
0.102494
0.100734
0.101541
0.102794
0.103298
0.103759
0.103192
0.102136
0.102429
0.102031
0.102524
0.103122
0.103955
0.102834
0.102315
0.103070
0.101961
0.101899
0.102444
0.102769
0.102873
0.101585
0.100995
0.101274
0.101959
0.102408
0.102977
0.102215
0.102697
0.102309
0.102908
0.102665
0.103616
0.103958
0.103650
0.103063
0.101968
0.103086
0.103317
0.102800
0.102935
0.102492
0.102665
0.101204
0.102371
0.101582
0.103990
0.102380
0.102176
0.102778
0.101026
0.101171
0.101695
0.102047
0.102672
0.103404
0.102135
0.102199
0.102091
0.102341
0.103306
0.102881
0.103394
0.102338
0.100950
0.100473
0.101207
0.101982
0.102064
0.101185
0.101345
0.100314
0.100597
0.100774
0.101867
0.101497
0.101269
0.101319
0.102993
0.102270
0.103179
0.104085
0.104123
0.104410
0.103437
0.102496
0.103533
0.102440
0.103277
0.103564
0.103699
0.103080
0.102569
0.102344
0.102583
0.102922
0.103375
0.103377
0.102318
0.102857
0.103516
0.103425
0.104225
0.102970
0.104572
0.103063
0.103487
0.104641
0.104649
0.105313
0.104840
0.104709
0.103636
0.102806
0.103127
0.103204
0.103988
0.102201
0.101529
0.101778
0.101087
0.101891
0.102100
0.102552
0.102437
0.102414
0.101140
0.101485
0.101753
0.102277
0.102735
0.103749
0.102606
0.102221
0.100520
0.100933
0.101919
0.102096
0.103381
0.102803
0.101632
0.101570
0.100890
0.101931
0.102747
0.102460
0.102270
0.101258
0.101541
0.101813
0.102573
0.104531
0.103976
0.102824
0.101176
0.101034
0.101803
0.102425
0.102603
0.102369
0.101826
0.101612
0.100612
0.100984
0.100722
0.101350
0.101544
0.101509
0.100691
0.100754
0.100502
0.100658
0.100855
0.101493
0.099950
0.099743
0.099627
0.100383
0.100302
0.100535
0.100611
0.099764
0.099166
0.099895
0.098790
0.098954
0.099691
0.100550
0.100254
0.099703
0.099873
0.099994
0.100810
0.101443
0.101671
0.101445
0.101217
0.100317
0.100604
0.101566
0.101117
0.102350
0.102453
0.101912
0.101359
0.100474
0.101030
0.103174
0.101190
0.102122
0.101502
0.101182
0.100233
0.100979
0.101729
0.101575
0.101828
0.100254
0.100387
0.100802
0.101119
0.100766
0.100870
0.100542
0.099822
0.099614
0.100525
0.100363
0.101524
0.102146
0.101637
0.100025
0.099565
0.099425
0.099623
0.101124
0.100383
0.101002
0.100168
0.101309
0.100969
0.101175
0.101016
0.100645
0.100384
0.100824
0.099623
0.100259
0.100766
0.100960
0.100743
0.101573
0.101347
0.100384
0.099569
0.101639
0.102483
0.102481
0.102973
0.102009
0.100459
0.101223
0.101495
0.102816
0.103192
0.103051
0.102711
0.102163
0.101987
0.102899
0.103665
0.102717
0.102422
0.101555
0.100442
0.100549
0.102464
0.101849
0.102356
0.101805
0.101427
0.101498
0.102656
0.101871
0.101434
0.102732
0.100805
0.101744
0.101091
0.101528
0.102382
0.102571
0.101737
0.101729
0.101460
0.101736
0.100607
0.101121
0.102358
0.102096
0.103171
0.103331
0.102891
0.103298
0.102048
0.104493
0.103700
0.103616
0.103296
0.102943
0.101659
0.102660
0.103162
0.101682
0.102070
0.102544
0.101039
0.101046
0.100577
0.100921
0.100236
0.101374
0.100206
0.100116
0.100480
0.100384
0.101778
0.101553
0.101288
0.100628
0.101266
0.101736
0.100742
0.101681
0.101356
0.100628
0.100893
0.100178
0.100484
0.100515
0.100307
0.100871
0.100139
0.099316
0.100202
0.100156
0.100618
0.100710
0.100959
0.101431
0.100849
0.100643
0.100000
0.101175
0.101396
0.101730
0.099794
0.101211
0.101058
0.100884
0.101568
0.101473
0.101477
0.101494
0.100871
0.099935
0.101097
0.100341
0.101490
0.101561
0.101262
0.100399
0.100237
0.100313
0.100768
0.101118
0.100470
0.101068
0.100225
0.100246
0.100803
0.100388
0.102450
0.101622
0.101444
0.101706
0.100998
0.100150
0.100466
0.100850
0.101382
0.100408
0.100846
0.100068
0.100763
0.100590
0.101018
0.101099
0.101440
0.101349
0.101573
0.102532
0.102493
0.102119
0.103357
0.102467
0.101830
0.102288
0.103217
0.101706
0.103338
0.102470
0.103285
0.102620
0.101716
0.101955
0.102600
0.103031
0.102592
0.102386
0.101962
0.102215
0.102448
0.102164
0.103060
0.103006
0.102857
0.101984
0.101226
0.101001
0.100832
0.101549
0.101420
0.100577
0.100324
0.100432
0.101044
0.101344
0.101585
0.101452
0.101067
0.100232
0.099547
0.099450
0.099240
0.101131
0.101325
0.100288
0.099935
0.099542
0.100095
0.100129
0.100305
0.099502
0.100258
0.098693
0.098687
0.099434
0.099622
0.100596
0.100511
0.099531
0.098438
0.097368
0.098048
0.099231
0.099006
0.098461
0.098223
0.098793
0.097671
0.097206
0.098720
0.098791
0.098879
0.099131
0.098334
0.098381
0.098650
0.098006
0.099501
0.099066
0.098835
0.098128
0.097829
0.097645
0.098816
0.099452
0.100064
0.098016
0.098940
0.097792
0.097488
0.097856
0.098562
0.098245
0.098148
0.097202
0.097717
0.097083
0.097265
0.098321
0.098827
0.098285
0.097924
0.097206
0.097715
0.098166
0.098860
0.098910
0.098551
0.097573
0.097345
0.097183
0.098371
0.098957
0.099239
0.099891
0.098776
0.097528
0.097314
0.097984
0.099252
0.099262
0.099541
0.098282
0.097956
0.098505
0.097349
0.098634
0.097991
0.098539
0.097305
0.097087
0.097962
0.098457
0.097524
0.098290
0.097670
0.097683
0.097426
0.097381
0.098045
0.097171
0.098898
0.098928
0.097963
0.097930
0.097239
0.097614
0.098697
0.098956
0.098880
0.098553
0.098563
0.098723
0.100001
0.100879
0.099360
0.099191
0.098732
0.099408
0.099638
0.098338
0.099410
0.099037
0.099004
0.098085
0.097567
0.098025
0.098714
0.099235
0.098925
0.098577
0.097775
0.098294
0.099080
0.099392
0.099533
0.099093
0.098813
0.098651
0.098450
0.097862
0.098863
0.099575
0.099931
0.101068
0.100266
0.100392
0.100044
0.100011
0.100193
0.099732
0.100284
0.099465
0.100175
0.100243
0.100540
0.102161
0.099904
0.100814
0.099505
0.098960
0.099528
0.099100
0.100581
0.100185
0.100085
0.099166
0.099384
0.099333
0.099403
0.100327
0.100183
0.100653
0.100137
0.099464
0.099506
0.099768
0.100457
0.100343
0.100925
0.099453
0.100857
0.100819
0.100059
0.101205
0.100861
0.100388
0.101265
0.099590
0.099437
0.100125
0.101762
0.101269
0.099314
0.099448
0.099595
0.098003
0.098571
0.099281
0.099447
0.099668
0.099799
0.099223
0.099487
0.099547
0.099923
0.099226
0.098864
0.098597
0.098274
0.100097
0.098913
0.099993
0.099585
0.098769
0.099032
0.098701
0.099454
0.100275
0.101166
0.100032
0.099155
0.098863
0.098706
0.098964
0.099774
0.100516
0.099966
0.099618
0.099958
0.098640
0.099688
0.100407
0.100799
0.100076
0.100022
0.098614
0.098743
0.099369
0.099158
0.100626
0.100632
0.100378
0.098608
0.099203
0.100287
0.100385
0.100898
0.099719
0.100327
0.100065
0.098305
0.098421
0.099020
0.100221
0.099780
0.099936
0.099672
0.099622
0.100787
0.100127
0.101229
0.100644
0.100246
0.100661
0.099423
0.099819
0.100183
0.099941
0.100007
0.099775
0.098670
0.100563
0.099678
0.100040
0.101415
0.101122
0.101088
0.099851
0.100070
0.100543
0.099936
0.100551
0.101096
0.101227
0.100817
0.099883
0.100135
0.099277
0.101705
0.102373
0.101598
0.101182
0.099977
0.100860
0.099896
0.101512
0.102499
0.101532
0.101232
0.100632
0.100819
0.100776
0.101517
0.101889
0.100767
0.100456
0.099847
0.100122
0.101024
0.101416
0.101191
0.099975
0.099765
0.099674
0.100070
0.101074
0.100887
0.100191
0.099450
0.100286
0.100125
0.100242
0.100785
0.101030
0.100689
0.099547
0.099121
0.098824
0.100008
0.100175
0.101470
0.102507
0.101416
0.101058
0.102034
0.101034
