1.000000
0.996645
0.993625
0.986810
0.990513
0.987144
0.993030
0.989126
0.988431
0.983862
0.979103
0.984872
0.979965
0.989718
0.985451
0.988466
0.976883
0.974722
0.974296
0.975011
0.979834
0.974680
0.975252
0.970431
0.967405
0.967970
0.965449
0.970348
0.967035
0.964362
0.961819
0.957816
0.962166
0.958951
0.960554
0.965959
0.964552
0.955238
0.957718
0.958363
0.958978
0.959829
0.953781
0.955169
0.950133
0.946065
0.943156
0.943993
0.947855
0.944071
0.948317
0.938710
0.933803
0.941744
0.940575
0.941868
0.941178
0.936804
0.929090
0.927555
0.929722
0.921464
0.926379
0.927595
0.922798
0.921916
0.914338
0.918416
0.918610
0.921405
0.919624
0.919429
0.913208
0.904525
0.905515
0.907667
0.910266
0.909923
0.906751
0.901579
0.898821
0.899323
0.898683
0.902804
0.896737
0.898978
0.890054
0.891788
0.890018
0.893297
0.893486
0.894789
0.897302
0.889606
0.884621
0.884974
0.881840
0.885387
0.883336
0.880366
0.873189
0.872763
0.874088
0.871876
0.875012
0.869967
0.868981
0.864628
0.862931
0.860237
0.860736
0.868037
0.867736
0.862911
0.855382
0.854348
0.850259
0.845636
0.856879
0.851300
0.851726
0.847867
0.844413
0.844834
0.839423
0.846511
0.842760
0.841925
0.835994
0.827867
0.836756
0.836107
0.837947
0.835148
0.829505
0.829040
0.826415
0.826108
0.823258
0.824025
0.817585
0.819335
0.813945
0.808922
0.809008
0.804174
0.807299
0.804642
0.805457
0.802448
0.794434
0.797188
0.792746
0.798026
0.795375
0.791266
0.786011
0.779614
0.782330
0.783841
0.779731
0.777180
0.775052
0.769210
0.769379
0.769686
0.764051
0.772998
0.764658
0.764099
0.757168
0.753590
0.759704
0.751797
0.755949
0.751844
0.752938
0.742272
0.741111
0.744743
0.746148
0.744986
0.738098
0.735141
0.728679
0.725668
0.721314
0.721853
0.722288
0.719225
0.719394
0.711720
0.707625
0.711302
0.706393
0.708341
0.707705
0.704582
0.695519
0.695024
0.693659
0.692182
0.691006
0.685405
0.682043
0.674643
0.673282
0.669931
0.672126
0.673178
0.670487
0.663000
0.663758
0.654979
0.655770
0.652899
0.653723
0.647076
0.645582
0.645759
0.642314
0.640015
0.635434
0.637370
0.635172
0.632149
0.627670
0.627745
0.627972
0.621539
0.624900
0.622036
0.615967
0.616633
0.610157
0.612704
0.611085
0.608763
0.604640
0.606097
0.600984
0.595082
0.598107
0.590535
0.591011
0.586250
0.586744
0.580589
0.578484
0.585305
0.578982
0.577846
0.575934
0.575002
0.569003
0.570712
0.571977
0.570338
0.573445
0.564906
0.566705
0.561088
0.555465
0.555283
0.559263
0.558108
0.550847
0.548636
0.546064
0.541891
0.542300
0.541890
0.542174
0.537281
0.534742
0.528174
0.525932
0.525026
0.523785
0.525552
0.524046
0.522345
0.520831
0.515571
0.515506
0.512287
0.511647
0.509829
0.506614
0.504156
0.499693
0.501790
0.499852
0.499968
0.497504
0.495734
0.491492
0.485041
0.489951
0.490537
0.491927
0.488833
0.487427
0.484861
0.479847
0.484088
0.480427
0.482382
0.481257
0.479729
0.476458
0.475407
0.472022
0.472028
0.472700
0.471279
0.471567
0.467196
0.463075
0.459180
0.459037
0.454710
0.454808
0.456804
0.455226
0.450589
0.448307
0.447481
0.444125
0.441168
0.441478
0.434333
0.432313
0.430473
0.431938
0.428441
0.429940
0.427975
0.423919
0.423232
0.424822
0.420452
0.424085
0.418353
0.419406
0.414248
0.414465
0.410010
0.405432
0.408884
0.409083
0.407974
0.405077
0.402125
0.396092
0.394744
0.396930
0.394795
0.393051
0.391117
0.387636
0.388537
0.387275
0.389833
0.387039
0.387437
0.382009
0.380636
0.380253
0.378252
0.378761
0.377352
0.378195
0.374357
0.373746
0.370033
0.371896
0.371298
0.367525
0.371486
0.365880
0.362849
0.361276
0.359978
0.361178
0.362683
0.358458
0.356822
0.353571
0.351387
0.351208
0.353169
0.352549
0.351421
0.348223
0.346358
0.345777
0.346292
0.344909
0.341453
0.341861
0.337835
0.335581
0.337102
0.334112
0.333999
0.334438
0.331803
0.330178
0.329760
0.329502
0.328222
0.326239
0.324338
0.322755
0.321119
0.318031
0.319415
0.316981
0.318402
0.315284
0.315271
0.312552
0.308402
0.311792
0.307739
0.309898
0.308891
0.306636
0.303433
0.302258
0.300101
0.301100
0.300442
0.299507
0.298617
0.296074
0.293335
0.290697
0.293509
0.294428
0.294908
0.292334
0.290232
0.288826
0.288888
0.286883
0.287176
0.286687
0.283729
0.279855
0.280758
0.280152
0.277991
0.279329
0.276079
0.280076
0.278299
0.277021
0.277218
0.276322
0.278903
0.276681
0.274497
0.275787
0.272249
0.270965
0.271185
0.271768
0.270914
0.268341
0.267657
0.266084
0.266520
0.265541
0.267151
0.265075
0.264460
0.261053
0.260342
0.261785
0.261100
0.260394
0.260568
0.257552
0.257321
0.255197
0.255626
0.253627
0.254821
0.252948
0.253599
0.250412
0.250405
0.250244
0.249055
0.251045
0.249324
0.248871
0.246467
0.243573
0.245559
0.241542
0.244702
0.241255
0.240889
0.239243
0.236390
0.235707
0.233328
0.235125
0.235920
0.236851
0.234699
0.233188
0.232267
0.234502
0.232831
0.233259
0.232934
0.229119
0.225202
0.230113
0.228491
0.231774
0.230983
0.229657
0.227132
0.225557
0.224042
0.225663
0.225285
0.223988
0.224599
0.221309
0.221986
0.220997
0.221422
0.222865
0.218152
0.219029
0.217929
0.216847
0.219204
0.216937
0.218806
0.218484
0.217404
0.215768
0.215574
0.216956
0.214881
0.214464
0.214573
0.211967
0.210531
0.210246
0.210125
0.209721
0.209193
0.207660
0.207304
0.207477
0.205717
0.205008
0.203557
0.205211
0.204170
0.202797
0.201148
0.201761
0.202173
0.202482
0.202652
0.203296
0.201841
0.199560
0.199680
0.199111
0.198423
0.200429
0.200509
0.198472
0.197592
0.197791
0.197186
0.197038
0.197173
0.196423
0.196850
0.194675
0.195940
0.193153
0.193785
0.193016
0.193467
0.191988
0.192337
0.192334
0.193398
0.193031
0.193846
0.192893
0.193059
0.191073
0.189399
0.191444
0.190997
0.190936
0.189372
0.189915
0.187741
0.185926
0.186125
0.187687
0.187257
0.187982
0.185626
0.184027
0.183217
0.184000
0.184490
0.185371
0.184953
0.185157
0.182565
0.182412
0.182639
0.181118
0.182652
0.183520
0.181866
0.182090
0.180989
0.182049
0.182601
0.182618
0.182513
0.183500
0.180468
0.181675
0.179452
0.179235
0.181146
0.180228
0.179315
0.176312
0.176645
0.176079
0.176052
0.177529
0.175904
0.175885
0.175077
0.176178
0.174933
0.175349
0.177713
0.176113
0.176300
0.176082
0.174938
0.174680
0.174800
0.176853
0.175469
0.175443
0.174699
0.174015
0.174794
0.173326
0.172100
0.172281
0.171183
0.169694
0.169253
0.169631
0.170232
0.171013
0.170038
0.171669
0.169810
0.168372
0.170066
0.169794
0.169274
0.167869
0.166054
0.166950
0.165170
0.166769
0.167068
0.167149
0.166228
0.166014
0.163908
0.164327
0.164355
0.163145
0.164281
0.165867
0.161889
0.162649
0.163166
0.163674
0.164888
0.164248
0.165356
0.164092
0.162377
0.162204
0.161395
0.162358
0.161525
0.163157
0.162841
0.161828
0.162040
0.161376
0.161786
0.162696
0.161914
0.162483
0.160303
0.159902
0.160654
0.158126
0.160835
0.158633
0.159706
0.158964
0.159066
0.159629
0.158550
0.158730
0.158853
0.159312
0.158053
0.158041
0.158265
0.157988
0.158262
0.156188
0.157739
0.157276
0.155552
0.157575
0.157580
0.157510
0.157707
0.156575
0.155388
0.154389
0.156872
0.156805
0.157251
0.154733
0.155285
0.153787
0.153549
0.155712
0.154888
0.154628
0.155219
0.156034
0.153257
0.151393
0.154560
0.154479
0.154612
0.153463
0.152524
0.152366
0.151905
0.152011
0.152933
0.152729
0.152007
0.152816
0.152069
0.151386
0.151810
0.152736
0.153037
0.152988
0.152803
0.150960
0.151634
0.151809
0.152740
0.153186
0.151375
0.151396
0.150988
0.151153
0.152109
0.151238
0.151551
0.151773
0.152373
0.150932
0.150891
0.151083
0.151816
0.152088
0.150359
0.151566
0.150656
0.149945
0.150082
0.150307
0.151502
0.151337
0.150858
0.148457
0.148118
0.148698
0.148983
0.149672
0.150615
0.148488
0.147950
0.148428
0.146871
0.148966
0.149561
0.148561
0.147481
0.146717
0.145630
0.145563
0.145935
0.147587
0.146889
0.145479
0.144953
0.146373
0.145148
0.145220
0.145927
0.144637
0.144918
0.145088
0.145161
0.146923
0.145960
0.146605
0.145518
0.145345
0.145451
0.145950
0.147114
0.146700
0.146100
0.145335
0.146749
0.144893
0.143007
0.144711
0.143908
0.144424
0.144234
0.144105
0.142927
0.141956
0.142520
0.144108
0.143864
0.143982
0.143215
0.144176
0.142343
0.142357
0.142143
0.142362
0.142709
0.140989
0.141010
0.141616
0.142826
0.142119
0.141893
0.142303
0.141074
0.140194
0.140953
0.142124
0.141563
0.142836
0.142014
0.143177
0.141123
0.141274
0.142077
0.140578
0.142125
0.142106
0.141620
0.140971
0.138928
0.140278
0.140810
0.141280
0.139628
0.139712
0.139087
0.138722
0.139143
0.138498
0.139707
0.138153
0.137836
0.136733
0.138703
0.136953
0.137725
0.138395
0.139642
0.137909
0.137184
0.138318
0.137848
0.137995
0.138461
0.138938
0.137927
0.136590
0.137433
0.136430
0.137123
0.137447
0.136210
0.137353
0.136108
0.134577
0.136268
0.137238
0.138148
0.136977
0.137707
0.137694
0.136447
0.135238
0.137481
0.137037
0.137701
0.137669
0.136544
0.135841
0.137207
0.137243
0.137562
0.136496
0.137248
0.136733
0.135361
0.136294
0.136119
0.136693
0.136580
0.136336
0.136378
0.136180
0.135886
0.135735
0.136530
0.136831
0.137139
0.135788
0.135070
0.135020
0.134666
0.135105
0.136350
0.136102
0.136006
0.135402
0.135416
0.135066
0.135327
0.136497
0.134991
0.134915
0.134754
0.134685
0.133748
0.135997
0.133370
0.133136
0.133149
0.133594
0.133884
0.134877
0.134080
0.133427
0.134284
0.132943
0.132174
0.132306
0.133519
0.133614
0.133755
0.133238
0.132639
0.133079
0.132054
0.131737
0.132775
0.132692
0.131937
0.131601
0.130949
0.132228
0.133187
0.130417
0.132198
0.131140
0.130116
0.130965
0.130541
0.130872
0.131109
0.130411
0.131320
0.130080
0.130974
0.130104
0.131953
0.130415
0.131111
0.130202
0.129837
0.131362
0.131234
0.131220
0.131160
0.129724
0.129362
0.130200
0.130497
0.129059
0.129860
0.130581
0.130360
0.131004
0.129321
0.128666
0.127967
0.127762
0.128560
0.129663
0.130242
0.128893
0.129115
0.129750
0.128458
0.130021
0.129247
0.128905
0.128372
0.127217
0.127620
0.128125
0.128233
0.128259
0.128326
0.127159
0.127557
0.127173
0.126624
0.127656
0.127598
0.127335
0.125641
0.126759
0.125800
0.126981
0.127530
0.126842
0.126354
0.125866
0.126697
0.125600
0.124635
0.125512
0.127045
0.126418
0.125537
0.126029
0.124569
0.126268
0.126693
0.125657
0.125570
0.124583
0.123674
0.123936
0.123996
0.125642
0.124701
0.125196
0.123237
0.123442
0.125304
0.124180
0.125505
0.124701
0.123256
0.123529
0.122752
0.122724
0.122299
0.122734
0.122000
0.123227
0.122456
0.122315
0.122282
0.122012
0.124169
0.122968
0.122150
0.122745
0.122589
0.122674
0.121439
0.122725
0.122595
0.121345
0.121969
0.120788
0.121352
0.121092
0.120648
0.120109
0.120104
0.120879
0.120750
0.119553
0.120691
0.120075
0.121005
0.119704
0.119826
0.119913
0.120357
0.120294
0.119908
0.120091
0.120137
0.120180
0.120269
0.120101
0.119635
0.121759
0.120777
0.120362
0.119159
0.119955
0.119037
0.119226
0.120428
0.119239
0.119825
0.119473
0.119453
0.118657
0.118620
0.120968
0.120848
0.120871
0.120182
0.119023
0.119922
0.118882
0.119965
0.119995
0.119451
0.118500
0.118819
0.120349
0.119280
0.120704
0.119674
0.120758
0.119162
0.119915
0.120146
0.120990
0.120294
0.119709
0.120844
0.120471
0.120396
0.120486
0.119189
0.120507
0.120352
0.120404
0.119445
0.119439
0.119416
0.118351
0.119149
0.119775
0.120002
0.119440
0.117809
0.118499
0.119630
0.119475
0.120327
0.121103
0.119526
0.118486
0.118528
0.117447
0.119598
0.120147
0.119754
0.119103
0.118046
0.117633
0.118243
0.117929
0.117928
0.119280
0.117727
0.119545
0.117910
0.118130
0.118268
0.117648
0.118388
0.116919
0.117900
0.117894
0.117925
0.118202
0.118986
0.118401
0.117530
0.116889
0.116517
0.117137
0.116981
0.116061
0.115237
0.115174
0.115559
0.115259
0.116188
0.116300
0.117539
0.116379
0.114298
0.115051
0.114835
0.115087
0.114728
0.114773
0.116172
0.114072
0.115195
0.114692
0.114160
0.114619
0.113122
0.114173
0.115285
0.115124
0.114172
0.113509
0.113940
0.113775
0.114075
0.113585
0.113153
0.113378
0.113666
0.113665
0.114628
0.114055
0.112086
0.112805
0.113896
0.112758
0.113948
0.114216
0.112068
0.111487
0.111108
0.112048
0.111747
0.111849
0.112023
0.112585
0.111916
0.111636
0.110912
0.113191
0.112811
0.111634
0.112909
0.112027
0.111657
0.112373
0.112258
0.113428
0.112878
0.111749
0.112825
0.112292
0.112414
0.111380
0.111705
0.112713
0.112255
0.111982
0.111896
0.112299
0.110737
0.112547
0.112044
0.111580
0.112789
0.111998
0.111389
0.110966
0.111281
0.111200
0.110308
0.109574
0.109781
0.109735
0.109624
0.109683
0.110568
0.110564
0.108974
0.108873
0.108987
0.109351
0.110287
0.110167
0.109255
0.108468
0.107650
0.108852
0.109740
0.108810
0.108502
0.108512
0.108361
0.109001
0.108236
0.108925
0.108841
0.107667
0.107211
0.107180
0.107764
0.108012
0.108847
0.108252
0.108277
0.108613
0.107433
0.107876
0.107997
0.107942
0.108847
0.109631
0.108451
0.107916
0.107279
0.107814
0.108473
0.107812
0.107408
0.107433
0.106849
0.106769
0.108080
0.107417
0.107997
0.107256
0.108163
0.108187
0.107879
0.109223
0.108420
0.108696
0.107814
0.108011
0.107235
0.107806
0.106998
0.107497
0.107339
0.107822
0.109074
0.109779
0.106644
0.108282
0.107036
0.107939
0.108825
0.108103
0.107956
0.107674
0.108833
0.108520
0.108387
0.107946
0.109411
0.108680
0.108892
0.109134
0.109573
0.109191
0.108603
0.108389
0.107574
0.107403
0.108993
0.108303
0.108592
0.108109
0.108684
0.109093
0.108590
0.108039
0.108369
0.108601
0.107882
0.107821
0.107556
0.107262
0.109251
0.108275
0.109365
0.108698
0.109135
0.108169
0.108154
0.107947
0.109170
0.108774
0.108198
0.108029
0.107425
0.106947
0.107254
0.106844
0.107834
0.107835
0.108289
0.106795
0.106494
0.107623
0.106268
0.107578
0.107662
0.107251
0.106168
0.106596
0.106885
0.106343
0.106960
0.107040
0.106729
0.106322
0.106132
0.105568
0.105900
0.105999
0.106055
0.106132
0.107280
0.105609
0.105604
0.106262
0.105936
0.106764
0.105550
0.104735
0.104595
0.105101
0.105973
0.105433
0.106264
0.105768
0.104471
0.104029
0.104980
0.104554
0.105901
0.105099
0.106148
0.104735
0.104705
0.104491
0.105402
0.104486
0.105663
0.104021
0.103496
0.103292
0.103910
0.103581
0.104386
0.103972
0.105073
0.104522
0.104880
0.104094
0.104149
0.104804
0.104909
0.105981
0.104531
0.103436
0.103915
0.104559
0.104288
0.104167
0.104303
0.104105
0.104156
0.104936
0.104182
0.104122
0.105452
0.105874
0.103929
0.104368
0.103990
0.103476
0.104149
0.103619
0.103363
0.103393
0.102837
0.102421
0.103050
0.104299
0.102958
0.102532
0.101079
0.101032
0.101519
0.101264
0.102646
0.101634
0.100852
0.100871
0.101098
0.100790
0.100463
0.100351
0.101036
0.100704
0.100566
0.100168
0.100203
0.100115
0.099735
0.100988
0.100240
0.099615
0.098591
0.099253
0.100541
0.099872
0.100510
0.100691
0.099288
0.098225
0.098768
0.099054
0.099675
0.099973
0.099752
0.098952
0.098392
0.098364
0.099517
0.099310
0.099257
0.100112
0.099150
0.098050
0.098316
0.099171
0.098886
0.099820
0.098234
0.098063
0.099046
0.098371
0.098750
0.098839
0.099275
0.099001
0.098626
0.099384
0.098831
0.098156
0.099858
0.099008
0.098572
0.097843
0.098201
0.099221
0.098691
0.099486
0.099382
0.100115
0.099443
0.099850
0.099686
0.099327
0.099387
0.100235
0.100630
0.099904
0.099847
0.100384
0.099431
0.099890
0.099912
0.098890
0.098030
0.099312
0.099545
0.100226
0.099518
0.098468
0.098187
0.099691
0.097880
0.097788
0.098184
0.098423
0.097441
0.098542
0.097337
0.096860
0.097836
0.097195
0.098199
0.096980
0.098324
0.098163
0.098073
0.096983
0.098063
0.097728
0.097750
0.098094
0.097217
0.097194
0.097190
0.097556
0.097720
0.097819
0.097629
0.097890
0.096914
0.096524
0.097029
0.097290
0.097072
0.098073
0.096605
0.096170
0.097263
0.097371
0.097438
0.096689
0.097494
0.097391
0.097795
0.096415
0.097226
0.096635
0.097095
0.097198
0.096978
0.096250
0.095638
0.095359
0.096505
0.096184
0.096941
0.096640
0.096150
0.097614
0.097240
0.097683
0.097103
0.097832
0.097994
0.097325
0.097896
0.096448
0.096896
0.098258
0.096995
0.097482
0.097154
0.097626
0.098701
0.097892
0.097012
0.098209
0.097871
0.097917
0.097842
0.097336
0.098685
0.098806
0.098121
0.097267
0.098502
0.097991
0.099073
0.099831
0.098209
0.099183
0.098430
0.098581
0.097976
0.097135
0.097882
0.097348
0.097473
0.097560
0.097207
0.097826
0.097669
0.097792
0.097232
0.096842
0.096540
0.095837
0.096287
0.095395
0.096920
0.096513
0.096785
0.095903
0.096301
0.096835
0.096287
0.096432
0.096960
0.096719
0.095563
0.094983
0.095160
0.095418
0.095894
0.095349
0.095146
0.094500
0.095039
0.094518
0.094459
0.095758
0.095521
0.095075
0.094239
0.094551
0.094149
0.093996
0.094627
0.094498
0.094191
0.093743
0.093603
0.093275
0.093088
0.094734
0.094607
0.094668
0.094265
0.092240
0.092812
0.092869
0.094532
0.094156
0.094403
0.092719
0.094005
0.093765
0.094539
0.094118
0.094027
0.093488
0.092918
0.092247
0.092265
0.093503
0.095414
0.092139
0.092793
0.092566
0.092726
0.092113
0.091937
0.092599
0.092891
0.093065
0.093114
0.093215
0.092215
0.093547
0.092751
0.093155
0.092191
0.092797
0.092267
0.092060
0.092736
0.092556
0.092532
0.092096
0.091635
0.092555
0.092003
0.091685
0.091494
0.093976
0.093622
0.092492
0.092863
0.092507
0.092236
0.093519
0.093178
0.093187
0.092579
0.092294
0.092702
0.092636
0.092626
0.092279
0.092335
0.092277
0.092188
0.092162
0.092639
0.093734
0.093210
0.092765
0.092180
0.091521
0.091584
0.091685
0.092185
0.091158
0.091719
0.091522
0.090529
0.090763
0.091063
0.090547
0.091796
0.091202
0.091224
0.090686
0.091380
0.091591
0.091638
0.091820
0.092797
0.091464
0.091321
0.091238
0.091102
0.091572
0.092762
0.092555
0.091691
0.091215
0.091099
0.091222
0.092800
0.091934
0.090942
0.090786
0.090950
0.090188
0.090072
0.091357
0.091497
0.091555
0.090531
0.091277
0.091732
0.091451
0.092076
0.091961
0.091475
0.090959
0.091293
0.091061
0.090693
0.092044
0.091449
0.092148
0.091221
0.090565
0.091119
0.092023
0.092398
0.092044
0.091599
0.090925
0.090163
0.090379
0.090115
0.090742
0.091264
0.090261
0.090105
0.090248
0.090080
0.091536
0.091104
0.091393
0.091488
0.090602
0.090567
0.091872
0.091502
0.091274
0.090798
0.091013
0.089520
0.089971
0.090614
0.090497
0.091062
0.090102
0.089804
0.089575
0.088965
0.088482
0.088770
0.088949
0.089289
0.089141
0.088536
0.088456
0.088156
0.088560
0.088469
0.089513
0.089323
0.089022
0.088647
0.088099
0.088100
0.088649
0.088463
0.088454
0.088217
0.089333
0.089417
0.088889
0.089504
0.089258
0.089067
0.087758
0.089038
0.088203
0.089011
0.090198
0.089631
0.089740
0.090252
0.089277
0.088922
0.088705
0.088774
0.089353
0.088598
0.089432
0.088833
0.088977
0.088941
0.089515
0.088815
0.088511
0.088118
0.087728
0.089138
