564.111252
441.211072
319.752921
305.025552
281.812274
281.812274
272.569899
255.140790
248.587247
248.583002
241.224500
232.278281
227.986243
220.771280
220.371466
214.094136
212.269841
212.269841
211.043893
210.930751
210.930751
208.740868
208.691623
200.191673
200.132780
196.668732
193.040128
192.337392
189.144595
188.528691
187.276176
184.535207
180.643289
180.643289
180.482373
180.151389
180.151389
173.175256
170.796417
170.796417
169.902574
169.902574
169.500000
167.139084
163.442693
161.207948
156.339871
155.825468
155.825468
155.825468
154.955396
154.955396
152.920421
152.392432
152.392432
151.270918
150.732913
150.732913
146.825011
146.561791
146.552784
143.350152
143.199096
143.199096
142.609174
141.097573
140.437733
140.048714
140.048714
135.076443
133.200085
130.236079
127.708763
127.704148
126.849389
123.202720
123.202720
123.202720
122.605909
122.459153
121.236574
121.236574
120.016311
119.751414
119.674159
119.674159
119.577225
119.577225
119.568598
115.417223
114.763509
114.736774
114.736774
114.736774
114.736774
113.868049
113.267630
113.267630
113.267630
112.552632
111.361173
111.303081
111.303081
111.303081
110.460600
109.718728
109.509191
108.800603
107.661275
107.661275
106.560063
106.302467
106.302467
104.662222
104.662222
101.479806
98.732488
98.650186
98.650186
97.698694
97.468617
97.468617
97.468617
95.023672
92.697102
91.709988
89.040591
86.631947
86.626488
86.626488
86.416237
84.482009
84.482009
83.344716
82.297638
82.297638
82.095455
82.095455
81.963527
81.963527
81.701408
80.507290
80.438964
79.512018
79.245346
79.226625
79.226625
79.046947
79.046947
77.404513
76.364597
76.272206
76.267056
76.267056
75.135102
75.135102
75.133354
75.004947
74.914168
74.506160
74.506160
71.061313
66.170609
66.170609
64.150931
63.958830
63.575360
62.166640
61.730035
61.157895
60.715569
59.671686
59.671686
59.671367
59.459406
59.459406
59.459406
59.459406
57.810627
57.110314
55.999080
54.689651
54.132187
54.132187
54.132187
54.132187
54.091482
54.091482
54.091482
54.091482
54.091482
52.060933
51.907136
51.826483
51.826483
49.740515
49.740515
49.171596
48.954894
48.821733
48.821733
48.671764
48.018685
47.990170
47.990170
47.923209
47.812330
47.362667
46.246959
46.139559
46.139559
45.854255
44.867813
44.867813
44.867813
44.685961
44.644387
44.644387
44.617352
43.777398
42.618424
42.453124
40.368745
40.368745
40.275743
40.083198
39.514735
39.499448
38.746657
38.746657
38.323001
38.323001
37.780335
37.780335
37.310330
37.238561
36.725102
36.709092
36.709092
36.192537
35.915776
35.364413
35.364413
35.364413
35.337482
34.570621
34.325309
34.325309
34.325309
33.896826
33.651816
33.651816
33.559515
33.559515
33.559515
32.546979
32.219416
32.219416
31.757157
31.666755
31.665289
31.610439
30.709099
30.653946
30.630193
30.534188
30.396015
30.396015
30.186126
30.186126
30.186126
30.057509
29.370620
29.370620
29.286683
29.286683
29.086233
29.032102
29.032102
28.665341
28.665341
28.665341
28.665341
28.576869
28.440927
28.029970
28.029970
28.029970
27.595003
27.595003
27.402279
26.674862
26.672549
26.504745
26.070638
25.866762
25.787601
25.787601
25.787601
24.927289
24.927289
24.717778
24.526663
24.526663
24.489519
24.181294
23.985930
23.609479
23.387871
22.992460
22.930002
22.849309
22.761531
22.608095
21.880171
21.866218
21.866218
21.838771
21.483738
21.483738
21.288394
21.288394
21.270374
21.260678
20.651547
20.651547
20.462946
20.462946
20.462946
20.426642
20.233008
20.233008
20.168003
20.168003
20.168003
19.784452
19.784452
19.784452
19.784452
19.714142
19.714142
19.714142
19.714142
19.507869
19.355380
19.355380
18.847615
18.796203
18.357234
18.357234
18.310261
18.310261
18.310261
18.168932
17.929002
17.854892
17.854892
17.854892
17.789745
17.219509
17.219509
17.219509
17.219509
17.219509
17.166953
17.166953
17.009416
17.009416
16.654318
16.654318
16.622133
16.622133
16.282977
16.267717
15.843809
15.843809
15.765576
15.532253
15.532253
15.413796
15.413796
15.319825
15.276113
15.203852
15.152586
14.685158
14.387591
14.387591
14.336751
14.332724
14.332724
13.970338
13.924105
13.924105
13.884694
13.884694
13.882397
13.634041
13.632030
13.632030
13.166642
13.136714
13.083968
13.033579
13.031046
12.665204
12.665204
12.663065
12.663065
12.537190
12.226444
12.226444
12.226444
12.226444
12.165992
12.114477
12.114477
12.114477
12.105205
12.105205
12.040434
12.040434
12.040434
11.893885
11.838350
11.637518
11.597551
11.597551
11.485630
11.333802
11.316874
11.186008
11.064902
10.872983
10.780108
10.650552
10.445843
10.287068
10.287068
10.287068
10.137559
10.130392
10.102271
10.102271
9.986251
9.982458
9.757411
9.757411
9.699269
9.699269
9.699269
9.576530
9.267445
9.267445
9.228323
9.068150
9.068150
9.021478
9.021478
8.997388
8.931917
8.830884
8.829829
8.829829
8.828450
8.738614
8.731109
8.668386
8.668386
8.609533
8.595374
8.245163
8.158442
8.119855
8.073943
8.073943
8.066049
7.963763
7.899595
7.899595
7.848703
7.810133
7.755303
7.669573
7.503521
7.502107
7.297563
7.126807
7.126807
7.092126
7.092126
7.092126
6.877628
6.823532
6.803321
6.803321
6.559190
6.559190
6.400331
6.400331
6.400331
6.396942
6.396942
6.219555
6.219555
6.219555
6.188756
6.181346
6.181346
6.181346
6.181346
6.165571
6.165571
6.165571
6.147169
6.054328
6.054328
6.034794
6.034794
6.031771
6.031771
6.018606
6.018606
5.996728
5.996728
5.852074
5.852074
5.825288
5.804860
5.786867
5.770437
5.770437
5.770437
5.717542
5.712911
5.676851
5.676851
5.676851
5.671983
5.671983
5.664044
5.639553
5.639553
5.639553
5.639553
5.639553
5.489008
5.486817
5.478329
5.478329
5.400382
5.400382
5.400382
5.345145
5.292618
5.292618
5.292618
5.267124
5.255925
5.160642
5.116107
5.046850
5.004931
4.928272
4.920500
4.884159
4.884159
4.884159
4.857009
4.857009
4.857009
4.821666
4.821666
4.786853
4.757973
4.713202
4.713202
4.703283
4.703283
4.703283
4.503396
4.461111
4.461111
4.370793
4.370793
4.330803
4.330803
4.321136
4.321136
4.318266
4.318266
4.312547
4.305264
4.287270
4.275179
4.275179
4.275179
4.267543
4.267543
4.267543
4.267543
4.267543
4.135169
4.135169
4.135169
4.135169
4.132417
4.099943
4.099943
3.959166
3.959166
3.959166
3.951951
3.922222
3.876866
3.854591
3.842602
3.794163
3.750814
3.706981
3.706981
3.635164
3.630058
3.630058
3.579716
3.579716
3.579716
3.503331
3.503331
3.503331
3.503331
3.503331
3.490574
3.462556
3.461592
3.405068
3.375646
3.366786
3.366786
3.366786
3.359578
3.354748
3.354748
3.329154
3.329154
3.299067
3.299067
3.237308
3.237308
3.189331
3.169263
3.169263
3.161314
3.161314
3.161314
3.161314
3.161314
3.004471
3.004471
2.984570
2.984570
2.960848
2.960848
2.960745
2.960745
2.960745
2.960745
2.960745
2.818136
2.766060
2.766060
2.766060
2.766060
2.762368
2.759645
2.706448
2.706448
2.706448
2.667059
2.623952
2.623952
2.623952
2.623952
2.623952
2.623952
2.623952
2.588558
2.586732
2.529392
2.527762
2.480658
2.480658
2.480658
2.480658
2.480658
2.480658
2.480658
2.480658
2.480658
2.448498
2.431315
2.431315
2.431315
2.431315
2.431315
2.431315
2.431315
2.431315
2.410654
2.410654
2.410654
2.410654
2.407884
2.378382
2.347583
2.347583
2.335476
2.335476
2.335476
2.335476
2.335476
2.315824
2.315824
2.315735
2.305236
2.251503
2.251503
2.249482
2.219468
2.219468
2.202862
2.202862
2.201201
2.201201
2.201201
2.201201
2.201042
2.198421
2.197822
2.150530
2.112919
2.104462
2.097829
2.097829
2.080363
1.982613
1.982218
1.969538
1.969538
1.969538
1.950673
1.950097
1.950097
1.939763
1.939763
1.910309
1.906580
1.906580
1.906580
1.898047
1.898047
1.898047
1.898047
1.898047
1.872887
1.809450
1.808433
1.808433
1.791424
1.791424
1.741632
1.741632
1.741632
1.741632
1.741342
1.741342
1.741342
1.730957
1.730957
1.730957
1.730957
1.725170
1.725170
1.714902
1.714902
1.714902
1.709257
1.709257
1.708587
1.708587
1.629074
1.629074
1.628654
1.619856
1.619856
1.611225
1.611225
1.611209
1.589412
1.574449
1.574449
1.574449
1.574359
1.574008
1.542442
1.539387
1.539387
1.539387
1.539387
1.539387
1.536092
1.536092
1.536092
1.536092
1.531087
1.531087
1.527590
1.527590
1.525220
1.525220
1.505843
1.495377
1.486586
1.486586
1.486586
1.475834
1.437517
1.423686
1.369892
1.366208
1.340068
1.339485
1.337742
1.337515
1.337515
1.337515
1.326758
1.324754
1.319341
1.319341
1.319341
1.281029
1.281029
1.281029
1.281029
1.281029
1.281029
1.280236
1.280236
1.280064
1.273884
1.273884
1.273884
1.259094
1.259094
1.259094
1.258913
1.258790
1.236769
1.236769
1.236769
1.233837
1.188841
1.188841
1.187828
1.182287
1.162277
1.162277
1.153416
1.153416
1.153416
1.153416
1.153416
1.137012
1.129908
1.126229
1.126229
1.126229
1.084172
1.084172
1.084172
1.084172
1.070116
1.063390
1.059808
1.059808
1.059808
1.048061
1.047918
1.047918
1.047918
1.039658
1.035757
1.035757
1.027174
1.027039
1.027039
1.017559
1.010924
1.008406
1.008406
1.008406
0.996938
0.995326
0.995326
0.994924
0.994924
0.990348
0.990348
0.979662
0.970742
0.970742
0.970742
0.970742
0.970742
0.970742
0.963091
0.926180
0.926180
0.926180
0.924385
0.924087
0.924087
0.901733
0.901733
0.893066
0.892564
0.874007
0.874007
0.874007
0.874007
0.874007
0.874007
0.871292
0.870677
0.869661
0.869661
0.869661
0.869661
0.863099
0.859684
0.853166
0.853166
0.853166
0.848590
0.848590
0.838930
0.838930
0.838930
0.838930
0.838930
0.833211
0.833211
0.831914
0.829696
0.829696
0.829696
0.829696
0.828575
0.828575
0.828575
0.828575
0.828575
0.828575
0.828575
0.827862
0.827660
0.827660
0.817138
0.812495
0.812103
0.812103
0.807145
0.806271
0.806271
0.806271
0.806271
0.798439
0.798439
0.798439
0.798439
0.796663
0.796534
0.796152
0.791908
0.791908
0.790558
0.786771
0.786771
0.741587
0.740841
0.712192
0.712192
0.712192
0.712192
0.709152
0.704185
0.703487
0.703487
0.703487
0.703487
0.701382
0.701382
0.701184
0.701184
0.701184
0.699850
0.699850
0.699850
0.685333
0.685333
0.674349
0.674258
0.672689
0.671685
0.671359
0.671359
0.671359
0.671359
0.671359
0.671359
0.671359
0.671359
0.671359
0.671359
0.671359
0.671359
0.671359
0.666235
0.655358
0.655015
0.654675
0.654675
0.654675
0.654675
0.654675
0.654675
0.652135
0.650473
0.650473
0.650473
0.650254
0.650254
0.650254
0.644654
0.636244
0.636244
0.636244
0.636244
0.627402
0.627402
0.626251
0.626251
0.626251
0.626251
0.626251
0.625790
0.625521
0.625521
0.625521
0.625521
0.625521
0.625521
0.625521
0.625521
0.623419
0.623419
0.623419
0.623419
0.616562
0.616562
0.616562
0.616562
0.615924
0.615924
0.615924
0.614433
0.614433
0.613047
0.613047
0.613047
0.600284
0.600284
0.591795
0.591795
0.591795
0.591795
0.591795
0.591795
0.588745
0.578383
0.578383
0.578383
0.578383
0.578383
0.578383
0.578383
0.574411
0.574411
0.574411
0.569153
0.569153
0.569153
0.569153
0.569153
0.569153
0.569153
0.569153
0.569153
0.569153
0.569153
0.569153
0.569153
0.568408
0.568408
0.568408
0.568408
0.568408
0.566728
0.564136
0.563853
0.563853
0.563853
0.563853
0.563853
0.563853
0.563853
0.563853
0.563853
0.563853
0.563853
0.560468
0.560468
0.559432
0.557695
0.557570
0.554978
0.552902
0.552902
0.552902
0.552902
0.552810
0.552810
0.552810
0.547416
0.547416
0.547416
0.547416
0.547416
0.547416
0.547416
0.547376
0.547376
0.534932
0.518779
0.518779
0.518779
0.518779
0.518779
0.518779
0.518779
0.518779
0.518779
0.518302
0.518302
0.518302
0.510915
0.510915
0.510915
0.501390
0.500871
0.500871
0.500871
0.500871
0.500871
0.499443
0.499443
0.498472
0.498472
0.498472
0.498472
0.498472
0.498472
0.498472
0.498438
0.498438
0.498438
0.498396
0.498396
0.498396
0.497245
0.463392
0.463392
0.463392
0.463344
0.463344
0.463344
0.461493
0.461493
0.461493
0.460941
0.460941
0.452276
0.452276
0.451913
0.451818
0.451623
0.451623
0.451623
0.450489
0.450489
0.450489
0.450489
0.437770
0.435867
0.435867
0.435709
0.435709
0.435709
0.435491
0.435491
0.431842
0.431842
0.431842
0.430446
0.428917
0.428917
0.428917
0.428650
0.428650
0.428650
0.428650
0.428650
0.428650
0.428650
0.428650
0.428650
0.428650
0.428553
0.428553
0.428553
0.428553
0.428278
0.428278
0.427786
0.427786
0.427786
0.427786
0.427786
0.425447
0.425447
0.425447
0.425447
0.425447
0.425447
0.422161
0.422161
0.421939
0.421939
0.421939
0.421939
0.421939
0.421939
0.421939
0.421939
0.421399
0.421399
0.421399
0.421399
0.421399
0.421399
0.421399
0.419642
0.419642
0.419500
0.419500
0.419389
0.419389
0.419336
0.419336
0.419336
0.419336
0.415902
0.415902
0.415865
0.415865
0.415643
0.415587
0.415587
0.415587
0.415587
0.415587
0.415268
0.415149
0.415149
0.411621
0.411378
0.411378
0.411366
0.411366
0.411186
0.411186
0.411186
0.411186
0.411186
0.410073
0.404415
0.404415
0.404368
0.402012
0.402012
0.402012
0.401974
0.401974
0.401955
0.401955
0.401955
0.401948
0.401244
0.401244
0.401244
0.401244
0.401244
0.401244
0.400250
0.400250
0.399311
0.399311
0.395155
0.395155
0.395155
0.395155
0.395155
0.394358
0.394358
0.394358
0.394250
0.394156
0.393749
0.393300
0.393300
0.393300
0.393300
0.393300
0.393300
0.391066
0.389565
0.389565
0.389565
0.389088
0.389088
0.388387
0.384935
0.384935
0.384841
0.384841
0.384841
0.384841
0.383465
0.383465
0.370736
0.369745
0.368862
0.368862
0.368638
0.368638
0.368149
0.368149
0.368149
0.368052
0.367472
0.367472
0.357379
0.357379
0.357112
0.357112
0.357112
0.356560
0.356118
0.356118
0.356118
0.356118
0.356118
0.356118
0.356118
0.356118
0.354707
0.350983
0.350429
0.350429
0.349897
0.348773
0.348773
0.348587
0.348587
0.346644
0.346644
0.346092
0.346092
0.346092
0.345999
0.345999
0.345999
0.345434
0.345419
0.345419
0.345419
0.345419
0.345419
0.345419
0.345419
0.345419
0.344680
0.343541
0.332617
0.332617
0.332488
0.332488
0.332439
0.332439
0.328385
0.328385
0.328385
0.328385
0.328385
0.327806
0.327806
0.327806
0.327161
0.325510
0.325453
0.325453
0.325415
0.321509
0.321509
0.321491
0.321491
0.321359
0.314995
0.314995
0.304901
0.298191
0.295208
0.291103
0.291103
0.291103
0.291103
0.291103
0.291103
0.291103
0.291103
0.290255
0.290255
0.290255
0.290255
0.290255
0.290255
0.290255
0.288657
0.288657
0.288657
0.288657
0.288499
0.288499
0.288499
0.288442
0.288442
0.288354
0.288354
0.288354
0.288354
0.288354
0.288354
0.287754
0.287754
0.287754
0.287754
0.287754
0.285320
0.285320
0.282382
0.281094
0.281094
0.281094
0.281094
0.277102
0.277102
0.277102
0.275965
0.275481
0.275481
0.275481
0.274382
0.274366
0.274366
0.274366
0.274366
0.274366
0.274366
0.274366
0.274366
0.274366
0.274283
0.274283
0.273827
0.271374
0.271374
0.271167
0.270774
0.270774
0.270607
0.270607
0.270607
0.270607
0.270607
0.270607
0.270607
0.270607
0.270607
0.268237
0.268237
0.268072
0.268072
0.268072
0.268072
0.268072
0.268072
0.267616
0.267616
0.267536
0.267536
0.267536
0.267536
0.267536
0.267536
0.267536
0.266293
0.266293
0.266141
0.266141
0.264795
0.264795
0.264383
0.264383
0.264383
0.264383
0.253679
0.253115
0.253115
0.253115
0.252393
0.252393
0.252393
0.252393
0.252201
0.252201
0.251921
0.251921
0.251921
0.251921
0.251921
0.251921
0.251921
0.251921
0.251921
0.251396
0.248847
0.248847
0.248847
0.248592
0.247443
0.247443
0.247443
0.247443
0.247421
0.247236
0.247236
0.246836
0.246836
0.246836
0.245470
0.245470
0.245470
0.245470
0.245470
0.245470
0.245470
0.245470
0.245470
0.245470
0.242790
0.242790
0.242227
0.241320
0.241246
0.241246
0.241224
0.241224
0.241224
0.241219
0.241219
0.236668
0.236668
0.236668
0.236668
0.236629
0.236629
0.236607
0.235557
0.235557
0.235557
0.235557
0.235557
0.235557
0.235557
0.235557
0.235557
0.235557
0.235557
0.235537
0.234548
0.233512
0.233512
0.233512
0.233512
0.233512
0.233512
0.233512
0.233371
0.233371
0.233371
0.233371
0.233371
0.233371
0.233371
0.231748
0.231157
0.229715
0.229673
0.229673
0.229673
0.229673
0.229358
0.228293
0.228293
0.228293
0.228293
0.228293
0.228293
0.228293
0.228293
0.228293
0.228293
0.227315
0.224768
0.224768
0.224768
0.224768
0.224633
0.224507
0.224507
0.224507
0.224507
0.224507
0.224507
0.224507
0.224503
0.224503
0.224503
0.223488
0.223029
0.223029
0.223029
0.223029
0.222762
0.222762
0.222233
0.222233
0.222233
0.222233
0.222233
0.220822
0.220822
0.220820
0.219778
0.219769
0.219769
0.219769
0.219020
0.218082
0.218082
0.217730
0.217730
0.217730
0.217730
0.217730
0.217730
0.213331
0.210827
0.210422
0.210017
0.210017
0.208326
0.208326
0.208326
0.207240
0.207235
0.207235
0.206801
0.206801
0.206801
0.206800
0.206800
0.206800
0.206790
0.206790
0.206382
0.206382
0.204890
0.204887
0.204887
0.204887
0.204887
0.204887
0.204887
0.204887
0.202556
0.202556
0.202556
0.202556
0.202556
0.202556
0.198174
0.198174
0.198174
0.198174
0.198174
0.198174
0.198174
0.197937
0.197676
0.197676
0.197676
0.197581
0.197578
0.197578
0.197578
0.197066
0.197066
0.197066
0.197066
0.197066
0.197066
0.197066
0.197066
0.195764
0.195764
0.195764
0.195311
0.195311
0.195311
0.195311
0.195311
0.188552
0.188552
0.188552
0.188552
0.188552
0.188552
0.186219
0.186219
0.185964
0.185964
0.185964
0.185964
0.185964
0.185856
0.185330
0.185330
0.185330
0.185330
0.184086
0.183975
0.183975
0.183975
0.183975
0.183975
0.183931
0.183931
0.183931
0.183931
0.183875
0.183875
0.183875
0.183866
0.183866
0.183866
0.183866
0.183866
0.181546
0.181546
0.181546
0.181544
0.181544
0.181444
0.181418
0.181418
0.181418
0.181294
0.181294
0.181294
0.181294
0.181294
0.181294
0.181294
0.181131
0.181131
0.181131
0.181131
0.181131
0.179749
0.179749
0.179749
0.179740
0.166704
0.166704
0.166704
0.165902
0.165902
0.165902
0.165902
0.165902
0.165902
0.165902
0.159911
0.159911
0.157398
0.156818
0.156818
0.156818
0.156818
0.156818
0.156818
0.154259
0.154259
0.154259
0.154259
0.154259
0.154259
0.154259
0.154259
0.154259
0.154259
0.154244
0.153590
0.153590
0.153590
0.153590
0.153590
0.153450
0.153450
0.151087
0.151087
0.151087
0.147580
0.147580
0.147517
0.147517
0.147517
0.147517
0.147517
0.147474
0.147415
0.146428
0.146428
0.146428
0.146280
0.146280
0.146280
0.146271
0.146271
0.146271
0.146089
0.146089
0.146089
0.146089
0.146054
0.146054
0.145653
0.145653
0.145653
0.145653
0.145653
0.145653
0.145653
0.145653
0.145653
0.142657
0.142657
0.142657
0.142657
0.142657
0.141022
0.140686
0.140686
0.140686
0.140686
0.140686
0.140686
0.140686
0.140686
0.140672
0.139522
0.139522
0.139522
0.138899
0.138836
0.138836
0.138836
0.138836
0.138836
0.138836
0.138836
0.138836
0.138836
0.138571
0.138571
0.138420
0.138420
0.138420
0.138404
0.138404
0.138404
0.136044
0.136044
0.136044
0.136044
0.136044
0.136044
0.136044
0.136044
0.136044
0.136044
0.136008
0.135993
0.135993
0.135993
0.135993
0.135993
0.135993
0.135993
0.135869
0.135869
0.135869
0.135675
0.135675
0.135417
0.135417
0.135417
0.135417
0.135417
0.135417
0.135417
0.135417
0.135417
0.135417
0.135417
0.135417
0.135227
0.135227
0.135227
0.135201
0.135201
0.135113
0.135113
0.135113
0.135113
0.135113
0.135113
0.135113
0.135113
0.135113
0.135113
0.135113
0.135113
0.135113
0.135113
0.134550
0.134550
0.134550
0.134550
0.134550
0.134550
0.134550
0.134306
0.134306
0.133638
0.132372
0.132372
0.132372
