217.444574
213.903857
143.476700
127.474145
96.217511
83.143043
73.086225
70.894762
50.245972
44.047703
43.228665
34.837571
30.653770
29.166819
27.693300
24.394333
22.243072
21.212504
17.310545
17.144206
16.188355
16.188355
15.241818
14.596058
14.531201
13.983399
13.079591
13.016911
11.028290
10.593940
7.859259
7.797765
7.797765
7.142213
6.894550
6.608705
6.555767
5.907955
5.036075
5.036075
5.036075
4.751140
4.751140
4.146995
3.835254
3.639563
3.245391
2.956464
2.945354
2.945354
2.916143
2.873166
2.731326
2.209797
2.209797
2.191842
2.191842
2.174660
2.174660
2.080130
2.080130
2.080130
1.931000
1.931000
1.888372
1.846396
1.792282
1.717044
1.717044
1.624883
1.624883
1.624883
1.623720
1.623720
1.623720
1.512285
1.512285
1.409476
1.409476
1.409476
1.409476
1.330876
1.330876
1.292702
1.292702
1.266862
1.266862
1.266862
1.266862
1.266135
1.259535
1.147517
1.099876
1.083702
1.026217
1.026217
1.018242
0.971224
0.872016
0.860255
0.860255
0.860255
0.860255
0.841620
0.841620
0.814961
0.802692
0.797558
0.797558
0.797558
0.797558
0.797558
0.797558
0.797558
0.797558
0.774792
0.774792
0.774792
0.774792
0.766178
0.766178
0.764584
0.656864
0.630026
0.579680
0.519128
0.519128
0.519128
0.519128
0.514515
0.514515
0.510210
0.505588
0.452587
0.452587
0.452587
0.452587
0.413731
0.413731
0.413731
0.408752
0.408752
0.408752
0.387006
0.372326
0.320693
0.302096
0.302096
0.302096
0.302096
0.300978
0.300978
0.300978
0.299065
0.299065
0.283473
0.283473
0.279095
0.279095
0.279095
0.241898
0.239283
0.232354
0.232354
0.226282
0.226282
0.225003
0.222643
0.222643
0.222643
0.213541
0.213541
0.211848
0.204915
0.202399
0.201724
0.201724
0.201724
0.200335
0.200335
0.200335
0.199459
0.175720
0.175720
0.173729
0.173729
0.164839
0.161983
0.160454
0.160454
0.160454
0.155273
0.155273
0.150493
0.150018
0.149841
0.149841
0.148694
0.148694
0.147554
0.138383
0.135883
0.135883
0.134836
0.121636
0.119425
0.119425
0.118781
0.115193
0.115193
0.115183
0.115183
0.114759
0.114759
0.114759
0.114084
0.114084
0.114062
0.112932
0.112932
0.112932
0.112932
0.110165
0.110165
0.110165
0.110165
0.110165
0.110165
0.110165
0.110165
0.110165
0.099274
0.099274
0.098953
0.098953
0.098953
0.098953
0.098953
0.098932
0.097774
0.097774
0.097061
0.096051
0.096051
0.095949
0.095949
0.095949
0.095949
0.080053
0.079788
0.079788
0.078631
0.078631
0.078631
0.078584
0.078584
0.078584
0.078584
0.078342
0.078342
0.078342
0.078325
0.077489
0.077489
0.077327
0.077327
0.077327
0.077327
0.077327
0.077311
0.077121
0.077121
0.077121
0.077121
0.076895
0.076895
0.076895
0.076331
0.075310
0.069260
0.062749
0.062700
0.062700
0.062700
0.062659
0.062659
0.062659
0.061811
0.061811
0.061811
0.061804
0.061783
0.061783
0.061783
0.061783
0.061783
0.061783
0.061783
0.061777
0.061502
0.061502
0.061502
0.061370
0.061275
0.061155
0.061155
0.061155
0.061155
0.061155
0.060461
0.060461
0.060461
0.060461
0.060461
0.060461
0.060461
0.060461
0.060461
0.060461
0.060461
0.060418
0.060418
0.060418
0.060418
0.060418
0.060418
0.060315
0.059900
0.059900
0.059900
0.059900
0.059900
0.059900
0.059900
0.059621
0.059621
0.059621
0.059600
0.059553
0.059490
0.059490
0.059490
0.059464
0.059464
0.059464
0.059464
0.032446
0.032446
0.031653
0.031653
0.031653
0.031653
0.018101
0.018101
0.018101
0.018101
0.018101
0.018101
0.018101
0.018101
0.018082
0.018082
0.018082
0.018082
0.018082
0.018082
0.017917
0.017917
0.017917
0.017917
0.017917
0.017917
0.017917
0.017917
0.017917
0.017917
0.017917
0.017682
0.017682
0.017673
0.017673
0.017673
0.017673
0.017673
0.017673
0.017673
0.017673
0.017673
0.017673
0.017673
0.017673
0.017673
0.017673
0.017651
0.017439
0.017439
0.017424
0.017424
0.017424
0.017424
0.017424
0.017424
0.017424
0.017424
0.017424
0.017424
0.017424
0.017424
0.017424
0.017424
0.017423
0.017423
0.017423
0.017423
0.017423
0.017423
0.017423
0.017423
0.017423
0.017423
0.017177
0.017177
0.017177
0.017177
0.017177
0.017177
0.017177
0.017177
0.017148
0.017148
0.017148
0.017148
0.017148
0.017148
0.017148
0.017148
0.017148
0.017148
0.017148
0.017148
0.017148
0.017123
0.017123
0.017123
0.017123
0.017123
0.017123
0.017123
0.017123
0.017123
0.017123
0.017123
0.016526
0.016526
0.016526
0.016526
0.016526
0.016526
0.016526
0.016526
0.016526
0.016526
0.016526
0.016526
0.016526
0.016526
0.016526
0.016526
0.016526
0.016526
0.016526
0.016526
0.016526
0.016515
0.016510
0.016510
0.016510
0.016510
0.016510
0.016510
0.016510
0.016510
0.016510
0.016502
0.016502
0.016502
0.016495
0.016495
0.016491
0.016491
0.015820
0.015820
0.015820
0.015820
0.015820
0.015820
0.015820
0.015813
0.015813
0.015813
0.015787
0.015787
0.015787
0.015787
0.015787
0.015787
0.015787
0.014251
0.014251
0.014251
0.014251
0.014251
0.014251
0.014251
0.014251
0.014251
0.014251
0.014251
0.014251
0.014251
0.014251
0.014251
0.014251
0.014251
0.014251
0.014251
0.014251
0.014251
0.014251
0.014251
0.014251
0.014251
0.014251
0.014251
0.014251
0.014251
0.014251
0.014251
0.014251
0.014251
0.014251
0.014251
0.014251
0.014251
0.014251
0.014251
0.014251
0.014251
0.014251
0.014251
0.009948
0.009948
0.009948
0.009948
0.009948
0.009948
0.009948
0.009948
0.009948
0.009948
0.009948
0.009948
0.009948
0.009948
0.009948
0.009948
0.009937
0.009937
0.009937
0.009937
0.009937
0.009937
0.009937
0.009937
0.009937
0.009937
0.009937
0.009937
0.009937
0.009937
0.009934
0.009934
0.009934
0.009934
0.009934
0.009934
0.009934
0.009934
0.009934
0.009934
0.009866
0.009866
0.009866
0.009834
0.009834
0.009834
0.009834
0.009786
0.009786
0.009786
0.009786
0.009786
0.009786
0.009786
0.009786
0.009786
0.009725
0.009725
0.009714
0.009714
0.009714
0.009714
0.009714
0.009714
0.009714
0.009704
0.009704
0.009704
0.009704
0.009668
0.009668
0.009668
0.009668
0.009668
0.009668
0.009668
0.009668
0.009668
0.009668
0.009549
0.009549
0.009549
0.009549
0.009549
0.009549
0.009549
0.009549
0.009549
0.009549
0.009549
0.009549
0.009549
0.009549
0.009549
0.007986
0.007794
0.007794
0.007794
0.006220
0.006220
0.006220
0.006220
0.006220
0.006220
0.006220
0.006220
0.006220
0.006212
0.006212
0.006212
0.006212
0.006212
0.006212
0.006212
0.006212
0.006212
0.006212
0.006212
0.006212
0.006212
0.006212
0.006212
0.006212
0.006212
0.006212
0.006212
0.006205
0.006205
0.006205
0.006205
0.006205
0.006205
0.006205
0.006205
0.006205
0.006205
0.006205
0.006205
0.006205
0.006205
0.006205
0.006205
0.006197
0.006197
0.006197
0.006197
0.006197
0.006197
0.006197
0.006197
0.006197
0.006197
0.006197
0.006197
0.006197
0.006191
0.006191
0.006191
0.006191
0.006183
0.006183
0.006183
0.006183
0.006183
0.006183
0.006126
0.006126
0.006126
0.006121
0.006121
0.006121
0.006121
0.006121
0.006121
0.006118
0.006118
0.006118
0.006118
0.006118
0.006118
0.006118
0.006118
0.006118
0.006118
0.006118
0.006118
0.006118
0.006118
0.006118
0.006118
0.006118
0.006118
0.006118
0.006118
0.006118
0.006118
0.006118
0.006118
0.006118
0.006118
0.006118
0.006118
0.006118
0.006118
0.006118
0.006118
0.006118
0.006116
0.006116
0.006116
0.006116
0.006116
0.006116
0.006116
0.006115
0.006115
0.006115
0.006115
0.006115
0.006115
0.006115
0.005811
0.005811
0.005809
0.005809
0.005809
0.005809
0.005809
0.005790
0.005790
0.005714
0.005714
0.005714
0.005714
0.005714
0.005714
0.005714
0.005714
0.005714
0.005714
0.005714
0.005714
0.005714
0.005714
0.005714
0.005714
0.005714
0.005714
0.005714
0.005714
0.005714
0.005714
0.005714
0.005714
0.005714
0.005714
0.005714
0.005714
0.005714
0.005714
0.005714
0.005714
0.005714
0.005714
0.005714
0.005714
0.005714
0.005714
0.005714
0.005714
0.005714
0.005714
0.005703
0.005703
0.005703
0.005703
0.005703
0.005703
0.005703
0.005703
0.005703
0.005703
0.005703
0.005703
0.005703
0.005703
0.005703
0.005703
0.005703
0.005703
0.005703
0.005703
0.005703
0.005703
0.005703
0.005703
0.005691
0.005691
0.005691
0.005691
0.005691
0.005691
0.005690
0.005690
0.005425
0.005424
0.005410
0.005410
0.005410
0.005410
0.005410
0.005410
0.005410
0.005410
0.005410
0.005410
0.005410
0.005410
0.005410
0.005410
0.005410
0.005410
0.005410
0.005410
0.005410
0.005410
0.005410
0.005410
0.005410
0.005410
0.005410
0.005410
0.005410
0.005410
0.005410
0.005410
0.005410
0.005410
0.005410
0.005410
0.005410
0.005410
0.005410
0.005410
0.005410
0.005410
0.005410
0.005410
0.005410
0.005410
0.005410
0.005410
0.005410
0.005410
0.005410
0.005410
0.005410
0.005410
0.005410
0.005383
0.005383
0.005383
0.005383
0.005383
0.005383
0.005383
0.005383
0.005383
0.005383
0.005383
0.005383
0.005383
0.005383
0.005383
0.005383
0.005383
0.005383
0.005383
0.005383
0.005383
0.005383
0.005383
0.005383
0.005383
0.005383
0.005383
0.005383
0.005383
0.005382
0.005382
0.005382
0.005382
0.005382
0.005382
0.005382
0.005382
0.005382
0.005382
0.005382
0.005382
0.005382
0.005382
0.005382
0.005382
0.005382
0.005382
0.005309
0.005309
0.005309
0.005309
0.005309
0.005309
0.005309
0.005309
0.005309
0.005309
0.005309
0.005309
0.005309
0.005309
0.005309
0.005309
0.005309
0.005309
0.005309
0.005309
0.005309
0.005309
0.005309
0.005309
0.005309
0.005309
0.005309
0.005309
0.005309
0.005309
0.005309
0.005309
0.005309
0.005309
0.005309
0.005309
0.005309
0.005309
0.005309
0.005309
0.005309
0.005309
0.005309
0.005309
0.005309
0.005309
0.005309
0.005309
0.005309
0.005309
0.005309
0.005309
0.005309
0.005309
0.005309
0.005309
0.005309
0.005309
0.005309
0.005309
0.005309
0.005307
0.005307
0.005307
0.005307
0.005307
0.005287
0.005287
0.005287
0.005287
0.005287
0.005287
0.005287
0.005287
0.005287
0.005287
0.005287
0.005287
0.005287
0.005287
0.005287
0.005287
0.005287
0.005287
0.005287
0.005287
0.005287
0.005287
0.005287
0.005287
0.005287
0.005287
0.005287
0.005287
0.005287
0.005287
0.005287
0.005287
0.005287
0.005287
0.005287
0.005276
0.005251
0.005251
0.005251
0.005251
0.005251
0.005251
0.005251
0.005167
0.005167
0.005167
0.005167
0.005167
0.005167
0.005167
0.005167
0.005167
0.005167
0.005167
0.005167
0.005167
0.005167
0.005167
0.005167
0.005167
0.005167
0.005167
0.005052
0.005052
0.005052
0.005052
0.005052
0.005052
0.005052
0.005052
0.005052
0.005052
0.005052
0.005052
0.005052
0.005052
0.005052
0.005050
0.005050
0.005050
0.005050
0.005050
0.005050
0.005050
0.005050
0.005050
0.005050
0.005050
0.005050
0.005050
0.005050
0.005050
0.005050
0.005050
0.005050
0.005050
0.005050
0.005046
0.005046
0.005046
0.005046
0.005046
0.005046
0.005046
0.005046
0.005046
0.005046
0.005046
0.005046
0.005046
0.005046
0.005046
0.005046
0.005046
0.005046
0.005046
0.005046
0.005046
0.005046
0.005046
0.005046
0.005046
0.005046
0.005046
0.005046
0.005046
0.005046
0.005046
0.005046
0.005046
0.005046
0.005046
0.005046
0.005046
0.005046
0.005046
0.005046
0.005046
0.005046
0.005046
0.005046
0.005046
0.005033
0.005033
0.005033
0.005033
0.005031
0.005031
0.005031
0.005031
0.005031
0.005031
0.005031
0.005031
0.005031
0.005031
0.005031
0.005030
0.005030
0.005030
0.005030
0.005030
0.005030
0.005030
0.005030
0.005009
0.005009
0.005009
0.005009
0.005009
0.005009
0.005009
0.005009
0.005009
0.005009
0.005009
0.005009
0.005009
0.005009
0.005009
0.005009
0.005009
0.005007
0.005001
0.005001
0.005001
0.005001
0.005001
0.005001
0.005001
0.005001
0.005001
0.005001
0.005001
0.005001
0.005001
0.005001
0.005001
0.005001
0.005001
0.005001
0.005001
0.005001
0.005001
0.005001
0.005001
0.005001
0.005001
0.005001
0.005001
0.005001
0.005001
0.005001
0.005001
0.005001
0.005001
0.005001
0.005001
0.005001
0.005001
0.005001
0.005001
0.005001
0.005001
0.005001
0.005001
0.005001
0.005001
0.005001
0.005001
0.005001
0.005001
0.004999
0.004999
0.004999
0.004999
0.004999
0.004999
0.004999
0.004999
0.004999
0.004999
0.004999
0.004999
0.004999
0.004999
0.004999
0.004999
0.004999
0.004999
0.004999
0.004999
0.004999
0.004999
0.004999
0.004999
0.004999
0.004999
0.004999
0.004999
0.004999
0.004999
0.004999
0.004999
0.004999
0.004955
0.004955
0.004955
0.004955
0.004955
0.004955
0.004955
0.004954
0.004954
0.004954
0.004954
0.004954
0.004954
0.004954
0.004954
0.004954
0.004954
0.004954
0.004954
0.004954
0.004954
0.004954
0.004954
0.004954
0.004954
0.004954
0.004954
0.004954
0.004954
0.004954
0.004954
0.004954
0.004954
0.004954
0.004954
0.004954
0.004952
0.004952
0.004952
0.004952
0.004952
0.004952
0.004952
0.004952
0.004952
0.004952
0.004952
0.004952
0.004952
0.004952
0.004952
0.004952
0.004952
0.004952
0.004952
0.004952
0.004952
0.004952
0.004952
0.004952
0.004952
0.004952
0.004952
0.004952
0.004952
0.004952
0.004952
0.004952
0.004952
0.004952
0.004952
0.004952
0.004952
0.004952
0.004952
0.004952
0.004952
0.004952
0.004952
0.004952
0.004952
0.004952
0.004952
0.004952
0.004952
0.004952
0.004952
0.004952
0.004952
0.004952
0.004952
0.004952
0.004952
0.004952
0.004952
0.004952
0.004952
0.004952
0.004952
0.004952
0.004952
0.004952
0.004952
0.004952
0.004952
0.004952
0.004952
0.004952
0.004952
0.004952
0.004952
0.004952
0.004952
0.004952
0.004952
0.004952
0.004952
0.004952
0.004952
0.004952
0.004952
0.004952
0.004952
0.004947
0.004947
0.004947
0.004947
0.004947
0.004947
0.004947
0.004947
0.004947
0.004947
0.004947
0.004947
0.004947
0.002824
0.002824
0.002824
0.002824
0.002824
0.002824
0.002824
0.002824
0.002800
0.002800
0.002800
0.002800
0.002800
0.002800
0.002800
0.002800
0.002800
0.002800
0.002800
0.002800
0.002797
0.002797
0.002797
0.002797
0.002797
0.002797
0.002797
0.002797
0.002797
0.002797
0.002795
0.002795
0.002795
0.002794
0.002794
0.002794
0.002794
0.002794
0.002794
0.002794
0.002794
0.002794
0.002794
0.002794
0.002794
0.002794
0.002794
0.002794
0.002794
0.002794
0.002794
0.002794
0.002794
0.002794
0.002794
0.002794
0.002794
0.002794
0.002794
0.002794
0.002794
0.002794
0.002794
0.002794
0.002794
0.002794
0.002794
0.002794
0.002794
0.002794
0.002794
0.002794
0.002794
0.002794
0.002794
0.002794
0.002794
0.002794
0.002794
0.002794
0.002794
0.002794
0.002794
0.002794
0.002794
0.002794
0.002794
0.002794
0.002794
0.002794
0.002794
0.002794
0.002794
0.002794
0.002794
0.002794
0.002794
0.002794
0.002794
0.002794
0.002794
0.002794
0.002794
0.002794
0.002794
0.002794
0.002794
0.002794
0.002794
0.002794
0.002794
0.002794
0.002794
0.002794
0.002794
0.002794
0.002794
0.002794
0.002794
0.002794
0.002794
0.002794
0.002794
0.002794
0.002794
0.002794
0.002794
0.002787
0.002787
0.002787
0.002787
0.002787
0.002787
0.002787
0.002787
0.002787
0.002787
0.002787
0.002787
0.002787
0.002787
0.002787
0.002787
0.002787
0.002787
0.002787
0.002787
0.002787
0.002787
0.002787
0.002787
0.002787
0.002646
0.002646
0.002646
0.002646
0.002646
0.002646
0.002646
0.002646
0.002646
0.002646
0.002646
0.002646
0.002642
0.002642
0.002642
0.002642
0.002642
0.002642
0.002642
0.002642
0.002642
0.002642
0.002642
0.002642
0.002642
0.002642
0.002642
0.002642
0.002642
0.002642
0.002642
0.002642
0.002642
0.002642
0.002642
0.002642
0.002642
0.002642
0.002642
0.002642
0.002642
0.002642
0.002642
0.002642
0.002642
0.002642
0.002642
0.002642
0.002642
0.002642
0.002642
0.002642
0.002642
0.002642
0.002642
0.002642
0.002642
0.002642
0.002641
0.002641
0.002641
0.002641
0.002641
0.002641
0.002641
0.002641
0.002641
0.002641
0.002641
0.002641
0.002641
0.002641
0.002641
0.002641
0.002641
0.002641
0.002641
0.002641
0.002641
0.002641
0.002641
0.002641
0.002641
0.002641
0.002640
0.002640
0.002640
0.002640
0.002640
0.002640
0.002640
0.002640
0.002640
0.002640
0.002640
0.002640
0.002640
0.002640
0.002640
0.002640
0.002640
0.002640
0.002640
0.002640
0.002640
0.002640
0.002640
0.002640
0.002640
0.002640
0.002640
0.002640
0.002640
0.002640
0.002640
0.002640
0.002640
0.002640
0.002640
0.002640
0.002640
0.002640
0.002640
0.002640
0.002640
0.002640
0.002640
0.002640
0.002640
0.002640
0.002640
0.002640
0.002640
0.002640
0.002640
0.002640
0.002640
0.002640
0.002640
0.002640
0.002640
0.002640
0.002640
0.002640
0.002640
0.002640
0.002640
0.002640
0.002640
0.002640
0.002640
0.002640
0.002640
0.002640
0.002640
0.002640
0.002640
0.002640
0.002640
0.002640
0.002640
0.002640
0.002640
0.002640
0.002640
0.002640
0.002640
0.002640
0.002640
0.002640
0.002640
0.002640
0.002640
0.002640
0.002640
0.002640
0.002640
0.002640
0.002640
0.002640
0.002640
0.002640
0.002640
0.002640
0.002640
0.002333
0.002333
0.002333
0.002333
0.002333
0.002333
0.002333
0.002333
0.002333
0.002333
0.002333
0.002333
0.002333
0.002333
0.002333
0.002333
0.002333
0.002333
0.002333
0.002333
0.002333
0.002333
0.002333
0.002333
0.002333
0.002259
0.001403
0.001403
0.001403
0.001403
0.001403
0.001403
0.001403
0.001403
0.001403
0.001403
0.001403
0.001403
0.001403
0.001403
0.001403
0.001403
0.001403
0.001403
0.001403
0.001403
0.001403
0.001403
0.001403
0.001403
0.001403
0.001403
0.001403
0.001403
0.001403
0.001403
0.001403
0.001403
0.001403
0.001403
0.001403
0.001403
0.001403
0.001403
0.001403
0.001403
0.001403
0.001401
0.001401
0.001401
0.001401
0.001401
0.001353
0.001353
0.001353
0.001353
0.001353
0.001353
0.001353
0.001353
0.001353
0.001353
0.001353
0.001353
0.001353
0.001353
0.001353
0.001353
0.001353
0.001353
0.001353
0.001353
0.001353
0.001353
0.001353
0.001353
0.001353
0.001353
0.001353
0.001353
0.001353
0.001353
0.001353
0.001353
0.001353
0.001352
0.001352
0.001352
0.001352
0.001352
0.001352
0.001352
0.001352
0.001352
0.001352
0.001352
0.001352
0.001352
0.001352
0.001352
0.001352
0.001352
0.001352
0.001352
0.001340
0.001340
0.001340
0.001340
0.001340
0.001340
0.001340
0.001340
0.001340
0.001340
0.001340
0.001340
0.001340
0.001340
0.001340
0.001340
0.001340
0.001340
0.001340
0.001340
0.001340
0.001340
0.001340
0.001340
0.001340
0.001340
0.001340
0.001340
0.001340
0.001340
0.001340
0.001340
0.001340
0.001340
0.001340
0.001340
0.001340
0.001340
0.001340
0.001340
0.001340
0.001340
0.001340
0.001340
0.001340
0.001340
0.001340
0.001340
0.001340
0.001340
0.001340
0.001340
0.001340
0.001340
0.001340
0.001340
0.001340
0.001340
0.001340
0.001340
0.001340
0.001340
0.001340
0.001340
0.001340
0.001340
0.001340
0.001340
0.001340
0.001340
0.001340
0.001340
0.001340
0.001340
0.001340
0.001340
0.001340
0.001340
0.001340
0.001340
0.001340
0.001340
0.001340
0.001340
0.001340
0.001340
0.001340
0.001340
0.001340
0.001340
0.001340
0.001340
0.001340
0.001340
0.001340
0.001340
0.001340
0.001340
0.001340
0.001340
0.001340
0.001340
0.001340
0.001340
0.001340
0.001340
0.001340
0.001340
0.001340
0.001340
0.001340
0.001340
0.001340
0.001340
0.001311
0.001311
