170.724185
159.673821
156.026006
151.977494
146.733201
143.003759
140.087776
137.450649
134.973170
132.233865
127.970349
121.632040
116.531448
114.215921
113.695526
112.487282
110.895445
109.198715
107.081839
105.305569
104.551746
99.801662
94.801072
92.582769
90.247576
89.851616
89.794200
87.778866
86.716103
85.961514
85.362370
84.411523
83.952483
83.228429
82.118781
82.118781
81.357816
81.189767
80.135256
79.199140
78.627767
77.863100
77.746500
76.873243
76.788056
76.694163
76.694163
74.710689
74.698946
74.497786
74.200737
73.628566
73.170031
71.744572
71.394666
70.898329
70.270415
69.927584
69.927584
68.370623
67.996678
66.968594
66.183216
65.846962
65.598705
64.822010
64.611037
64.267396
63.953725
63.533762
63.067649
63.067649
62.643369
62.200076
62.195657
61.837536
61.603691
61.597513
60.707244
59.454075
59.249447
57.232594
56.962316
56.962316
56.805793
56.546762
56.546762
56.536885
56.467995
56.405394
56.405394
55.981876
55.699590
55.259037
55.162798
54.949654
54.317172
53.528852
53.493608
53.320792
53.320792
52.951720
52.664074
52.428674
52.305975
52.305975
52.195271
51.873679
51.709806
51.468333
50.971257
50.795255
50.795255
50.759739
50.467894
50.467894
49.987313
49.812664
49.134926
48.519949
48.083960
47.787218
47.787218
46.886910
46.886910
46.737872
46.705489
46.540134
46.540134
46.540134
46.540134
46.338397
45.794557
45.566494
45.149124
44.787160
44.786300
44.786300
44.759849
44.705779
44.662366
44.018141
43.867541
43.428691
42.737854
42.737854
42.632691
42.442501
42.421429
42.229014
42.214474
42.162733
42.140614
42.053548
42.053548
41.557485
41.387041
41.191860
40.905890
40.452826
39.511462
39.235022
39.185114
39.041617
39.041617
39.018959
38.333249
38.163082
38.086636
37.834772
37.166113
37.079783
37.079783
37.079783
36.995522
36.496513
36.301719
36.092319
35.713788
35.611159
35.252772
35.237092
35.009941
34.995435
34.842206
34.798426
34.586743
34.535230
34.269964
34.111324
33.761018
33.704818
33.539059
33.498709
33.393533
33.223067
33.032081
32.591785
32.433592
32.133803
31.734074
31.473586
31.473586
31.402015
31.402015
31.387112
31.378018
30.993811
30.993460
30.744981
30.524675
30.457278
30.293429
30.243762
30.106245
30.095447
29.674942
29.652455
29.262120
28.960966
28.817364
28.549430
28.432269
28.427527
28.338278
28.182684
28.087559
28.087559
27.928381
27.671323
27.276488
27.269946
27.118538
26.929870
26.769238
26.134751
26.088515
25.749462
25.584776
25.561502
25.485790
25.038847
25.027941
24.962761
24.866230
24.732563
24.514860
24.470772
24.240461
23.649865
23.457833
23.285010
23.150769
23.098516
22.922523
22.746682
22.674002
22.561375
22.283100
22.159973
22.082496
21.469212
21.255161
21.068477
20.879394
20.850965
20.804370
20.804370
20.655682
20.426547
20.199985
19.829924
19.829924
19.751406
19.637546
19.608708
19.543425
19.395866
19.384588
19.215671
19.172938
18.783928
18.746512
18.722849
18.722849
18.513106
18.444352
18.171618
18.060648
18.060648
18.044480
18.014258
18.014258
17.958618
17.857206
17.754832
17.725668
17.643135
17.347836
17.248949
16.913391
16.913391
16.805150
16.724627
16.648570
16.641723
16.181163
16.125905
15.959855
15.863310
15.848489
15.846999
15.688115
15.670841
15.382332
15.382332
15.382332
15.382332
15.344588
15.320180
15.245789
15.152900
15.058440
15.048242
15.001029
14.918351
14.889760
14.887842
14.886275
14.877975
14.869733
14.869733
14.627143
14.519859
14.456816
14.447652
14.260373
13.964983
13.960900
13.960900
13.663246
13.632576
13.485309
13.426716
13.262213
13.262213
13.254390
13.098635
13.057026
12.952631
12.951640
12.762098
12.710661
12.710661
12.710661
12.585817
12.516709
12.487747
12.432384
12.259723
12.005860
11.886311
11.798878
11.797820
11.777264
11.757030
11.620051
11.620051
11.620051
11.574370
11.490851
11.218585
11.212245
11.114106
11.092477
11.090427
11.090427
10.914753
10.860931
10.764129
10.663892
10.650235
10.535331
10.509817
10.434350
10.391488
10.204018
10.202892
10.174280
10.127755
10.065729
10.050199
9.963787
9.923898
9.923898
9.893316
9.862808
9.778545
9.754185
9.737596
9.673530
9.653554
9.538490
9.538490
9.293451
9.282434
9.281929
9.235404
9.108586
9.108586
9.074055
8.987817
8.986336
8.986336
8.957177
8.811890
8.711455
8.593077
8.564848
8.564848
8.527236
8.523097
8.458450
8.458450
8.411891
8.411891
8.411891
8.335126
8.203298
8.184756
8.132575
8.112995
8.007400
7.980568
7.980568
7.905845
7.905639
7.905639
7.816669
7.792554
7.792554
7.709437
7.709437
7.653289
7.429218
7.407100
7.407100
7.358541
7.358541
7.240024
7.117702
7.092915
7.092915
7.091302
6.998015
6.950006
6.807876
6.796179
6.739620
6.721714
6.681434
6.571317
6.483936
6.465565
6.460342
6.343080
6.234247
6.215329
6.158191
6.116968
6.116693
6.031839
6.015408
6.011103
5.878648
5.782102
5.726282
5.698825
5.698825
5.645208
5.640347
5.640347
5.602593
5.594783
5.544062
5.532437
5.497895
5.414438
5.398845
5.392504
5.321621
5.321621
5.321621
5.321621
5.298060
5.298060
5.200181
5.172371
5.157277
5.076746
5.013160
5.012537
5.008131
4.958241
4.932962
4.908415
4.908415
4.908415
4.908121
4.908121
4.908121
4.867105
4.819282
4.793310
4.785788
4.737918
4.637137
4.637137
4.616507
4.474715
4.474715
4.454025
4.454025
4.426531
4.426531
4.397356
4.338578
4.338578
4.338289
4.297758
4.297758
4.250002
4.250002
4.225198
4.225198
4.225198
4.222346
4.185964
4.185964
4.185964
4.100270
4.100270
4.070992
4.070992
4.034450
3.994140
3.994140
3.993969
3.991026
3.991026
3.974618
3.957312
3.872772
3.872772
3.800457
3.796896
3.730755
3.690563
3.670832
3.670832
3.660094
3.620869
3.517404
3.444207
3.433230
3.433230
3.433230
3.433230
3.433230
3.425425
3.425425
3.423234
3.418427
3.287548
3.287548
3.270330
3.270330
3.259298
3.233471
3.233471
3.229808
3.202488
3.202488
3.202488
3.202488
3.167618
3.109048
3.109048
3.100111
3.089427
3.075666
3.074882
3.061698
3.049141
3.049141
3.047796
3.047796
3.047796
3.047796
3.041918
3.041918
3.039123
3.024755
3.015661
3.015296
3.015296
2.993521
2.993521
2.956703
2.955790
2.953551
2.938772
2.878933
2.819943
2.808015
2.807119
2.807119
2.801234
2.801234
2.747812
2.747812
2.723889
2.723889
2.723889
2.718706
2.682498
2.663896
2.644339
2.644339
2.640778
2.637019
2.618112
2.605446
2.582712
2.582712
2.579841
2.560690
2.530944
2.489199
2.489199
2.477859
2.463274
2.463069
2.461931
2.461931
2.461931
2.461931
2.442582
2.442582
2.440611
2.435092
2.433583
2.430000
2.430000
2.430000
2.430000
2.414713
2.414713
2.411153
2.364006
2.324439
2.321890
2.321890
2.311507
2.311507
2.302714
2.302714
2.299919
2.299919
2.298073
2.265351
2.265351
2.265351
2.263469
2.233700
2.207586
2.200490
2.200490
2.200490
2.200490
2.199403
2.172734
2.172734
2.172734
2.172734
2.171941
2.167225
2.167225
2.167225
2.142292
2.139267
2.139267
2.139267
2.139267
2.136157
2.110905
2.099954
2.090730
2.028571
1.999514
1.988831
1.988831
1.978535
1.946259
1.946259
1.924359
1.924359
1.924359
1.918298
1.862380
1.862380
1.862260
1.862260
1.850181
1.849198
1.843438
1.843438
1.843438
1.826754
1.826754
1.806629
1.806629
1.806458
1.806458
1.806458
1.798142
1.798142
1.790839
1.790839
1.776553
1.776553
1.776553
1.750027
1.747736
1.743618
1.743618
1.733413
1.733413
1.733413
1.733413
1.728213
1.728213
1.728213
1.720619
1.720619
1.720619
1.716896
1.716896
1.716896
1.714483
1.713882
1.713820
1.713820
1.704962
1.691065
1.691065
1.690669
1.690669
1.690669
1.690669
1.666194
1.646581
1.645695
1.645695
1.645682
1.645682
1.644814
1.644814
1.644814
1.643795
1.626497
1.626497
1.618712
1.607444
1.607025
1.606530
1.592724
1.549511
1.549007
1.542202
1.529112
1.529112
1.529112
1.529112
1.521724
1.521724
1.518738
1.517893
1.517372
1.516709
1.508466
1.493833
1.478240
1.478240
1.473849
1.473849
1.473377
1.424154
1.411665
1.398254
1.398254
1.398254
1.388188
1.388188
1.381133
1.378907
1.350839
1.342066
1.342066
1.342066
1.334140
1.333163
1.332980
1.332246
1.332246
1.289851
1.278947
1.273610
1.269845
1.261173
1.257668
1.256800
1.233027
1.233027
1.222999
1.221093
1.221093
1.219685
1.218817
1.181138
1.165830
1.165816
1.165816
1.165816
1.165816
1.161909
1.161909
1.155778
1.155505
1.128849
1.128849
1.128849
1.128849
1.128849
1.128107
1.128107
1.125118
1.125118
1.125118
1.125118
1.125118
1.119948
1.119948
1.119759
1.119759
1.110057
1.108334
1.108334
1.107813
1.107813
1.107813
1.107813
1.082960
1.082960
1.082960
1.082960
1.082960
1.082960
1.061681
1.056424
1.056086
1.029122
0.956781
0.956781
0.952946
0.952946
0.932374
0.932374
0.932374
0.932374
0.932374
0.932374
0.932374
0.920429
0.917395
0.899567
0.892519
0.892519
0.891857
0.891857
0.886735
0.884845
0.884845
0.884048
0.883983
0.883983
0.880206
0.876197
0.876197
0.876197
0.863778
0.863778
0.863438
0.852710
0.852710
0.849007
0.849007
0.844454
0.841419
0.841419
0.829657
0.823096
0.823096
0.814205
0.814205
0.814205
0.814205
0.813780
0.809504
0.804632
0.804632
0.800967
0.800901
0.800901
0.800901
0.795929
0.794345
0.794345
0.793333
0.793333
0.789040
0.769852
0.767569
0.767569
0.767569
0.767074
0.765631
0.765631
0.765631
0.765631
0.763630
0.762758
0.759804
0.755923
0.755923
0.755923
0.749243
0.746017
0.746017
0.742218
0.742218
0.742218
0.742218
0.742218
0.737004
0.737004
0.737004
0.737004
0.725046
0.722448
0.721021
0.721021
0.721021
0.721021
0.715888
0.713704
0.707104
0.702293
0.695256
0.695256
0.695256
0.695256
0.695256
0.693320
0.692308
0.687578
0.687578
0.687087
0.686826
0.665772
0.661389
0.661389
0.661389
0.661389
0.661242
0.661242
0.661119
0.661119
0.660748
0.659154
0.645950
0.645950
0.645768
0.645768
0.645359
0.644400
0.643451
0.643055
0.643006
0.643006
0.643006
0.643006
0.643006
0.638113
0.638051
0.632705
0.617217
0.617217
0.617217
0.617217
0.617217
0.617217
0.611997
0.607574
0.607574
0.607574
0.607574
0.607266
0.607266
0.607218
0.607218
0.607069
0.607069
0.607069
0.605119
0.602849
0.600704
0.594752
0.594752
0.594752
0.589916
0.582772
0.582772
0.582772
0.582772
0.580765
0.578970
0.578970
0.578970
0.578970
0.578970
0.578970
0.578970
0.578970
0.578970
0.578926
0.578788
0.578788
0.578445
0.578445
0.578445
0.563762
0.563762
0.563762
0.563762
0.563241
0.563241
0.563241
0.563241
0.560169
0.560050
0.560050
0.559884
0.559884
0.559884
0.559884
0.559884
0.559884
0.559884
0.559884
0.559884
0.559884
0.559884
0.559884
0.558115
0.554615
0.553685
0.552411
0.547484
0.545446
0.545446
0.545446
0.545446
0.545446
0.545375
0.541464
0.540328
0.539220
0.539220
0.538546
0.538546
0.538546
0.536759
0.536264
0.523672
0.523672
0.523672
0.523672
0.523672
0.522969
0.521119
0.521119
0.521071
0.516016
0.516016
0.516016
0.516016
0.516016
0.514169
0.512586
0.512586
0.512586
0.512586
0.512586
0.510316
0.510316
0.510316
0.510316
0.510316
0.506131
0.498365
0.497155
0.497155
0.487030
0.487030
0.486790
0.484361
0.484361
0.484361
0.484361
0.481385
0.478410
0.478410
0.478410
0.478410
0.478235
0.478235
0.478235
0.477336
0.473897
0.473897
0.473897
0.473897
0.473597
0.470142
0.470142
0.468802
0.468802
0.467732
0.467732
0.467732
0.467732
0.464660
0.462710
0.462173
0.462173
0.462173
0.462173
0.462173
0.457118
0.457118
0.455377
0.455280
0.455280
0.455280
0.455280
0.454357
0.443879
0.443293
0.443293
0.443293
0.443293
0.440562
0.440562
0.440021
0.440021
0.440021
0.439908
0.439437
0.439437
0.439437
0.439158
0.439158
0.439158
0.436135
0.432930
0.432930
0.432930
0.432930
0.432930
0.432930
0.432930
0.432930
0.432930
0.432930
0.431468
0.430914
0.430914
0.430914
0.430914
0.428698
0.428635
0.428635
0.428635
0.428635
0.425887
0.425887
0.425887
0.422372
0.422372
0.419159
0.418731
0.418731
0.418731
0.418731
0.412168
0.406865
0.406370
0.406370
0.406370
0.406370
0.402905
0.402041
0.402041
0.402041
0.399419
0.399419
0.399419
0.399227
0.398994
0.393725
0.389554
0.389554
0.387092
0.387092
0.387092
0.387092
0.387092
0.387092
0.387092
0.382029
0.382029
0.381401
0.381401
0.374985
0.374985
0.374985
0.374985
0.374347
0.373664
0.372083
0.372083
0.371671
0.363843
0.362261
0.362261
0.362232
0.362232
0.360795
0.360795
0.360795
0.360324
0.358360
0.358360
0.358360
0.358360
0.358360
0.358360
0.358050
0.358050
0.357683
0.355795
0.354847
0.354410
0.354410
0.354410
0.354410
0.354410
0.354410
0.353121
0.353121
0.353121
0.353121
0.351239
0.351239
0.351239
0.351239
0.349950
0.349698
0.349698
0.348799
0.348199
0.346311
0.346311
0.345224
0.345224
0.345224
0.337244
0.336667
0.336475
0.329489
0.329489
0.329489
0.329489
0.329489
0.329489
0.329489
0.329211
0.328978
0.328978
0.328978
0.328978
0.328978
0.328978
0.328867
0.328867
0.327571
0.327571
0.327571
0.327571
0.327571
0.324760
0.324760
0.324760
0.324703
0.323019
0.323019
0.323019
0.323019
0.322668
0.320595
0.320595
0.317068
0.312299
0.312142
0.312142
0.307778
0.307778
0.307666
0.307666
0.307666
0.307666
0.307666
0.307666
0.307666
0.306972
0.306972
0.306622
0.306207
0.306207
0.306207
0.306207
0.306207
0.306207
0.306207
0.306207
0.306207
0.306207
0.306207
0.306207
0.306207
0.303876
0.303876
0.297543
0.297304
0.297304
0.297304
0.297304
0.297304
0.297304
0.297304
0.297304
0.297304
0.296979
0.296518
0.295196
0.295196
0.292759
0.292759
0.292759
0.289370
0.289370
0.288887
0.288887
0.288310
0.287818
0.287818
0.287808
0.287808
0.287808
0.286918
0.286918
0.286918
0.286918
0.278656
0.278656
0.278421
0.277588
0.277588
0.277588
0.277588
0.277395
0.277395
0.277242
0.274198
0.274198
0.273503
0.272110
0.272110
0.272110
0.272110
0.272110
0.272110
0.272110
0.272110
0.272110
0.272008
0.272008
0.270258
0.268877
0.268765
0.268654
0.268654
0.268654
0.268654
0.268654
0.268654
0.268462
0.266531
0.266531
0.266531
0.266531
0.266531
0.266531
0.266531
0.266531
0.266531
0.266531
0.266524
0.265479
0.265479
0.265479
0.265479
0.265479
0.265479
0.263317
0.263317
0.263317
0.260155
0.253960
0.253960
0.253960
0.253960
0.253960
0.253960
0.253830
0.253830
0.253830
0.252383
0.252383
0.252383
0.252383
0.252383
0.252283
0.252283
0.252283
0.252283
0.252283
0.251353
0.251247
0.250989
0.250976
0.250373
0.250174
0.250174
0.250174
0.250174
0.250174
0.250174
0.250174
0.250174
0.250174
0.248285
0.248285
0.248285
0.248285
0.248285
0.248285
0.248285
0.248285
0.248285
0.248285
0.248285
0.247443
0.247443
0.246817
0.243120
0.243120
0.243120
0.243120
0.242596
0.242596
0.242596
0.241491
0.241491
0.241491
0.241477
0.241477
0.241477
0.241301
0.241301
0.241301
0.241301
0.241301
0.241301
0.241301
0.241301
0.241301
0.241301
0.235299
0.235299
0.232254
0.232062
0.232062
0.231080
0.229881
0.229236
0.229060
0.229060
0.228867
0.228867
0.220797
0.220797
0.220797
0.219885
0.219885
0.219571
0.219571
0.217756
0.217756
0.217756
0.217642
0.217642
0.217642
0.217642
0.217642
0.217642
0.217642
0.217334
0.217334
0.217334
0.217334
0.214847
0.214847
0.214527
0.214527
0.214527
0.214527
0.214527
0.214527
0.214527
0.214527
0.214527
0.214527
0.214527
0.214527
0.214421
0.214421
0.214421
0.214332
0.214332
0.214332
0.214332
0.212134
0.211270
0.211270
0.211270
0.210609
0.210609
0.210061
0.207011
0.207011
0.207011
0.207011
0.207011
0.207011
0.207011
0.207011
0.207011
0.207011
0.207011
0.206420
0.206420
0.206420
0.206420
0.206420
0.205367
0.205367
0.205367
0.203354
0.203354
0.203354
0.203354
0.203354
0.203178
0.202668
0.202594
0.202135
0.202135
0.201823
0.201811
0.201341
0.201341
0.201341
0.198834
0.198834
0.197219
0.196697
0.195661
0.195661
0.195661
0.194456
0.194456
0.194374
0.194374
0.194374
0.194374
0.194374
0.194374
0.194374
0.192557
0.192557
0.192437
0.192373
0.192373
0.192373
0.190060
0.189923
0.189923
0.188594
0.187456
0.187124
0.186613
0.186613
0.186613
0.186613
0.186613
0.185862
0.185862
0.185862
0.185862
0.185254
0.185254
0.184862
0.184862
0.184862
0.184464
0.184464
0.184464
0.184275
0.184275
0.183319
0.183319
0.183319
0.183319
0.183319
0.183319
0.183099
0.181151
0.180946
0.180946
0.180133
0.179928
0.179928
0.179912
0.179912
0.179912
0.179912
0.179912
0.179912
0.179097
0.179097
0.179097
0.179097
0.179023
0.179023
0.176965
0.176845
0.176845
0.176845
0.176845
0.176845
0.176845
0.173419
0.173419
0.173419
0.173419
0.173191
0.170560
0.170560
0.169769
0.169769
0.169730
0.169716
0.169716
0.169716
0.168221
0.168221
0.168221
0.168221
0.168221
0.168221
0.168205
0.168205
0.167615
0.167615
0.167615
0.167615
0.167615
0.167615
0.167615
0.167615
0.165689
0.165689
0.165643
0.165643
0.165643
0.165643
0.163991
0.163991
0.163991
0.163069
0.163069
0.163069
0.163069
0.163069
0.163069
0.163069
0.162061
0.162061
0.162061
0.162061
0.161949
0.161214
0.161214
0.161214
0.160965
0.160965
0.160965
0.160965
0.160965
0.160965
0.160892
0.160664
0.160664
0.160664
0.158723
0.158723
0.158723
0.158121
0.157780
0.157780
0.157780
0.157780
0.157780
0.157780
0.157780
0.157780
0.157095
0.157095
0.157095
0.157095
0.152995
0.152733
0.152152
0.150974
0.150974
0.150974
0.150974
0.150974
0.150974
0.150865
0.150865
0.150865
0.150865
0.150865
0.150833
0.150833
0.150833
0.150425
0.150425
0.150425
0.150425
0.148907
0.148907
0.148907
0.148775
0.148775
0.148775
0.148775
0.148775
0.148775
0.148726
0.148726
0.148661
0.148661
0.148661
0.148661
0.148661
0.148661
0.148661
0.148425
0.148425
0.148425
0.148034
0.148034
0.148034
0.148034
0.148034
0.147992
0.147992
0.147838
0.147838
0.147838
0.147822
0.147632
0.147080
0.147076
0.143702
0.143702
0.143702
0.143702
0.143702
0.143593
0.143593
0.143593
0.143593
0.143593
0.143593
0.143593
0.143593
0.143593
0.143593
0.143593
0.143593
0.143578
0.143578
0.143184
0.143184
0.143184
0.142644
0.142644
0.142644
0.142250
0.142250
0.141093
0.141093
0.141093
0.141093
0.141093
0.141093
0.141093
0.141093
0.140237
0.140237
0.139845
0.139841
0.139841
0.139841
0.139148
0.139148
0.139148
0.139051
0.139051
0.138914
0.138909
0.138909
0.138909
0.138909
0.138909
0.138909
0.138482
0.138482
0.138482
0.138482
0.138482
0.138482
0.138482
0.138214
0.138214
0.137909
0.137909
0.137909
0.137909
0.137909
0.137909
0.137909
0.137909
0.137909
0.137909
0.137909
0.137909
0.137909
0.137886
0.137886
0.136405
0.136405
0.136384
0.136050
0.136050
0.135371
0.135371
0.135030
0.135030
0.135030
0.134934
0.134934
0.133653
0.133653
0.133653
0.133261
0.133241
0.133241
0.133241
0.133241
0.133241
0.133241
0.133241
0.133241
0.132955
0.129095
0.128372
0.128372
0.128372
0.128372
0.128372
0.128372
0.128372
0.128372
0.128372
0.128372
0.128372
0.128372
0.126368
0.126368
0.126151
0.126151
0.126151
0.126151
0.126151
0.126151
0.125757
0.125757
0.125757
0.125757
0.125757
0.125757
0.125757
0.125757
0.125757
0.125647
0.125333
0.125333
0.125151
0.125145
0.123917
0.123917
0.123917
0.123917
0.123917
0.123577
0.123577
0.123577
0.123577
0.123577
0.123577
0.123577
0.123486
0.123486
0.123486
0.123486
0.123486
0.123486
0.123486
0.123486
0.121975
0.121975
0.121975
0.121530
0.120948
0.120938
0.120938
0.120938
0.120938
0.120938
0.120938
0.120938
0.119104
0.119104
0.119104
0.119104
0.119104
0.119104
0.119104
0.119104
0.118153
0.118153
0.118153
0.118153
0.118153
0.118153
0.115412
0.115412
0.115412
0.115412
0.115412
0.115412
0.115412
0.114362
0.114302
0.114297
0.114297
0.114159
0.114159
0.112319
0.112319
0.112319
0.112319
0.112319
0.112319
0.112258
0.112258
0.112258
0.112258
0.112258
0.112258
0.111222
0.111222
0.111222
0.111222
0.111222
0.111222
0.111222
0.111222
0.111222
0.111014
0.111014
0.111014
0.111014
0.110024
0.110024
0.110024
0.110024
0.110024
0.110024
0.110024
0.110024
0.110024
0.109741
0.109741
0.109741
0.109193
0.109193
0.109193
0.109192
0.109192
0.109192
0.109192
0.109192
0.109192
0.109132
0.109132
0.109132
0.109132
0.109132
0.108398
0.108398
0.106240
0.106240
0.106240
0.106240
0.106240
0.106240
0.106240
0.106240
0.104107
0.102989
0.102989
0.102989
0.102989
0.102989
0.102175
0.102175
0.101665
0.101665
0.101665
0.101665
0.101665
0.101665
0.101554
0.101554
0.101554
0.101554
0.101554
0.100609
0.100609
0.100599
0.100599
0.100077
0.100077
0.100077
0.100077
0.100077
0.100077
0.100077
0.100077
0.099958
0.099958
0.099958
0.099958
0.099958
0.099958
0.099958
0.099958
0.099958
0.099958
0.099889
0.099889
0.099856
0.099856
0.099856
0.099856
0.099779
0.099516
0.099516
0.097879
0.097879
0.097879
0.097879
0.097879
0.097879
0.096683
0.096683
0.096683
0.096475
0.096475
0.096363
0.096363
0.096363
0.096346
0.096346
0.096346
0.096346
0.096288
0.096288
0.096288
0.095888
0.095696
0.095500
0.095500
0.093362
0.093263
0.093263
0.093263
0.093263
0.092364
0.092364
0.092364
0.092364
0.092364
0.092364
0.092364
0.092037
0.092037
0.092037
0.092037
0.091541
0.091541
0.091541
0.091541
0.091541
0.091524
0.091333
0.091333
0.091289
0.091289
0.091289
0.090434
0.090434
0.090434
0.089550
0.089550
0.089519
0.089519
0.089502
0.089502
0.089502
0.089502
0.089003
0.088542
0.088542
0.088542
0.088542
0.088542
0.088542
0.088536
0.088536
0.087939
0.087939
0.087939
0.087791
0.087791
0.087791
0.087647
0.087647
0.087647
0.087647
0.087647
0.087647
0.087647
0.087647
0.087647
0.087647
0.087647
0.087647
0.086265
0.086265
0.086265
0.086265
0.086265
0.086265
0.086145
0.085467
0.085467
0.085467
0.085467
0.085467
0.085467
0.085151
0.085151
0.085151
0.085151
0.085151
0.085125
0.085125
0.085125
0.084523
0.084523
0.084523
0.084523
0.084523
0.084520
0.084520
0.084520
0.084503
0.084503
0.084503
0.084307
0.084307
0.083933
0.083933
0.083933
0.083933
0.083933
0.083933
0.083795
0.083795
0.083680
0.083680
0.083680
0.083680
0.083596
0.083596
0.083596
0.083474
0.083474
0.083474
0.083198
0.083198
0.083198
0.083198
0.083044
0.082329
0.082329
0.082329
0.082329
0.082329
0.082329
0.082329
0.082329
0.082329
0.082329
0.082329
0.082329
0.082133
0.082133
0.082133
0.082133
0.082133
0.082069
0.081964
0.081520
0.081520
0.081520
0.081520
0.081520
0.081520
0.081345
0.081345
0.081345
0.081345
0.080845
0.080845
0.080780
0.080780
0.080780
0.080780
0.080780
0.080637
0.080637
0.080637
0.080637
0.080637
0.080527
0.080527
0.080479
0.080479
0.079028
0.078852
0.078852
0.078852
0.078738
0.077269
0.077269
0.077162
0.077162
0.076633
0.076633
0.076633
0.076633
0.076633
0.076633
0.076633
0.076633
0.076633
0.076633
0.076633
0.076633
0.076633
0.076602
0.076602
0.076602
0.076602
0.076602
0.076602
0.076602
0.076602
0.076602
0.076602
0.076602
0.076602
0.076602
0.076602
0.076602
0.076372
0.076372
0.076372
0.076372
0.076372
0.076372
0.076372
0.076372
0.076372
0.076372
0.076372
0.076372
0.076372
0.076372
0.076372
0.076372
0.076372
0.076372
0.076372
0.076233
0.076233
0.076233
0.076177
0.076177
0.076177
0.076177
0.076177
0.076177
0.075825
0.075658
0.075432
0.075432
0.074872
0.074872
0.074872
0.074872
0.074872
0.074450
0.074450
0.074450
0.074450
0.074450
0.074450
0.074450
0.074424
0.073311
0.073091
0.073091
0.073091
0.072461
0.072461
0.072461
0.072461
0.072461
0.072461
0.072461
0.072461
0.072461
0.072461
0.072461
0.072436
0.072333
0.072333
0.072333
0.071891
0.071866
0.071866
0.071866
0.071866
0.071866
0.071866
0.071866
0.071866
0.071783
0.071783
0.071783
0.071783
0.071783
0.071783
0.071168
0.071168
0.071161
0.071161
0.071161
0.070289
0.070289
0.070289
0.070090
0.070090
0.070090
0.070090
0.070090
0.070090
0.070090
0.070039
0.070029
0.070029
0.069976
0.069976
0.069976
0.069976
0.069976
0.069976
0.069976
0.069976
0.069517
0.069517
0.069517
0.069517
0.069517
0.069517
0.069517
0.069517
0.069517
0.069517
0.069517
0.069517
0.069517
0.069517
0.069517
0.069517
0.069517
0.069517
0.069048
0.069048
0.069048
0.069048
0.069048
0.068947
0.068947
0.068947
0.068947
0.068738
0.068738
0.068738
0.068738
0.068738
0.068738
0.068738
0.068738
0.068738
0.068738
0.068738
0.068448
0.068448
0.068448
0.068448
0.068448
0.068130
0.068130
0.068130
0.067768
0.067685
0.067685
0.067685
0.067685
0.067685
0.067685
0.067557
0.067321
0.067321
0.067321
0.067321
0.067321
0.067321
0.064738
0.064738
0.064738
0.064735
0.064735
0.064735
0.064727
0.064727
0.064727
0.064727
0.064727
0.064438
0.064438
0.064438
0.063617
0.063617
0.063617
0.063617
0.063617
0.063617
0.063617
0.063617
0.063617
0.063381
0.063381
0.063030
0.063030
0.063030
0.063015
0.063007
0.062999
0.062999
0.062999
0.062999
0.062999
0.062999
0.062999
0.062999
0.062999
0.062999
0.062949
0.062949
0.062949
0.062949
0.062949
0.062949
0.062949
0.062949
0.062949
0.062949
0.062949
0.062949
0.062949
0.062949
0.062896
0.062896
0.062896
0.062896
0.062884
0.062884
0.062884
0.062884
0.062884
0.062884
0.062876
0.062876
0.062876
0.062876
0.062876
0.062876
0.062742
0.062742
0.062742
0.062742
0.062742
0.062691
0.062691
0.062590
0.062590
0.062169
0.062169
0.062169
0.062169
0.062145
0.061996
0.061996
0.060379
0.060379
0.060162
0.060162
0.060158
0.060158
0.060158
0.060158
0.060158
0.060158
0.060158
0.060158
0.060158
0.060158
0.060158
0.060158
0.060153
0.060153
0.060153
0.060153
0.060100
0.060100
0.060100
0.060100
0.059455
0.059455
0.059455
0.059235
0.059235
0.057449
0.056538
0.056535
0.056535
0.056145
0.056145
0.056145
0.056145
0.056145
0.056145
0.055032
0.054880
0.054880
0.054880
0.054880
0.054880
0.054880
0.054880
0.054880
0.054880
0.054880
0.054880
0.054750
0.054620
0.054429
0.054429
0.054429
0.054429
0.054429
0.054429
0.054429
0.054429
0.054429
0.053959
0.053959
0.053959
0.053959
0.053959
0.053959
0.053959
0.053959
0.053351
0.053249
0.053249
0.053249
0.053249
0.053249
0.053249
0.053249
0.053249
0.053242
0.053242
0.053242
0.052799
0.052608
0.052351
0.052351
0.051675
0.051675
0.050612
0.050612
0.050612
0.050612
0.050612
0.050612
0.050608
0.050608
0.050608
0.050608
0.050608
0.050608
0.050608
0.050608
0.050608
0.050105
0.050105
0.050105
0.050105
0.050105
0.050105
0.050041
0.050041
0.050041
0.050041
0.050041
0.050041
0.050041
0.049977
0.049977
0.049977
0.049977
0.049959
0.049959
0.049959
0.049945
0.049945
0.049945
0.049945
0.049921
0.049921
0.049921
0.049921
0.049921
0.049921
0.049677
0.049677
0.049677
0.049677
0.049677
0.049677
0.049677
0.049677
0.049677
0.049677
0.049309
0.049309
0.049309
0.049309
0.049309
0.049309
0.049309
0.049309
0.049309
0.049309
0.049309
0.049309
0.049309
0.049182
0.049182
0.049182
0.049182
0.049178
0.049178
0.049178
0.049178
0.049178
0.049178
0.049178
0.049178
0.049178
0.049011
0.049011
0.049011
0.049011
0.049011
0.049011
0.048733
0.048733
0.048733
0.048459
0.048459
0.048308
0.048308
0.048308
0.048308
0.048308
0.048308
0.048308
0.048284
0.048284
0.048284
0.047916
0.047916
0.047916
0.047916
0.047916
0.047916
0.047916
0.047916
0.047916
0.047916
0.047916
0.047916
0.047916
0.047916
0.047916
0.047916
0.047916
0.047916
0.047916
0.047916
0.047916
0.047916
0.047916
0.047916
0.047916
0.047916
0.047916
0.047916
0.047916
0.047916
0.047916
0.047916
0.047916
0.047916
0.047916
0.047916
0.047916
0.047916
0.047916
0.047916
0.047916
0.047916
0.047916
0.047916
0.047916
0.047916
0.047916
0.047916
0.047916
0.047916
0.047916
0.047916
0.047916
0.047111
0.046816
0.046816
0.046801
0.046772
0.046772
0.046772
0.046771
0.046771
0.046771
0.046771
0.046771
0.046771
0.046771
0.046771
0.046771
0.046771
0.046771
0.046771
0.046771
0.046771
0.046771
0.046771
0.046771
0.046771
0.046771
0.046771
0.046599
0.046599
0.046599
0.046599
0.046570
0.046382
0.046382
0.046241
0.046239
0.046239
0.045918
0.045904
0.045904
0.045874
0.045874
0.045874
0.045874
0.045874
0.045874
0.045874
0.045874
0.045874
0.045874
0.045874
0.045874
0.045874
0.045874
0.045874
0.045874
0.045874
0.045874
0.045874
0.045874
0.045874
0.045874
0.045874
0.045874
0.045874
0.045874
0.045874
0.045874
0.045874
0.045874
0.045874
0.045874
0.045631
0.045631
0.045631
0.045631
0.045631
0.045631
0.045631
0.045631
0.045631
0.045631
0.045406
0.045406
0.045109
0.045109
0.045109
0.045109
0.045109
0.045109
0.045109
0.045109
0.045095
0.045095
0.045095
0.045095
0.045095
0.045095
0.045095
0.044924
0.044924
0.044924
0.044737
0.044565
0.044565
0.044565
0.044565
0.044565
0.044565
0.044565
0.044565
0.044565
0.044565
0.044565
0.044565
0.044565
0.044565
0.044565
0.044565
0.044565
0.044439
0.044439
0.044439
0.044439
0.044439
0.044439
0.044439
0.044359
0.044359
0.044359
0.044359
0.044359
0.044359
0.044359
0.044359
0.044359
0.044359
0.044359
0.044359
0.044359
0.044332
0.044273
0.044273
0.044273
0.044273
0.044273
0.044273
0.044265
0.044262
0.044262
0.044262
0.044262
0.044262
0.044262
0.043697
0.043697
0.043697
0.043697
0.043697
0.043697
0.043697
0.043697
0.043697
0.043697
0.043697
0.043697
0.043697
0.043697
0.043697
0.043697
0.043697
0.043697
0.043444
0.043444
0.043444
0.043444
0.043444
0.043444
0.041519
0.041519
0.041519
0.041519
0.041519
0.041519
0.041519
0.041519
0.041519
0.041519
0.041519
0.041275
0.041275
0.041275
0.041275
0.041275
0.041275
0.041275
0.041275
0.041275
0.041275
0.041275
0.041275
0.041208
0.041208
0.041208
0.041208
0.041208
0.041208
0.041208
0.041208
0.041208
0.041208
0.041208
0.041122
0.041122
0.041122
0.041122
0.041122
0.041122
0.040999
0.040999
0.040999
0.040999
0.040999
0.040999
0.040999
0.040999
0.040999
0.040999
0.040999
0.040999
0.040985
0.040985
0.040985
0.040771
0.040771
0.040771
0.040451
0.040451
0.040451
0.040451
0.040451
0.040451
0.040451
0.040451
0.040451
0.040443
0.040443
0.040429
0.040429
0.040429
0.040429
0.040429
0.040429
0.040429
0.040429
0.040429
0.040429
0.040429
0.040429
0.040137
0.040137
0.040137
0.040137
0.040137
0.040137
0.040137
0.040137
0.039980
0.039980
0.039980
0.039865
0.039865
0.039865
0.039865
0.039865
0.039865
0.039865
0.039865
0.039865
0.039865
0.039865
0.039838
0.039838
0.039838
0.039838
0.039838
0.039838
0.039838
0.039838
0.039838
0.039838
0.039838
0.039838
0.039838
0.039838
0.039838
0.039838
0.039838
0.039838
0.039838
0.039838
0.039838
0.039726
0.039726
0.039726
0.039327
0.039327
0.039327
0.039327
0.039327
0.039327
0.038520
0.038298
0.038298
0.038168
0.038168
0.038168
0.038168
0.038021
0.038021
0.037923
0.037923
0.037923
0.037923
0.037923
0.037923
0.037923
0.037923
0.037923
0.037923
0.037923
0.037923
0.037923
0.037923
0.037923
0.037923
0.037923
0.037884
0.037884
0.037884
0.037884
0.037884
0.037884
0.037884
0.037884
0.037884
0.037884
0.037884
0.037884
0.037884
0.037884
0.037884
0.037884
0.037884
0.037884
0.037884
0.037884
0.037884
0.037863
0.037689
0.037689
0.037524
0.037524
0.037524
0.037524
0.037524
0.037524
0.037524
0.037524
0.037524
0.037524
0.037524
0.037500
0.037500
0.037500
0.037500
0.037500
0.037500
0.037500
0.037500
0.037500
0.037500
0.037500
0.037500
0.037500
0.037500
0.037500
0.037500
0.037500
0.037500
0.036965
0.036601
0.036601
0.036601
0.036601
0.036498
0.036498
0.036498
0.036476
0.036117
0.036117
0.036117
0.036117
0.036117
0.036117
0.036117
0.036116
0.036116
0.036116
0.036116
0.036116
0.036116
0.036116
0.036116
0.036116
0.036116
0.036116
0.036116
0.036116
0.036077
0.036077
0.036077
0.036077
0.036077
0.036077
0.036077
0.036077
0.035603
0.035603
0.035603
0.035603
0.035603
0.035603
0.035603
0.035603
0.035603
0.035583
0.035583
0.035583
0.035582
0.035582
0.035582
0.035582
0.035358
0.035358
0.035336
0.035080
0.035080
0.035080
0.035080
0.035080
0.035080
0.035080
0.035080
0.035080
0.035080
0.035080
0.035080
0.034917
0.034917
0.034917
0.034767
0.034767
0.034767
0.034767
0.034767
0.034767
0.034767
0.034767
0.034580
0.034580
0.034580
0.034580
0.034580
0.034580
0.034509
0.034509
0.034509
0.034509
0.034509
0.034509
0.034509
0.034509
0.034509
0.034509
0.034509
0.034509
0.034509
0.034509
0.034509
0.033613
0.033613
0.033613
0.033613
0.033613
0.033613
0.033613
0.033613
0.033479
0.033473
0.033473
0.033473
0.033473
0.033436
0.033436
0.033436
0.033436
0.033436
0.033436
0.033205
0.032958
0.032958
0.032958
0.032958
0.032958
0.032958
0.032886
0.032886
0.032872
0.032872
0.032872
0.032833
0.032826
0.032826
0.032826
0.032826
0.032826
0.032761
0.032761
0.032761
0.032761
0.032761
0.032761
0.032761
0.032747
0.032741
0.032741
0.032741
0.032741
0.032741
0.032741
0.032741
0.032741
0.032741
0.032741
0.032741
0.032741
0.032741
0.032698
0.032698
0.032698
0.032698
0.032698
0.032698
0.032698
0.032698
0.032698
0.032698
0.032698
0.032698
0.032698
0.032698
0.032698
0.032698
0.032698
0.032698
0.032698
0.032698
0.032698
0.032698
0.032698
0.032698
0.032698
0.032698
0.032698
0.032698
0.032688
0.032688
0.032688
0.032666
0.032666
0.032666
0.032666
0.032666
0.032666
0.032666
0.032152
0.032152
0.032152
0.032152
0.032152
0.031788
0.031788
0.031788
0.031788
0.031782
0.031782
0.031782
0.031729
0.031576
0.031556
0.031556
0.031556
0.031556
0.031556
0.031556
0.031556
0.031556
0.031556
0.031556
0.031556
0.031556
0.031556
0.031513
0.031513
0.030674
0.030674
0.030674
0.030674
0.030674
0.030674
0.030674
0.030674
0.030674
0.030674
0.030674
0.030674
0.030674
0.030674
0.030674
0.030674
0.030674
0.030674
0.030674
0.030674
0.030674
0.030674
0.030674
0.030674
0.030674
0.030674
0.030667
0.030667
0.030667
0.030665
0.030663
0.030663
0.030663
0.030663
0.030607
0.030607
0.030607
0.030586
0.030586
0.030586
0.030586
0.030586
0.030586
0.030586
0.030586
0.030586
0.030586
0.030586
0.030586
0.030586
0.030586
0.030586
0.030586
0.030586
0.030252
0.030252
0.030252
0.030252
0.030252
0.030151
0.030098
0.030026
0.030026
0.030026
0.030026
0.029923
0.029923
0.029923
0.029730
0.029730
0.029631
0.029631
0.029631
0.029631
0.029631
0.029631
0.029631
0.029631
0.029631
0.029631
0.029631
0.029631
0.029631
0.029387
0.029387
0.029387
0.029387
0.029387
0.029033
0.029033
0.029033
0.029033
0.029033
0.029033
0.029033
0.029033
0.029033
0.029033
0.029033
0.029033
0.029033
0.029033
0.029033
0.029033
0.029033
0.028609
0.028587
0.028587
0.028587
0.028411
0.028411
0.028411
0.028411
0.028411
0.028411
0.028411
0.028411
0.028411
0.028411
0.028411
0.028411
0.028411
0.028411
0.028411
0.028411
0.027921
0.027921
0.027921
0.027921
0.027921
0.027921
0.027921
0.027916
0.027745
0.027745
0.027745
0.027555
0.027555
0.027555
0.027555
0.027555
0.027555
0.027555
0.027555
0.027555
0.027555
0.027534
0.027534
0.027534
0.027534
0.027534
0.027534
0.027534
0.027534
0.027534
0.027513
0.027513
0.027513
0.027513
0.027513
0.027513
0.027513
0.027513
0.027513
0.027513
0.027513
0.027513
0.027513
0.027513
0.027513
0.027513
0.027513
0.027513
0.027513
0.027513
0.027513
0.027513
0.027513
0.027447
0.027447
0.027447
0.027447
0.027447
0.027447
0.027447
0.027447
0.027447
0.027447
0.027447
0.027447
0.027447
0.027447
0.027447
0.027447
0.027447
0.027447
0.027447
0.027447
0.027447
0.027447
0.026687
0.026687
0.026687
0.026687
0.026687
0.026516
0.025993
0.025993
0.025993
0.025993
0.025973
0.025973
0.025973
0.025973
0.025973
0.025973
0.025973
0.025973
0.025973
0.025973
0.025973
0.025973
0.025973
0.025973
0.025973
0.025973
0.025973
0.025973
0.025973
0.025973
0.025973
0.025850
0.025850
0.025850
0.025850
0.025848
0.025828
0.025828
0.025828
0.025828
0.025828
0.025828
0.025828
0.025828
0.025828
0.025828
0.025828
0.025718
0.025718
0.025696
0.025696
0.025175
0.025175
0.025098
0.025098
0.025098
0.025098
0.025098
0.025098
0.025098
0.025055
0.025055
0.025055
0.025055
0.024996
0.024996
0.024996
0.024996
0.024918
0.024918
0.024918
0.024918
0.024918
0.024918
0.024918
0.024918
0.024918
0.024801
0.024801
0.024801
0.024801
0.024801
0.024801
0.024801
0.024801
0.024801
0.024801
0.024801
0.024801
0.024592
0.024592
0.024592
0.024417
0.024417
0.024417
0.024417
0.024417
0.024417
0.024417
0.024417
0.024405
0.024405
0.024405
0.024405
0.024405
0.024405
0.024405
0.024405
0.024405
0.024405
0.024404
0.024404
0.024404
0.024404
0.024404
0.024404
0.024404
0.024404
0.024404
0.024371
0.024371
0.024371
0.024371
0.024245
0.024245
0.024245
0.024245
0.024245
0.024245
0.024232
0.024232
0.024232
0.024232
0.024232
0.024232
0.024232
0.024232
0.024232
0.024232
0.024232
0.024232
0.024232
0.024232
0.024232
0.024232
0.023578
0.023578
0.023578
0.023578
0.023154
0.023154
0.023154
0.023154
0.023154
0.023154
0.023154
0.023154
0.023154
0.023154
0.023154
0.023154
0.023154
0.023154
0.023154
0.023154
0.023154
0.023154
0.023154
0.023154
0.023154
0.023154
0.023154
0.023154
0.023154
0.023154
0.023154
0.023154
0.023154
0.023154
0.023154
0.023154
0.023154
0.023154
0.023154
0.023154
0.023154
0.023154
0.023154
0.023154
0.023154
0.023154
0.023154
0.023154
0.023063
0.023063
0.023063
0.023063
0.023063
0.023063
0.023063
0.022934
0.022934
0.022934
0.022934
0.022934
0.022754
0.022754
0.022466
0.022466
0.022466
0.022466
0.022466
0.022466
0.022466
0.022452
0.022452
0.022452
0.022452
0.022452
0.022452
0.022452
0.022452
0.022452
0.022452
0.022452
0.022452
0.022452
0.022437
0.022401
0.022401
0.022401
0.022401
0.022401
0.022401
0.022401
0.022401
0.022401
0.022401
0.022401
0.022401
0.022401
0.022401
0.022399
0.022399
0.022399
0.022399
0.022399
0.022380
0.022380
0.022380
0.022380
0.022375
0.022375
0.022375
0.022375
0.022375
0.022375
0.022375
0.022375
0.022375
0.022375
0.022375
0.022375
0.022375
0.022375
0.022375
0.022375
0.022375
0.022375
0.022375
0.022375
0.022375
0.022375
0.022375
0.022375
0.022375
0.022375
0.022375
0.022375
0.022375
0.022375
0.022375
0.022375
0.022375
0.022375
0.022375
0.022375
0.022375
0.022375
0.022375
0.022375
0.022375
0.022375
0.022375
0.022375
0.022375
0.022375
0.022345
0.022345
0.022345
0.022327
0.022327
0.022327
0.022015
0.022015
0.022015
0.022015
0.022015
0.022015
0.022015
0.022015
0.022015
0.022015
0.022015
0.022015
0.022015
0.022015
0.022015
0.022001
0.022001
0.022001
0.022001
0.022001
0.022001
0.022001
0.022001
0.022001
