1.000000
0.995618
0.993718
0.990128
0.991060
0.988819
0.993245
0.989684
0.988186
0.984670
0.983492
0.985298
0.982131
0.986257
0.982845
0.981408
0.976928
0.976265
0.976846
0.973894
0.980409
0.974213
0.974558
0.968569
0.965302
0.968271
0.968584
0.971397
0.967635
0.964812
0.961485
0.958103
0.959934
0.957809
0.961678
0.957613
0.957154
0.952076
0.951209
0.950979
0.950609
0.955643
0.949586
0.949331
0.947568
0.943583
0.949188
0.944901
0.946944
0.947261
0.944997
0.939343
0.937980
0.939723
0.938434
0.940423
0.937829
0.938145
0.934320
0.932138
0.931724
0.931157
0.932475
0.931254
0.929227
0.925902
0.925344
0.925747
0.924545
0.926008
0.924116
0.923051
0.918759
0.915334
0.916779
0.915249
0.919498
0.917331
0.918209
0.911346
0.911628
0.911629
0.912606
0.913588
0.909211
0.909763
0.906784
0.904322
0.905407
0.901279
0.904726
0.903273
0.903904
0.895895
0.895388
0.893751
0.893959
0.897638
0.893556
0.894759
0.888309
0.886525
0.888093
0.887072
0.890213
0.889656
0.887338
0.882952
0.881351
0.880325
0.879411
0.883609
0.882457
0.880778
0.875824
0.873883
0.872176
0.871062
0.871903
0.869535
0.870853
0.863738
0.864421
0.864815
0.863753
0.865261
0.861231
0.859799
0.855808
0.854291
0.856182
0.853841
0.855971
0.855527
0.853892
0.850127
0.843263
0.846831
0.843931
0.843651
0.845064
0.840072
0.836210
0.832995
0.834043
0.832457
0.835956
0.830734
0.834791
0.825366
0.823473
0.825435
0.821346
0.824854
0.822155
0.821380
0.817019
0.811394
0.812575
0.810333
0.813062
0.812750
0.808881
0.802504
0.800188
0.801160
0.797837
0.800063
0.796087
0.796498
0.790973
0.788572
0.788154
0.786662
0.786095
0.783858
0.784817
0.777551
0.773332
0.774591
0.774210
0.774534
0.772416
0.772721
0.765693
0.759835
0.765558
0.762310
0.763695
0.758385
0.757314
0.747427
0.749308
0.749419
0.745479
0.744336
0.736406
0.735054
0.727835
0.723299
0.720854
0.720839
0.722205
0.717259
0.714631
0.710615
0.706498
0.704646
0.703647
0.706044
0.697831
0.697911
0.689307
0.683440
0.685386
0.682540
0.681945
0.681306
0.678668
0.672930
0.669114
0.664526
0.666150
0.667556
0.660069
0.659426
0.653902
0.651492
0.650497
0.647513
0.647829
0.643049
0.640930
0.635914
0.629179
0.630101
0.626740
0.626824
0.626529
0.625866
0.620704
0.614976
0.618109
0.614130
0.613822
0.610652
0.610419
0.606782
0.603724
0.601678
0.603501
0.602458
0.598489
0.598295
0.593659
0.590581
0.589409
0.589323
0.587190
0.583546
0.580600
0.579143
0.571200
0.570738
0.569655
0.572377
0.567413
0.562704
0.558608
0.557113
0.554679
0.552360
0.555146
0.555150
0.549077
0.549370
0.543650
0.545653
0.540296
0.540134
0.537259
0.535044
0.528422
0.525453
0.525892
0.523540
0.521793
0.519837
0.518418
0.510752
0.508475
0.509225
0.508114
0.509940
0.504860
0.500980
0.495564
0.492792
0.493696
0.488875
0.492431
0.488047
0.486196
0.481104
0.475702
0.474828
0.474704
0.475673
0.470921
0.472045
0.467111
0.464508
0.463826
0.460776
0.462293
0.458355
0.458453
0.454999
0.450003
0.447889
0.449426
0.448861
0.449172
0.443486
0.443083
0.440229
0.437838
0.438416
0.438100
0.434118
0.433981
0.428725
0.426054
0.426981
0.425777
0.426649
0.420084
0.418103
0.414920
0.410473
0.410402
0.409945
0.411921
0.408360
0.408161
0.402699
0.400090
0.399299
0.394974
0.397417
0.394808
0.395730
0.392556
0.388290
0.390887
0.389953
0.388621
0.385545
0.384569
0.380838
0.378261
0.377607
0.377401
0.376719
0.376852
0.375499
0.369910
0.368272
0.366035
0.366032
0.368906
0.365541
0.363971
0.362023
0.357313
0.358361
0.358833
0.359594
0.356833
0.356364
0.352873
0.349750
0.350858
0.350418
0.351395
0.350039
0.348974
0.342806
0.343232
0.339089
0.340402
0.340585
0.340948
0.339556
0.336349
0.332792
0.334698
0.333561
0.333652
0.332218
0.332302
0.330628
0.328394
0.328135
0.324530
0.325945
0.322885
0.322856
0.321721
0.321092
0.321332
0.319802
0.322439
0.321415
0.318854
0.316394
0.315071
0.317221
0.316276
0.318761
0.316004
0.314659
0.314374
0.313536
0.313324
0.309714
0.312536
0.311561
0.306944
0.304164
0.304293
0.303004
0.303335
0.305666
0.304591
0.302634
0.302393
0.301235
0.300940
0.300579
0.298192
0.299055
0.295782
0.296504
0.294420
0.296219
0.293279
0.294456
0.293051
0.292215
0.289831
0.288674
0.289061
0.285538
0.287896
0.287202
0.284712
0.283589
0.282329
0.282552
0.280020
0.280781
0.283299
0.281284
0.279100
0.275893
0.275993
0.276412
0.277013
0.278123
0.273734
0.271334
0.270278
0.270939
0.270906
0.272279
0.273713
0.274549
0.272992
0.272403
0.273304
0.272922
0.273626
0.272324
0.272829
0.270190
0.270367
0.268194
0.270811
0.271659
0.271005
0.271130
0.269886
0.266290
0.267854
0.265679
0.269744
0.267959
0.265356
0.263495
0.263636
0.264042
0.264483
0.266530
0.265064
0.262315
0.263254
0.261595
0.262978
0.259952
0.260626
0.262343
0.261307
0.258667
0.256180
0.256905
0.255939
0.257051
0.256695
0.254996
0.254566
0.253877
0.256189
0.255760
0.256500
0.254961
0.253324
0.251835
0.252059
0.253713
0.252200
0.251890
0.255131
0.251792
0.253173
0.248945
0.250509
0.253644
0.252568
0.253026
0.251229
0.249969
0.248123
0.247259
0.247475
0.250653
0.249897
0.249082
0.250655
0.249131
0.248571
0.247187
0.247529
0.246155
0.248501
0.245492
0.244971
0.243746
0.246243
0.247551
0.244813
0.246863
0.243764
0.242986
0.242708
0.243451
0.245143
0.244925
0.245068
0.243878
0.240518
0.242576
0.243027
0.244159
0.243127
0.246109
0.243317
0.241284
0.241852
0.241040
0.241232
0.239038
0.239931
0.238479
0.236740
0.237054
0.237219
0.238223
0.237537
0.236428
0.234494
0.237078
0.235525
0.236143
0.236793
0.236091
0.235592
0.234549
0.233502
0.235716
0.235066
0.234484
0.234286
0.233576
0.233447
0.232252
0.230506
0.230781
0.234602
0.232570
0.230893
0.229838
0.230238
0.230871
0.231298
0.232568
0.231427
0.230829
0.230233
0.229119
0.230346
0.232032
0.231156
0.231288
0.228621
0.227021
0.227392
0.226110
0.227580
0.229904
0.227208
0.229021
0.225315
0.223855
0.223441
0.223544
0.222991
0.222933
0.222836
0.221164
0.219152
0.220184
0.218221
0.221960
0.219507
0.218821
0.216402
0.216379
0.218560
0.217818
0.221082
0.218978
0.219725
0.219711
0.219636
0.220557
0.219899
0.220971
0.218531
0.218404
0.218191
0.215318
0.216270
0.218179
0.220774
0.219938
0.219057
0.217441
0.215146
0.215587
0.212951
0.215699
0.215963
0.215746
0.215127
0.213556
0.214112
0.214444
0.214047
0.214185
0.213800
0.213439
0.210760
0.212432
0.213134
0.213894
0.212592
0.212129
0.210525
0.208958
0.210574
0.210004
0.208865
0.209264
0.210117
0.206138
0.206799
0.206806
0.207662
0.210302
0.209572
0.210264
0.209233
0.208265
0.211078
0.209658
0.208898
0.208581
0.206811
0.207530
0.205838
0.205918
0.208724
0.208193
0.207225
0.208557
0.204897
0.204560
0.203070
0.204259
0.206730
0.206156
0.204246
0.203312
0.203417
0.201779
0.206730
0.206767
0.207060
0.204881
0.204323
0.199969
0.200144
0.201784
0.204932
0.204359
0.202401
0.202081
0.198791
0.200355
0.200816
0.202760
0.200421
0.199573
0.199124
0.199746
0.196617
0.197789
0.199280
0.201837
0.200129
0.198468
0.198563
0.199922
0.198552
0.201462
0.200330
0.199809
0.200066
0.197058
0.198910
0.199253
0.200752
0.200300
0.197124
0.195015
0.197960
0.197476
0.196188
0.198685
0.198781
0.198594
0.198479
0.196666
0.197009
0.195667
0.197615
0.197589
0.196298
0.196037
0.194030
0.195726
0.194883
0.196304
0.195578
0.196256
0.193794
0.192591
0.190919
0.191646
0.192840
0.195719
0.192839
0.192067
0.192112
0.191409
0.191618
0.193406
0.191354
0.193042
0.190927
0.190155
0.190949
0.190790
0.191927
0.192863
0.190218
0.187491
0.187730
0.186015
0.186822
0.188183
0.188413
0.188123
0.186282
0.186315
0.186667
0.187432
0.187985
0.190381
0.187367
0.188789
0.188086
0.186328
0.189297
0.189853
0.191259
0.189697
0.187946
0.187094
0.186728
0.186743
0.188058
0.188984
0.188967
0.186871
0.186753
0.186822
0.187606
0.189126
0.189077
0.187526
0.187740
0.188567
0.189472
0.188627
0.191411
0.189811
0.190184
0.188932
0.186686
0.185381
0.185813
0.186363
0.187600
0.186622
0.187344
0.188243
0.186184
0.186405
0.188441
0.189651
0.187633
0.186782
0.186137
0.186458
0.185934
0.187001
0.187234
0.186016
0.183111
0.184574
0.182936
0.183419
0.184410
0.185762
0.185500
0.185299
0.183218
0.183140
0.184578
0.184582
0.184146
0.182379
0.181900
0.180457
0.182005
0.181533
0.183266
0.181598
0.182653
0.181381
0.183345
0.182091
0.180906
0.184365
0.184073
0.182052
0.181567
0.181236
0.180796
0.181080
0.183683
0.183720
0.185068
0.181768
0.178960
0.181157
0.182409
0.183917
0.181372
0.182475
0.182722
0.180731
0.180645
0.181173
0.185510
0.184025
0.183697
0.184794
0.181064
0.180685
0.182047
0.183348
0.185893
0.183419
0.180531
0.180449
0.181417
0.181620
0.182850
0.180765
0.181378
0.177794
0.176538
0.178817
0.177450
0.179063
0.180245
0.180354
0.178996
0.178136
0.177422
0.175461
0.179766
0.177060
0.179503
0.176900
0.176340
0.176281
0.177593
0.179917
0.178996
0.178053
0.178436
0.177295
0.177727
0.177947
0.179440
0.180360
0.180450
0.178004
0.179341
0.179361
0.180492
0.181779
0.181076
0.179654
0.178896
0.180172
0.179447
0.180725
0.181641
0.180637
0.181070
0.180243
0.179389
0.179045
0.179303
0.180906
0.180183
0.181705
0.180122
0.178524
0.179910
0.180896
0.181114
0.183140
0.181962
0.179571
0.178852
0.180667
0.178577
0.181300
0.181622
0.179847
0.179067
0.180919
0.178946
0.180943
0.182102
0.181344
0.180530
0.180149
0.177864
0.176465
0.177496
0.178967
0.178940
0.178508
0.177131
0.176573
0.178438
0.178877
0.179208
0.181011
0.179790
0.176866
0.177016
0.179511
0.176867
0.177174
0.177700
0.175920
0.177833
0.175810
0.176388
0.178041
0.176942
0.176863
0.178059
0.176867
0.177210
0.176046
0.173365
0.176164
0.179004
0.178109
0.180234
0.178197
0.176486
0.178782
0.178643
0.178238
0.179815
0.178229
0.177292
0.179485
0.179160
0.179971
0.180537
0.178596
0.178959
0.176281
0.177072
0.176048
0.178810
0.178078
0.175274
0.174867
0.175473
0.178682
0.176884
0.179526
0.181725
0.180012
0.179708
0.177563
0.176609
0.175429
0.178279
0.179001
0.178115
0.175661
0.177195
0.177425
0.176873
0.178331
0.178335
0.176233
0.176119
0.175223
0.176085
0.178927
0.178753
0.178104
0.179016
0.179736
0.177666
0.177334
0.178937
0.179076
0.179767
0.179400
0.178557
0.178087
0.179181
0.180252
0.179455
0.181446
0.181073
0.180549
0.178501
0.180331
0.178309
0.180818
0.181324
0.182585
0.181862
0.180820
0.181970
0.182461
0.182539
0.181529
0.182751
0.180010
0.180242
0.180936
0.181249
0.182753
0.181866
0.178760
0.178339
0.178325
0.179015
0.180470
0.182467
0.179431
0.179886
0.180457
0.180695
0.179597
0.179365
0.181246
0.183166
0.182472
0.180590
0.180127
0.180592
0.180320
0.180735
0.179462
0.180637
0.180835
0.179698
0.178075
0.179925
0.179258
0.179778
0.180269
0.179279
0.177999
0.180242
0.180406
0.181872
0.183848
0.182324
0.181333
0.181831
0.182077
0.183297
0.183734
0.181604
0.183207
0.178968
0.180505
0.179874
0.182957
0.181563
0.181684
0.182887
0.179081
0.180507
0.179785
0.179566
0.182986
0.182086
0.180335
0.181069
0.178522
0.179412
0.180058
0.179769
0.178160
0.177589
0.179036
0.177776
0.177355
0.178925
0.179634
0.178262
0.177716
0.176963
0.179272
0.177672
0.179423
0.179003
0.177988
0.178863
0.178329
0.177085
0.177088
0.177302
0.178360
0.181187
0.179315
0.175852
0.178134
0.178403
0.177792
0.181367
0.179721
0.179863
0.179676
0.178456
0.179301
0.180167
0.180076
0.181003
0.180365
0.179890
0.180100
0.179721
0.181310
0.180090
0.181125
0.182005
0.179305
0.178601
0.177285
0.180014
0.180595
0.180769
0.181343
0.181936
0.179692
0.180549
0.178942
0.179867
0.181080
0.180962
0.180300
0.179755
0.177683
0.178478
0.181105
0.181798
0.182447
0.177506
0.179010
0.177593
0.180323
0.179590
0.180463
0.178490
0.178044
0.179630
0.179813
0.179932
0.181159
0.179361
0.181044
0.181800
0.180910
0.180585
0.181418
0.181590
0.179419
0.181151
0.180195
0.179480
0.179671
0.179541
0.182000
0.181640
0.178940
0.179734
0.179439
0.181809
0.180270
0.183171
0.182651
0.182876
0.182306
0.181491
0.181982
0.182507
0.182967
0.182593
0.179921
0.182888
0.180429
0.182507
0.182001
0.182050
0.181613
0.182120
0.178406
0.181156
0.180315
0.181462
0.181096
0.180001
0.179428
0.180167
0.179831
0.181661
0.179359
0.180848
0.181865
0.181500
0.181965
0.181017
0.179989
0.182136
0.181393
0.181294
0.182307
0.181204
0.181813
0.182765
0.183569
0.185269
0.181224
0.181294
0.181831
0.179758
0.179444
0.181533
0.181444
0.181625
0.180565
0.183462
0.180612
0.183326
0.181447
0.181202
0.181177
0.179093
0.179080
0.179826
0.179094
0.179504
0.179927
0.181838
0.181711
0.179790
0.178765
0.176314
0.179405
0.178148
0.179267
0.179995
0.179802
0.178073
0.175913
0.176757
0.177994
0.176721
0.176955
0.175794
0.175351
0.175878
0.175689
0.177426
0.176441
0.179030
0.177642
0.174737
0.176024
0.178421
0.178564
0.179008
0.180094
0.177113
0.177002
0.177329
0.179493
0.180347
0.179190
0.177765
0.176595
0.178230
0.177773
0.178892
0.178409
0.178490
0.178300
0.175936
0.177278
0.177775
0.178737
0.180954
0.178936
0.179375
0.178895
0.178796
0.177809
0.177703
0.178708
0.178584
0.179802
0.178947
0.178609
0.177864
0.178682
0.180609
0.177597
0.178619
0.175720
0.175741
0.176874
0.177906
0.177899
0.178432
0.176354
0.176318
0.176195
0.177734
0.176460
0.175839
0.177198
0.177810
0.174932
0.176902
0.175622
0.179302
0.180200
0.179495
0.180540
0.178874
0.178361
0.177494
0.179744
0.181092
0.180861
0.181854
0.179903
0.178801
0.180150
0.179326
0.181502
0.181790
0.182502
0.179490
0.179639
0.177915
0.178937
0.179086
0.180015
0.178392
0.176963
0.177182
0.176981
0.179005
0.179757
0.180964
0.180975
0.178224
0.174875
0.176137
0.177803
0.177943
0.178097
0.179291
0.179117
0.177632
0.177272
0.177493
0.178636
0.177768
0.177209
0.177907
0.177353
0.178093
0.176597
0.178452
0.177845
0.177748
0.176507
0.174082
0.176078
0.175447
0.177124
0.176926
0.177780
0.176017
0.176846
0.177351
0.177302
0.178026
0.176560
0.177226
0.175250
0.174362
0.174334
0.175358
0.176176
0.176407
0.177267
0.174526
0.175333
0.174897
0.173826
0.174531
0.175501
0.176518
0.174507
0.174582
0.176978
0.178382
0.180460
0.178238
0.176776
0.177441
0.175780
0.176642
0.176911
0.178285
0.176650
0.175918
0.175225
0.174380
0.174500
0.174098
0.176738
0.176873
0.174973
0.174148
0.175960
0.173919
0.176044
0.176904
0.176875
0.175994
0.175148
0.174573
0.175859
0.174736
0.176736
0.174413
0.175122
0.176268
0.174271
0.173519
0.173491
0.175495
0.176130
0.173465
0.171943
0.170567
0.173281
0.174493
0.173463
0.172200
0.172883
0.172212
0.173697
0.172319
0.171301
0.173078
0.173364
0.171717
0.172607
0.169212
0.171165
0.172026
0.173400
0.173105
0.174871
0.172648
0.172956
0.173413
0.174054
0.174186
0.174912
0.175391
0.175375
0.173967
0.174493
0.173360
0.174100
0.174552
0.174844
0.173120
0.172498
0.173665
0.172924
0.174665
0.174908
0.172672
0.172840
0.171277
0.169723
0.171886
0.173661
0.172069
0.170423
0.172553
0.171700
0.172393
0.172582
0.174322
0.173523
0.173825
0.172451
0.171256
0.171623
0.173206
0.172274
0.172954
0.173696
0.174343
0.172362
0.172040
0.173433
0.173678
0.174305
0.171750
0.172321
0.167868
0.172475
0.173504
0.173148
0.173572
0.174476
0.171348
0.170905
0.170845
0.172606
0.172584
0.172278
0.172348
0.170300
0.171795
0.173684
0.172695
0.174756
0.174320
0.173931
0.174292
0.173939
0.172200
0.174285
0.173531
0.176142
0.174447
0.176362
0.175074
0.174586
0.175361
0.174973
0.174351
0.174223
0.174532
0.173597
0.173553
0.172556
0.173906
0.173256
0.173857
0.173736
0.172145
0.174550
0.174006
0.177029
0.176319
0.177558
0.174817
0.174405
0.175888
0.175674
0.177413
0.173949
0.176870
0.175318
0.174344
0.174992
0.175412
0.176312
0.176878
0.176937
0.175001
0.173697
0.174581
0.176715
0.177168
0.177476
0.177439
0.174502
0.175543
0.173346
0.173904
0.174059
0.176012
0.176340
0.174543
0.173636
0.174620
0.173892
0.175543
0.177287
0.177729
0.173780
0.175014
0.174012
0.174073
0.176091
0.176711
0.175638
0.175300
0.175134
0.173782
0.174512
0.176029
0.176028
0.177073
0.175552
0.177225
0.176677
0.178104
0.178446
0.176943
0.178775
0.176353
0.176642
0.177199
0.176871
0.177020
0.177233
0.177427
0.175677
0.174548
0.175288
0.176072
0.178301
0.179426
0.177347
0.176886
0.176102
0.177643
0.176950
0.178646
0.178580
0.177252
0.173973
0.173832
0.174345
0.175306
0.177574
0.176339
0.175547
0.173989
0.174241
0.175630
0.174565
0.175996
0.178548
0.177355
0.173976
0.173780
0.173381
0.176688
0.177705
0.175032
0.176625
0.176238
0.175397
0.175885
0.175862
0.177348
0.177072
0.177713
0.176900
0.176346
0.175107
0.176513
0.178810
0.175878
0.176687
0.177784
0.176195
0.177028
0.175622
0.177829
0.175126
0.177255
0.175906
0.175444
0.174231
0.176445
0.177404
0.178276
0.177017
0.176391
0.175586
0.176447
0.177020
0.179265
0.175405
0.176827
0.173455
0.175649
0.175058
0.176533
0.176794
0.176184
0.177964
0.174649
0.174604
0.174962
0.174399
0.173254
0.173132
0.174551
0.172949
0.171840
0.175078
0.175100
0.175251
0.174337
0.176460
0.171583
0.174469
0.174609
0.174157
0.176417
0.176425
0.175669
0.174426
0.174754
0.175822
0.175878
0.177973
0.176433
0.176482
0.176459
0.174371
0.175077
0.176205
0.176368
0.176234
0.177992
0.178005
0.175207
0.175709
0.176689
0.179394
0.180689
0.178999
0.178780
0.177545
0.179027
0.179151
0.179255
0.179344
0.178892
0.178319
0.179383
0.179663
0.179640
0.178349
0.179908
0.179053
0.179350
0.179312
0.179367
0.178681
0.180863
0.181800
0.180281
0.179749
0.176899
0.177211
0.178014
0.179593
0.178312
0.179115
0.177593
0.177573
0.177918
0.177537
0.179321
0.179112
0.179358
0.178134
0.177313
0.178335
0.175859
0.178641
0.180242
0.179130
0.175012
0.173139
0.176170
0.176925
0.177944
0.176993
0.177135
0.177860
0.177052
0.176924
0.178021
0.178788
0.178639
0.180352
0.178383
0.177913
0.177888
0.177179
0.177066
0.176622
0.178788
0.178116
0.178388
0.177535
0.178126
0.180128
0.179478
0.178809
0.178202
0.177223
0.177122
0.175502
0.177706
0.177247
0.178969
0.177635
0.178378
0.178913
0.176233
0.178476
0.180419
0.176861
0.176290
0.176702
0.178039
0.178378
0.181745
0.181653
0.177387
0.178576
0.176933
0.178124
0.179062
0.179526
0.181222
0.178065
0.177905
0.175425
0.178846
0.177087
0.179031
0.178900
0.177524
0.177571
0.178086
0.177840
0.179812
0.180346
0.177914
0.178808
0.179241
0.178253
0.179618
0.179189
0.179291
0.179103
0.179670
0.178025
0.178783
0.178324
0.176806
0.179950
0.180606
0.177847
0.178617
0.179078
0.177356
0.178596
0.179631
0.180916
0.179140
0.180226
0.178525
0.180212
0.179895
0.179516
0.181636
0.180083
0.177630
0.178690
0.180969
0.179026
0.180146
0.178447
0.182119
0.181154
0.180300
0.180241
0.179362
0.181713
0.182633
0.182778
0.180364
0.180605
0.180055
0.181543
0.181369
0.181469
0.182774
0.180019
0.181925
0.182013
0.182119
0.183829
0.183711
0.182156
0.179876
0.180617
0.180298
0.181880
0.181742
0.183099
0.185081
0.183835
0.183694
0.182466
0.182193
0.183131
0.184283
0.186280
0.183320
0.183085
0.182595
0.183666
0.184534
0.185165
0.184885
0.183304
0.182377
0.182353
0.183415
0.184919
0.183901
0.184183
0.182111
0.182876
0.182029
0.181707
0.183614
0.185395
0.184819
0.183167
0.183291
0.181512
0.183630
0.182340
0.181884
0.182670
0.182184
0.182508
0.181583
0.181689
0.181696
0.182022
0.182367
0.180815
0.179428
0.180158
0.181257
0.181735
0.181554
0.181695
0.182896
0.182091
0.182563
0.183169
0.182468
0.182944
0.180620
0.182461
0.181558
0.182986
0.180024
0.181685
0.180252
0.182991
0.180737
0.180137
0.179294
0.179460
0.179777
0.179900
0.180359
0.181011
0.179648
0.179219
0.178551
0.181995
0.181484
0.180160
0.177633
0.178375
0.179503
0.179347
0.181443
0.179613
0.179678
0.178643
0.177626
0.178599
0.179174
0.182147
0.180830
0.180602
0.180136
0.180266
0.178380
0.180569
0.182355
0.180133
0.180777
0.179971
0.178958
0.182541
0.179086
0.182920
0.185064
0.182987
0.180102
0.179163
0.180633
0.180697
0.181477
0.181021
0.181041
0.182790
0.178313
0.180295
0.180499
0.184098
0.183193
0.183265
0.182608
0.181590
0.181435
0.181553
0.182576
0.181590
0.181507
0.179600
0.179673
0.178931
0.179169
0.180150
0.180371
0.178949
0.177320
0.177773
0.178129
0.176803
0.177771
0.179136
0.178951
0.176681
0.177084
0.176538
0.178842
0.179971
0.179084
0.179021
0.177866
0.178012
0.177676
0.178431
0.178753
0.178650
0.177798
0.176725
0.176324
0.176836
0.176757
0.176892
0.178665
0.178676
0.178246
0.178275
0.179572
0.179105
0.181099
0.181778
0.180171
0.181614
0.179795
0.181427
0.180315
0.180326
0.181707
0.181347
0.179770
0.179394
0.179535
0.179656
0.180247
0.179570
0.180327
0.179741
0.180028
0.179912
0.181244
0.180687
0.178068
0.177906
0.178118
0.177908
0.178998
0.180109
0.181090
0.179927
0.182416
0.180367
0.179169
0.179848
0.178017
0.178825
0.181132
0.179584
0.179607
0.178585
0.176734
0.177895
0.180343
0.180119
0.180841
0.179892
0.181486
0.178355
0.177990
0.175536
0.175790
0.177278
0.176024
0.174233
0.176178
0.175904
0.176936
0.177515
0.176736
0.176736
0.174633
0.174422
0.178276
0.178022
0.178764
0.178404
0.178355
0.177613
0.178791
0.178252
0.178591
0.179209
0.178602
0.177163
0.174320
0.174271
0.176768
0.177335
0.177500
0.175290
0.174146
0.176294
0.175934
0.175037
0.176341
0.177753
0.176566
0.174355
0.177169
0.176542
0.175063
0.175894
0.176556
0.175077
0.175880
0.175333
0.176053
0.176733
0.176723
0.176460
0.175636
0.173630
0.172829
0.172400
0.172945
0.174450
0.172882
0.173636
0.173302
0.172739
0.173079
0.172516
0.173951
0.174616
0.172994
0.173151
0.170800
0.173129
0.172559
0.173134
0.175003
0.173187
0.172324
0.171598
0.171868
0.171330
0.172618
0.172885
0.173335
0.172881
0.172546
0.172513
0.171511
0.172834
0.175406
0.173013
0.174717
0.172826
0.176325
0.174952
0.175458
0.175117
0.173008
0.172814
0.171998
0.174012
0.176070
0.176616
0.177441
0.176805
0.173882
0.175247
0.174527
0.175954
0.177927
0.179269
0.176792
0.176285
0.176835
0.176506
0.176741
0.178531
0.176166
0.177233
0.176559
0.175444
0.177731
0.177746
0.178130
0.177839
0.178793
0.175622
0.174957
0.176065
0.175361
0.176996
0.176736
0.175223
0.175214
0.174455
0.176228
0.176310
0.177088
0.178245
0.176226
0.177192
0.175845
0.175605
0.176330
0.176441
0.177896
0.176930
0.175324
0.174573
0.177007
0.175777
0.175160
0.174999
0.174899
0.175587
0.175574
0.175738
0.175411
0.176018
0.176861
0.176428
0.175268
0.175760
0.175558
0.178097
0.176027
0.177124
0.176865
0.176413
0.174773
0.176037
0.175458
0.176013
0.175812
0.176471
0.176437
0.177132
0.177930
0.178036
0.180397
0.178876
0.177686
0.177032
0.177551
0.178301
0.178962
0.179663
0.179809
0.180542
0.179834
0.177468
0.179084
0.176707
0.178350
0.179262
0.178845
0.177710
0.175862
0.176642
0.179789
0.180952
0.179190
0.179885
0.179008
0.180326
0.178222
0.179393
0.181212
0.180045
0.180221
0.180526
0.179799
0.180504
0.181257
0.181148
0.181982
0.181118
0.179851
0.180309
0.180284
0.180100
0.180290
0.180867
0.181585
0.181557
0.179056
0.178043
0.178409
0.178479
0.179454
0.180838
0.179183
0.176787
0.177622
0.179991
0.181149
0.180068
0.180437
0.179480
0.177103
0.176770
0.178434
0.178378
0.181914
0.178468
0.177918
0.180115
0.179467
0.181139
0.181102
0.181039
0.179091
0.179434
0.176475
0.178483
0.179966
0.179974
0.177319
0.178697
0.180017
0.177824
0.178134
0.179026
0.182086
0.180215
0.179373
0.177716
0.176841
0.179323
0.179921
0.182151
0.181489
0.180484
0.179203
0.177207
0.176282
0.178131
0.177623
0.178224
0.176593
0.176658
0.174738
0.176176
0.177392
0.178849
0.176461
0.178169
0.176230
0.176562
0.177152
0.177684
0.180540
0.179016
0.177149
0.178055
0.174723
0.175885
0.176745
0.179335
0.177632
0.175989
0.175308
0.174710
0.174978
0.176624
0.179113
0.176823
0.178229
0.175165
0.178557
0.177310
0.177472
0.177881
0.177119
0.175306
0.174958
0.176891
0.176864
0.177638
0.179381
0.178902
0.180430
0.177574
0.175778
0.176629
0.175661
0.177161
0.178156
0.178210
0.177283
0.177124
0.177045
0.176669
0.178680
0.179471
0.179024
0.177401
0.175859
0.175308
0.177096
0.177283
0.177345
0.179206
0.176750
0.176797
0.178062
0.180415
0.179385
0.180013
0.179493
0.178189
0.177677
0.177908
0.177141
0.179614
0.180341
0.178754
0.177325
0.176566
0.177319
0.177931
0.179467
0.178699
0.179327
0.180974
0.179472
0.181300
0.181102
0.182577
0.182150
0.180767
0.181472
0.180589
0.180496
0.180991
0.183094
0.180205
0.180877
0.180351
0.179497
0.181145
0.179706
0.181768
0.182562
0.181239
0.180188
0.179045
0.179693
0.180889
0.182600
0.181979
0.181665
0.180828
0.180139
0.180265
0.180959
0.181397
0.179774
0.180430
0.177284
0.177671
0.177768
0.179778
0.181585
0.181088
0.179807
0.180589
0.177224
0.177744
0.179492
0.180431
0.181414
0.181276
0.179237
0.178508
0.180102
0.178892
0.180740
0.181794
0.179628
0.180646
0.180219
0.177929
0.179460
0.180097
0.179899
0.179897
0.181364
0.180573
0.181301
0.180783
0.181277
0.180365
0.178256
0.177134
0.176919
0.178579
0.177972
0.178361
0.181164
0.179567
0.178900
0.177569
0.177091
0.178421
0.178530
0.177875
0.177929
0.175957
0.175919
0.176433
0.176878
0.179491
0.179480
0.178838
0.178712
0.175854
0.176450
0.178284
0.178438
0.177054
0.176760
0.174539
0.174988
0.175092
0.174150
0.177604
0.176835
0.177342
0.173083
0.174719
0.175412
0.176182
0.177798
0.176853
0.176185
0.176081
0.176813
0.175341
0.176080
0.176046
0.176096
0.174747
0.174226
0.172430
0.174605
0.174772
0.175903
0.176927
0.175864
0.174838
0.173819
0.174360
0.174450
0.176753
0.176462
0.176485
0.173930
0.175319
0.175454
0.173695
0.177302
0.177227
0.175559
0.175328
0.173675
0.174238
0.175702
0.177078
0.177071
0.178346
0.177050
0.175437
0.177803
0.177345
0.179297
0.179734
0.179511
0.180163
0.177978
0.177608
0.181609
0.181965
0.181027
0.183298
0.180576
0.180320
0.178488
0.179195
0.181984
0.180350
0.182993
0.180947
0.179063
0.178672
0.176838
0.177447
0.177440
0.175428
0.177792
0.175080
0.175464
0.177006
0.178188
0.176758
0.176428
0.176842
0.175446
0.176629
0.177122
0.177836
0.177649
0.178763
0.177849
0.179059
0.180421
0.178428
0.179018
0.179756
0.178754
0.179610
0.177061
0.176301
0.177945
0.179666
0.178263
0.179073
0.178008
0.178947
0.177556
0.178611
0.179717
0.179794
0.179042
0.176107
0.178455
0.176891
0.178681
0.179701
0.180285
0.178136
0.177646
0.176596
0.176115
0.176684
0.176969
0.177550
0.178190
0.177671
0.176959
0.178599
0.176837
0.179842
0.181007
0.180921
0.179584
0.179532
0.182123
0.179526
0.182706
0.181653
0.181245
0.178838
0.178864
0.180030
0.181613
0.178708
0.179921
0.181633
0.177815
0.178282
0.178493
0.177847
0.178483
0.179348
0.177826
0.176996
0.177513
0.177641
0.178005
0.179372
0.177991
0.180228
0.177987
0.177578
0.179687
0.178927
0.179778
0.178714
0.176064
0.175460
0.174918
0.175116
0.177295
0.175482
0.176025
0.173918
0.174408
0.173589
0.175841
0.175143
0.177033
0.178225
0.176862
0.176249
0.175206
0.174428
0.173959
0.175899
0.174894
0.172374
0.172479
0.172262
0.173983
0.173436
0.175856
0.175291
0.174594
0.172427
0.174503
0.175989
0.175124
0.177348
0.177534
0.178519
0.176320
0.176514
0.176742
0.176661
0.177274
0.178462
0.177522
0.175513
0.176367
0.175961
0.178294
0.179570
0.180024
0.177762
0.177206
0.174975
0.175135
0.175813
0.176867
0.176766
0.176886
0.177565
0.175070
0.177174
0.174644
0.177750
0.177027
0.176056
0.177527
0.175096
0.176485
0.177069
0.176795
0.177373
0.178483
0.178213
0.178079
0.176184
0.176031
0.175434
0.177607
0.176000
0.175144
0.177335
0.176902
0.176059
0.178254
0.179889
0.178983
0.177141
0.174850
0.175801
0.174866
0.175623
0.176340
0.175297
0.176107
0.176281
0.175553
0.177826
0.177371
0.179827
0.177269
0.177182
0.178160
0.178494
0.176938
0.180364
0.180106
0.180414
0.177780
0.176624
0.178726
0.176915
0.178363
0.177778
0.176798
0.176594
0.175817
0.175422
0.175725
0.177293
0.177378
0.177862
0.176953
0.174476
0.174652
0.175100
0.176820
0.175378
0.178246
0.175775
0.174714
0.176288
0.176505
0.178001
0.178072
0.177700
0.175502
0.177229
0.176288
0.175761
0.176950
0.175380
0.175323
0.174808
0.176954
0.173897
0.175483
0.177103
0.176266
0.176324
0.174714
0.174518
0.177097
0.176481
0.176115
0.176574
0.177547
0.178256
0.176799
0.175605
0.176806
0.177435
0.177832
0.176155
0.176424
0.175770
0.174666
0.174429
0.175416
0.175783
0.173986
0.172994
0.173069
0.175121
0.175199
0.174966
0.175527
0.176378
0.174468
0.175572
0.176736
0.175671
0.175227
0.177069
0.176348
0.174910
0.173073
0.174307
0.174688
0.175865
0.176521
0.176378
0.174179
0.175352
0.174960
0.176718
0.176912
0.176339
0.177125
0.176047
0.174854
0.173747
0.174749
0.177877
0.174997
0.176598
0.174822
0.175197
0.173273
0.173536
0.174306
0.174677
0.177807
0.175582
0.176454
0.177462
0.177469
0.178525
0.177359
0.176115
0.172940
0.175524
0.175603
0.176281
0.178716
0.178336
0.176138
0.175899
0.176591
0.174507
0.177156
0.178398
0.179841
0.177584
0.177283
0.178551
0.179094
0.177293
0.179932
0.178890
0.180979
0.177785
0.178246
0.177924
0.177779
0.179299
0.179191
0.179078
0.178260
0.178028
0.178483
0.177869
0.179690
0.179867
0.179783
0.178239
0.178140
0.178734
0.178066
0.176840
0.178640
0.178341
0.178117
0.178678
0.178160
0.177330
0.177290
0.177432
0.178394
0.177404
0.177508
0.176576
0.177160
0.179021
0.179334
0.180425
0.178448
0.178728
0.178600
0.178896
0.181583
0.181235
0.181712
0.179342
0.179526
0.178823
0.179126
0.181931
0.181066
0.178845
0.177138
0.176822
0.178116
0.176829
0.179674
0.177473
0.177953
0.177743
0.174712
0.176920
0.177451
0.178575
0.177374
0.178976
0.175800
0.177124
0.176424
0.179156
0.179462
0.177950
0.176625
0.177976
0.177315
0.179238
0.179776
0.181066
0.182451
0.180315
0.179463
0.177747
0.178396
0.178907
0.177953
0.178583
0.178616
0.177564
0.176374
0.178583
0.177716
0.178300
0.179350
0.180554
0.179160
0.179981
0.180811
0.181623
0.183230
0.183896
0.183733
0.179676
0.181006
0.181889
0.182544
0.183024
0.182508
0.182147
0.180693
0.180362
0.183528
0.183656
0.184542
0.182317
0.182082
0.179746
0.180409
0.180540
0.180827
0.182685
0.182601
0.183100
0.181639
0.181620
0.181879
0.181244
0.182764
0.182403
0.182660
0.180050
0.179874
0.180970
0.181480
0.183548
0.183410
0.182090
0.181605
0.182897
0.181991
0.180173
0.183719
0.184141
0.182511
0.183123
0.180984
0.181207
0.182515
0.183147
0.182522
0.182030
0.181281
0.182366
0.181520
0.180462
0.183279
0.181618
0.180886
0.182020
0.181238
0.181285
0.181270
0.181709
0.183219
0.181317
0.180342
0.180487
0.177546
0.178567
0.180764
0.182109
0.182145
0.179895
0.179673
0.180136
0.182109
0.181831
0.181304
0.180632
0.181124
0.181803
0.182018
0.180884
0.179663
0.179907
0.179820
0.179668
0.178365
0.179719
0.181145
0.181448
0.181459
0.179788
0.181491
0.179724
0.179770
0.179303
0.181630
0.181149
0.180266
0.179451
0.177336
0.179864
0.179195
0.181152
0.181343
0.181408
0.180716
0.176002
0.178284
0.178668
0.180657
0.180105
0.180412
0.179308
0.180753
0.178132
0.179589
0.181678
0.182211
0.182358
0.179984
0.179886
0.178793
0.182096
0.179409
0.178954
0.179635
0.177476
0.177242
0.177882
0.179444
0.178555
0.179407
0.178898
0.177590
0.176843
0.176095
0.177091
0.177571
0.178617
0.177493
0.175780
0.176368
0.174575
0.175345
0.176949
0.176620
0.176052
0.175396
0.174426
0.177534
0.175203
0.174326
0.175493
0.176379
0.176898
0.175044
0.173681
0.175203
0.176526
0.174155
0.174741
0.174482
0.176136
0.173671
0.172397
0.176008
0.177045
0.175013
0.175162
0.174512
0.173843
0.175537
0.176950
0.177102
0.173294
0.174366
0.174974
0.175549
0.175363
0.178276
0.176430
0.176799
0.174113
0.173834
0.173746
0.175117
0.177160
0.176971
0.177017
0.175624
0.175449
0.176328
0.176277
0.180041
0.179718
0.180034
0.178110
0.177815
0.177901
0.177387
0.178380
0.179517
0.177441
0.177418
0.177218
0.178565
0.180268
0.180376
0.178682
0.179224
0.177808
0.176925
0.177077
0.180393
0.180482
0.179474
0.180661
0.177950
0.177640
0.177514
0.179012
0.179679
0.179775
0.178841
0.180448
0.179524
0.179402
0.180201
0.181294
0.181995
0.182323
0.178973
0.178354
0.176413
0.179998
0.182343
0.182315
0.181923
0.182117
0.176918
0.179721
0.179815
0.179592
0.180387
0.179243
0.179668
0.178869
0.179613
0.179603
0.181003
0.179858
0.179659
0.179657
0.180887
0.180361
0.180250
0.181212
0.182909
0.183739
0.183465
0.183887
0.184030
0.184880
0.186172
0.184139
0.185461
0.183381
0.181822
0.182571
0.181318
0.181661
0.183387
0.182992
0.181979
0.183134
0.180186
0.181308
0.182665
0.181303
0.181238
0.180594
0.178423
0.179945
0.181252
0.181279
0.180934
0.181102
0.180416
0.182136
0.181478
0.182720
0.182656
0.183270
0.183406
0.181538
0.184477
0.182295
0.181026
0.181529
0.181703
0.180080
0.178607
0.178102
0.177994
0.177972
0.178362
0.178295
0.177430
0.177221
0.175634
0.177136
0.178240
0.177373
0.177810
0.178001
0.174829
0.176086
0.176946
0.178001
0.179227
0.178758
0.179735
0.176376
0.174473
0.174793
0.174121
0.177060
0.177377
0.178037
0.177275
0.175592
0.176535
0.179151
0.177448
0.179240
0.176076
0.177251
0.176148
0.176083
0.176038
0.176112
0.177023
0.176793
0.175462
0.174110
0.176873
0.174919
0.176163
0.177616
0.175898
0.175819
0.172960
0.176136
0.174862
0.178576
0.177251
0.177474
0.178434
0.176997
0.177839
0.175413
0.177964
0.178903
0.177018
0.174890
0.175451
0.176611
0.175843
0.176100
0.177602
0.178318
0.176949
0.176983
0.177014
0.177170
0.180518
0.177927
0.177093
0.177979
0.175213
0.176916
0.177645
0.177306
0.178905
0.180139
0.180059
0.178168
0.180341
0.179608
0.179538
0.181679
0.181382
0.179304
0.180869
0.180691
0.180932
0.182914
0.182966
0.183165
0.180872
0.180449
0.180180
0.181195
0.183186
0.180820
0.180967
0.180302
0.181275
0.181861
0.180836
0.180268
0.181277
0.181219
0.180026
0.178842
0.178773
0.181454
0.180431
0.181821
0.181925
0.181096
0.180956
0.180699
0.181415
0.181515
0.182607
0.181804
0.180240
0.179712
0.182123
0.179550
0.180374
0.181322
0.179360
0.179296
0.179636
0.178642
0.180242
0.181018
0.181918
0.180912
0.181528
0.181109
0.180386
0.180457
0.181968
0.180668
0.179033
0.179010
0.179229
0.179327
0.179411
0.181058
0.180497
0.181199
0.182124
0.181403
0.181369
0.182342
0.180937
0.180134
0.180072
0.182735
0.179149
0.180142
0.179863
0.181890
0.180726
0.180896
0.180093
0.178983
0.180998
0.180208
0.181660
0.180611
0.179565
0.178913
0.177918
0.177471
0.179377
0.180634
0.181182
0.180318
0.181662
0.178299
0.179507
0.178758
0.178702
0.179893
0.179322
0.178732
0.175245
0.174641
0.177292
0.177173
0.176793
0.177633
0.176266
0.175343
0.175171
0.176447
0.176132
0.173964
0.174595
0.174026
0.172926
0.174485
0.176497
0.178579
0.177676
0.175858
0.174381
0.174942
0.174343
0.176175
0.177077
0.178088
0.176817
0.178506
0.176120
0.177945
0.175943
0.179462
0.178988
0.176858
0.178050
0.175821
0.176102
0.177539
0.178833
0.178627
0.180112
0.177188
0.178119
0.178090
0.178301
0.182051
0.182002
0.180540
0.180543
0.178422
0.177496
0.180515
0.182251
0.182487
0.181117
0.180430
0.177171
0.179083
0.181542
0.181722
0.182147
0.180424
0.178752
0.180174
0.180038
0.179022
0.180199
0.178563
0.179649
0.179801
0.179934
0.180597
0.180935
0.183040
0.182647
0.180774
0.179812
0.179338
0.180890
0.179538
0.182746
0.181378
0.183519
0.181915
0.180809
0.183883
0.183359
0.184486
0.183773
0.184602
0.182042
0.182235
0.180974
0.181851
0.181688
0.181698
0.181133
0.181893
0.178958
0.181301
0.182489
0.180782
0.182833
0.182082
0.182663
0.180803
0.180954
0.182398
0.182369
0.182277
0.181321
0.180533
0.182181
0.180291
0.178869
0.181155
0.179031
0.180026
0.178458
0.179420
0.178554
0.179560
0.179390
0.179513
0.179639
0.178401
0.176638
0.179090
0.178902
0.179605
0.178526
0.179711
0.177952
0.177614
0.177729
0.176819
0.179359
0.179411
0.178684
0.177872
0.175854
0.175537
0.177354
0.176971
0.178170
0.177611
0.176745
0.177036
0.175602
0.178084
0.179360
0.178730
0.178734
0.176791
0.174801
0.177192
0.176071
0.176129
0.175007
0.176407
0.175338
0.174277
0.175451
0.175935
0.177753
0.178034
0.177850
0.175842
0.175446
0.175883
0.177350
0.177524
0.178561
0.176596
0.176904
0.175364
0.175955
0.175924
0.176037
0.177423
0.176839
0.179238
0.176549
0.176483
0.176112
0.177384
0.178808
0.179447
0.177015
0.174542
0.176100
0.175925
0.177234
0.177868
0.176829
0.175949
0.175367
0.176414
0.175874
0.175783
0.175765
0.173943
0.173180
0.174126
0.172640
0.172288
0.175405
0.174758
0.174050
0.173146
0.173281
0.174666
0.174658
0.176437
0.176580
0.176126
0.174394
0.173314
0.171970
0.173322
0.173312
0.170626
0.173587
0.171726
0.171358
0.172096
0.172786
0.173136
0.174269
0.172395
0.171910
0.168367
0.172065
0.170956
0.171181
0.171202
0.170504
0.170132
0.170068
0.171678
0.171399
0.173040
0.173092
0.174129
0.171892
0.171000
0.170633
0.170367
0.172060
0.173742
0.172779
0.170862
0.172265
0.172277
0.173884
0.173377
0.174406
0.174794
0.172931
0.172261
0.172250
0.171867
0.173925
0.174874
0.175097
0.171946
0.171669
0.172477
0.173732
0.171999
0.173969
0.171839
0.171294
0.172547
0.170124
0.172069
0.171804
0.172266
0.171213
0.170929
0.168369
0.170358
0.172689
0.172267
0.174421
0.175184
0.172800
0.172028
0.173356
0.171046
0.173609
0.172557
0.174386
0.172495
0.171886
0.173548
0.175452
0.173288
0.172898
0.171585
0.171686
0.171280
0.173369
0.170455
0.172233
0.174655
0.174868
0.173979
