172.980792
168.569402
150.853981
140.367953
135.645518
133.673697
132.030003
126.709180
123.897057
119.428599
117.899474
116.815096
113.537525
112.907037
110.735086
110.186028
110.186028
108.380916
105.997472
103.971561
102.708621
102.244778
100.282208
99.968770
98.095653
96.104041
93.813941
92.360258
89.797607
88.119379
87.330542
86.760040
86.212535
85.720493
85.144191
83.962627
83.805726
81.442191
80.502399
80.307764
78.467605
78.450159
78.441875
77.568041
76.798977
76.167599
75.860548
75.545593
74.883884
73.731525
71.806209
70.833056
70.302233
69.976715
69.619390
69.095653
68.286005
67.275020
65.838191
64.952375
64.833728
64.619903
64.501561
64.501561
64.177007
64.055862
63.934132
62.431428
61.890059
61.367089
60.752619
60.374692
59.728292
59.141072
58.966002
58.643627
58.643627
57.789256
57.789256
57.668805
57.668805
57.407963
57.298974
56.966116
55.821576
55.722387
55.321768
54.910213
54.454176
54.091339
53.722379
53.630370
53.311756
53.311756
53.198848
53.198848
53.173111
52.756301
52.357952
52.285412
51.971068
51.971068
51.350259
51.253539
50.581483
50.482889
50.023753
50.023753
49.831540
49.641520
48.900009
48.425755
47.992312
47.897743
47.728796
47.488874
47.158915
46.700747
46.668300
46.534515
46.284388
45.688412
45.508356
45.459851
45.459851
45.318430
45.318430
45.145139
44.976857
44.863807
44.464775
44.372781
44.051032
43.935524
43.777398
43.748537
43.478552
43.478552
43.478552
43.395126
43.244152
43.204067
43.204067
42.957467
42.704409
42.564920
42.078014
41.925170
41.859203
41.859203
41.859203
41.785246
41.713907
41.163407
41.048046
40.950167
40.688567
40.545225
40.496968
39.844373
39.685373
39.635182
39.595886
39.573531
39.213821
38.714597
38.714597
38.112741
38.112741
38.112741
38.029136
38.029136
37.943551
37.883408
37.883408
37.548796
37.522206
37.060775
37.060775
37.007524
36.943199
36.943199
36.888152
36.594996
36.453954
36.039198
35.807141
35.626224
35.525872
35.393168
35.340548
35.340548
35.068690
34.755290
34.755290
34.414736
34.337288
34.303308
34.257679
34.224737
34.224737
34.104582
33.933164
33.616716
33.266861
33.266861
33.059668
32.794787
32.503202
32.236888
31.898009
31.370238
31.301830
31.180193
31.005319
30.838073
30.807861
30.630963
30.478335
30.369097
29.980220
29.783461
29.588352
29.033711
29.013649
28.624101
28.478341
28.384528
28.184482
28.144896
27.566178
27.566178
27.134212
27.063859
26.838954
26.350505
26.308882
26.304251
26.053724
26.028379
25.888009
25.888009
25.728157
25.551365
25.364596
25.333194
25.217097
25.179795
25.179795
24.976703
24.807271
24.691229
24.158742
24.158742
24.104005
24.028964
23.827869
23.808291
23.200722
23.106854
22.664638
22.436232
22.249986
22.064986
22.039904
21.869650
21.793800
21.738972
21.738972
21.714952
21.550773
21.483533
21.318450
21.210935
21.071560
20.896023
20.755480
20.616240
20.530168
20.149377
20.125636
20.098613
19.851006
19.822991
19.813664
19.392342
19.185959
18.893084
18.893084
18.893084
18.799020
18.799020
18.537840
18.537840
18.503281
18.284847
18.122277
17.812885
17.812885
17.812885
17.767309
17.767309
17.706889
17.673459
17.533214
17.451935
17.393537
17.335225
17.209411
17.182550
17.166114
17.084194
16.829042
16.785977
16.691175
16.625805
16.614264
16.614264
16.548573
16.451387
16.360087
16.316463
16.290524
16.051519
16.046553
15.941720
15.941720
15.914702
15.878499
15.717922
15.525609
15.525609
15.525609
15.281285
15.160734
15.141303
15.078259
14.933260
14.790327
14.715907
14.455636
14.420839
14.000949
13.966305
13.943558
13.880307
13.767579
13.732644
13.347998
13.209501
13.209501
13.204997
13.204997
13.192691
13.151256
13.151256
13.026521
12.922494
12.922494
12.821005
12.821005
12.821005
12.821005
12.821005
12.821005
12.678786
12.675534
12.675534
12.435018
12.366018
12.245098
12.244004
12.186920
12.059185
12.059185
11.823965
11.794143
11.794143
11.787450
11.784473
11.561662
11.398944
11.349560
11.349560
11.276009
11.253146
11.082430
11.066560
10.984843
10.965707
10.964071
10.750550
10.722961
10.535501
10.535501
10.517642
10.389738
10.197257
10.104831
10.093828
10.085738
10.085738
10.084848
10.047467
9.724019
9.724019
9.686257
9.621303
9.588155
9.493672
9.484515
9.414033
9.414033
9.360252
9.360252
9.354498
9.354498
9.354498
9.354498
9.305359
9.285791
9.179983
9.179983
9.091675
9.074015
9.007330
8.950338
8.950338
8.946973
8.893269
8.893269
8.640714
8.576341
8.576341
8.573748
8.486687
8.476850
8.476850
8.408549
8.408549
8.316207
8.271758
8.237549
8.201740
8.201740
8.190935
8.077037
8.077037
7.963069
7.963069
7.963069
7.951169
7.907652
7.859941
7.859941
7.796465
7.784558
7.570321
7.514199
7.479631
7.473780
7.413278
7.302523
7.236212
7.236212
7.203125
7.051194
6.932628
6.909996
6.909996
6.812069
6.714145
6.714145
6.602417
6.585942
6.579319
6.538669
6.509064
6.509064
6.491788
6.491788
6.468435
6.359701
6.359029
6.304796
6.303710
6.265596
6.221592
6.221592
6.198802
6.181122
6.181122
6.181122
6.181122
6.129428
6.129428
6.109429
6.085299
6.049964
6.008878
5.980188
5.961105
5.961105
5.938970
5.847511
5.795431
5.770949
5.770949
5.770949
5.770949
5.735453
5.584570
5.534576
5.534576
5.534576
5.487195
5.462365
5.407095
5.376516
5.357989
5.357989
5.302784
5.195613
5.192033
5.133193
5.057752
5.034951
5.018915
4.945680
4.794032
4.794032
4.762717
4.734676
4.725567
4.640614
4.619676
4.616353
4.608599
4.597947
4.597947
4.585516
4.585516
4.582267
4.490052
4.490052
4.476461
4.476461
4.464822
4.435609
4.431861
4.431861
4.431861
4.428727
4.416840
4.354212
4.216889
4.216889
4.171637
4.150037
4.147926
4.133060
4.118811
4.075810
4.030085
3.998024
3.997982
3.997982
3.997632
3.989706
3.987998
3.973742
3.942630
3.942630
3.885954
3.857394
3.833873
3.819130
3.769233
3.679486
3.679486
3.644082
3.550476
3.532750
3.515818
3.491257
3.439979
3.426500
3.389488
3.389488
3.389488
3.360639
3.349987
3.349987
3.339601
3.328950
3.285812
3.255242
3.242856
3.242442
3.193007
3.154632
3.134279
3.094194
3.094194
3.046580
3.046580
3.032365
3.032365
3.032206
3.032206
3.032206
3.032206
3.030659
3.030659
3.030659
3.030659
3.030659
3.030659
3.030659
3.017232
2.987330
2.979665
2.979665
2.970777
2.944167
2.944167
2.931853
2.929142
2.929142
2.888985
2.870386
2.846860
2.846860
2.846860
2.844444
2.809636
2.804248
2.804248
2.804248
2.803672
2.750144
2.726034
2.726034
2.694857
2.694857
2.683936
2.683936
2.655157
2.643462
2.640163
2.640163
2.640163
2.637745
2.630222
2.630222
2.582732
2.582732
2.569426
2.569426
2.565755
2.562548
2.554684
2.538406
2.538406
2.534460
2.507766
2.507025
2.494590
2.493081
2.493081
2.472745
2.454626
2.454626
2.451308
2.441096
2.429731
2.429731
2.429731
2.422003
2.397449
2.393558
2.382064
2.378354
2.378354
2.378354
2.370761
2.369329
2.369329
2.369329
2.363492
2.363492
2.363492
2.340400
2.340400
2.340400
2.322354
2.311957
2.297609
2.295878
2.295302
2.276199
2.274821
2.274336
2.253012
2.235134
2.193132
2.193132
2.186405
2.186405
2.182176
2.180148
2.172144
2.171718
2.153647
2.135915
2.118527
2.110356
2.110356
2.100089
2.100074
2.086250
2.081924
2.010712
2.010712
2.010099
2.000271
1.996635
1.995963
1.969781
1.969781
1.969781
1.962773
1.952154
1.949535
1.929574
1.929574
1.926042
1.925557
1.925557
1.901678
1.900337
1.879448
1.848100
1.844786
1.844786
1.828753
1.804622
1.804622
1.804622
1.804607
1.768926
1.768926
1.761962
1.761962
1.758960
1.758960
1.758960
1.758384
1.758384
1.755863
1.755863
1.747308
1.733814
1.733814
1.733814
1.733814
1.733814
1.729245
1.723374
1.706500
1.706083
1.704473
1.704473
1.704473
1.697473
1.697473
1.687846
1.672115
1.620354
1.607780
1.607780
1.607780
1.584805
1.583132
1.581381
1.581381
1.581381
1.581381
1.581084
1.574856
1.574856
1.572277
1.572277
1.569302
1.569302
1.569302
1.569302
1.546887
1.546887
1.541367
1.530673
1.530673
1.527951
1.527951
1.508777
1.508777
1.494575
1.471957
1.471957
1.448503
1.448503
1.448503
1.445217
1.444548
1.444076
1.438669
1.437099
1.429997
1.422045
1.422045
1.422045
1.421243
1.417362
1.401508
1.401508
1.401508
1.401508
1.394835
1.391786
1.391786
1.391716
1.391716
1.391716
1.369186
1.352264
1.352264
1.339937
1.339937
1.339937
1.339937
1.339937
1.339937
1.339937
1.338246
1.338246
1.329982
1.328719
1.311527
1.311362
1.311362
1.311362
1.311362
1.310133
1.299020
1.298648
1.298648
1.293565
1.293565
1.285470
1.269535
1.265764
1.265764
1.260528
1.260528
1.260528
1.260528
1.254111
1.254111
1.244216
1.238571
1.236429
1.228924
1.224924
1.218223
1.214299
1.214299
1.197714
1.196076
1.195545
1.195545
1.195545
1.183301
1.164104
1.163426
1.163426
1.155349
1.154315
1.146584
1.146584
1.138485
1.131362
1.131202
1.131202
1.131202
1.131202
1.130701
1.123392
1.123392
1.120447
1.120447
1.120447
1.116011
1.108803
1.098670
1.086728
1.085016
1.067925
1.062687
1.060615
1.060545
1.055976
1.051144
1.051144
1.051144
1.045352
1.045352
1.037793
1.037793
1.019647
1.019647
1.007184
1.007184
1.007184
1.004560
1.004560
0.998856
0.998856
0.998856
0.995403
0.995403
0.992876
0.992876
0.992272
0.992272
0.985490
0.985490
0.984326
0.984326
0.981773
0.981773
0.981773
0.981773
0.980558
0.979523
0.979523
0.955513
0.946647
0.944555
0.925883
0.925883
0.922852
0.920896
0.920896
0.916307
0.915447
0.906701
0.901605
0.888657
0.888657
0.888657
0.888657
0.888335
0.888335
0.888335
0.888335
0.888335
0.882507
0.870582
0.870582
0.870582
0.869904
0.869711
0.869691
0.858884
0.858884
0.847061
0.847061
0.847061
0.847061
0.841013
0.838068
0.832988
0.831824
0.831824
0.826119
0.826119
0.815834
0.815834
0.813956
0.813956
0.813956
0.813227
0.813227
0.813227
0.806355
0.806355
0.804571
0.802723
0.801609
0.801609
0.801609
0.795550
0.785123
0.780579
0.780579
0.779992
0.779992
0.777606
0.777606
0.777606
0.777606
0.777606
0.774604
0.774604
0.765145
0.762391
0.762391
0.758248
0.758248
0.755594
0.755594
0.755594
0.755255
0.755255
0.748145
0.743245
0.743245
0.735141
0.734289
0.734289
0.734289
0.734289
0.734289
0.734289
0.734247
0.734247
0.731606
0.731245
0.731245
0.731114
0.731114
0.731114
0.725645
0.725645
0.725465
0.725002
0.724982
0.718891
0.718891
0.716740
0.716740
0.715488
0.715488
0.715488
0.715398
0.709529
0.704032
0.704032
0.704032
0.702762
0.702762
0.702762
0.702762
0.702582
0.699486
0.699486
0.699486
0.699486
0.699486
0.692088
0.688797
0.688797
0.688797
0.688797
0.688797
0.688797
0.688769
0.684034
0.682893
0.679484
0.677101
0.656012
0.656012
0.654935
0.647863
0.640781
0.635301
0.635301
0.635301
0.630861
0.629600
0.629369
0.629369
0.629369
0.629369
0.626685
0.626685
0.624873
0.621221
0.621221
0.621221
0.621221
0.621221
0.621063
0.621063
0.613926
0.613836
0.613836
0.613836
0.611776
0.595695
0.595318
0.595318
0.595318
0.595318
0.595318
0.595318
0.589825
0.589715
0.589715
0.589439
0.588195
0.587506
0.581947
0.581947
0.581849
0.576475
0.576475
0.576475
0.573834
0.573834
0.573536
0.573536
0.573536
0.573536
0.573536
0.573536
0.572757
0.569312
0.569293
0.569293
0.569293
0.569293
0.569293
0.569293
0.569293
0.569293
0.569265
0.569265
0.569265
0.556759
0.556759
0.556759
0.556759
0.554928
0.554928
0.551377
0.551377
0.549037
0.549037
0.549037
0.549037
0.548979
0.548979
0.548979
0.548979
0.548979
0.541947
0.541947
0.540806
0.540806
0.540806
0.540806
0.540806
0.538790
0.538745
0.538745
0.538745
0.538745
0.525035
0.525035
0.525035
0.524946
0.524724
0.524724
0.524724
0.524724
0.521875
0.519981
0.518831
0.518831
0.517988
0.516824
0.515451
0.515451
0.513014
0.513014
0.512649
0.511434
0.511434
0.511434
0.510753
0.510753
0.510753
0.510753
0.510753
0.494372
0.494372
0.485273
0.483067
0.481673
0.481673
0.481673
0.481673
0.481673
0.481673
0.479236
0.479236
0.479236
0.474198
0.474192
0.469733
0.469733
0.469685
0.469685
0.467509
0.467509
0.467509
0.466951
0.465495
0.465495
0.461235
0.461235
0.461235
0.458624
0.458624
0.457530
0.457191
0.454526
0.454526
0.454227
0.454227
0.451473
0.451473
0.451473
0.451473
0.450909
0.450909
0.450909
0.450909
0.450909
0.449325
0.444285
0.439549
0.439549
0.439549
0.439549
0.439549
0.439549
0.439549
0.439549
0.439549
0.439549
0.435684
0.435684
0.435684
0.432055
0.431831
0.429878
0.429878
0.429878
0.429878
0.429878
0.429246
0.429246
0.427662
0.427662
0.426759
0.424308
0.424308
0.424198
0.424198
0.424198
0.424198
0.424198
0.422734
0.422734
0.422734
0.422425
0.422425
0.422425
0.422425
0.422328
0.418547
0.418547
0.418547
0.418547
0.418547
0.415107
0.415107
0.415107
0.415107
0.410959
0.410862
0.410862
0.407756
0.407756
0.407246
0.407098
0.407050
0.406154
0.405306
0.403149
0.403149
0.403148
0.403148
0.403148
0.400136
0.399563
0.399563
0.399340
0.399340
0.399340
0.399340
0.394775
0.393874
0.393365
0.393365
0.393365
0.391840
0.391679
0.391679
0.391679
0.391679
0.391679
0.391010
0.391010
0.391010
0.389716
0.389443
0.389443
0.389443
0.388745
0.386843
0.386843
0.386843
0.386843
0.386472
0.386472
0.386472
0.386148
0.386142
0.386142
0.386142
0.386142
0.386142
0.386142
0.386142
0.386142
0.383336
0.376508
0.376508
0.375901
0.375348
0.375348
0.373790
0.373790
0.373790
0.373790
0.373790
0.373790
0.373790
0.373790
0.371179
0.371179
0.370865
0.369687
0.369687
0.367652
0.367652
0.367652
0.367652
0.367652
0.367652
0.367652
0.367652
0.367652
0.367652
0.367652
0.367652
0.365959
0.365473
0.363375
0.363375
0.363375
0.363375
0.363067
0.363067
0.360638
0.353777
0.353777
0.353777
0.353777
0.352372
0.352372
0.352065
0.352065
0.351703
0.351703
0.351703
0.351703
0.351703
0.351703
0.351703
0.351703
0.351703
0.351389
0.351389
0.351389
0.351389
0.351389
0.351389
0.351389
0.351389
0.348046
0.348046
0.342747
0.342747
0.342727
0.342727
0.342727
0.342727
0.341406
0.339505
0.339505
0.339505
0.337586
0.337067
0.337067
0.337067
0.337067
0.337067
0.337067
0.337067
0.337067
0.337067
0.333506
0.333506
0.331764
0.331624
0.331624
0.325279
0.323899
0.323750
0.323750
0.323750
0.317898
0.317898
0.316155
0.316009
0.311651
0.311008
0.311008
0.310109
0.309560
0.309560
0.309560
0.309560
0.303458
0.303458
0.303458
0.303458
0.303458
0.303458
0.303458
0.303458
0.303458
0.303458
0.302281
0.302281
0.302281
0.302281
0.301638
0.300220
0.299604
0.298825
0.298825
0.298825
0.298028
0.298028
0.297099
0.297099
0.297099
0.297099
0.296763
0.296602
0.296602
0.296602
0.296036
0.296036
0.296036
0.296036
0.294921
0.294921
0.294357
0.293897
0.293897
0.293151
0.293151
0.293151
0.290447
0.290447
0.289970
0.289970
0.289970
0.289970
0.287580
0.287580
0.287580
0.287580
0.285737
0.285737
0.285737
0.285737
0.284871
0.284730
0.284730
0.284730
0.283255
0.283255
0.279715
0.277659
0.277281
0.275251
0.273906
0.273906
0.271723
0.271365
0.271365
0.271365
0.271365
0.270740
0.270740
0.270740
0.263022
0.263022
0.263022
0.261688
0.261688
0.261688
0.261145
0.261128
0.261128
0.261128
0.261128
0.261128
0.261128
0.261128
0.261128
0.261128
0.255673
0.255673
0.255673
0.255673
0.255673
0.255673
0.255673
0.255022
0.254997
0.252034
0.250405
0.250405
0.250405
0.250248
0.250248
0.249506
0.249506
0.248544
0.248544
0.247092
0.246391
0.246391
0.242036
0.235044
0.235044
0.235044
0.235036
0.235036
0.234024
0.234024
0.234024
0.234024
0.234024
0.234024
0.234024
0.234024
0.234024
0.228902
0.228902
0.225651
0.225651
0.224386
0.223681
0.223681
0.221830
0.221830
0.221830
0.221830
0.221496
0.221496
0.221496
0.221496
0.220933
0.218794
0.215899
0.215899
0.215899
0.215820
0.215820
0.215820
0.212941
0.212434
0.212434
0.211626
0.211626
0.211626
0.210910
0.210910
0.210910
0.210910
0.205593
0.205593
0.205593
0.205593
0.205593
0.205593
0.204955
0.204333
0.197186
0.197152
0.194426
0.194426
0.194092
0.194092
0.192217
0.192217
0.191881
0.191881
0.188968
0.188968
0.188968
0.188968
0.188968
0.188968
0.188968
0.181808
0.181808
0.181551
0.181551
0.181551
0.181551
0.180528
0.180528
0.179304
0.179304
0.179133
0.179133
0.179133
0.179133
0.179133
0.178018
0.178018
0.178018
0.178018
0.178018
0.176276
0.176276
0.175880
0.175880
0.175880
0.175880
0.175880
0.175880
0.175880
0.175827
0.173820
0.172522
0.172522
0.172198
0.172198
0.172198
0.171813
0.171813
0.171813
0.171813
0.170304
0.170304
0.169820
0.169370
0.168255
0.168255
0.168255
0.167575
0.167575
0.167575
0.167575
0.167575
0.167575
0.167575
0.167575
0.163617
0.163617
0.163617
0.163444
0.163190
0.163190
0.163190
0.163190
0.163190
0.163190
0.163190
0.163190
0.163190
0.163190
0.163190
0.163190
0.163190
0.163011
0.163011
0.161805
0.161805
0.161252
0.161157
0.160763
0.158018
0.158018
0.157327
0.156894
0.156888
0.156888
0.156888
0.155931
0.155931
0.155874
0.155874
0.155874
0.155874
0.155874
0.155370
0.155370
0.154690
0.154690
0.154690
0.154690
0.154690
0.154666
0.154666
0.154666
0.154666
0.154666
0.154666
0.154666
0.154666
0.152894
0.152697
0.152697
0.152697
0.152697
0.152313
0.152313
0.147554
0.147554
0.147554
0.147554
0.147344
0.147344
0.147344
0.147344
0.147344
0.147344
0.147344
0.147344
0.147344
0.147344
0.147067
0.146367
0.145808
0.144804
0.144804
0.144804
0.144804
0.144804
0.144804
0.143684
0.143684
0.141407
0.141407
0.140729
0.138625
0.138625
0.137792
0.137792
0.137613
0.137613
0.137613
0.137613
0.137613
0.137613
0.137613
0.137613
0.137502
0.137502
0.137502
0.137502
0.137478
0.137478
0.137478
0.137478
0.137478
0.137478
0.135980
0.135949
0.135949
0.135949
0.135949
0.135949
0.135949
0.135949
0.135949
0.133848
0.133848
0.133848
0.133848
0.133848
0.133848
0.133848
0.133848
0.133749
0.133749
0.133517
0.133517
0.133517
0.133517
0.133517
0.133517
0.133241
0.133241
0.133241
0.133241
0.133241
0.133241
0.133241
0.133241
0.133241
0.133241
0.132299
0.132299
0.132299
0.132299
0.132299
0.132299
0.131614
0.131614
0.131614
0.131614
0.130529
0.130529
0.130529
0.130529
0.130529
0.130016
0.130016
0.130016
0.130016
0.129532
0.129255
0.129255
0.129255
0.129255
0.129255
0.129255
0.129149
0.129149
0.128724
0.128723
0.128723
0.128723
0.128723
0.128723
0.128723
0.121375
0.121375
0.121375
0.121375
0.121375
0.121375
0.119835
0.119835
0.119835
0.119835
0.119835
0.119835
0.119835
0.119835
0.119835
0.119011
0.119011
0.119011
0.119011
0.119011
0.119011
0.119011
0.119011
0.118449
0.115066
0.115066
0.115066
0.115066
0.114724
0.114565
0.114565
0.114551
0.114551
0.114551
0.114551
0.114551
0.114551
0.114551
0.114551
0.114551
0.114551
0.114302
0.114302
0.114302
0.114302
0.110225
0.110225
0.110225
0.110225
0.110225
0.110225
0.110225
0.109906
0.109906
0.109906
0.109906
0.107436
0.107436
0.107436
0.107436
0.107436
0.107279
0.107279
0.107279
0.107279
0.107279
0.107264
0.107264
0.107264
0.107264
0.107264
0.107264
0.106595
0.106595
0.106595
0.106595
0.106595
0.106595
0.106595
0.106595
0.106595
0.106595
0.106595
0.106595
0.106595
0.106595
0.106595
0.106595
0.106595
0.106595
0.106595
0.106595
0.106595
0.106595
0.106595
0.106595
0.106595
0.106595
0.106595
0.106595
0.106595
0.106595
0.106595
0.106595
0.106595
0.106595
0.106595
0.106595
0.106595
0.106595
0.106595
0.106505
0.106505
0.106505
0.106504
0.106504
0.105776
0.104909
0.104909
0.104909
0.104909
0.104909
0.104745
0.104745
0.104745
0.104745
0.104745
0.104745
0.103051
0.103051
0.103051
0.102379
0.102379
0.102379
0.101941
0.101941
0.101941
0.101910
0.101910
0.101910
0.101910
0.101910
0.101910
0.101910
0.101910
0.101910
0.101910
0.101910
0.101910
0.101091
0.101091
0.100537
0.100442
0.100442
0.098471
0.098471
0.098471
0.098471
0.098471
0.098471
0.098471
0.098471
0.097740
0.097740
0.097740
0.097740
0.097740
0.097740
0.097003
0.096707
0.096707
0.096116
0.096116
0.096116
0.095902
0.095902
0.095902
0.095902
0.095902
0.095902
0.095902
0.095902
0.095902
0.095902
0.095902
0.095902
0.095902
0.093796
0.093796
0.093796
0.093796
0.093796
0.093796
0.093796
0.093796
0.093796
0.093796
0.093712
0.093712
0.093712
0.093712
0.093712
0.093156
0.092499
0.092499
0.092499
0.092483
0.092483
0.091703
0.091703
0.091703
0.091703
0.091703
0.091703
0.091703
0.091703
0.091703
0.091703
0.091419
0.091419
0.091419
0.091008
0.091008
0.091008
0.091008
0.091008
0.091008
0.091008
0.091008
0.090780
0.090697
0.090697
0.090697
0.090633
0.090633
0.090633
0.090633
0.089465
0.089465
0.089465
0.089465
0.089465
0.089465
0.089465
0.089465
0.089465
0.089341
0.089341
0.088986
0.088986
0.088986
0.088986
0.088986
0.088986
0.088986
0.088986
0.088986
0.088017
0.088017
0.088017
0.088017
0.087749
0.087278
0.087278
0.085272
0.085272
0.084754
0.084754
0.083686
0.083603
0.083603
0.083603
0.083603
0.083603
0.083603
0.083603
0.083603
0.083603
0.083603
0.083603
0.083603
0.083603
0.083549
0.083549
0.083549
0.083549
0.083549
0.083549
0.083549
0.082753
0.082753
0.082753
0.082453
0.082453
0.082453
0.082453
0.082453
0.082453
0.082453
0.082453
0.082453
0.082332
0.082332
0.082332
0.081948
0.081948
0.081827
0.081827
0.081827
0.081827
0.081611
0.081611
0.080977
0.080977
0.080977
0.080977
0.080977
0.080977
0.080977
0.080961
0.080961
0.080961
0.080961
0.080961
0.080961
0.080961
0.080961
0.080941
0.080807
0.080807
0.080807
0.080807
0.080807
0.080807
0.080807
0.080807
0.080807
0.080807
0.080807
0.080807
0.080807
0.080807
0.080807
0.080807
0.080807
0.080807
0.080807
0.079768
0.079768
0.079768
0.079768
0.079768
0.079768
0.079767
0.079767
0.079767
0.079767
0.079767
0.079767
0.079767
0.079767
0.079738
0.079738
0.079682
0.079682
0.079682
0.079682
0.079682
0.079682
0.079682
0.079682
0.079656
0.079656
0.079601
0.079601
0.079601
0.079601
0.079592
0.077973
0.077973
0.077973
0.077973
0.077973
0.077973
0.077973
0.076875
0.076875
0.076875
0.075338
0.075338
0.075338
0.075338
0.075338
0.075338
0.075338
0.075338
0.075210
0.075210
0.075210
0.074354
0.074354
0.074354
0.074354
0.074354
0.074354
0.074354
0.074042
0.074020
0.074020
0.074020
0.074020
0.074020
0.074020
0.074020
0.074020
0.074020
0.073741
0.073741
0.070767
0.070767
0.070767
0.070767
0.070727
0.070727
0.070727
0.070727
0.070711
0.070711
0.070711
0.070709
0.070709
0.070525
0.070525
0.070525
0.070525
0.070126
0.070126
0.070126
0.069716
0.069716
0.069714
0.069714
0.069392
0.069392
0.069392
0.069392
0.069392
0.069116
0.069116
0.069116
0.069116
0.069116
0.069116
0.069116
0.069116
0.069116
0.069116
0.069116
0.069116
0.069116
0.069116
0.069116
0.069116
0.069116
0.069116
0.069116
0.068850
0.068754
0.068754
0.068754
0.068754
0.068754
0.068754
0.068435
0.068435
0.068435
0.068435
0.068435
0.068435
0.066910
0.066910
0.066910
0.066910
0.066910
0.066910
0.066910
0.066910
0.066888
0.066888
0.065980
0.065980
0.065980
0.065980
0.065980
0.065980
0.065980
0.065980
0.065609
0.065343
0.065343
0.065001
0.065001
0.065001
0.065001
0.065001
0.065001
0.065001
0.065001
0.065001
0.065001
0.064950
0.064950
0.064950
0.064950
0.064950
0.064950
0.064950
0.064950
0.064950
0.064950
0.064950
0.064950
0.064950
0.064566
0.064566
0.064566
0.064566
0.064543
0.064543
0.064543
0.064543
0.064543
0.064543
0.063945
0.063854
0.063854
0.063854
0.063854
0.063854
0.063854
0.063852
0.063852
0.063852
0.063852
0.063852
0.063852
0.063552
0.063552
0.063552
0.063552
0.063234
0.063234
0.063234
0.063234
0.062414
0.062414
0.062414
0.062414
0.062414
0.062414
0.062414
0.062414
0.062414
0.062414
0.062293
0.062293
0.062088
0.062088
0.062088
0.062088
0.061991
0.061991
0.061991
0.061991
0.061529
0.061146
0.061146
0.061146
0.061146
0.061146
0.061146
0.061146
0.060762
0.060141
0.060141
0.060141
0.060141
0.060141
0.060139
0.060139
0.060139
0.060139
0.060139
0.060139
0.060139
0.060139
0.059568
0.059568
0.059568
0.059568
0.059568
0.059506
0.059506
0.059506
0.059506
0.059504
0.059504
0.059504
0.059504
0.059504
0.059504
0.059504
0.059504
0.059504
0.057400
0.057400
0.057400
0.057400
0.057400
0.057400
0.057400
0.057052
0.057052
0.057052
0.057052
0.057052
0.057052
0.057052
0.057052
0.057052
0.057052
0.056285
0.056285
0.056128
0.056128
0.056128
0.056128
0.056128
0.056128
0.056128
0.056128
0.056119
0.056119
0.056119
0.056119
0.056119
0.056119
0.056082
0.056082
0.055814
0.055814
0.054917
0.054917
0.054917
0.054917
0.054917
0.054892
0.054892
0.054025
0.054025
0.054025
0.054025
0.054025
0.054025
0.054025
0.053969
0.053969
0.053969
0.053969
0.053969
0.053969
0.053853
0.053853
0.053853
0.053853
0.053853
0.053853
0.053853
0.053853
0.053650
0.053650
0.053650
0.053034
0.053034
0.053034
0.052519
0.052519
0.052519
0.052519
0.052519
0.052519
0.052335
0.052335
0.052335
0.052335
0.052335
0.052335
0.052335
0.052335
0.052335
0.052335
0.052335
0.052328
0.052123
0.052123
0.052123
0.052123
0.052123
0.052059
0.052059
0.052059
0.051725
0.051725
0.051725
0.051725
0.051725
0.051674
0.051674
0.051674
0.050342
0.050342
0.050342
0.050342
0.050342
0.050342
0.050310
0.050310
0.050310
0.050310
0.050310
0.050310
0.050310
0.050310
0.050246
0.050246
0.049647
0.049556
0.049556
0.049556
0.049556
0.049556
0.049556
0.049556
0.049556
0.049556
0.049556
0.049556
0.049556
0.048937
0.048937
0.048937
0.048937
0.048937
0.048937
0.048937
0.048937
0.048937
0.048937
0.048937
0.048937
0.048937
0.048937
0.048886
0.048886
0.048886
0.048886
0.048886
0.048886
0.048886
0.048886
0.048886
0.048886
0.048886
0.048886
0.048886
0.048822
0.048582
0.048582
0.048582
0.048582
0.048582
0.048582
0.048582
0.048582
0.048582
0.048430
0.048313
0.048313
0.048313
0.048313
0.048313
0.048313
0.048313
0.048313
0.048313
0.048313
0.048313
0.047814
0.047814
0.047814
0.047814
0.047559
0.047559
0.047559
0.047174
0.047174
0.047174
0.047174
0.047174
0.047174
0.047174
0.047174
0.047174
0.047174
0.047174
0.047110
0.047110
0.047110
0.047110
0.047110
0.047110
0.047110
0.047110
0.047110
0.047110
0.047076
0.046988
0.046614
0.046614
0.046614
0.046614
0.046614
0.046614
0.046614
0.046614
0.046614
0.046614
0.046614
0.046614
0.046614
0.046614
0.046614
0.046614
0.046614
0.046614
0.046614
0.046614
0.046614
0.046614
0.046614
0.046614
0.046614
0.046614
0.046614
0.046614
0.046614
0.046614
0.046614
0.046614
0.046614
0.046614
0.046614
0.046550
0.046522
0.046385
0.046385
0.046385
0.046385
0.046238
0.046238
0.046238
0.046238
0.046238
0.045516
0.045516
0.045516
0.045516
0.045146
0.045146
0.045146
0.045146
0.045146
0.045146
0.045146
0.045146
0.045082
0.045082
0.045082
0.045082
0.045082
0.045082
0.045082
0.045082
0.045082
0.045082
0.045082
0.045082
0.045082
0.045082
0.045082
0.045082
0.045082
0.045082
0.045082
0.045082
0.045082
0.045082
0.045082
0.045082
0.045082
0.044577
0.044577
0.044577
0.044557
0.044557
0.044557
0.044557
0.044557
0.044548
0.044548
0.044548
0.044548
0.044548
0.044548
0.044548
0.044548
0.044510
0.044094
0.044094
0.044094
0.044094
0.044094
0.044094
0.044094
0.044094
0.044094
0.044094
0.044094
0.044094
0.043873
0.043873
0.043873
0.043873
0.043873
0.043873
0.041784
0.041784
0.041784
0.041784
0.041784
0.041784
0.041784
0.041784
0.041685
0.041685
0.041685
0.041273
0.041273
0.041273
0.041273
0.041273
0.041273
0.041273
0.041273
0.041273
0.041249
0.041249
0.041249
0.041249
0.041249
0.041220
0.041220
0.040603
0.040603
0.040603
0.040228
0.040228
0.040175
0.039590
0.039590
0.039590
0.039590
0.039590
0.039590
0.039247
0.039247
0.039247
0.039157
0.039157
0.038972
0.038925
0.038553
0.038553
0.038553
0.038553
0.038480
0.038480
0.038480
0.038480
0.038480
0.038480
0.038416
0.038416
0.038416
0.038416
0.038416
0.038416
0.038103
0.038103
0.038103
0.038103
0.038103
0.038103
0.038103
0.038103
0.038103
0.038103
0.038103
0.038103
0.038103
0.038103
0.038103
0.038103
0.038042
0.037792
0.037792
0.037792
0.037676
0.037676
0.037676
0.037676
0.037676
0.037676
0.037676
0.037676
0.037676
0.037676
0.037676
0.037324
0.037324
0.037324
0.037324
0.037324
0.037324
0.037324
0.036380
0.036380
0.036380
0.036380
0.036380
0.036380
0.036220
0.036220
0.036220
0.036220
0.036220
0.036220
0.036220
0.036220
0.036220
0.036220
0.036220
0.036220
0.036197
0.036197
0.036126
0.036126
0.036126
0.036126
0.036126
0.036126
0.035980
0.035980
0.035968
0.035968
0.035968
0.035968
0.035968
0.035968
0.035968
0.035968
0.035968
0.035964
0.035964
0.035964
0.035964
0.035822
0.035822
0.035822
0.035822
0.035822
0.035374
0.035374
0.035374
0.035374
0.035374
0.035374
0.035053
0.034946
0.034946
0.034946
0.034946
0.034946
0.034946
0.034946
0.034946
0.034946
0.034713
0.034713
0.034713
0.034713
0.034713
0.034713
0.034713
0.034713
0.034713
0.034713
0.034713
0.034713
0.034713
0.034713
0.034713
0.034713
0.034713
0.034713
0.034713
0.034713
0.034713
0.034713
0.034713
0.034713
0.034713
0.034713
0.034556
0.034556
0.034556
0.034556
0.034556
0.034556
0.034361
0.034204
0.034204
0.034195
0.034195
0.034195
0.034195
0.034195
0.034195
0.034195
0.034195
0.034195
0.034195
0.034195
0.034195
0.034195
0.034195
0.033815
0.033815
0.033815
0.033815
0.033815
0.033815
0.033815
0.033815
0.033815
0.033815
0.033806
0.033806
0.033712
0.033712
0.033712
0.033270
0.033270
0.033270
0.033270
0.033270
0.033270
0.032875
0.032875
0.032875
0.032875
0.032875
0.032875
0.032875
0.032875
0.032742
0.032742
0.032738
0.032738
0.032738
0.032738
0.032738
0.032738
0.032738
0.032738
0.032738
0.032738
0.032701
0.032701
0.032701
0.032701
0.032701
0.032701
0.032692
0.032692
0.032692
0.032692
0.032692
0.032689
0.032689
0.032689
0.032689
0.032689
0.032475
0.032475
0.032475
0.032475
0.032475
0.032217
0.032217
0.032217
0.031970
0.031970
0.031970
0.031970
0.031970
0.031970
0.031970
0.031970
0.031970
0.031970
0.031954
0.031954
0.031954
0.031954
0.031954
0.031954
0.031954
0.031954
0.031954
0.031954
0.031954
0.031954
0.031954
0.031954
0.031954
0.031954
0.031951
0.031912
0.031912
0.031912
0.031912
0.031912
0.031912
0.031912
0.031903
0.031903
0.031903
0.031903
0.031903
0.031903
0.031903
0.031903
0.031903
0.031903
0.031903
0.031903
0.031903
0.031903
0.031903
0.031903
0.031903
0.031903
0.031903
0.031903
0.031882
0.031882
0.031882
0.031882
0.031882
0.031832
0.031832
0.031832
0.031832
0.031832
0.031832
0.031800
0.031800
0.031800
0.031800
0.031800
0.031800
0.031800
0.031800
0.031800
0.031800
0.031800
0.031800
0.031800
0.031800
0.031800
0.031749
0.031749
0.031749
0.031737
0.031737
0.031737
0.031737
0.031737
0.031737
0.031737
0.031737
0.031737
0.031737
0.031737
0.031737
0.031223
0.031223
0.031223
0.031223
0.031223
0.031223
0.031223
0.031223
0.031223
0.031223
0.031223
0.031223
0.031223
0.031223
0.030083
0.029629
0.029629
0.029629
0.029629
0.029629
0.029629
0.029588
0.029577
0.029577
0.029577
0.029577
0.029577
0.029296
0.029296
0.029296
0.029296
0.029296
0.029296
0.029296
0.029296
0.029005
0.029005
0.029005
0.029005
0.028888
0.028888
0.028888
0.028888
0.028888
0.028888
0.028888
0.028888
0.028888
0.028888
0.028888
0.028888
0.028888
0.028888
0.028888
0.028888
0.028888
0.028888
0.028888
0.028888
0.028888
0.028888
0.028824
0.028824
0.028824
0.028820
0.028820
0.028797
0.028797
0.028797
0.028797
0.028797
0.028797
0.028398
0.028398
0.028398
0.028398
0.028398
0.028398
0.028398
0.028398
0.028398
0.028398
0.028365
0.028365
0.028365
0.028365
0.028293
0.028293
0.028293
0.028293
0.028293
0.028293
0.028293
0.028293
0.028293
0.028293
0.028293
0.028293
0.028293
0.028293
0.028293
0.028293
0.028293
0.028293
0.028293
0.028293
0.028293
0.028293
0.028293
0.028293
0.028293
0.028293
0.028293
0.028293
0.028293
0.028293
0.028293
0.028293
0.028293
0.028293
0.028293
0.028293
0.028293
0.028293
0.028293
0.028293
0.028293
0.028293
0.028293
0.028293
0.028293
0.028293
0.028293
0.028293
0.028217
0.028217
0.028200
0.028200
0.028200
0.028200
0.028200
0.028200
0.028200
0.028200
0.028200
0.028200
0.028200
0.028200
0.028200
0.028148
0.028148
0.028148
0.028148
0.028148
0.028148
0.028148
0.028148
0.028148
0.028148
0.028148
0.028148
0.028148
0.028148
0.028148
0.028148
0.028148
0.028148
0.028148
0.028148
0.028148
0.028148
0.028148
0.028148
0.028148
0.028148
0.028148
0.028148
0.028148
0.028148
0.028148
0.028148
0.028105
0.028105
0.028105
0.028105
0.028105
0.028105
0.028105
0.028105
0.028105
0.028105
0.028105
0.028105
0.028105
0.028105
0.028105
0.028105
0.028105
0.028105
0.028038
0.028038
0.028038
0.028038
0.028029
0.028029
0.028029
0.028029
0.028029
0.028029
0.028002
0.028002
0.028002
0.028002
0.028002
0.028002
0.028002
0.028002
0.028002
0.028002
0.028002
0.027716
0.027716
0.027716
0.027636
0.027636
0.027636
0.027636
0.027636
0.027636
0.027636
0.027636
0.027636
0.027636
0.027636
0.027636
0.027636
0.027636
0.027211
0.027211
0.027180
0.027180
0.027180
0.027180
0.027180
0.027180
0.027180
0.027180
0.027180
0.027180
0.027180
0.027180
0.027180
0.027180
0.027180
0.027180
0.027180
0.027180
0.027180
0.027180
0.027180
0.027180
0.027180
0.027180
0.027180
0.027180
0.027180
0.027180
0.027180
0.027180
0.027180
0.027180
0.027180
0.027180
0.027150
0.027150
0.027150
0.027150
0.027150
0.027106
0.027106
0.027106
0.027106
0.027106
0.027106
0.027106
0.027106
0.027106
0.027106
0.027106
0.027106
0.027106
0.026867
0.026867
0.026867
0.026867
0.026867
0.026867
0.026867
0.026867
0.026867
0.026457
0.026457
0.026457
0.026457
0.026317
0.026317
0.026317
0.026317
0.026317
0.026317
0.026317
0.026317
0.026317
0.026317
0.026317
0.026317
0.026317
0.026317
0.026317
0.026317
0.026317
0.026317
0.026317
0.026317
0.026317
0.026317
0.026317
0.026317
0.026317
0.026317
0.026317
0.026317
0.026317
0.026317
0.026317
0.025985
0.025641
0.025625
0.025625
0.025625
0.025625
0.025625
0.025625
0.025625
0.025625
0.025625
0.025625
0.025625
0.025625
0.025625
0.025625
0.025625
0.025625
0.025625
0.025625
0.025622
0.025622
0.025622
0.025622
0.025622
0.025622
0.025622
0.025622
0.025564
0.025564
0.025564
0.025564
0.025474
0.025474
0.025474
0.025474
0.025474
0.025474
0.025474
0.025405
0.025405
0.025405
0.025405
0.025405
0.025405
0.025405
0.025405
0.025405
0.025343
0.025343
0.025343
0.025343
0.025343
0.025343
0.025343
0.025343
0.025326
0.025326
0.025326
0.025326
0.025326
0.025326
0.025326
0.025326
0.025284
0.025284
0.025239
0.025239
0.025239
0.025239
0.025239
0.025239
0.025239
0.025239
0.025239
0.025239
0.025113
0.025113
0.025070
0.025070
0.025070
0.025070
0.025070
0.025070
0.025070
0.025039
0.025039
0.025039
0.024875
0.024875
0.024875
0.024742
0.024573
0.024545
0.024545
0.024545
0.024545
0.024545
0.024545
0.024545
0.024545
0.024545
0.024545
0.024545
0.024545
0.024545
0.024545
0.024545
0.024494
0.024494
0.024494
0.024494
0.024349
0.024349
0.024349
0.024349
0.024349
0.024349
0.024349
0.024349
0.024349
0.024349
0.024349
0.024349
0.024349
0.024349
0.024349
0.024349
0.024349
0.024349
0.024349
0.024349
0.024349
0.024349
0.024349
0.024349
0.024349
0.024349
0.024349
0.024349
0.024349
0.024349
0.024349
0.024349
0.024349
0.024349
0.024349
0.024349
0.024349
0.024349
0.024349
0.024349
0.024333
0.024333
0.024333
0.024305
0.024305
0.024305
0.024305
0.024305
0.024305
0.024305
0.024305
0.024305
0.024305
0.024305
0.024305
0.024305
0.024305
0.024305
0.024305
0.024305
0.024305
0.024305
0.024305
0.024305
0.024305
0.024305
0.024305
0.024305
0.024305
0.024305
0.024305
0.024305
0.024305
0.024305
0.024305
0.024305
0.024305
0.024305
0.024305
0.024304
0.024304
0.024302
0.024302
0.024302
0.024302
0.024244
0.024244
0.024244
0.024244
0.024244
0.024244
0.024244
0.024244
0.024244
0.024244
0.024133
0.024133
0.024133
0.024133
0.024133
0.024133
0.024133
0.024133
0.024133
0.024133
0.024133
0.024133
0.024133
0.024133
0.024133
0.024133
0.024133
0.024133
0.024032
0.024032
0.024032
0.024032
0.024032
0.024032
0.024032
0.024032
0.024032
0.023735
0.023735
0.023735
0.023726
0.023726
0.023726
0.023726
0.023726
0.023726
0.023726
0.023684
0.023684
0.023672
0.023672
0.023341
0.023341
0.023290
0.023290
0.023290
0.023290
0.023290
0.023290
0.023290
0.023290
0.023290
0.023290
0.023248
0.023248
0.023248
0.023246
0.023246
0.023246
0.023246
0.023246
0.023246
0.023246
0.023246
0.023246
0.023246
0.023233
0.023233
0.023233
0.023233
0.023217
0.023217
0.023217
0.023217
0.023217
0.023125
0.023125
0.023125
0.023125
0.023125
0.023125
0.023125
0.023125
0.023125
0.023125
0.023125
0.022916
0.022916
0.022794
0.022794
0.022794
0.022794
0.022777
0.022777
0.022777
0.022777
0.022777
0.022777
0.022760
0.022760
0.022760
0.022760
0.022760
0.022750
0.022750
0.022750
0.022750
0.022750
0.022750
0.022750
0.022750
0.022750
0.022750
0.022750
0.022750
0.022750
0.022750
0.022750
0.022750
0.022750
0.022750
0.022750
0.022750
0.022750
0.022750
0.022750
0.022750
0.022750
0.022750
0.022750
0.022750
0.022750
0.022750
0.022284
0.022284
0.022284
0.022242
0.022242
0.022242
0.022242
0.022242
0.022242
0.022238
0.022238
0.022238
0.022238
0.022238
0.021979
0.021933
0.021933
0.021933
0.021933
0.021917
0.021917
0.021917
0.021917
0.021917
0.021917
0.021917
0.021917
0.021917
0.021917
0.021917
0.021917
0.021378
0.021378
0.021378
0.021378
0.021378
0.021378
0.021378
0.021378
0.021266
0.021229
0.021229
0.021229
0.021229
0.021229
0.021216
0.021216
0.021216
0.021216
0.021216
0.021216
0.021216
0.021216
0.021216
0.021216
0.021216
0.021216
0.021216
0.021216
0.020959
0.020959
0.020955
0.020955
0.020955
0.020955
0.020955
0.020955
0.020955
0.020955
0.020955
0.020955
0.020955
0.020912
0.020912
0.020912
0.020912
0.020912
0.020912
0.020858
0.020858
0.020858
0.020858
0.020858
0.020858
0.020858
0.020858
0.020741
0.020741
0.020741
0.020741
0.020697
0.020697
0.020501
0.020501
0.020501
0.020501
0.020501
0.020501
0.020501
0.020501
0.020501
0.020501
0.020501
0.020452
0.020452
0.020452
0.020452
0.020452
0.020452
0.020290
0.020290
0.020290
0.020290
0.020290
0.020290
0.020290
0.020283
0.020108
0.020108
0.020108
0.020108
0.020108
0.020108
0.020108
0.020108
0.020108
0.019973
0.019957
0.019957
0.019957
0.019957
0.019957
0.019955
0.019955
0.019955
0.019955
0.019955
0.019955
0.019952
0.019952
0.019952
0.019952
0.019952
0.019952
0.019952
0.019952
0.019938
0.019938
0.019938
0.019938
0.019931
0.019931
0.019931
0.019931
0.019931
0.019931
0.019931
0.019931
0.019931
0.019931
0.019931
0.019931
0.019931
0.019931
0.019931
0.019931
0.019931
0.019314
0.019312
0.019312
0.019229
0.019229
0.019229
0.019229
0.019229
0.019229
0.019229
0.019229
0.019229
0.019225
0.019225
0.019225
0.019225
0.019225
0.019225
0.019205
0.019205
0.019205
0.019205
0.019205
0.019205
0.019205
0.019205
0.019205
0.019205
0.019205
0.019205
0.019205
0.019205
0.019205
0.019205
0.019205
0.019205
0.019205
0.019205
0.019205
0.019205
0.019205
0.019205
0.019205
0.019190
0.019190
0.018948
0.018948
0.018948
0.018948
0.018799
0.018799
0.018799
0.018799
0.018799
0.018799
0.018798
0.018798
0.018798
0.018798
0.018798
0.018798
0.018798
0.018798
0.018798
0.018798
0.018798
0.018798
0.018780
0.018780
0.018780
0.018780
0.018780
0.018614
0.018614
0.018614
0.018614
0.018614
0.018382
0.018382
0.018382
0.018382
0.018382
0.018382
0.018382
0.018382
0.018382
0.018382
0.018382
0.018382
0.018382
0.018382
0.018382
0.018298
0.018298
0.018298
0.018298
0.018298
0.018276
0.018276
0.018276
0.018114
0.018114
0.018114
0.018114
0.018114
0.018114
0.018114
0.018068
0.018068
0.018068
0.018068
0.018068
0.018068
0.018068
0.018068
0.018068
0.018068
0.018068
0.018037
0.018037
0.018037
0.018037
0.018037
0.018037
0.018037
0.018037
0.018037
0.018037
0.018037
0.018037
0.018037
0.018037
0.018037
0.018037
0.018037
0.018037
0.018037
0.018037
0.018037
0.017960
0.017960
0.017960
0.017899
0.017899
0.017898
0.017769
0.017769
0.017769
0.017769
0.017769
0.017769
0.017769
0.017769
0.017769
0.017769
0.017769
0.017769
0.017768
0.017768
0.017677
0.017677
0.017677
0.017677
0.017677
0.017677
0.017677
0.017677
0.017677
0.017677
0.017677
0.017641
0.017641
0.017641
0.017641
0.017641
0.017641
0.017641
0.017641
0.017641
0.017641
0.017641
0.017641
0.017641
0.017628
0.017628
0.017628
0.017628
0.017628
0.017628
0.017628
0.017628
0.017628
0.017628
0.017628
0.017628
0.017628
0.017628
0.017628
0.017628
0.017628
0.017628
0.017628
0.017612
0.017556
0.017556
0.017556
0.017556
0.017556
0.017364
0.017364
0.017364
0.017364
0.017364
0.017364
0.017334
0.017298
0.017298
0.017298
0.017298
0.017298
0.017298
0.017298
0.017298
0.017298
0.017298
0.017298
0.017298
0.017298
0.017298
0.017298
0.017298
0.017298
0.017153
0.017153
0.017153
0.017153
0.017145
0.017145
0.017145
0.017145
0.017145
0.017145
0.017145
0.017145
0.017145
0.017145
0.017145
0.017145
0.017145
0.017145
0.017145
0.017145
0.017145
0.017130
0.017130
0.017130
0.017130
0.017130
0.017130
0.017103
0.017103
0.017103
0.017103
0.017103
0.017103
0.017103
0.017103
0.016971
0.016971
0.016971
0.016971
0.016971
0.016971
0.016971
0.016971
0.016971
0.016971
0.016971
0.016971
0.016971
0.016427
0.016427
0.016427
0.016427
0.016427
0.016427
0.016427
0.016427
0.016427
0.016427
0.016427
0.016427
0.016427
0.016427
0.016427
0.016427
0.016427
0.016427
0.016427
0.016427
0.016427
0.016427
0.016427
0.016427
0.016427
0.016413
0.016413
0.016281
0.016281
0.016281
0.016281
0.016281
0.016281
0.016281
0.016281
0.016240
0.016240
0.016240
0.016240
0.016240
0.016240
0.015920
0.015920
0.015920
0.015920
0.015920
0.015608
0.015608
0.015608
0.015608
0.015592
0.015592
0.015592
0.015592
0.015575
0.015575
0.015575
0.015575
0.015575
0.015575
0.015575
0.015575
0.015575
0.015575
0.015575
0.015575
0.015575
0.015575
0.015575
0.015575
0.014671
0.014667
0.014667
0.014667
0.014667
0.014667
0.014667
0.014667
0.014667
0.014667
0.014667
0.014667
0.014667
0.014667
0.014667
0.014667
0.014667
0.014667
0.014667
0.014667
0.014667
0.014437
0.014437
0.014437
0.014437
0.014437
0.014437
0.014437
0.014437
0.014437
0.014424
0.014424
0.014424
0.014424
0.014424
0.014424
0.014424
0.014424
0.014424
0.014424
0.014424
0.014424
0.014424
0.014409
0.014409
0.014409
0.014409
0.014409
0.014409
0.014409
0.014409
0.014409
0.014409
0.014409
0.014409
0.014409
0.014409
0.014409
0.014409
0.014409
0.014409
0.014409
0.014409
0.014409
0.014409
0.014409
0.014409
0.014409
0.014294
0.014294
0.014294
0.014294
0.014294
0.014294
0.014273
0.014273
0.014273
0.014273
0.014273
0.014273
0.014273
0.014273
0.014273
0.014273
0.014273
0.014273
0.014273
0.014266
0.014165
0.014165
0.014165
0.014165
0.014165
0.014165
0.014165
0.014165
0.014165
0.014165
0.014107
0.014107
0.014107
0.014107
0.014107
0.014107
0.014107
0.014055
0.013977
0.013886
0.013886
0.013886
0.013886
0.013886
0.013886
0.013886
0.013886
0.013886
0.013886
0.013886
0.013886
0.013886
0.013886
0.013886
0.013886
0.013886
0.013886
0.013886
0.013866
0.013866
0.013866
0.013866
0.013866
0.013866
0.013866
0.013866
0.013732
0.013732
0.013732
0.013732
0.013732
0.013732
0.013724
0.013724
0.013724
0.013724
0.013724
0.013724
0.013724
0.013724
0.013724
0.013724
0.013724
0.013724
0.013724
0.013724
0.013724
0.013724
0.013724
0.013724
0.013724
0.013724
0.013724
0.013724
0.013724
0.013724
0.013724
0.013724
0.013724
0.013724
0.013724
0.013724
0.013724
0.013724
0.013724
0.013724
0.013724
0.013724
0.013724
0.013724
0.013724
0.013715
0.013715
0.013715
0.013715
0.013715
0.013715
0.013715
0.013715
0.013715
0.013692
0.013692
0.013692
0.013692
0.013692
0.013692
0.013692
0.013678
0.013678
0.013678
0.013678
0.013678
0.013678
0.013678
0.013678
0.013668
0.013668
0.013668
0.013668
0.013668
0.013668
0.013612
0.013612
0.013612
0.013612
0.013612
0.013612
0.013612
0.013612
0.013153
0.013153
0.013153
0.013153
0.013153
0.013153
0.013153
0.013153
0.013153
0.013153
0.013153
0.013153
0.013153
0.013153
0.013153
0.013153
0.013136
0.013136
0.013136
0.013136
0.013136
0.013136
0.013136
0.013136
0.013136
0.013136
0.013136
0.013136
0.013136
0.013114
0.013110
0.013110
0.013110
0.013110
0.013031
0.013031
0.012896
0.012896
0.012896
0.012896
0.012896
0.012896
0.012896
0.012896
0.012762
0.012762
0.012762
0.012762
0.012762
0.012762
0.012762
0.012762
0.012762
0.012762
0.012762
0.012762
0.012762
0.012762
0.012762
0.012762
0.012762
0.012730
0.012730
0.012730
0.012730
0.012730
0.012730
0.012730
0.012730
0.012730
0.012730
0.012716
0.012716
0.012716
0.012716
0.012617
0.012617
0.012575
0.012575
0.012555
0.012555
0.012555
0.012555
0.012555
0.012555
0.012555
0.012555
0.012555
0.012555
0.012555
0.012555
0.012555
0.012555
0.012555
0.012555
0.012555
0.012555
0.012555
0.012555
0.012555
0.012540
0.012500
0.012500
0.012500
0.012500
0.012500
0.012500
0.012500
0.012500
0.012500
0.012500
0.012500
0.012500
0.012500
0.012500
0.012500
0.012500
0.012500
0.012500
0.012500
0.012500
0.012500
0.012500
0.012500
0.012500
0.012500
0.012500
0.012500
0.012500
0.012500
0.012500
0.012500
0.012500
0.012500
0.012500
0.012387
0.012387
0.012387
0.012387
0.012387
0.012387
0.012387
0.012387
0.012387
0.012387
0.012387
0.012387
0.012387
0.012387
0.012367
0.012367
0.012367
0.012367
0.012367
0.012367
0.012367
0.012353
0.012353
0.012353
0.012337
0.012337
0.012337
0.012337
0.012337
0.012181
0.012181
0.012181
0.012181
0.012181
0.012181
0.012181
0.012181
0.012181
0.012181
0.012181
0.012181
0.012181
0.012164
0.012164
0.012164
0.012164
0.012164
0.012164
0.012164
0.012163
0.012163
0.012163
0.012163
0.012158
0.012158
0.012158
0.012158
0.012114
0.012114
0.012114
0.012114
0.012114
0.012114
0.012114
0.012114
0.012114
0.012114
0.012037
0.012037
0.012037
0.012037
0.012037
0.012037
0.012037
0.012037
0.012037
0.012037
0.012037
0.012037
0.012037
0.012037
0.012037
0.012037
0.012037
0.012037
0.012037
0.012037
0.012037
0.012037
0.012037
0.012037
0.012037
0.012037
0.012037
0.012037
0.012037
0.012037
0.012037
0.012037
0.012037
0.012037
0.012037
0.012011
0.012011
0.012011
0.011984
0.011984
0.011984
0.011984
0.011984
0.011984
0.011984
0.011984
0.011984
0.011984
0.011984
0.011949
0.011949
0.011949
0.011949
0.011949
0.011949
0.011949
0.011949
0.011949
0.011949
0.011949
0.011949
0.011949
0.011949
0.011949
0.011949
0.011949
0.011949
0.011949
0.011949
0.011949
0.011949
0.011949
0.011949
0.011949
0.011949
0.011949
0.011949
0.011949
0.011949
0.011949
0.011949
0.011949
0.011949
0.011128
0.011128
0.011128
0.011128
0.011128
0.011128
0.011074
0.011074
0.011074
0.011074
0.011074
0.011074
0.011074
0.011074
0.011074
0.011074
0.011074
0.011074
0.011074
0.011066
0.011066
0.011066
0.011066
0.011066
0.011066
0.011066
0.011066
0.011066
0.011066
0.011066
0.011066
0.011066
0.011066
0.011066
0.011066
0.011066
0.011066
0.011066
0.011066
0.011066
0.011066
0.011066
0.011066
0.011066
0.011066
0.011066
0.011066
0.011066
0.011066
0.011066
0.011066
0.011066
0.011066
0.011066
0.011066
0.011066
0.011066
0.011066
0.011066
0.011066
0.011057
0.011057
0.011057
0.011057
0.011057
0.011057
0.011057
0.011057
0.011057
0.011057
0.011057
0.011057
0.011057
0.011057
0.011057
0.011057
0.011057
0.011057
0.011057
0.011057
0.011057
0.011057
0.011057
0.011057
0.011057
0.011057
0.011057
0.011057
0.011057
0.011057
0.011057
0.011057
0.011057
0.011057
0.011057
0.011057
0.011057
0.011057
0.011057
0.011057
