19.932662
19.692734
19.591779
19.460280
19.397616
19.311909
19.233882
19.176182
18.884408
18.809802
18.588323
18.550838
18.504944
18.428761
18.319040
18.191180
18.073187
17.995027
17.808912
17.745174
17.648625
17.569258
17.376295
17.215139
17.176543
16.752476
16.729665
16.484235
16.471373
16.385202
16.203566
16.051138
15.867101
15.845078
15.751093
15.728505
15.727844
15.645073
15.375537
15.322431
15.249482
15.191401
15.035110
14.999617
14.965191
14.929316
14.849657
14.826883
14.646177
14.586310
14.495790
14.423678
14.410445
14.340304
14.328099
14.267602
14.060061
13.982479
13.784123
13.593749
13.550376
13.471518
13.250006
13.142650
13.142650
13.139030
12.987935
12.932371
12.906366
12.903875
12.819775
12.809411
12.731364
12.681047
12.668798
12.599957
12.588785
12.498524
12.412858
12.359785
12.271368
12.232904
12.181637
12.133603
12.104916
12.036734
12.004476
11.812650
11.691892
11.598046
11.532029
11.448888
11.427145
11.415466
11.386175
11.199852
11.149930
11.136294
11.094877
11.026774
10.949024
10.897737
10.849115
10.786743
10.690728
10.646387
10.382481
10.377509
10.349281
10.284756
10.247070
10.221656
10.151428
10.055452
10.028047
9.958006
9.877623
9.869298
9.860190
9.821176
9.764058
9.638006
9.604716
9.538723
9.468916
9.379795
9.257477
9.205458
9.181577
9.180573
9.112637
9.044054
9.020610
9.011203
8.988390
8.947104
8.832815
8.744686
8.733894
8.648653
8.626015
8.493366
8.492871
8.492871
8.459027
8.419067
8.313662
8.275851
8.237165
8.215660
8.131722
8.050066
7.996780
7.961753
7.914561
7.874641
7.846654
7.836286
7.824751
7.817782
7.726664
7.718954
7.612886
7.557367
7.533718
7.511753
7.420496
7.358155
7.339442
7.294378
7.262301
7.180657
7.154133
7.108710
7.019854
6.948779
6.936579
6.795295
6.749505
6.735838
6.711472
6.708980
6.704919
6.692105
6.665016
6.614585
6.608265
6.593009
6.593009
6.555438
6.484769
6.472022
6.429391
6.429391
6.422200
6.341487
6.298593
6.269278
6.268884
6.262950
6.246961
6.201937
6.145644
6.086934
6.062299
6.003716
5.995019
5.971392
5.960583
5.960583
5.960583
5.939287
5.914879
5.886672
5.868409
5.846425
5.843922
5.800574
5.792070
5.714661
5.699710
5.699710
5.699710
5.694200
5.690483
5.683297
5.654206
5.649942
5.636277
5.636277
5.636277
5.613259
5.612548
5.601142
5.535397
5.532284
5.520046
5.439643
5.412308
5.380735
5.355174
5.269488
5.245962
5.243566
5.189777
5.163407
5.146664
5.121721
5.112271
5.105933
5.083388
5.051539
5.045652
5.018411
5.018411
5.008768
5.001955
5.001955
4.959890
4.943221
4.936983
4.921147
4.896046
4.886117
4.878716
4.814077
4.809990
4.801164
4.788156
4.742117
4.713600
4.676950
4.676950
4.675386
4.640826
4.630052
4.592225
4.571293
4.545290
4.498028
4.482567
4.471719
4.456068
4.414216
4.347630
4.347630
4.347630
4.337375
4.324990
4.308498
4.297611
4.294646
4.293846
4.282402
4.271519
4.242334
4.164576
4.128860
4.123341
4.071782
4.068636
4.061152
4.060303
4.029177
4.017646
4.007621
3.994401
3.983368
3.973555
3.970516
3.969629
3.960122
3.929513
3.917807
3.907124
3.902561
3.874670
3.871858
3.853996
3.828359
3.826377
3.825591
3.817998
3.809641
3.804227
3.800300
3.781576
3.767090
3.742910
3.724396
3.705843
3.691748
3.665865
3.663509
3.660539
3.640806
3.640732
3.630415
3.614584
3.606373
3.575630
3.565284
3.563693
3.563693
3.556473
3.524350
3.510033
3.510020
3.509165
3.473028
3.465197
3.445681
3.430482
3.410089
3.397598
3.378793
3.367973
3.363200
3.358086
3.350725
3.344142
3.314756
3.292476
3.279773
3.255272
3.255124
3.253130
3.236491
3.216632
3.211846
3.199579
3.188338
3.183594
3.174138
3.173926
3.144763
3.141018
3.133398
3.128534
3.123665
3.085216
3.084618
3.059776
3.052886
3.048546
3.041200
3.040412
3.019979
3.005306
2.974872
2.950714
2.943095
2.939849
2.915863
2.895875
2.891343
2.879659
2.879659
2.879659
2.879659
2.876021
2.876021
2.874411
2.857961
2.843746
2.838825
2.815616
2.810996
2.789945
2.785284
2.761328
2.759691
2.759691
2.747416
2.714218
2.713081
2.689959
2.687916
2.654130
2.642161
2.630022
2.626589
2.626589
2.623002
2.605151
2.578054
2.562525
2.548435
2.543171
2.540705
2.540705
2.540705
2.530635
2.522150
2.522150
2.492269
2.475776
2.475765
2.426193
2.380634
2.353276
2.353276
2.336973
2.335074
2.334986
2.334986
2.334445
2.325577
2.325577
2.325577
2.307902
2.284392
2.267157
2.262417
2.260520
2.260520
2.258613
2.221055
2.208819
2.200639
2.192143
2.191991
2.180091
2.178567
2.178567
2.169838
2.169838
2.157223
2.156139
2.148767
2.124359
2.117553
2.117407
2.098694
2.098694
2.069908
2.058815
2.054862
2.047948
2.031386
2.031386
2.019459
2.002588
1.995479
1.982850
1.958628
1.958496
1.941074
1.940052
1.938468
1.926146
1.904494
1.891022
1.886225
1.867973
1.853226
1.831525
1.831525
1.828331
1.800757
1.800707
1.797586
1.797586
1.793943
1.793943
1.782340
1.770270
1.770259
1.770259
1.749866
1.748718
1.746930
1.746930
1.746930
1.744557
1.728064
1.726754
1.705070
1.703544
1.694882
1.693602
1.652280
1.652280
1.647575
1.641151
1.621228
1.611591
1.597453
1.579138
1.577657
1.568566
1.568429
1.568262
1.562205
1.514073
1.512968
1.512331
1.512331
1.512265
1.466333
1.465362
1.453037
1.453037
1.451408
1.450453
1.445381
1.438356
1.429795
1.428716
1.414820
1.388293
1.388293
1.382514
1.354845
1.328579
1.324125
1.323218
1.322677
1.322677
1.301982
1.300140
1.285439
1.276298
1.276298
1.276298
1.273586
1.270293
1.268317
1.268247
1.263437
1.262334
1.239019
1.233163
1.221434
1.216936
1.216863
1.215324
1.212654
1.209156
1.207495
1.163817
1.158946
1.157159
1.140107
1.116837
1.113240
1.112988
1.110376
1.110376
1.110376
1.106713
1.097223
1.090740
1.090740
1.072666
1.072169
1.068928
1.068157
1.068157
1.066114
1.060125
1.058843
1.057887
1.056644
1.030091
1.030091
1.023111
1.020084
1.017961
1.009839
1.009839
1.009839
1.001928
0.998324
0.998324
0.985040
0.981319
0.970359
0.966560
0.942050
0.940765
0.938970
0.933593
0.920425
0.906861
0.906789
0.906789
0.895458
0.895446
0.872889
0.872889
0.870853
0.864565
0.864565
0.851286
0.851286
0.851286
0.849073
0.849073
0.849073
0.849073
0.818595
0.815006
0.809953
0.809249
0.809214
0.806814
0.801144
0.785592
0.783472
0.782596
0.775950
0.775611
0.775611
0.742821
0.742821
0.742407
0.737951
0.737450
0.736765
0.728775
0.727316
0.727316
0.725334
0.725334
0.674731
0.674127
0.668885
0.662278
0.660684
0.660684
0.659863
0.659823
0.642298
0.641390
0.641390
0.640400
0.639143
0.639143
0.639101
0.638745
0.623366
0.621219
0.618047
0.618047
0.606384
0.606384
0.578935
0.577442
0.574764
0.573643
0.573007
0.571615
0.571615
0.570121
0.570121
0.570121
0.566167
0.565167
0.565167
0.562951
0.535297
0.532559
0.530306
0.517295
0.507485
0.506615
0.506615
0.500668
0.498644
0.498287
0.483896
0.483896
0.483896
0.483896
0.483694
0.483694
0.483496
0.483496
0.443357
0.440095
0.439782
0.439661
0.438482
0.434152
0.434152
0.430525
0.430525
0.429861
0.429861
0.429629
0.428305
0.428305
0.427511
0.427282
0.423527
0.412095
0.410128
0.409016
0.405829
0.405584
0.405567
0.393398
0.393373
0.387578
0.385917
0.385349
0.380153
0.380153
0.374603
0.355013
0.354990
0.354990
0.354990
0.354510
0.349984
0.349923
0.349923
0.349558
0.349558
0.349558
0.348948
0.348948
0.347561
0.347561
0.347561
0.347437
0.345146
0.341521
0.341100
0.339814
0.339814
0.339814
0.339814
0.339017
0.339017
0.338181
0.337338
0.337338
0.336845
0.335934
0.335326
0.335326
0.335326
0.333716
0.333620
0.333614
0.332893
0.332237
0.331478
0.331478
0.331478
0.331016
0.331016
0.317782
0.303153
0.301634
0.301353
0.301036
0.301013
0.300817
0.300817
0.300817
0.296208
0.291748
0.291460
0.289480
0.289208
0.289208
0.286823
0.286823
0.286823
0.286823
0.283906
0.281941
0.281941
0.281941
0.280652
0.280652
0.280399
0.280119
0.277024
0.277024
0.277024
0.277024
0.276901
0.271462
0.271462
0.271105
0.271105
0.271105
0.267174
0.267174
0.264254
0.263465
0.262801
0.261786
0.261718
0.261574
0.261574
0.259054
0.258811
0.258811
0.257809
0.256938
0.256938
0.256938
0.256903
0.245993
0.245792
0.243595
0.243227
0.243227
0.234673
0.234673
0.234002
0.233873
0.233862
0.233862
0.231489
0.231469
0.231469
0.231469
0.227673
0.227673
0.227089
0.227088
0.227088
0.226116
0.225823
0.225823
0.225823
0.225823
0.225349
0.224860
0.219797
0.219797
0.219797
0.218019
0.217769
0.217749
0.215329
0.214982
0.214982
0.214982
0.214943
0.213841
0.213592
0.213592
0.213570
0.213570
0.213564
0.212824
0.211112
0.210704
0.210704
0.210506
0.206856
0.206856
0.206399
0.204691
0.203037
0.200384
0.200384
0.186047
0.186047
0.181625
0.181245
0.180361
0.180361
0.180143
0.178652
0.178644
0.178350
0.178350
0.178266
0.176562
0.176087
0.176087
0.175927
0.175903
0.174831
0.173067
0.172500
0.172500
0.172500
0.172500
0.172500
0.172500
0.172500
0.172338
0.172338
0.172338
0.172338
0.172338
0.172338
0.170702
0.170702
0.170702
0.170695
0.170695
0.166875
0.166875
0.166875
0.166875
0.166875
0.166158
0.164542
0.163549
0.163053
0.163045
0.162009
0.162009
0.160457
0.160457
0.160431
0.159412
0.159412
0.159404
0.159396
0.159353
0.159353
0.159231
0.158991
0.158991
0.158991
0.156273
0.154341
0.154341
0.154341
0.153626
0.153626
0.153626
0.153129
0.153129
0.149540
0.149218
0.149218
0.147666
0.147272
0.145350
0.144819
0.144815
0.144780
0.144780
0.144701
0.144565
0.143428
0.141101
0.141101
0.140703
0.140703
0.140703
0.140703
0.140703
0.140703
0.140703
0.140703
0.139402
0.138513
0.138513
0.138513
0.138513
0.138513
0.138513
0.138436
0.138436
0.138436
0.138155
0.138155
0.138155
0.138155
0.138123
0.138123
0.137020
0.137020
0.136827
0.136827
0.136827
0.136827
0.136827
0.136827
0.136827
0.136827
0.136827
0.134835
0.134835
0.134066
0.134066
0.133958
0.132295
0.132295
0.132295
0.131986
0.131986
0.131714
0.131525
0.131440
0.131440
0.131440
0.130642
0.128737
0.127865
0.127865
0.127865
0.127845
0.127845
0.127845
0.126134
0.126017
0.126017
0.126017
0.126017
0.124535
0.124535
0.124535
0.123848
0.123239
0.123239
0.123239
0.123239
0.123239
0.123044
0.123044
0.123044
0.123044
0.122955
0.122955
0.122358
0.121084
0.121056
0.121056
0.121056
0.121056
0.121056
0.121056
0.120859
0.120726
0.120635
0.120417
0.120314
0.120086
0.118811
0.118811
0.118811
0.118811
0.118805
0.118713
0.116985
0.116940
0.116940
0.116775
0.116775
0.115263
0.114582
0.114487
0.114487
0.114487
0.114140
0.114140
0.113776
0.113605
0.111865
0.111865
0.111865
0.111425
0.111425
0.111378
0.111378
0.110791
0.110791
0.110791
0.110791
0.110705
0.110642
0.110642
0.110642
0.110328
0.110328
0.110328
0.110304
0.110304
0.108442
0.108442
0.107234
0.107234
0.107234
0.106687
0.106687
0.106687
0.106466
0.106466
0.105472
0.105472
0.105472
0.105134
0.105104
0.104866
0.104408
0.104408
0.104408
0.104408
0.104408
0.104408
0.103350
0.103350
0.102145
0.102145
0.102122
0.102122
0.102006
0.102006
0.100912
0.100912
0.100771
0.099931
0.099670
0.099670
0.099670
0.098914
0.098914
0.098914
0.098914
0.098702
0.098702
0.098702
0.098702
0.098484
0.098456
0.098442
0.098442
0.098092
0.097481
0.096393
0.096393
0.095990
0.095990
0.095907
0.095907
0.095907
0.095906
0.095906
0.095570
0.095570
0.094853
0.094853
0.094853
0.093919
0.093919
0.093919
0.093840
0.093840
0.093840
0.093840
0.092868
0.092868
0.092434
0.092392
0.092392
0.092392
0.092392
0.091864
0.091864
0.091864
0.091864
0.091864
0.091864
0.091522
0.091522
0.090388
0.090388
0.090388
0.089083
0.089083
0.088716
0.088053
0.088053
0.088024
0.087974
0.087548
0.087548
0.087386
0.087386
0.085850
0.085850
0.085850
0.084684
0.084684
0.084684
0.084684
0.084684
0.084684
0.084684
0.084684
0.084665
0.084665
0.084575
0.084575
0.084575
0.084431
0.084351
0.084351
0.084351
0.083728
0.083728
0.083728
0.083728
0.083728
0.083728
0.083650
0.082096
0.082096
0.082096
0.082076
0.082076
0.082076
0.082076
0.082076
0.082076
0.082076
0.081078
0.081078
0.079342
0.078895
0.078895
0.078895
0.078895
0.078895
0.078895
0.078895
0.078427
0.078397
0.078397
0.078397
0.078397
0.078397
0.078252
0.078252
0.078191
0.078191
0.078191
0.078191
0.078191
0.078191
0.078191
0.077932
0.077932
0.077932
0.077824
0.077200
0.077200
0.077200
0.077079
0.077079
0.077058
0.077054
0.077054
0.077054
0.076628
0.076628
0.076628
0.076628
0.076262
0.076259
0.076259
0.076259
0.074964
0.073889
0.073889
0.073889
0.071586
0.071586
0.071586
0.071586
0.071586
0.070827
0.070494
0.070494
0.070425
0.069963
0.069963
0.069963
0.069812
0.068326
0.068119
0.067568
0.067568
0.067568
0.067516
0.067516
0.067467
0.067467
0.067048
0.067048
0.067027
0.067027
0.066946
0.066853
0.066657
0.066632
0.066350
0.066350
0.066350
0.066350
0.066350
0.066350
0.066350
0.066350
0.065571
0.065571
0.065571
0.065448
0.064767
0.064767
0.064762
0.064749
0.064749
0.064749
0.064537
0.064388
0.064388
0.064388
0.064388
0.064235
0.064235
0.064235
0.064206
0.064206
0.063789
0.063471
0.063471
0.063471
0.063471
0.063461
0.063461
0.063461
0.063461
0.063461
0.062844
0.062844
0.062844
0.062844
0.062816
0.062816
0.062803
0.062647
0.061979
0.061979
0.061939
0.061939
0.061869
0.061804
0.061804
0.061804
0.061804
0.061616
0.061588
0.061028
0.061015
0.060940
0.060940
0.060920
0.060893
0.060542
0.060365
0.060365
0.060365
0.060365
0.060335
0.060335
0.060335
0.060335
0.060335
0.060335
0.060088
0.059934
0.059669
0.059669
0.059669
0.059494
0.059481
0.059481
0.059436
0.059436
0.059334
0.059334
0.059334
0.059302
0.059302
0.059228
0.059228
0.059228
0.058928
0.058928
0.058928
0.058928
0.058928
0.058850
0.058756
0.058738
0.058732
0.058732
0.058732
0.058573
0.058573
0.058573
0.058419
0.058419
0.058419
0.058419
0.058419
0.058419
0.058398
0.058190
0.058190
0.058190
0.058189
0.058189
0.058189
0.058189
0.058189
0.058189
0.058189
0.058189
0.058189
0.058189
0.058189
0.058189
0.058167
0.058167
0.058167
0.058167
0.058045
0.058045
0.058045
0.058045
0.058045
0.058045
0.058034
0.058034
0.058034
0.058034
0.058034
0.058034
0.057688
0.057688
0.057688
0.057649
0.057649
0.057649
0.057649
0.057649
0.057649
0.057649
0.057636
0.057191
0.057183
0.057183
0.057183
0.057183
0.057183
0.057126
0.057126
0.057114
0.056699
0.056699
0.056699
0.056330
0.056330
0.056330
0.056286
0.055870
0.055844
0.055844
0.055692
0.055692
0.055692
0.055692
0.055692
0.055692
0.055692
0.055692
0.055692
0.055692
0.055692
0.055692
0.055692
0.055692
0.055580
0.055571
0.055571
0.055512
0.055512
0.054966
0.054966
0.054450
0.054450
0.054450
0.054450
0.054450
0.052418
0.052390
0.052390
0.052390
0.051975
0.051799
0.050748
0.050339
0.050339
0.050289
0.050289
0.050234
0.050234
0.050234
0.050234
0.050234
0.050234
0.050234
0.050234
0.050234
0.050234
0.050079
0.050079
0.050079
0.050065
0.050046
0.050046
0.049610
0.049603
0.049383
0.049383
0.049383
0.049315
0.048492
0.048492
0.048492
0.048492
0.048492
0.048492
0.048492
0.048492
0.048492
0.048492
0.048479
0.048279
0.048279
0.048279
0.048279
0.048279
0.048236
0.047728
0.047728
0.047728
0.047519
0.047237
0.047237
0.047237
0.047218
0.047218
0.047186
0.047186
0.047118
0.047118
0.047101
0.046996
0.046996
0.046918
0.046918
0.046908
0.046908
0.046908
0.046839
0.046839
0.046839
0.046839
0.046839
0.046316
0.046316
0.046253
0.046208
0.046208
0.046208
0.046099
0.046099
0.046093
0.046011
0.046011
0.046011
0.046011
0.046011
0.046011
0.046011
0.046011
0.046011
0.046009
0.046009
0.046009
0.045996
0.045996
0.045996
0.045996
0.045855
0.045855
0.045855
0.045855
0.045855
0.045855
0.045852
0.045852
0.045852
0.045852
0.045819
0.045819
0.045575
0.045575
0.045575
0.045427
0.045427
0.045414
0.045414
0.045414
0.045414
0.045414
0.045316
0.044513
0.044513
0.044513
0.044513
0.044513
0.044513
0.043324
0.043309
0.043199
0.043199
0.043199
0.043199
0.043199
0.043199
0.043199
0.043199
0.043128
0.043128
0.043128
0.043124
0.043124
0.043124
0.043124
0.043100
0.043100
0.042941
0.042693
0.042693
0.042693
0.042693
0.042693
0.042693
0.042693
0.042631
0.042631
0.042376
0.042376
0.042236
0.042230
0.042230
0.042230
0.042230
0.042230
0.042230
0.042230
0.042230
0.042230
0.041836
0.041620
0.041620
0.041620
0.041620
0.041620
0.041620
0.041620
0.041620
0.041620
0.041620
0.040948
0.040948
0.040948
0.040943
0.040783
0.040783
0.040783
0.040487
0.040487
0.040477
0.040477
0.040477
0.040477
0.040477
0.040411
0.040411
0.040411
0.040222
0.040222
0.040222
0.040222
0.040222
0.040222
0.040222
0.040222
0.040222
0.040222
0.040203
0.040140
0.040140
0.040140
0.040140
0.040140
0.040140
0.039923
0.039923
0.039923
0.039923
0.039923
0.039923
0.039918
0.039898
0.039894
0.039894
0.039894
0.039894
0.039894
0.039894
0.039894
0.039894
0.039894
0.039894
0.039894
0.039894
0.039894
0.039894
0.039894
0.039687
0.039687
0.039687
0.039687
0.039687
0.039687
0.039684
0.039684
0.039684
0.039684
0.039684
0.039684
0.039684
0.039677
0.039636
0.039636
0.039636
0.039636
0.038934
0.038779
0.038779
0.038770
0.038697
0.038697
0.038697
0.038697
0.038458
0.038458
0.038458
0.038458
0.038458
0.038126
0.038126
0.038126
0.038126
0.038126
0.038049
0.038049
0.038049
0.038049
0.038049
0.038049
0.037927
0.037839
0.037839
0.037432
0.037432
0.037432
0.037432
0.037432
0.037432
0.037432
0.037432
0.037432
0.037432
0.037432
0.037432
0.037432
0.037201
0.037201
0.037201
0.037201
0.037201
0.035154
0.035154
0.035151
0.035147
0.034850
0.034824
0.034824
0.034824
0.034824
0.034824
0.034824
0.034824
0.034824
0.034824
0.034706
0.034706
0.034706
0.034556
0.034556
0.034556
0.034556
0.034556
0.034556
0.034556
0.034556
0.034556
0.034556
0.033965
0.033965
0.033965
0.033936
0.033936
0.033936
0.033936
0.033936
0.033936
0.033936
0.033936
0.033897
0.033874
0.033874
0.033874
0.033874
0.033874
0.033870
0.033870
0.033788
0.033312
0.033312
0.033282
0.033282
0.033282
0.033282
0.033282
0.033282
0.033282
0.033282
0.033282
0.033092
0.033092
0.033092
0.033092
0.033092
0.033092
0.033092
0.032991
0.032927
0.032927
0.032927
0.032927
0.032927
0.032927
0.032927
0.032927
0.032919
0.032919
0.032919
0.032919
0.032919
0.032919
0.032919
0.032919
0.032919
0.032919
0.032919
0.032919
0.032919
0.032903
0.032903
0.032903
0.032903
0.032681
0.032681
0.032681
0.032681
0.032681
0.032681
0.032681
0.032681
0.032681
0.032679
0.032679
0.032679
0.032679
0.032679
0.032604
0.032604
0.032604
0.032604
0.032602
0.032602
0.032602
0.032602
0.032602
0.032602
0.032602
0.032602
0.032599
0.032599
0.032599
0.032599
0.032599
0.032591
0.032363
0.032363
0.032363
0.032363
0.032363
0.032281
0.032281
0.032281
0.032281
0.032137
0.032137
0.032137
0.032137
0.032135
0.032127
0.032127
0.032127
0.032109
0.032015
0.032015
0.032015
0.032015
0.032015
0.032015
0.032015
0.032015
0.032015
0.032015
0.032015
0.032015
0.032015
0.032015
0.032015
0.032015
0.032015
