176.861349
162.484245
156.714165
151.703150
145.303271
139.885773
137.605027
136.781278
134.923264
130.572491
128.788117
127.071026
123.585885
121.872547
120.627538
119.401134
118.331831
114.874279
112.500749
108.223919
107.793929
107.339594
106.328037
105.581757
103.461170
102.531698
101.286405
99.298315
98.097746
95.769769
93.849905
92.384637
91.273258
90.983155
90.301345
89.328543
89.051937
88.373965
87.011072
86.537993
86.090253
83.240689
82.669718
81.936015
80.661697
79.489857
78.173717
77.655975
76.550697
76.237517
76.097095
74.002571
73.300393
71.633162
70.844205
70.652338
70.117088
69.204714
69.204714
69.204714
67.671196
66.841042
65.648485
65.543439
65.543439
65.298798
64.318825
64.268745
63.840139
63.840139
63.082596
62.826671
62.823334
62.118885
62.118885
61.452764
61.382130
60.672868
60.500622
60.277370
60.131862
59.809504
59.768336
59.768336
59.768336
59.768336
59.672091
59.476114
59.219596
58.811097
58.669228
58.669228
58.514236
58.514236
57.740604
57.629544
57.188326
56.519599
55.891550
55.891550
54.677135
54.677135
54.378004
53.703418
53.472588
53.472588
53.428218
53.039370
52.813776
52.436526
51.842422
51.464811
51.464811
50.995145
50.905712
50.270568
50.205394
49.590967
48.986481
48.904987
48.604953
48.377530
47.646257
47.540619
47.264736
45.695073
45.576501
45.039423
44.925525
44.925525
44.925525
44.763241
44.763241
44.646995
44.001255
43.420011
43.408345
43.372437
43.372437
43.256373
42.765042
42.580805
42.580805
42.504827
42.449545
42.156711
41.889704
41.732713
41.692136
41.342035
41.231766
41.165368
41.163851
41.123787
41.123787
41.091075
40.992519
40.786104
40.453989
40.453989
39.508732
39.378961
39.378961
39.341846
38.894345
38.894345
38.691352
38.557319
38.351082
38.256107
37.955995
37.479477
37.277539
37.123986
37.067728
36.956901
36.956901
36.749525
36.085769
36.002488
35.789161
35.789161
35.362491
35.362491
35.305042
35.132191
35.122300
34.195730
34.189431
34.174440
33.859283
33.812364
33.481570
33.304895
33.090810
32.984642
32.806441
32.784886
32.566800
32.566800
32.233061
32.114885
32.114885
31.896672
31.842562
31.728640
31.199516
31.199516
31.117468
31.087588
30.734241
30.700962
30.377610
30.267289
30.189581
30.083678
30.024227
29.672987
29.629827
29.477717
29.358027
28.961041
28.578361
28.578361
28.578361
28.522456
28.498518
28.132753
28.117490
27.890397
27.240552
26.971492
26.755275
26.641157
26.641157
26.469524
26.091264
25.995988
25.995988
25.883131
25.883131
25.883131
25.855129
25.546223
25.546223
25.434686
25.032622
24.693443
24.442985
24.172476
24.144665
23.969041
23.820447
23.635122
23.528995
22.846006
22.705169
22.092040
22.055822
22.055822
21.976145
21.923475
21.923475
21.921124
21.861435
21.781219
21.686338
21.327213
21.327213
21.327213
21.304870
21.231305
21.231305
21.174158
21.037693
20.801360
20.435769
20.277025
20.209853
20.009474
19.957694
19.730446
19.550779
19.544884
19.468194
19.196081
19.196081
19.191342
19.165988
19.011860
18.796618
18.742419
18.716636
18.437050
18.421978
18.227760
18.227760
18.158175
17.983574
17.880510
17.756783
17.642644
17.642644
17.522788
17.294219
17.247778
17.247778
17.247778
17.190431
17.051161
17.051161
16.888466
16.871949
16.871949
16.866054
16.850072
16.601013
16.567416
16.457458
16.160679
16.136895
16.136895
16.101837
15.970895
15.800007
15.772297
15.459023
15.397667
15.210270
15.063997
14.985310
14.901624
14.901624
14.861770
14.860499
14.842209
14.592672
14.592672
14.493617
14.460746
14.360091
14.159257
14.072415
14.019998
14.018231
14.003568
13.811109
13.645563
13.462105
13.454243
13.454243
13.450346
13.402641
13.324315
13.318680
13.258224
13.247521
13.061694
12.954691
12.841934
12.841934
12.803186
12.803186
12.800022
12.769254
12.744449
12.689605
12.688757
12.684671
12.643952
12.544138
12.448432
12.359062
12.359062
12.188096
12.134621
11.843927
11.835714
11.738182
11.679285
11.563064
11.563064
11.452671
11.393996
11.359588
11.257763
11.139036
11.138117
11.107503
11.061293
11.026865
10.801199
10.782433
10.782433
10.765836
10.709281
10.696174
10.678194
10.623496
10.512623
10.422385
10.363852
10.363852
10.327926
10.320141
10.224320
10.160045
10.086181
9.964439
9.891735
9.744343
9.666952
9.587200
9.570333
9.508356
9.463190
9.391768
9.391155
9.211261
9.162194
9.095746
8.924560
8.889580
8.798843
8.798843
8.752718
8.713772
8.662571
8.662571
8.565958
8.537543
8.471798
8.467192
8.426502
8.414494
8.410231
8.384687
8.350247
8.289288
8.201352
8.164577
8.083279
7.986191
7.897343
7.806658
7.786924
7.768820
7.768820
7.676367
7.676367
7.676367
7.666893
7.664537
7.661223
7.623496
7.521741
7.431002
7.431002
7.431002
7.373716
7.245002
7.243235
7.243235
7.211639
7.107054
7.068863
7.040329
7.040329
6.978593
6.970189
6.970189
6.970189
6.950181
6.879884
6.816445
6.811427
6.772977
6.741295
6.705332
6.705332
6.684231
6.679463
6.654865
6.609876
6.601826
6.599209
6.576673
6.562938
6.562938
6.547546
6.491927
6.477414
6.376399
6.369950
6.359379
6.359379
6.293534
6.293534
6.201360
6.165637
6.051626
6.044265
5.929032
5.929032
5.833837
5.804803
5.766474
5.765215
5.765215
5.674743
5.570858
5.558887
5.522837
5.522837
5.504363
5.504363
5.489389
5.489389
5.392005
5.338046
5.338046
5.335078
5.285798
5.285798
5.285798
5.272771
5.268299
5.266901
5.148217
5.089268
5.015445
5.015445
5.005857
4.989896
4.989896
4.989896
4.987689
4.987689
4.931947
4.913209
4.903565
4.881825
4.853723
4.853723
4.853723
4.829239
4.798372
4.758922
4.715436
4.715436
4.714452
4.644956
4.644956
4.644674
4.561280
4.542937
4.505326
4.489046
4.436837
4.436837
4.425029
4.425029
4.392913
4.389924
4.386336
4.382417
4.340286
4.333737
4.312018
4.296593
4.241103
4.240842
4.240842
4.238912
4.238912
4.219210
4.215846
4.154144
4.131171
4.108090
4.091563
4.073040
4.019549
4.008420
3.989991
3.984439
3.883804
3.877255
3.861390
3.849459
3.807893
3.807893
3.798698
3.798284
3.775630
3.764573
3.764573
3.761247
3.761247
3.751692
3.751692
3.734151
3.692374
3.679252
3.679252
3.670816
3.670753
3.628718
3.622169
3.578289
3.560519
3.510034
3.510034
3.510034
3.504765
3.504765
3.484511
3.420891
3.418566
3.394003
3.394003
3.387334
3.373449
3.326520
3.326520
3.326520
3.303066
3.303066
3.303066
3.303066
3.303066
3.275505
3.275505
3.274186
3.227663
3.200457
3.190105
3.150859
3.146549
3.116159
3.073159
3.027744
3.027744
3.024380
3.008042
3.008042
2.995556
2.968524
2.968524
2.956874
2.956874
2.918743
2.918743
2.907394
2.907099
2.896775
2.810951
2.810951
2.808374
2.804074
2.804074
2.801303
2.779799
2.777864
2.769523
2.754509
2.738874
2.702671
2.698018
2.694552
2.673421
2.666112
2.656038
2.655376
2.651779
2.638554
2.634765
2.634765
2.607548
2.607548
2.591173
2.578214
2.557144
2.557144
2.557144
2.543858
2.543858
2.542185
2.542185
2.542185
2.542185
2.542185
2.531667
2.526160
2.526160
2.518314
2.508678
2.503688
2.503688
2.499521
2.496817
2.425352
2.345654
2.341724
2.333139
2.333139
2.330574
2.330574
2.330574
2.321564
2.275793
2.275730
2.275730
2.272309
2.267321
2.267321
2.266068
2.199594
2.199594
2.195789
2.189742
2.189742
2.185922
2.164286
2.144252
2.112951
2.112951
2.112951
2.112951
2.090779
2.088250
2.075103
2.075103
2.067986
2.066535
2.066535
2.064886
2.064886
2.050021
2.046672
2.031319
2.030545
2.022203
2.022203
2.022203
1.983743
1.961202
1.957880
1.951427
1.951427
1.948782
1.940128
1.940128
1.910453
1.907194
1.907194
1.907194
1.907194
1.878395
1.878395
1.878395
1.846391
1.823966
1.823966
1.823966
1.823710
1.823710
1.813610
1.792739
1.791897
1.791235
1.791235
1.791235
1.789705
1.772510
1.772510
1.772510
1.772510
1.772510
1.772186
1.772186
1.772186
1.769114
1.769114
1.769114
1.768386
1.768386
1.766320
1.763297
1.763297
1.750680
1.750680
1.741898
1.741898
1.741898
1.741898
1.741898
1.741898
1.714459
1.709144
1.696877
1.696877
1.696845
1.696845
1.696845
1.696845
1.675275
1.675275
1.675275
1.674541
1.674541
1.672869
1.657598
1.654893
1.654526
1.654526
1.590370
1.580739
1.580739
1.579486
1.579486
1.559187
1.541778
1.526393
1.524348
1.476635
1.450080
1.450080
1.448407
1.448407
1.385536
1.380094
1.378164
1.378164
1.376747
1.370594
1.370594
1.369129
1.369129
1.369129
1.368291
1.368291
1.368291
1.366607
1.366607
1.358624
1.358624
1.358624
1.358624
1.339360
1.339360
1.334575
1.334575
1.323691
1.323691
1.321732
1.321732
1.321732
1.320060
1.315015
1.314291
1.294000
1.294000
1.281879
1.273707
1.262143
1.249492
1.249492
1.239831
1.235152
1.231453
1.218236
1.218236
1.218236
1.216430
1.214981
1.214981
1.202259
1.201007
1.201007
1.194723
1.189947
1.189505
1.189505
1.189505
1.180100
1.180100
1.180100
1.154642
1.154642
1.154642
1.154642
1.152385
1.152359
1.146180
1.146180
1.145589
1.145589
1.145589
1.145589
1.144861
1.144861
1.143243
1.142938
1.120754
1.120754
1.120754
1.120754
1.107378
1.102846
1.090157
1.082401
1.080526
1.080526
1.076795
1.051914
1.051914
1.051468
1.051023
1.051023
1.049770
1.049547
1.037499
1.036450
1.028631
1.028631
1.025549
1.019518
1.017820
1.017820
1.016022
1.016022
1.016022
1.016022
1.014831
1.014831
1.012679
1.012679
1.012679
1.012679
1.012679
1.012679
1.012679
1.012167
1.012167
1.009528
1.006402
0.996991
0.996303
0.996303
0.996303
0.990506
0.990506
0.989316
0.982393
0.982393
0.980988
0.980988
0.980988
0.977388
0.975177
0.975177
0.975177
0.967969
0.967969
0.942759
0.942759
0.942529
0.942529
0.933209
0.931185
0.928121
0.928121
0.924029
0.924029
0.923829
0.918899
0.918899
0.917835
0.907900
0.907900
0.905583
0.905583
0.899818
0.899818
0.898194
0.897147
0.897004
0.894916
0.888155
0.881384
0.881384
0.878345
0.878345
0.877942
0.874068
0.865361
0.865361
0.839749
0.839749
0.839749
0.836208
0.832282
0.832282
0.832282
0.818464
0.818464
0.818464
0.817300
0.817300
0.816337
0.816337
0.816337
0.816337
0.806174
0.805407
0.805407
0.805407
0.805407
0.795082
0.795082
0.795082
0.795082
0.789314
0.783632
0.782469
0.781974
0.781974
0.781974
0.781974
0.781974
0.781974
0.775441
0.775441
0.775441
0.772644
0.764417
0.763132
0.756946
0.756946
0.756759
0.756759
0.756759
0.756548
0.756548
0.756548
0.756548
0.756548
0.756548
0.746816
0.746816
0.734784
0.732908
0.731704
0.722036
0.722028
0.722028
0.720297
0.720297
0.720297
0.719002
0.719002
0.719002
0.716507
0.716507
0.716507
0.716353
0.715308
0.711945
0.711945
0.711945
0.710038
0.700968
0.700968
0.699957
0.698767
0.698767
0.698767
0.698024
0.697554
0.695447
0.689551
0.689551
0.689551
0.683753
0.683753
0.683753
0.683753
0.673712
0.666850
0.666850
0.666850
0.666850
0.666126
0.666126
0.665624
0.665192
0.662021
0.662021
0.662021
0.662021
0.662021
0.658462
0.653574
0.644833
0.643870
0.643870
0.642898
0.641935
0.638476
0.638476
0.637505
0.637505
0.626496
0.614296
0.614296
0.602316
0.601916
0.600582
0.600582
0.600582
0.600582
0.599431
0.599431
0.599431
0.599431
0.599431
0.597733
0.596640
0.596640
0.596424
0.596424
0.594913
0.594758
0.588766
0.584710
0.584710
0.584710
0.584710
0.584710
0.584710
0.583020
0.572570
0.572094
0.572094
0.567474
0.567466
0.567466
0.567466
0.566358
0.566358
0.566358
0.550278
0.546476
0.546476
0.546476
0.546476
0.546476
0.543892
0.543892
0.543892
0.543892
0.543892
0.543892
0.539074
0.539074
0.534159
0.534159
0.534159
0.534159
0.534159
0.534159
0.534159
0.534159
0.533325
0.533325
0.533325
0.533238
0.533238
0.533238
0.533238
0.533238
0.527960
0.527960
0.527960
0.527960
0.526583
0.526583
0.526137
0.526137
0.526137
0.526137
0.526137
0.526137
0.526137
0.523761
0.520015
0.520015
0.519028
0.517353
0.517353
0.513942
0.513942
0.513942
0.511255
0.508538
0.506896
0.502454
0.502454
0.486237
0.486237
0.484302
0.484302
0.484302
0.481336
0.481336
0.481336
0.481336
0.476612
0.476612
0.476612
0.473150
0.469064
0.468767
0.463161
0.463161
0.463161
0.463161
0.459749
0.459580
0.459580
0.459580
0.459580
0.457385
0.455104
0.454000
0.454000
0.447074
0.447074
0.447074
0.446424
0.446424
0.444734
0.443607
0.443607
0.436591
0.436591
0.436591
0.436503
0.436503
0.436503
0.435351
0.435351
0.433305
0.433305
0.433305
0.432094
0.432094
0.432094
0.430626
0.428696
0.428270
0.427524
0.427524
0.427524
0.427524
0.427524
0.427524
0.427524
0.426618
0.424666
0.419456
0.419456
0.419456
0.419456
0.419456
0.419329
0.419329
0.419061
0.417019
0.416571
0.416571
0.416571
0.416571
0.416571
0.416571
0.416571
0.415921
0.415921
0.415921
0.415921
0.415293
0.413746
0.410334
0.408183
0.408183
0.408183
0.408183
0.408183
0.408183
0.408183
0.408183
0.408183
0.406598
0.406278
0.406278
0.406278
0.402561
0.402561
0.402561
0.402384
0.400387
0.400387
0.398591
0.398591
0.396550
0.396550
0.396550
0.396442
0.395541
0.392507
0.392507
0.392507
0.390658
0.388373
0.388373
0.388053
0.388053
0.386708
0.386708
0.383522
0.383522
0.382917
0.382917
0.382917
0.382917
0.382917
0.382917
0.382917
0.382917
0.382917
0.382917
0.382917
0.382917
0.382917
0.382917
0.375214
0.375214
0.375214
0.374087
0.374087
0.374087
0.374087
0.372971
0.372971
0.372971
0.372971
0.372971
0.372971
0.372971
0.372971
0.372110
0.369634
0.369634
0.369634
0.369634
0.369634
0.369634
0.369634
0.369634
0.369121
0.369121
0.369121
0.366836
0.366836
0.366045
0.361090
0.356779
0.354428
0.354428
0.352148
0.351984
0.351923
0.349060
0.349060
0.348614
0.348141
0.347478
0.346133
0.346133
0.346133
0.346133
0.345835
0.345835
0.342444
0.342444
0.341184
0.341184
0.341184
0.339334
0.339334
0.339334
0.338640
0.338640
0.334848
0.334848
0.333185
0.333185
0.333097
0.333097
0.331750
0.331750
0.331750
0.331750
0.331750
0.331750
0.331750
0.330533
0.330533
0.326653
0.326653
0.326653
0.326095
0.325290
0.325290
0.325119
0.325119
0.325119
0.325119
0.325119
0.321916
0.321916
0.317951
0.317796
0.317796
0.317796
0.317530
0.317530
0.317530
0.317530
0.313064
0.313064
0.313064
0.313064
0.313064
0.313064
0.313064
0.313064
0.312890
0.312890
0.311447
0.310971
0.310971
0.309760
0.309454
0.308458
0.308458
0.308191
0.308191
0.308191
0.308191
0.308191
0.308191
0.307520
0.307520
0.307520
0.307520
0.301250
0.301250
0.301231
0.301231
0.301231
0.301231
0.300990
0.300990
0.300990
0.293453
0.293453
0.293453
0.293453
0.293453
0.292619
0.291668
0.291668
0.289498
0.289498
0.289341
0.289341
0.289341
0.288522
0.288522
0.288522
0.288348
0.288348
0.288348
0.288278
0.286333
0.279698
0.279698
0.279698
0.279698
0.279698
0.279661
0.279661
0.279661
0.279661
0.278690
0.278532
0.278532
0.278532
0.278504
0.278504
0.278504
0.278504
0.276589
0.276347
0.274782
0.272930
0.272930
0.272930
0.272930
0.271068
0.270669
0.270669
0.270669
0.263103
0.260420
0.260420
0.260420
0.260420
0.260420
0.260400
0.260400
0.260400
0.260400
0.260400
0.260400
0.259119
0.259119
0.259119
0.259119
0.259119
0.258534
0.258534
0.257987
0.257685
0.256216
0.254740
0.254740
0.254740
0.253909
0.253610
0.253610
0.249511
0.248042
0.248042
0.246983
0.246983
0.246983
0.246983
0.246983
0.244968
0.244115
0.244115
0.244115
0.244115
0.244115
0.244115
0.244101
0.244101
0.244101
0.244101
0.244101
0.241502
0.241438
0.241438
0.241438
0.241438
0.241438
0.241438
0.241438
0.239304
0.239304
0.239304
0.238902
0.238850
0.238850
0.237326
0.237326
0.237326
0.237326
0.237326
0.237326
0.237326
0.237038
0.237038
0.237038
0.236551
0.236551
0.236517
0.236517
0.236517
0.236517
0.236517
0.236517
0.236466
0.236466
0.233905
0.233775
0.233775
0.233775
0.233775
0.233775
0.233345
0.233345
0.233345
0.233345
0.233345
0.232894
0.232894
0.232309
0.232309
0.232309
0.232238
0.231608
0.231608
0.231608
0.231608
0.230700
0.230700
0.230700
0.230700
0.230666
0.230666
0.230313
0.229880
0.229880
0.229880
0.229880
0.229726
0.229726
0.229427
0.229427
0.229427
0.229427
0.229427
0.229427
0.229427
0.229427
0.229284
0.229284
0.222807
0.222807
0.222807
0.222807
0.221581
0.221547
0.220771
0.219924
0.219740
0.219639
0.219524
0.219524
0.219524
0.219051
0.215552
0.214613
0.214131
0.214131
0.213409
0.213409
0.213121
0.213121
0.212671
0.212671
0.211716
0.211258
0.210725
0.210725
0.210437
0.210437
0.208649
0.208649
0.208649
0.208649
0.208649
0.208649
0.206307
0.206307
0.206307
0.206307
0.205953
0.205953
0.205387
0.205387
0.205387
0.204429
0.204429
0.203586
0.203586
0.203586
0.199273
0.199273
0.199273
0.199273
0.199273
0.199244
0.198469
0.196950
0.196938
0.194612
0.194612
0.194612
0.194612
0.194454
0.192297
0.192070
0.191807
0.191749
0.191749
0.191662
0.191628
0.191628
0.191403
0.191403
0.191403
0.191403
0.191403
0.191403
0.191403
0.190104
0.190104
0.189285
0.189285
0.182952
0.182952
0.182757
0.182614
0.182614
0.182614
0.182614
0.182614
0.182614
0.182614
0.182614
0.182156
0.182156
0.182156
0.182156
0.181959
0.181568
0.179240
0.179240
0.179240
0.179240
0.179240
0.179240
0.179240
0.179240
0.179240
0.179240
0.179205
0.178856
0.178856
0.176832
0.176484
0.176484
0.176484
0.176484
0.176484
0.176484
0.176484
0.172202
0.172202
0.172202
0.171853
0.171853
0.171853
0.171853
0.171463
0.171463
0.171463
0.171463
0.171463
0.171463
0.171463
0.171463
0.171272
0.171272
0.168708
0.168708
0.168708
0.168708
0.168708
0.168670
0.168203
0.168203
0.168203
0.168203
0.168203
0.168203
0.164872
0.164872
0.164872
0.164872
0.164872
0.164872
0.164872
0.164872
0.164872
0.164872
0.164872
0.164872
0.164872
0.163541
0.163541
0.163344
0.163344
0.163344
0.163344
0.163344
0.163263
0.163020
0.163020
0.162296
0.162296
0.160064
0.160064
0.160064
0.160064
0.158443
0.158253
0.158253
0.158214
0.158214
0.158174
0.158174
0.158174
0.158174
0.158155
0.158155
0.158155
0.157856
0.157856
0.157856
0.157856
0.157856
0.157856
0.157856
0.157856
0.156999
0.156999
0.156999
0.156999
0.156902
0.156902
0.156902
0.156902
0.156902
0.156902
0.156902
0.156902
0.156902
0.156902
0.156902
0.156902
0.156902
0.156902
0.156902
0.156902
0.156902
0.156668
0.156668
0.156223
0.156223
0.155345
0.155078
0.155078
0.155078
0.155078
0.150649
0.150342
0.150342
0.150342
0.150342
0.150342
0.150102
0.150005
0.150005
0.150005
0.149809
0.149223
0.149223
0.149223
0.149223
0.149058
0.147653
0.147653
0.147653
0.147653
0.147653
0.147653
0.147653
0.147653
0.147653
0.147653
0.147653
0.147053
0.147053
0.147053
0.147053
0.147053
0.147053
0.146890
0.146890
0.146890
0.146890
0.146890
0.146890
0.146890
0.146155
0.146155
0.145890
0.145890
0.145890
0.145890
0.145890
0.145890
0.145890
0.144435
0.144435
0.144435
0.144435
0.144435
0.144435
0.144027
0.143611
0.143611
0.143416
0.143416
0.143312
0.143312
0.143312
0.143312
0.143245
0.143245
0.143245
0.143245
0.143245
0.143245
0.142278
0.142242
0.142077
0.142077
0.141188
0.140099
0.140099
0.140099
0.140099
0.139858
0.139858
0.139753
0.139753
0.139753
0.139753
0.139753
0.139753
0.139753
0.139519
0.139519
0.139519
0.139519
0.139519
0.137106
0.137106
0.137106
0.137106
0.137106
0.137106
0.137106
0.137106
0.137106
0.137106
0.137106
0.137106
0.137106
0.137106
0.136625
0.136625
0.136330
0.136330
0.136330
0.136330
0.136330
0.136330
0.136330
0.136330
0.135999
0.135937
0.135597
0.135597
0.135597
0.135597
0.135597
0.135550
0.135550
0.135550
0.135550
0.134237
0.132468
0.132468
0.132468
0.132468
0.132468
0.132468
0.132468
0.132468
0.132468
0.132468
0.132468
0.132468
0.132468
0.132227
0.130830
0.130807
0.130703
0.130703
0.130703
0.130703
0.130703
0.130703
0.130703
0.130703
0.130703
0.130679
0.130679
0.130643
0.130477
0.130477
0.130477
0.130477
0.130477
0.129868
0.129459
0.129459
0.129459
0.129355
0.129355
0.129274
0.129040
0.129040
0.128604
0.128346
0.128346
0.128346
0.128346
0.128346
0.128346
0.128346
0.127362
0.127362
0.127362
0.127362
0.123789
0.123789
0.123789
0.123789
0.123789
0.123705
0.123705
0.123303
0.123303
0.123303
0.123303
0.121857
0.121857
0.121857
0.121815
0.121815
0.121815
0.121711
0.121711
0.121711
0.121711
0.121711
0.121711
0.120478
0.120478
0.120478
0.119565
0.119565
0.119565
0.119565
0.119543
0.119543
0.119543
0.119062
0.117127
0.117127
0.117127
0.117127
0.117127
0.116297
0.116297
0.116297
0.116297
0.116297
0.116297
0.115896
0.115896
0.115896
0.115896
0.115896
0.115896
0.115776
0.115776
0.115776
0.115776
0.115776
0.115776
0.115776
0.115776
0.115776
0.115776
0.113739
0.113739
0.113481
0.113481
0.113481
0.113481
0.113481
0.113353
0.113353
0.113353
0.113353
0.113353
0.113185
0.113185
0.111997
0.111997
0.111655
0.111069
0.111069
0.111069
0.111069
0.111069
0.109038
0.109038
0.109038
0.109038
0.107235
0.107235
0.107093
0.107093
0.107093
0.107093
0.107093
0.105783
0.105783
0.105783
0.105783
0.105783
0.105783
0.105783
0.105783
0.105783
0.105783
0.104507
0.104507
0.104507
0.104507
0.104507
0.104367
0.104367
0.104367
0.104367
0.103999
0.103845
0.103845
0.103845
0.103845
0.103845
0.103845
0.103845
0.103845
0.103845
0.103445
0.102096
0.102096
0.102096
0.101954
0.101954
0.101834
0.101834
0.101834
0.101834
0.101834
0.101834
0.101834
0.101834
0.101834
0.101834
0.101834
0.101475
0.101475
0.100151
0.100151
0.100151
0.100151
0.100151
0.100151
0.100151
0.099985
0.099985
0.099985
0.099985
0.099985
0.099985
0.099985
0.099985
0.099617
0.098491
0.097902
0.097902
0.097902
0.097902
0.097902
0.097902
0.097902
0.097902
0.097902
0.097902
0.097862
0.097862
0.097862
0.097862
0.097862
0.097862
0.097862
0.097862
0.097862
0.097862
0.097862
0.097862
0.097862
0.097862
0.097862
0.097862
0.097862
0.097862
0.097862
0.097862
0.097696
0.097696
0.097150
0.097081
0.097081
0.097081
0.097081
0.097081
0.097081
0.097071
0.096967
0.096967
0.095675
0.094232
0.094232
0.094232
0.094232
0.094074
0.094074
0.094065
0.093907
0.093907
0.093897
0.093590
0.093590
0.093590
0.093590
0.092980
0.092980
0.092980
0.092328
0.092328
0.092328
0.092328
0.092328
0.092328
0.092328
0.092328
0.092328
0.092328
0.092328
0.092257
0.092257
0.092158
0.091790
0.091790
0.091790
0.091790
0.091700
0.091700
0.091656
0.091656
0.091656
0.091656
0.091656
0.091656
0.091558
0.091558
0.091558
0.091558
0.091558
0.091558
0.091558
0.091558
0.091558
0.091558
0.091558
0.091446
0.091446
0.091446
0.090572
0.090572
0.090390
0.089845
0.089845
0.089845
0.089845
0.089845
0.089789
0.089789
0.089709
0.089709
0.089709
0.089709
0.089057
0.089057
0.089057
0.089057
0.089022
0.089022
0.088876
0.088876
0.088832
0.088832
0.088789
0.088789
0.088789
0.088789
0.088496
0.088496
0.087916
0.087916
0.087916
0.087916
0.087916
0.087916
0.087874
0.087859
0.087859
0.087859
0.087859
0.087796
0.087660
0.087660
0.087547
0.087547
0.087547
0.087547
0.087547
0.087547
0.087230
0.087095
0.087095
0.087095
0.087072
0.087072
0.087072
0.086562
0.086562
0.086460
0.086380
0.086380
0.086380
0.086380
0.086380
0.086380
0.086380
0.086380
0.086380
0.086380
0.086380
0.086373
0.086373
0.086373
0.086373
0.085376
0.084726
0.084726
0.084638
0.084638
0.084638
0.084624
0.084624
0.084602
0.084535
0.084346
0.084346
0.084346
0.083765
0.083568
0.082422
0.082422
0.082422
0.082360
0.082267
0.082267
0.082267
0.082267
0.082253
0.082253
0.082253
0.082253
0.081996
0.081996
0.081996
0.081996
0.081996
0.081996
0.081996
0.081996
0.081996
0.081996
0.081996
0.081996
0.081996
0.081996
0.081996
0.081996
0.081996
0.081996
0.081996
0.081996
0.081996
0.081692
0.081692
0.081692
0.081692
0.081601
0.081601
0.079898
0.079898
0.079581
0.079581
0.079581
0.079581
0.079531
0.079531
0.079531
0.079531
0.079531
0.079531
0.079531
0.079531
0.079531
0.079531
0.079531
0.079531
0.079531
0.079531
0.079531
0.079531
0.079132
0.079132
0.078996
0.078578
0.078578
0.078578
0.078578
0.078578
0.078502
0.078441
0.078441
0.078441
0.078250
0.078250
0.078250
0.078250
0.078250
0.078250
0.078250
0.078250
0.078250
0.078250
0.078088
0.078088
0.077659
0.077659
0.077659
0.077659
0.077659
0.077659
0.077659
0.077659
0.077659
0.077659
0.077659
0.077659
0.077659
0.077659
0.077657
0.077657
0.077657
0.077657
0.077657
0.075814
0.075814
0.075814
0.075814
0.075814
0.075674
0.075291
0.075291
0.075291
0.075291
0.075291
0.075291
0.074342
0.073634
0.073634
0.073634
0.073634
0.073634
0.073634
0.073634
0.073634
0.073634
0.073634
0.073634
0.072635
0.072635
0.072635
0.072580
0.072580
0.072580
0.072580
0.072580
0.072480
0.072480
0.072480
0.072429
0.072429
0.072389
0.071963
0.071963
0.071963
0.071199
0.071199
0.071199
0.071199
0.071199
0.071199
0.070991
0.070991
0.070991
0.070991
0.070991
0.070989
0.070989
0.070041
0.070041
0.070041
0.069788
0.069788
0.069788
0.069788
0.069788
0.069788
0.069788
0.069788
0.069788
0.069211
0.069171
0.069171
0.069171
0.068251
0.064696
0.064533
0.064533
0.064533
0.064533
0.064533
0.064533
0.064533
0.064533
0.064341
0.063436
0.063436
0.063436
0.063436
0.063436
0.063406
0.063406
0.062237
0.062082
0.061957
0.061052
0.061052
0.061052
0.061052
0.060830
0.060830
0.060649
0.060649
0.060649
0.060598
0.060459
0.060457
0.060457
0.060457
0.060439
0.060439
0.060439
0.060234
0.060234
0.060234
0.060234
0.060234
0.060234
0.060234
0.060234
0.060234
0.060234
0.060227
0.059851
0.059851
0.059851
0.059851
0.059851
0.059213
0.059213
0.059213
0.059213
0.059213
0.059213
0.059213
0.059213
0.059213
0.059213
0.059213
0.059213
0.059200
0.059200
0.059200
0.059200
0.059200
0.059200
0.059200
0.059175
0.059175
0.058990
0.058990
0.058990
0.058990
0.058990
0.058990
0.058990
0.058990
0.058990
0.058990
0.058990
0.058990
0.058990
0.058990
0.058990
0.058990
0.058990
0.058807
0.058807
0.058807
0.058807
0.058789
0.058789
0.058789
0.058789
0.058789
0.058789
0.058789
0.058765
0.058758
0.058758
0.058758
0.058758
0.058758
0.058758
0.058111
0.057059
0.057059
0.057059
0.056874
0.056874
0.056874
0.056874
0.056874
0.056874
0.056874
0.056454
0.056454
0.056454
0.056454
0.056454
0.056454
0.056454
0.056454
0.056454
0.056454
0.056454
0.056454
0.056454
0.056454
0.056454
0.056454
0.056454
0.056454
0.056454
0.056454
0.056239
0.055902
0.055902
0.055833
0.055788
0.055788
0.055788
0.055712
0.055712
0.055694
0.055669
0.055669
0.055669
0.055669
0.055669
0.055669
0.055594
0.055594
0.055594
0.055594
0.055594
0.055594
0.055594
0.055594
0.055594
0.055594
0.055594
0.055594
0.055594
0.055594
0.055594
0.055594
0.055503
0.055503
0.055503
0.055503
0.055503
0.055503
0.055503
0.055318
0.055318
0.054286
0.054285
0.054285
0.054149
0.054149
0.054149
0.054149
0.053566
0.053566
0.053566
0.053096
0.053096
0.053096
0.053096
0.053096
0.053096
0.053096
0.053096
0.053096
0.053096
0.053096
0.053096
0.053071
0.052710
0.052710
0.052710
0.052710
0.052710
0.052675
0.052675
0.052675
0.052675
0.052675
0.052675
0.052675
0.052426
0.052426
0.052426
0.051440
0.051440
0.051440
0.051440
0.051440
0.051440
0.051440
0.051440
0.051409
0.051409
0.051409
0.051409
0.051409
0.051409
0.051089
0.051089
0.051089
0.051089
0.051089
0.051046
0.051046
0.051046
0.051046
0.051046
0.051026
0.050916
0.050916
0.050916
0.048063
0.048029
0.048029
0.047595
0.047012
0.046981
0.046981
0.046936
0.046936
0.046911
0.046911
0.046911
0.046911
0.046911
0.046911
0.046911
0.046062
0.046062
0.046062
0.046053
0.046053
0.046053
0.046053
0.046053
0.046051
0.046051
0.046051
0.046051
0.046051
0.046051
0.046051
0.046051
0.046051
0.046051
0.046051
0.046051
0.045981
0.045981
0.045981
0.045981
0.045981
0.045981
0.045981
0.045981
0.045910
0.045910
0.045910
0.045910
0.045910
0.045910
0.045910
0.045910
0.045910
0.045910
0.045910
0.045910
0.045910
0.045910
0.045910
0.045895
0.045895
0.045895
0.045895
0.045895
0.045895
0.045895
0.045895
0.045819
0.045819
0.045819
0.045819
0.045819
0.045819
0.045819
0.045819
0.045819
0.045819
0.045819
0.045819
0.045786
0.045786
0.045786
0.045786
0.045786
0.045786
0.045786
0.045786
0.045786
0.045786
0.045786
0.045786
0.045786
0.045786
0.045786
0.045786
0.045786
0.045786
0.045786
0.045786
0.045786
0.045786
0.045786
0.045786
0.045786
0.045786
0.045786
0.045756
0.045756
0.045756
0.045756
0.045756
0.045756
0.045643
0.045643
0.045643
0.045242
0.045242
0.045242
0.045242
0.045242
0.045242
0.045242
0.045222
0.045171
0.045171
0.045148
0.045148
0.045148
0.045141
0.045141
0.045117
0.045117
0.045117
0.045117
0.044935
0.044935
0.044935
0.044935
0.044935
0.044929
0.044929
0.044929
0.044929
0.044929
0.044929
0.044929
0.044929
0.044929
0.044929
0.044822
0.044822
0.044195
0.044195
0.044195
0.044195
0.044040
0.044040
0.044040
0.044040
0.044040
0.044040
0.043959
0.043935
0.043935
0.043935
0.043935
