1.000000
0.997264
0.992082
0.989189
0.991417
0.989015
0.992741
0.988371
0.988874
0.983911
0.980470
0.981155
0.981871
0.985237
0.982177
0.985110
0.979679
0.977398
0.978602
0.976003
0.978874
0.976837
0.976229
0.972866
0.969030
0.970062
0.969076
0.972434
0.968296
0.969280
0.964569
0.962274
0.964247
0.963964
0.964946
0.963638
0.961855
0.955249
0.956543
0.955102
0.954396
0.958444
0.956035
0.955290
0.950270
0.946964
0.948661
0.947492
0.950804
0.946933
0.945869
0.942669
0.940723
0.942254
0.941593
0.944632
0.940577
0.942100
0.936376
0.935211
0.932032
0.930279
0.936344
0.934122
0.933524
0.926568
0.925826
0.926002
0.924392
0.927931
0.926345
0.927433
0.920796
0.918389
0.917907
0.918252
0.923483
0.918820
0.918328
0.915564
0.910844
0.915538
0.914437
0.918666
0.914123
0.911481
0.907096
0.904345
0.905771
0.905728
0.907609
0.906235
0.908682
0.900136
0.899282
0.901813
0.899272
0.901815
0.899281
0.896991
0.890513
0.892209
0.891906
0.889558
0.891136
0.887178
0.886641
0.884308
0.880123
0.881265
0.881361
0.884177
0.882498
0.881078
0.882214
0.875357
0.876623
0.874873
0.874910
0.874700
0.872514
0.868570
0.861601
0.864347
0.864468
0.865831
0.865514
0.862611
0.859117
0.857910
0.854605
0.854288
0.854623
0.852100
0.854013
0.848494
0.845011
0.846362
0.845079
0.846990
0.842579
0.843345
0.838838
0.837274
0.838355
0.837212
0.838093
0.835689
0.834760
0.832181
0.828815
0.824806
0.826649
0.830337
0.822351
0.821387
0.814703
0.811537
0.812561
0.811352
0.815474
0.807162
0.810584
0.802204
0.801615
0.804372
0.799162
0.800779
0.799984
0.796932
0.791017
0.787607
0.786001
0.786504
0.790925
0.785743
0.782159
0.773943
0.768671
0.772324
0.769511
0.772403
0.766414
0.767714
0.763594
0.755094
0.759652
0.755683
0.759688
0.754098
0.749617
0.744822
0.740637
0.739955
0.738516
0.740020
0.737834
0.734765
0.729693
0.727266
0.722570
0.720499
0.720411
0.717103
0.716390
0.708488
0.705968
0.705641
0.698372
0.702499
0.693355
0.695015
0.686201
0.678308
0.682832
0.680862
0.683628
0.676808
0.674907
0.666730
0.667030
0.668459
0.666093
0.670588
0.664585
0.662343
0.654707
0.651928
0.649590
0.649832
0.650607
0.646913
0.643830
0.635742
0.630396
0.629574
0.626674
0.628408
0.627510
0.623687
0.621069
0.616749
0.616510
0.616255
0.613152
0.611357
0.610313
0.604386
0.600419
0.601505
0.601416
0.600089
0.594491
0.592010
0.590038
0.586462
0.586529
0.581318
0.582145
0.579535
0.576480
0.569666
0.566328
0.568320
0.567729
0.568924
0.563520
0.561580
0.557348
0.555631
0.553195
0.550075
0.550539
0.550855
0.547946
0.541775
0.541639
0.537757
0.536375
0.535061
0.535904
0.531211
0.528953
0.525220
0.525100
0.524237
0.523395
0.520933
0.520325
0.516774
0.510515
0.509681
0.507886
0.506309
0.506811
0.502733
0.499076
0.497556
0.493499
0.493938
0.493677
0.492448
0.492048
0.487197
0.481772
0.482063
0.478326
0.480100
0.478360
0.476536
0.473022
0.469866
0.468231
0.464957
0.466250
0.466147
0.460871
0.457950
0.456066
0.454295
0.452094
0.450891
0.448896
0.444687
0.443419
0.442510
0.441868
0.440337
0.444312
0.438391
0.435680
0.433008
0.428701
0.426706
0.426414
0.427722
0.424534
0.423399
0.420878
0.418831
0.416532
0.413487
0.416772
0.417258
0.414840
0.411431
0.406792
0.408242
0.405999
0.405907
0.405417
0.404576
0.403004
0.398498
0.396767
0.396706
0.396814
0.396524
0.395845
0.392938
0.389862
0.389496
0.385475
0.385798
0.381748
0.381934
0.380860
0.378494
0.377196
0.376530
0.377191
0.379110
0.378968
0.375898
0.374691
0.372987
0.367397
0.370718
0.369395
0.365470
0.364349
0.360496
0.360274
0.358233
0.362448
0.359602
0.360281
0.359415
0.355539
0.354716
0.354661
0.356809
0.354496
0.353579
0.350166
0.348039
0.347509
0.344899
0.346943
0.345940
0.341956
0.339638
0.338109
0.338780
0.341505
0.341243
0.340521
0.338074
0.338436
0.335955
0.333732
0.331228
0.332583
0.330865
0.331666
0.329001
0.324424
0.327500
0.325063
0.324792
0.324759
0.321382
0.316548
0.317935
0.317271
0.319008
0.318663
0.317151
0.316114
0.312809
0.309560
0.307666
0.309740
0.309029
0.311146
0.308573
0.308180
0.303663
0.302832
0.300704
0.303446
0.301502
0.301339
0.300515
0.297726
0.296545
0.296259
0.299010
0.297677
0.295268
0.295196
0.290314
0.292144
0.294296
0.295233
0.294189
0.291333
0.291267
0.288708
0.289295
0.288872
0.291018
0.287621
0.288644
0.285207
0.285323
0.284327
0.283271
0.285288
0.284864
0.282215
0.281916
0.280831
0.280107
0.278883
0.280166
0.281847
0.280410
0.281452
0.278996
0.278867
0.278467
0.278616
0.278729
0.277607
0.276003
0.274492
0.273469
0.274946
0.273626
0.271928
0.273524
0.272072
0.270976
0.269616
0.272547
0.274336
0.271240
0.270794
0.268317
0.267179
0.266601
0.266742
0.267579
0.267755
0.265751
0.264095
0.263087
0.259479
0.260666
0.262935
0.262168
0.260361
0.256218
0.257052
0.252991
0.255593
0.254229
0.255377
0.252301
0.252757
0.248528
0.250333
0.250576
0.252697
0.252793
0.250237
0.248619
0.245772
0.248621
0.247932
0.248807
0.246429
0.246744
0.246253
0.246078
0.245948
0.245019
0.247462
0.247851
0.246141
0.243256
0.241474
0.242007
0.240117
0.239370
0.241037
0.241529
0.237838
0.237623
0.238977
0.239055
0.240400
0.240847
0.237148
0.238835
0.238161
0.238165
0.237621
0.239940
0.238617
0.238150
0.234999
0.234688
0.232671
0.235302
0.235533
0.235475
0.235653
0.232855
0.233322
0.231607
0.232047
0.234368
0.233686
0.234639
0.230733
0.232104
0.227728
0.227691
0.229499
0.230987
0.230978
0.227263
0.227071
0.226785
0.224355
0.226550
0.228131
0.225954
0.224148
0.223769
0.223050
0.224609
0.224088
0.225413
0.225089
0.222583
0.220813
0.222363
0.222794
0.225378
0.224447
0.223635
0.222412
0.220939
0.218083
0.219762
0.221717
0.221448
0.218039
0.218862
0.218063
0.219859
0.218601
0.219231
0.219687
0.216509
0.217657
0.216793
0.214514
0.216793
0.215889
0.214124
0.214237
0.214345
0.211503
0.210885
0.210053
0.213561
0.211504
0.212048
0.211244
0.210542
0.210239
0.211213
0.210860
0.210430
0.209802
0.208128
0.208967
0.206556
0.207489
0.211623
0.209814
0.209181
0.208723
0.209187
0.208023
0.209369
0.210844
0.209487
0.210001
0.207270
0.206258
0.206598
0.206880
0.206463
0.206246
0.205490
0.208145
0.202901
0.203913
0.203620
0.205750
0.204957
0.204625
0.205657
0.204086
0.203348
0.205363
0.202608
0.206205
0.206017
0.202268
0.203475
0.204320
0.203214
0.204075
0.203846
0.203246
0.203181
0.200032
0.201237
0.200279
0.199062
0.199426
0.200257
0.197196
0.197292
0.198310
0.196856
0.200488
0.199873
0.200833
0.197156
0.198465
0.198781
0.198115
0.200807
0.198014
0.199817
0.196672
0.195173
0.194875
0.195762
0.196473
0.197398
0.199274
0.196601
0.195784
0.195555
0.196405
0.197860
0.197952
0.198384
0.195842
0.197788
0.196995
0.198220
0.200615
0.199540
0.198515
0.199246
0.197205
0.198659
0.197362
0.197263
0.197055
0.198010
0.195685
0.194429
0.194096
0.194866
0.197293
0.196317
0.193825
0.194084
0.193057
0.194301
0.191907
0.195402
0.195174
0.194667
0.192190
0.190742
0.190883
0.190393
0.191311
0.192380
0.192797
0.192261
0.191928
0.191252
0.189910
0.190660
0.192159
0.189563
0.190610
0.186962
0.186387
0.189403
0.188169
0.187593
0.189152
0.186871
0.185809
0.187113
0.186746
0.189632
0.189058
0.187699
0.188572
0.188691
0.189411
0.189832
0.192349
0.190935
0.189450
0.189545
0.190037
0.190161
0.189676
0.190599
0.190256
0.189610
0.189943
0.188770
0.190241
0.188966
0.190666
0.189863
0.190573
0.187887
0.189443
0.186069
0.186399
0.186759
0.189249
0.186304
0.185699
0.185816
0.184366
0.185802
0.185421
0.186901
0.186341
0.183599
0.183893
0.183235
0.182115
0.183038
0.183221
0.182231
0.183083
0.182321
0.182970
0.184369
0.187064
0.187454
0.186395
0.186402
0.182920
0.183265
0.184015
0.187945
0.185893
0.189029
0.185721
0.183616
0.183678
0.182112
0.183968
0.181628
0.183498
0.182234
0.181501
0.182998
0.183433
0.183250
0.183246
0.184081
0.183345
0.182770
0.182260
0.183107
0.183646
0.183125
0.182863
0.181209
0.178895
0.179301
0.180254
0.182055
0.182804
0.185070
0.181016
0.182243
0.183025
0.182715
0.187034
0.184091
0.184874
0.183392
0.181994
0.182960
0.181355
0.183849
0.184415
0.183825
0.185172
0.184118
0.182601
0.182320
0.185212
0.183209
0.181644
0.182141
0.180274
0.182476
0.182680
0.185480
0.184171
0.183265
0.182939
0.182504
0.184579
0.183531
0.184673
0.183706
0.183411
0.182385
0.183422
0.182710
0.183316
0.183801
0.182732
0.183347
0.179655
0.179869
0.180671
0.181262
0.183354
0.182060
0.181489
0.179610
0.179237
0.179797
0.180347
0.181248
0.182589
0.180220
0.178848
0.178948
0.180922
0.179295
0.178211
0.179957
0.177356
0.177356
0.176089
0.178629
0.177868
0.178559
0.178116
0.177125
0.176034
0.178002
0.176600
0.177312
0.180994
0.178501
0.177232
0.176859
0.174978
0.174518
0.175889
0.176878
0.178153
0.177376
0.176220
0.174114
0.176064
0.177531
0.178849
0.177442
0.178148
0.179256
0.176270
0.177721
0.176963
0.180232
0.177638
0.178946
0.175664
0.176787
0.177788
0.178524
0.179600
0.177211
0.178054
0.175063
0.176397
0.176218
0.175307
0.177472
0.178641
0.177706
0.178419
0.177414
0.177451
0.177959
0.180232
0.178565
0.177756
0.175638
0.175019
0.176472
0.176898
0.176849
0.176015
0.174897
0.174791
0.174767
0.174348
0.173862
0.175961
0.176646
0.175243
0.173872
0.174790
0.175288
0.175234
0.176193
0.175684
0.174599
0.172971
0.172695
0.174753
0.173677
0.176891
0.175967
0.175804
0.174904
0.175342
0.176135
0.175838
0.177872
0.177757
0.176742
0.176612
0.176206
0.173647
0.174063
0.174745
0.173553
0.174539
0.171278
0.171178
0.169804
0.171915
0.173899
0.175367
0.172717
0.171091
0.171610
0.173042
0.172212
0.175396
0.173852
0.174653
0.173863
0.172828
0.174344
0.172584
0.174006
0.174190
0.171502
0.171742
0.170001
0.171592
0.170540
0.172224
0.172356
0.172319
0.172560
0.169500
0.172346
0.172870
0.172245
0.173705
0.173291
0.172549
0.171572
0.170912
0.172415
0.172027
0.173913
0.173013
0.171672
0.170273
0.171373
0.173791
0.173425
0.173882
0.174443
0.172422
0.173157
0.173401
0.174275
0.173442
0.172076
0.172938
0.172501
0.172651
0.172478
0.172710
0.171045
0.171087
0.169919
0.169037
0.168755
0.171133
0.170829
0.170611
0.169988
0.170011
0.169342
0.167979
0.170110
0.172731
0.172264
0.171965
0.171630
0.168936
0.170661
0.169158
0.170622
0.169648
0.171507
0.169183
0.168388
0.167654
0.167662
0.169112
0.168191
0.169504
0.169806
0.169989
0.169353
0.170674
0.170507
0.169972
0.170408
0.171596
0.171113
0.170582
0.169303
0.168601
0.171289
0.170880
0.169484
0.169234
0.170161
0.170042
0.168783
0.169928
0.169366
0.169547
0.171671
0.171597
0.171139
0.168131
0.169580
0.169830
0.171460
0.171032
0.169112
0.170895
0.170766
0.172186
0.170987
0.170938
0.169627
0.170371
0.171397
0.169554
0.170680
0.174534
0.171039
0.170311
0.169788
0.170124
0.172120
0.172610
0.171993
0.172169
0.170799
0.169831
0.169831
0.172363
0.173227
0.172453
0.173149
0.171242
0.171006
0.172691
0.172454
0.173547
0.176175
0.175324
0.173359
0.172116
0.171196
0.173191
0.174338
0.174788
0.173752
0.176803
0.174420
0.175180
0.174409
0.174300
0.174554
0.175997
0.175418
0.174281
0.173497
0.175244
0.176000
0.173291
0.173752
0.173343
0.174594
0.173917
0.172423
0.174427
0.173753
0.172809
0.171838
0.174087
0.173052
0.174158
0.175063
0.174544
0.172501
0.171496
0.170493
0.171797
0.172157
0.174182
0.171928
0.172888
0.172872
0.171705
0.172672
0.174208
0.176152
0.176447
0.176003
0.175503
0.178577
0.175496
0.176330
0.176407
0.174637
0.174897
0.175259
0.177099
0.176462
0.177493
0.176232
0.176533
0.176522
0.176092
0.175239
0.174660
0.176637
0.175809
0.177729
0.176253
0.177175
0.174459
0.175600
0.176625
0.178065
0.177451
0.175872
0.176422
0.176654
0.178085
0.176855
0.177119
0.177330
0.178725
0.177076
0.178455
0.176491
0.176047
0.177659
0.176551
0.177219
0.176725
0.176782
0.179477
0.177946
0.179243
0.179174
0.176696
0.177219
0.176368
0.176595
0.177024
0.176760
0.177328
0.177037
0.175199
0.175698
0.174655
0.174606
0.178524
0.176523
0.177935
0.177235
0.175756
0.176637
0.176486
0.178815
0.177529
0.178547
0.174908
0.174724
0.177146
0.176572
0.177373
0.177199
0.177529
0.174915
0.175509
0.176293
0.178082
0.179669
0.179564
0.180548
0.180963
0.180052
0.179418
0.176985
0.179670
0.180390
0.181239
0.178839
0.181057
0.180101
0.177930
0.178131
0.180322
0.180981
0.180728
0.180638
0.181266
0.179714
0.182041
0.179920
0.178054
0.176989
0.179543
0.177827
0.176815
0.178924
0.179357
0.178908
0.179055
0.176121
0.176162
0.177296
0.178126
0.179577
0.177995
0.177043
0.176971
0.177519
0.177318
0.177265
0.177667
0.178768
0.179935
0.179549
0.178864
0.179899
0.179719
0.182260
0.183161
0.181989
0.180289
0.181225
0.181599
0.181287
0.181562
0.179780
0.179037
0.179058
0.179686
0.179954
0.180174
0.180339
0.181495
0.179524
0.179323
0.177826
0.178445
0.180085
0.181423
0.181196
0.180129
0.178761
0.178516
0.177777
0.177884
0.179970
0.179776
0.177199
0.177326
0.178454
0.179308
0.180210
0.180355
0.178677
0.177446
0.177573
0.178686
0.178436
0.177261
0.178690
0.179023
0.177156
0.177711
0.176218
0.178283
0.177823
0.179302
0.179860
0.178031
0.177646
0.178085
0.178928
0.180424
0.180681
0.179742
0.179154
0.180801
0.179600
0.178713
0.181173
0.181019
0.181038
0.178864
0.177736
0.177740
0.182115
0.182174
0.182409
0.181961
0.179964
0.182203
0.179266
0.182102
0.181755
0.180365
0.180959
0.181004
0.180557
0.179657
0.178968
0.181385
0.179857
0.178838
0.177146
0.174635
0.174307
0.177127
0.177952
0.178395
0.179823
0.177648
0.179574
0.176006
0.176991
0.177315
0.178616
0.177179
0.176369
0.175725
0.177042
0.177604
0.179639
0.179279
0.177927
0.180129
0.179992
0.177416
0.178871
0.181161
0.180237
0.179109
0.178665
0.178856
0.177232
0.179877
0.178729
0.179399
0.178414
0.178107
0.176936
0.176979
0.176199
0.178103
0.178955
0.177749
0.176678
0.175345
0.175115
0.176330
0.179508
0.178457
0.175942
0.176297
0.176691
0.178457
0.177973
0.180499
0.179292
0.179509
0.177775
0.175596
0.177380
0.178578
0.178472
0.179401
0.181207
0.178406
0.177405
0.177694
0.178797
0.178501
0.180120
0.179785
0.178669
0.178894
0.179717
0.182350
0.181825
0.182896
0.182711
0.180682
0.181202
0.179092
0.180288
0.181741
0.180615
0.180581
0.181191
0.181744
0.183578
0.181609
0.184948
0.186865
0.185319
0.183738
0.183431
0.182754
0.184926
0.184806
0.185046
0.184540
0.184905
0.182889
0.185561
0.183252
0.183612
0.183905
0.181499
0.183465
0.179395
0.180525
0.181708
0.182310
0.181501
0.179359
0.181659
0.178672
0.178615
0.178207
0.179205
0.178410
0.178131
0.176802
0.177111
0.180269
0.181409
0.177432
0.179024
0.179058
0.178377
0.179784
0.179693
0.179689
0.179280
0.179666
0.179687
0.177527
0.177562
0.178868
0.179582
0.182207
0.181217
0.181039
0.178347
0.178335
0.176976
0.179720
0.180854
0.182791
0.180181
0.178966
0.178477
0.180817
0.180958
0.181914
0.179919
0.179995
0.181332
0.180389
0.183088
0.182303
0.182869
0.182765
0.180015
0.178858
0.177926
0.180559
0.179667
0.180659
0.181429
0.180585
0.178528
0.176545
0.179158
0.178499
0.179312
0.181742
0.180240
0.178057
0.177069
0.177741
0.178220
0.178896
0.180779
0.181845
0.183188
0.181546
0.180549
0.183260
0.183917
0.183465
0.182896
0.179760
0.180333
0.180464
0.180821
0.180872
0.180984
0.180155
0.179837
0.181217
0.180193
0.181676
0.180370
0.180639
0.182090
0.181239
0.180224
0.179287
0.180359
0.180000
0.182143
0.181332
0.179555
0.181263
0.181010
0.180329
0.181733
0.181073
0.183285
0.180862
0.179264
0.178977
0.179655
0.181975
0.181323
0.181361
0.179689
0.178390
0.180452
0.180599
0.180164
0.180062
0.182098
0.179813
0.180025
0.180752
0.182976
0.183344
0.183806
0.184154
0.182455
0.181355
0.179809
0.182077
0.182099
0.182238
0.182096
0.182513
0.179259
0.180032
0.181738
0.182791
0.180698
0.181684
0.181312
0.180134
0.181193
0.181954
0.184231
0.182838
0.182887
0.179965
0.180224
0.181073
0.180667
0.182100
0.182656
0.181848
0.182150
0.182909
0.183273
0.183874
0.184782
0.183369
0.183145
0.182574
0.179688
0.179050
0.178834
0.180713
0.182944
0.181492
0.183325
0.183219
0.181109
0.180240
0.181725
0.184050
0.185488
0.184244
0.182887
0.184570
0.183359
0.185765
0.184890
0.183411
0.182018
0.181114
0.183430
0.180800
0.184468
0.181670
0.180980
0.179757
0.179646
0.178739
0.179883
0.181668
0.182529
0.179870
0.180207
0.180063
0.180281
0.182333
0.183570
0.180802
0.182567
0.181092
0.180529
0.178441
0.179661
0.181635
0.180541
0.180459
0.179412
0.178109
0.179911
0.179881
0.181268
0.178166
0.180009
0.181728
0.181800
0.180384
0.181587
0.184621
0.181979
0.182099
0.181383
0.181128
0.180053
0.179379
0.182514
0.181541
0.181039
0.180615
0.179102
0.180156
0.181841
0.181978
0.181364
0.180603
0.178675
0.178107
0.177602
0.177566
0.180263
0.179376
0.179330
0.181046
0.179299
0.179017
0.181650
0.182116
0.181607
0.180650
0.181182
0.180600
0.181041
0.180447
0.182448
0.183039
0.184062
0.180951
0.179162
0.179069
0.179535
0.180852
0.181031
0.180426
0.180316
0.180797
0.180286
0.182607
0.183647
0.182834
0.183205
0.181026
0.182570
0.182551
0.181005
0.182249
0.182885
0.180140
0.180397
0.181395
0.181843
0.179975
0.181996
0.180991
0.182102
0.180135
0.181062
0.180974
0.181378
0.184706
0.182194
0.181635
0.181546
0.178466
0.178124
0.178580
0.180027
0.180652
0.179507
0.178128
0.176692
0.177919
0.178541
0.180892
0.179772
0.178310
0.177441
0.176859
0.179150
0.178437
0.180351
0.181549
0.181303
0.179961
0.181369
0.179422
0.181436
0.181792
0.182768
0.181013
0.180828
0.179238
0.180116
0.179910
0.180369
0.179892
0.180391
0.178785
0.179168
0.177540
0.178280
0.179974
0.177588
0.180136
0.179361
0.178564
0.177959
0.179241
0.181036
0.179777
0.179125
0.178536
0.177101
0.175645
0.176112
0.176594
0.176775
0.175791
0.175161
0.174566
0.172796
0.174285
0.174489
0.174891
0.175465
0.176548
0.176031
0.175090
0.175673
0.176766
0.176126
0.176048
0.174453
0.176094
0.174765
0.176889
0.176663
0.178369
0.177813
0.177574
0.177313
0.178132
0.178923
0.178429
0.179230
0.177899
0.177148
0.177223
0.178058
0.177176
0.177987
0.178006
0.178105
0.178576
0.176883
0.179074
0.178969
0.178568
0.179508
0.178104
0.179544
0.176908
0.179908
0.182139
0.182494
0.182242
0.183070
0.181804
0.181447
0.181389
0.180593
0.182949
0.184136
0.183702
0.181892
0.182883
0.182174
0.182910
0.184469
0.184102
0.181512
0.183322
0.181075
0.181002
0.182476
0.183673
0.184851
0.182185
0.181678
0.182087
0.180739
0.183338
0.182789
0.184271
0.183450
0.182556
0.181233
0.183884
0.182221
0.184135
0.184948
0.183827
0.180995
0.182513
0.180632
0.182422
0.183461
0.182873
0.181817
0.181996
0.181522
0.180943
0.182097
0.182195
0.182702
0.182619
0.179182
0.180496
0.179816
0.180416
0.180652
0.180219
0.180076
0.179810
0.179215
0.180094
0.180530
0.178919
0.180547
0.179655
0.179812
0.179722
0.177877
0.180512
0.180645
0.180407
0.180983
0.179121
0.178781
0.177105
0.176478
0.179376
0.179389
0.180312
0.178536
0.177555
0.178410
0.179386
0.179993
0.180347
0.178925
0.179498
0.176645
0.177804
0.178078
0.179621
0.179768
0.180877
0.178155
0.177786
0.178692
0.180975
0.183208
0.181540
0.180641
0.180025
0.179566
0.178462
0.180714
0.181743
0.181718
0.180478
0.177891
0.178838
0.177114
0.177942
0.178537
0.179199
0.180105
0.175547
0.177171
0.176510
0.176200
0.179370
0.180863
0.179165
0.177458
0.178352
0.178476
0.176242
0.178336
0.179506
0.178331
0.176886
0.176461
0.177588
0.176694
0.178592
0.177229
0.176595
0.175738
0.175893
0.173658
0.174756
0.176756
0.175726
0.174223
0.174032
0.171804
0.172395
0.171677
0.174473
0.172477
0.172020
0.171674
0.169493
0.170945
0.171022
0.171839
0.170868
0.171893
0.173296
0.173422
0.172127
0.174500
0.174308
0.172679
0.174932
0.173800
0.171827
0.172831
0.172654
0.173308
0.173564
0.173657
0.172944
0.171982
0.173138
0.172745
0.174955
0.174948
0.173958
0.173361
0.171497
0.173369
0.172059
0.175017
0.174923
0.173192
0.173063
0.174469
0.171986
0.174198
0.176275
0.174412
0.174554
0.171210
0.170981
0.173283
0.174840
0.174595
0.176859
0.176237
0.173976
0.175210
0.174661
0.173931
0.177123
0.175086
0.172972
0.173906
0.172502
0.174068
0.174136
0.175710
0.176160
0.173437
0.172931
0.175857
0.175087
0.174090
0.176394
0.177048
0.174613
0.174960
0.172234
0.171905
0.173108
0.175028
0.176362
0.174774
0.174989
0.173115
0.174229
0.172657
0.174384
0.175711
0.171876
0.172315
0.171274
0.171837
0.170336
0.171640
0.171388
0.171430
0.173090
0.173362
0.173540
0.173642
0.172426
0.173833
0.174480
0.172646
0.171906
0.171432
0.173132
0.174005
0.173904
0.172559
0.173114
0.171330
0.172320
0.174903
0.174527
0.175075
0.177041
0.174714
0.175565
0.173805
0.174832
0.176607
0.177153
0.175661
0.174863
0.175573
0.176646
0.176117
0.176765
0.176037
0.176395
0.176969
0.174566
0.176913
0.176952
0.178768
0.178336
0.179760
0.178156
0.177132
0.176767
0.179008
0.180345
0.178894
0.179228
0.177012
0.175370
0.177478
0.175069
0.179583
0.179747
0.177936
0.177176
0.174061
0.176847
0.177448
0.179794
0.179359
0.176946
0.177120
0.175928
0.177519
0.177939
0.180490
0.179154
0.179742
0.177308
0.176402
0.179497
0.177906
0.179391
0.178643
0.181359
0.180785
0.179684
0.176747
0.179266
0.181321
0.180910
0.180546
0.179867
0.179456
0.179586
0.181123
0.182207
0.179836
0.180163
0.178553
0.176750
0.179404
0.178724
0.181382
0.180974
0.180793
0.180958
0.180308
0.179599
0.180612
0.181161
0.181271
0.181108
0.178472
0.178181
0.179847
0.179146
0.180064
0.180259
0.179436
0.178437
0.178869
0.178121
0.180546
0.180398
0.182006
0.182758
0.181049
0.180295
0.179183
0.179865
0.181553
0.182953
0.182984
0.183508
0.182154
0.180528
0.180686
0.180966
0.179808
0.179798
0.178099
0.178733
0.178076
0.179249
0.180621
0.181039
0.180819
0.180935
0.178524
0.180228
0.180665
0.183267
0.182553
0.183666
0.182637
0.181609
0.182356
0.181325
0.181556
0.180358
0.181418
0.181342
0.180113
0.178122
0.181674
0.183081
0.182127
0.180268
0.181328
0.180411
0.182062
0.183481
0.183804
0.181347
0.183435
0.182260
0.180519
0.181744
0.182393
0.183033
0.184169
0.182027
0.181973
0.179336
0.178954
0.180132
0.182676
0.182037
0.181622
0.179739
0.179518
0.180545
0.180011
0.178280
0.180991
0.180797
0.180670
0.178036
0.178710
0.179796
0.182355
0.181027
0.180906
0.180585
0.178449
0.179941
0.180059
0.181785
0.185119
0.181424
0.180768
0.181191
0.181737
0.180183
0.183347
0.183386
0.183043
0.184564
0.181853
0.183110
0.182037
0.182882
0.184563
0.183218
0.181279
0.179807
0.181551
0.179297
0.180913
0.180716
0.180860
0.179781
0.180646
0.180544
0.181313
0.179621
0.182253
0.181677
0.182519
0.181484
0.182471
0.182379
0.183524
0.184677
0.181954
0.183374
0.180973
0.183171
0.183340
0.185086
0.185989
0.185482
0.183525
0.183053
0.184537
0.185219
0.185217
0.186560
0.185038
0.183786
0.181882
0.180731
0.181894
0.184051
0.182221
0.181322
0.181680
0.180743
0.181857
0.182646
0.182098
0.179673
0.180792
0.180002
0.179631
0.180322
0.179858
0.179675
0.180736
0.181398
0.182108
0.181200
0.180022
0.181513
0.182514
0.182713
0.181280
0.179975
0.179229
0.179058
0.179453
0.182235
0.181630
0.179932
0.181213
0.178441
0.177903
0.179490
0.180516
0.180731
0.179337
0.178620
0.180360
0.179586
0.180656
0.182848
0.182007
0.181719
0.179645
0.180280
0.178071
0.180537
0.181808
0.180648
0.179940
0.178950
0.178493
0.177967
0.178844
0.177988
0.178532
0.179570
0.178355
0.178273
0.177537
0.178459
0.178465
0.178454
0.176367
0.177970
0.177970
0.178172
0.177901
0.179231
0.177815
0.177762
0.177699
0.178647
0.178744
0.179899
0.181433
0.179425
0.178718
0.176875
0.176402
0.176028
0.177014
0.178544
0.178651
0.179574
0.176815
0.176284
0.177301
0.178768
0.179669
0.180952
0.179527
0.178379
0.178178
0.177308
0.177741
0.179549
0.180484
0.179978
0.179669
0.178914
0.179077
0.179519
0.181442
0.180142
0.177587
0.178815
0.178872
0.178479
0.178973
0.181155
0.178334
0.179533
0.179327
0.175083
0.177634
0.177145
0.177799
0.178400
0.177008
0.177083
0.177354
0.176180
0.177205
0.177635
0.181376
0.179498
0.179276
0.180570
0.178182
0.179741
0.180346
0.179749
0.179724
0.179478
0.178643
0.176921
0.179209
0.180509
0.180770
0.179059
0.178447
0.177658
0.178064
0.177843
0.178253
0.179499
0.177525
0.176966
0.176318
0.177810
0.180003
0.180413
0.180326
0.179019
0.179925
0.177358
0.176592
0.176866
0.179385
0.178743
0.178050
0.173785
0.175013
0.176742
0.178593
0.179760
0.179472
0.179099
0.178310
0.178289
0.179813
0.178424
0.180415
0.177736
0.179645
0.177974
0.177227
0.179004
0.179193
0.180776
0.180066
0.178001
0.178511
0.178419
0.177756
0.179084
0.178648
0.180125
0.178011
0.178258
0.177154
0.176523
0.174556
0.177621
0.178179
0.178514
0.177479
0.176275
0.177504
0.178272
0.181731
0.182131
0.180723
0.179846
0.180596
0.180774
0.182190
0.182557
0.181686
0.182648
0.181990
0.182122
0.182105
0.181193
0.182200
0.179858
0.182373
0.180940
0.179953
0.181958
0.180025
0.182938
0.182052
0.182180
0.179759
0.179107
0.180699
0.182414
0.182118
0.184975
0.182343
0.180404
0.180503
0.182880
0.183409
0.184698
0.183312
0.183843
0.181204
0.182023
0.181848
0.183145
0.184007
0.182498
0.183657
0.181822
0.181041
0.180814
0.181671
0.183292
0.183676
0.184794
0.182792
0.181950
0.182145
0.181556
0.182782
0.183880
0.183967
0.182723
0.181139
0.180440
0.181710
0.182302
0.182056
0.181020
0.180397
0.177452
0.180883
0.179863
0.181743
0.183438
0.184119
0.182144
0.181245
0.181351
0.183527
0.182498
0.183874
0.182756
0.182723
0.182307
0.181882
0.182667
0.180777
0.181824
0.182296
0.180763
0.179449
0.179578
0.179068
0.181531
0.181724
0.181298
0.181723
0.181643
0.182420
0.183234
0.184385
0.183126
0.184735
0.184557
0.181571
0.182557
0.182546
0.185057
0.182268
0.183565
0.181446
0.181908
0.181568
0.181983
0.181812
0.183202
0.181140
0.182365
0.180909
0.181481
0.180838
0.182815
0.182133
0.181736
0.180962
0.181036
0.179947
0.181067
0.183863
0.182777
0.182387
0.179338
0.180113
0.179760
0.179695
0.181688
0.181847
0.181344
0.180081
0.180863
0.179306
0.179791
0.180280
0.180978
0.179589
0.176763
0.178306
0.176820
0.177451
0.177235
0.179260
0.178527
0.178123
0.177292
0.177473
0.179089
0.179735
0.178664
0.180484
0.179533
0.177801
0.177596
0.178961
0.178688
0.178138
0.177650
0.177183
0.176980
0.176950
0.177327
0.179405
0.179690
0.177148
0.177727
0.176265
0.176710
0.178308
0.178990
0.177286
0.177012
0.176507
0.175718
0.174456
0.175308
0.177178
0.177952
0.177107
0.177620
0.174222
0.174686
0.176446
0.178003
0.175919
0.177569
0.176777
0.177771
0.175589
0.178025
0.177577
0.177275
0.179458
0.176311
0.177312
0.176631
0.178339
0.179524
0.178507
0.176910
0.178379
0.178041
0.177777
0.177151
0.179533
0.177560
0.176494
0.176454
0.175050
0.175089
0.176408
0.176754
0.175600
0.177200
0.175209
0.174770
0.174969
0.176516
0.174551
0.176512
0.174788
0.172936
0.173505
0.172479
0.172985
0.173565
0.172563
0.174819
0.172673
0.172901
0.174486
0.175221
0.175551
0.175484
0.174063
0.172486
0.172164
0.170784
0.172919
0.173344
0.172881
0.171962
0.170954
0.172476
0.172398
0.174338
0.172638
0.173679
0.172690
0.173051
0.172803
0.175195
0.176063
0.175543
0.175554
0.174449
0.175683
0.174629
0.172881
0.176182
0.175568
0.177422
0.176967
0.174553
0.175117
0.175842
0.173963
0.175963
0.175202
0.175390
0.174199
0.173553
0.175171
0.176307
0.174753
0.175784
0.175741
0.173728
0.173208
0.174330
0.173584
0.175670
0.177549
0.175439
0.175033
0.176491
0.175772
0.175214
0.177447
0.176487
0.176102
0.174835
0.173334
0.174987
0.177118
0.176229
0.177637
0.177542
0.179222
0.177850
0.176913
0.178592
0.178420
0.179580
0.178582
0.179726
0.176847
0.179718
0.178430
0.178891
0.178510
0.180267
0.176099
0.177339
0.178886
0.179210
0.179632
0.179614
0.178819
0.177961
0.176539
0.176280
0.177036
0.178298
0.179561
0.178030
0.175753
0.177442
0.176149
0.175900
0.177206
0.177969
0.176548
0.177038
0.175549
0.176063
0.176859
0.177599
0.177427
0.176671
0.176534
0.176194
0.176264
0.175311
0.176936
0.175967
0.176069
0.175286
0.174431
0.174394
0.175776
0.175609
0.176100
0.175905
0.174180
0.172674
0.172896
0.173545
0.175103
0.176300
0.176542
0.173725
0.172675
0.173790
0.172808
0.174702
0.175053
0.175828
0.175151
0.171311
0.170381
0.174011
0.176160
0.172605
0.174349
0.174468
0.173054
0.173993
0.175178
0.176943
0.176153
0.175262
0.175462
0.174492
0.176638
0.175158
0.177200
0.178643
0.178421
0.176298
0.175772
0.175043
0.177858
0.178130
0.175875
0.177256
0.175804
0.173580
0.173591
0.174975
0.176339
0.177880
0.176868
0.173579
0.174124
0.173653
0.175121
0.176738
0.177352
0.173534
0.176740
0.175484
0.175303
0.174381
0.178275
0.179941
0.176117
0.175319
0.175663
0.177450
0.177060
0.177925
0.178073
0.178338
0.176600
0.175665
0.176727
0.175379
0.176615
0.176067
0.178906
0.175940
0.174213
0.173623
0.174142
0.175068
0.174229
0.176008
0.174908
0.172145
0.174113
0.174774
0.176806
0.176706
0.174610
0.173887
0.172518
0.171464
0.172649
0.173840
0.175642
0.174221
0.173014
0.172316
0.171037
0.172017
0.172847
0.173227
0.175401
0.171250
0.170047
0.168162
0.170447
0.170690
0.170838
0.172519
0.172006
0.171313
0.171981
0.171617
0.173308
0.173119
0.171598
0.172835
0.171466
0.175376
0.173930
0.175829
0.176303
0.178697
0.176885
0.178429
0.177936
0.176854
0.178580
0.177328
0.178961
0.177486
0.175600
0.175255
0.177314
0.176760
0.176827
0.176225
0.173671
0.174923
0.175376
0.177064
0.178126
0.177163
0.178942
0.179192
0.178454
0.177370
0.178532
0.179190
0.177857
0.178160
0.175074
0.175000
0.174142
0.175681
0.178479
0.177183
0.177352
0.178352
0.175844
0.177046
0.174083
0.176224
0.175680
0.178268
0.174001
0.174676
0.175018
0.175563
0.175880
0.175977
0.175703
0.175713
0.175534
0.176148
0.177448
0.177124
0.177749
0.175409
0.175853
0.173297
0.174965
0.176510
0.177188
0.177398
0.175413
0.175349
0.172405
0.172709
0.176459
0.178289
0.179332
0.177277
0.176654
0.174393
0.174757
0.176749
0.178517
0.177220
0.176168
0.174552
0.175134
0.175045
0.176058
0.177501
0.175717
0.176300
0.175682
0.175174
0.176190
0.175684
0.176460
0.176661
0.177371
0.176671
0.176563
0.175798
0.176476
0.178679
0.179073
0.178087
0.177332
0.177744
0.177969
0.178207
0.177834
0.179967
0.179216
0.176834
0.175939
0.176491
0.177325
0.177679
0.176681
0.178592
0.177496
0.177728
0.177245
0.177584
0.178384
0.178762
0.178156
0.179262
0.179524
0.177269
0.180010
0.179801
0.178945
0.178929
0.175771
0.175233
0.175044
0.175335
0.177582
0.177269
0.176214
0.176005
0.175840
0.176249
0.177731
0.179204
0.179438
0.178201
0.175607
0.173617
0.175454
0.176626
0.178477
0.176571
0.177765
0.176790
0.176135
0.175935
0.175567
0.177229
0.175820
0.176406
0.176509
0.172587
0.174739
0.174132
0.174814
0.173522
0.173218
0.174723
0.173686
0.174956
0.175350
0.177069
0.176710
0.176159
0.176191
0.173729
0.175214
0.173350
0.176016
0.175005
0.176110
0.175968
0.173691
0.173413
0.174156
0.176052
0.174468
0.177002
0.174183
0.172518
0.175537
0.172600
0.174920
0.175040
0.174719
0.171495
0.171129
0.172461
0.173617
0.174582
0.174140
0.176388
0.175489
0.173913
0.173910
0.173260
0.175617
0.174144
0.174695
0.172818
0.171690
0.173434
0.175231
0.174770
0.175196
0.175565
0.176639
0.175013
0.174683
0.175847
0.177195
0.174983
0.176223
0.176233
0.173573
0.173155
0.175133
0.175924
0.174901
0.172602
0.175520
0.174214
0.175153
0.174924
0.174814
0.178384
0.176934
0.175186
0.175469
0.176209
0.177029
0.179808
0.178556
0.175857
0.176844
0.176391
0.177770
0.176753
0.177724
0.178617
0.176849
0.174354
0.177387
0.176158
0.176078
0.177634
0.179063
0.176890
0.176562
0.175590
0.175944
0.177795
0.179415
0.178130
0.178956
0.177430
0.175878
0.176974
0.179556
0.179832
0.180380
0.179547
0.177687
0.176446
0.177622
0.175519
0.177007
0.175991
0.177888
0.175927
0.176998
0.175160
0.179685
0.177927
0.178304
0.177504
0.176394
0.175398
0.178090
0.175133
0.178795
0.179411
0.179913
0.178222
0.176277
0.179467
0.178253
0.181721
0.180178
0.179303
0.180231
0.179839
0.178140
0.180133
0.179294
0.179743
0.178879
0.176649
0.178692
0.177911
0.179853
0.181410
0.181540
0.182870
0.180948
0.179427
0.181531
0.180301
0.181045
0.185331
0.182903
0.182516
0.182300
0.182508
0.182143
0.183901
0.182865
0.183464
0.181473
0.180130
0.181015
0.182218
0.182885
0.183473
0.184363
0.183270
0.181899
0.183133
0.182712
0.182845
0.182243
0.182989
0.181036
0.181259
0.180369
0.180401
0.180977
0.180026
0.180548
0.181482
0.180184
0.181782
0.180392
0.182466
0.181800
0.180858
0.179007
0.178684
0.179299
0.179586
0.180213
0.180599
0.180384
0.179765
0.179826
0.178053
0.179083
0.179487
0.180460
0.180296
0.179207
0.179940
0.180268
0.180703
0.181686
0.179983
0.179294
0.180643
0.179692
0.178853
0.180178
0.181168
0.181860
0.181396
0.178982
0.179758
0.179036
0.179636
0.180055
0.180789
0.180281
0.179985
0.177667
0.178778
0.178809
0.179769
0.179788
0.179020
0.176535
0.177950
0.178061
0.179749
0.179423
0.181060
0.180472
0.177635
0.177581
0.177281
0.176327
0.178485
0.179088
0.176647
0.176186
0.175255
0.175439
0.175096
0.176372
0.176159
0.174461
0.176449
0.175240
0.174934
0.174439
0.179120
0.178832
0.177105
0.176423
0.177192
0.176912
0.179000
0.179553
0.180357
0.178216
0.177134
0.176573
0.174092
0.174826
0.178173
0.178831
0.178414
0.175333
0.177402
0.177869
0.178170
0.176628
0.177803
0.176318
0.178092
0.177789
0.177930
0.176058
0.179430
0.179639
0.180308
0.178828
0.176400
0.177481
0.177126
0.178004
0.178666
0.178976
0.177622
0.178570
0.177116
0.178035
0.180081
0.179451
0.179331
0.178410
0.177475
0.175199
0.177548
0.179470
0.178867
0.178559
0.176314
0.177925
0.178149
0.177965
0.180148
0.180318
0.177847
0.179306
0.177425
0.178215
0.175947
0.177155
0.178721
0.177475
0.177469
0.176969
0.176548
0.175111
0.176519
0.177743
0.179257
0.178284
0.178335
0.178095
0.178319
0.178716
0.178283
0.179750
0.177073
0.176635
0.178220
0.176703
0.176469
0.177050
0.179233
0.176246
0.175550
0.177222
0.178795
0.178209
0.177564
0.175249
0.176718
0.175781
0.175135
0.177260
0.176360
0.177994
0.179153
0.178074
0.176712
0.176478
0.178407
0.178912
0.179415
0.178703
0.175486
0.175366
0.176758
0.178364
0.178746
0.179060
0.181234
0.178957
0.178277
0.180399
0.178543
0.180265
0.178986
0.177658
0.178339
0.178491
0.178578
0.178389
0.180606
0.178512
0.178109
0.177400
0.176876
0.178729
0.176619
0.177979
0.180084
0.177682
0.177040
0.178505
0.178235
0.178900
0.180385
0.180553
0.182047
0.179710
0.179517
0.179135
0.177293
0.180539
0.179305
0.176717
0.177274
0.177607
0.175913
0.178131
0.176089
0.178624
0.177505
0.177648
0.176733
0.177635
0.179671
0.179994
0.178093
0.178370
0.176267
0.176708
0.177812
0.177261
0.177233
0.177344
0.178763
0.176147
0.174996
0.176018
0.175723
0.175565
0.176377
0.177343
0.177803
0.176280
0.175543
0.176268
0.177574
0.177471
0.177790
0.177303
0.176667
0.177239
0.178031
0.179875
0.176594
0.180532
0.177845
0.176905
0.178124
0.178365
0.178247
0.178952
0.177668
0.176058
0.178116
0.176816
0.177968
0.178068
0.178667
0.177881
0.174801
0.176568
0.178629
0.178205
0.177474
0.177284
0.176694
0.175452
0.174810
0.175003
0.176372
0.176739
0.176353
0.177534
0.178487
0.177063
0.178504
0.177791
0.180819
0.180659
0.180773
0.177343
0.178796
0.177201
0.178656
0.176627
0.176331
0.176124
0.174389
0.175834
0.175795
0.177009
0.177601
0.176458
0.176947
0.175815
0.175710
0.178507
0.178241
0.178094
0.176805
0.176386
0.176404
0.177208
0.176945
0.179473
0.180774
0.178539
0.178797
0.176916
0.176235
0.176935
0.179340
0.179424
0.179164
0.179882
0.180203
0.179394
0.181303
0.182875
0.180848
0.180971
0.180981
0.178944
0.179691
0.179420
0.178221
0.180083
0.180284
0.179262
0.178003
0.176949
0.178045
0.178898
0.179422
0.179098
0.178343
0.176582
0.175105
0.176565
0.180138
0.180954
0.178432
0.180455
0.176058
0.175434
0.178378
0.180358
0.179751
0.182207
0.181780
0.180021
0.180102
0.179850
0.178787
0.180375
0.178747
0.178565
0.178941
0.178475
0.178259
0.178001
0.178553
0.180250
0.176355
0.178623
0.177682
0.177308
0.178775
0.179396
0.180777
0.179805
0.179369
0.178719
0.179653
0.181474
0.183276
0.182275
0.179269
0.181221
0.179780
0.181337
0.181174
0.181607
0.179856
0.179698
0.178008
0.179815
0.178780
0.180314
0.180594
0.179141
0.180079
0.178127
0.176209
0.179312
0.179812
0.180488
0.178971
0.178065
0.177465
0.177822
0.177592
0.177368
0.177654
0.178121
0.176072
0.176285
0.176835
0.176798
0.177836
0.177232
0.177190
0.177178
0.177142
0.177093
0.177103
0.177973
0.178909
0.178182
0.180311
0.179807
0.177618
0.176060
0.177438
0.176847
0.178211
0.177530
0.177249
0.177541
0.178177
0.178907
0.180408
0.179701
0.178699
0.178862
0.179278
0.178657
0.179573
0.182323
0.180467
0.179555
0.179668
0.178997
0.180511
0.179635
0.180281
0.180490
0.181567
0.182731
0.181345
0.181464
0.178871
0.180569
0.180213
0.180258
0.180212
0.179939
0.179072
0.178649
0.179634
0.181769
0.181584
0.179640
0.179502
0.179688
0.179408
0.181361
0.182519
0.181354
0.178726
0.178988
0.181093
0.179191
0.180537
0.180144
0.179112
0.178201
0.177409
0.176948
0.178460
0.177662
0.177553
0.178009
0.175750
0.177534
0.176016
0.176160
0.176886
0.176385
0.178439
0.176986
0.177362
0.177651
0.177914
0.178473
0.178436
0.178379
0.177503
0.175833
0.177513
0.176611
0.176762
0.177993
0.177265
0.176449
0.174451
0.175259
0.175484
0.177163
0.176430
0.175432
0.175940
0.174538
0.175333
0.174443
0.176725
0.176240
0.176357
0.176552
0.174411
0.174048
0.177148
0.178037
0.176505
0.176814
0.176081
0.176681
0.176746
0.177208
0.178274
0.176405
0.177565
0.175076
0.177048
0.176304
0.176813
0.176921
0.177916
0.176189
0.177413
0.175525
0.176375
0.175498
0.178214
0.177884
0.177714
0.176046
0.174380
0.176450
0.178898
0.179041
0.177291
0.177048
0.176969
0.177493
0.177480
0.176302
0.177592
0.177385
0.177402
0.176633
0.177590
0.178504
0.179098
0.181186
0.178902
0.178444
0.177754
0.178970
0.178455
0.180012
0.179382
0.180931
0.179931
0.178049
0.177034
0.176134
0.178375
0.178915
0.180212
0.179308
0.180102
0.176483
0.178198
0.180168
0.182362
0.181823
0.179867
0.179593
0.179068
0.178749
0.179389
0.180342
0.178223
0.179356
0.179830
0.179613
0.180669
0.179207
0.182122
0.181335
0.180151
0.177669
0.176266
0.177204
0.177394
0.178016
0.177346
0.176408
0.175216
0.176046
0.175320
0.174670
0.177373
0.176410
0.178604
0.175549
0.175611
0.176019
0.177432
0.178438
0.177185
0.176798
0.176267
0.175280
0.177331
0.177038
0.178982
0.180204
0.178493
0.178045
0.177534
0.177134
0.177058
0.179549
0.177954
0.179465
0.178944
0.177536
0.178473
0.179137
0.177507
0.177033
0.176963
0.177968
0.176060
0.176487
0.177799
0.180402
0.179304
0.177843
0.176481
0.176091
0.176778
0.177573
0.180385
0.179359
0.178890
0.178641
0.175554
0.175463
0.176623
0.179277
0.179968
0.180344
0.179435
0.179657
0.179029
0.179624
0.182907
0.180862
0.179954
0.181753
0.178186
0.181047
0.179846
0.181762
0.180842
0.179761
0.175550
0.178770
0.177066
0.179165
0.177619
0.176912
0.176559
0.178274
0.176720
0.176985
0.178326
0.179648
0.179144
0.178640
0.177449
0.175614
0.178190
0.178194
0.179123
0.178899
0.178615
0.176486
0.177187
0.176116
0.175961
0.177087
0.178947
0.179590
0.176561
0.174846
0.177496
0.176327
0.178194
0.178080
0.177214
0.175575
0.174346
0.173664
0.176166
0.175920
0.177667
0.176352
0.176547
0.174013
0.173712
0.174974
0.175135
0.174884
0.173078
0.175539
0.175933
0.173954
0.174616
0.174379
0.177755
0.175673
0.176439
0.176518
0.178348
0.178058
0.178344
0.178417
0.180168
0.177580
0.178036
0.176431
0.178275
0.181383
0.178419
0.179173
0.178149
0.176699
0.177486
0.177657
0.179557
0.178500
0.179095
0.177227
0.176997
0.178565
0.177905
0.179038
0.181228
0.179936
0.178934
0.176606
0.178087
0.178915
0.181291
0.181159
0.181928
0.179981
0.179827
0.180579
0.180947
0.183252
0.182368
0.180812
0.181601
0.180409
0.182080
0.181549
0.182006
0.179844
0.180047
0.180744
0.179685
0.180003
0.182108
0.183232
0.180159
0.182054
0.179396
0.179372
0.179504
0.180786
0.182039
0.181864
0.180344
0.181098
0.179533
0.179887
0.181248
0.183124
0.182251
0.182888
0.181823
0.178855
0.179442
0.180387
0.181742
0.180614
0.180754
0.180855
0.181374
0.181963
0.182411
0.184049
0.183877
0.182104
0.181401
0.180466
0.178077
0.182366
0.183088
0.184034
0.180455
0.179119
0.178231
0.181545
0.180394
0.181593
0.180627
0.180828
0.178125
0.178801
0.180566
0.178805
0.179443
0.179208
0.179657
0.178049
0.176564
0.179289
0.177378
0.178957
0.178744
0.178816
0.178561
0.177422
0.176613
0.178558
0.176858
0.179910
0.179183
0.179596
0.177428
0.180175
0.181814
0.184025
0.184546
0.184292
0.179288
0.179989
0.180980
0.180398
0.181478
0.182267
0.181373
0.180011
0.180561
0.179743
0.181197
0.180259
0.180641
0.181143
0.179412
0.179940
0.180092
0.180068
0.180853
0.181017
0.180345
0.180748
0.182424
0.180648
0.181162
0.183010
0.180546
0.182473
0.181258
0.179129
0.180099
0.179107
0.180708
0.181283
0.181571
0.178730
0.180266
0.179726
0.179010
0.180039
0.181393
0.182161
0.180997
0.180277
0.177670
0.179318
0.179797
0.178593
0.179907
0.178858
0.177408
0.179006
0.179141
0.181252
0.182647
0.180559
0.180465
0.178820
0.179174
0.180167
0.179570
0.182001
0.178974
0.178829
0.178437
0.176468
0.178984
0.180034
0.180087
0.180393
0.179995
0.179230
0.181143
0.179454
0.180872
0.184385
0.183165
0.183388
0.182464
0.180510
0.181773
0.182588
0.181297
0.182004
0.180094
0.180599
0.180073
0.180060
0.182518
0.181923
0.181801
0.180731
0.179402
0.180870
0.180030
0.180808
0.181444
0.181293
0.180256
0.177906
0.178149
0.180756
0.180535
0.180509
0.181055
0.180215
0.178910
0.179786
0.181443
0.180813
0.180117
0.178570
0.178725
0.176988
0.175754
0.177831
0.178444
0.179043
0.177873
0.178842
0.177426
0.178544
0.178096
0.179516
0.180729
0.178217
0.176262
0.177133
0.177155
0.178127
0.178291
0.177094
0.178888
0.177981
0.178252
0.175670
0.177681
0.177250
0.175799
0.179094
0.177509
0.180738
0.179723
0.180691
0.181923
0.180986
0.182241
0.180008
0.181295
0.180029
0.181547
0.181184
0.184121
0.182259
0.182355
0.181165
0.182349
0.183071
0.184144
0.182292
0.182820
0.181546
0.181040
0.180272
0.179686
0.182104
0.182214
0.179259
0.180245
0.180667
0.182307
0.181136
0.181633
0.180769
0.181264
0.181125
0.180320
0.179820
0.179080
0.179251
0.178982
0.180141
0.178416
0.179610
0.179280
0.179517
0.179784
0.180290
0.178901
0.179046
0.179185
0.179994
0.179181
0.179032
0.179482
0.178515
0.177232
0.179274
0.177884
0.179282
0.180277
0.181216
0.179668
0.179796
0.179037
0.177518
0.178654
0.181794
0.181195
0.181964
0.181998
0.182102
0.183034
0.182174
0.183946
0.181505
0.181123
0.179346
0.178547
0.179591
0.179626
0.183124
0.181020
0.180908
0.179020
0.179420
0.180691
0.180993
0.180444
0.183260
0.181258
0.181524
0.179965
0.181700
0.183194
0.182764
0.183578
0.183770
0.180675
0.182276
0.182788
0.181910
0.184857
0.183597
0.182501
0.184106
0.183600
0.181001
0.184502
0.184542
0.184309
0.183981
0.184194
0.185065
0.183260
0.184380
0.184557
0.184726
0.184306
0.182404
0.181496
0.179766
0.180554
0.184015
0.182438
0.181792
0.183261
0.181276
0.180233
0.180562
0.182909
0.181346
0.181115
0.182978
0.180965
0.180267
0.181331
0.180790
0.184470
0.183165
0.181376
0.181275
0.182085
0.180591
0.184245
0.183330
0.180609
0.180424
0.180739
0.180613
0.181272
0.182299
0.180044
0.181666
0.179741
0.180082
0.181037
0.182862
0.182551
0.183273
0.181552
0.180882
0.179297
0.179583
0.181766
0.182871
0.183570
0.183513
0.181478
0.181015
0.182727
0.182818
0.182065
0.182635
0.184326
0.182239
0.181526
0.181964
0.185116
0.183804
0.183605
0.182982
0.182704
0.182063
0.182986
0.182146
0.183657
0.182568
0.183218
0.182247
0.180369
0.183153
0.181175
0.182736
0.181768
0.181778
0.182247
0.181874
0.182169
0.183046
0.183577
0.184861
0.184883
0.184285
0.181700
0.181668
0.182994
0.183637
0.181333
0.181530
0.180901
0.180879
0.180774
0.181414
0.182737
0.183300
0.180446
0.180187
0.181499
0.182302
0.181648
0.183311
0.182612
0.182312
0.182047
0.181943
0.182945
0.180542
0.184559
0.181381
0.181535
0.181965
0.180701
0.183614
0.183789
0.183958
0.181985
0.181087
0.181174
0.179624
0.181828
0.181584
0.184056
0.182100
0.182128
0.182257
0.179969
0.180554
0.181451
0.182512
0.181843
0.182475
0.181586
0.181323
0.180798
0.180643
0.183573
0.181882
0.182903
0.183712
0.182440
0.181574
0.182177
0.184622
0.182920
0.181675
0.181483
0.182133
0.183737
0.184177
0.185817
0.185095
0.185497
0.183281
0.180556
0.183116
0.182271
0.182652
0.183048
0.184386
0.180933
0.181543
0.180295
0.184056
0.184254
0.184534
0.183401
0.182658
0.182513
0.183350
0.182771
0.183576
0.184371
0.183126
0.183737
0.180103
0.181106
0.181023
0.181742
0.180474
0.182899
0.180108
0.178698
0.180039
0.179765
0.179301
0.180363
0.179265
0.180216
0.179257
0.179235
0.182409
0.180766
0.181757
0.181494
0.182919
0.181712
0.183058
0.182657
0.184816
0.182230
0.181022
0.181245
0.181284
0.180038
0.180601
0.181985
0.182609
0.181860
0.180180
0.181691
0.182620
0.182079
0.181796
0.180838
0.179262
0.178554
0.177946
0.179144
0.178456
0.178054
0.179193
0.177704
0.177108
0.176493
0.178199
0.178998
0.179741
0.181255
0.179146
0.177692
0.178385
0.179203
0.178286
0.181425
0.181194
0.181857
0.181224
0.179977
0.178626
0.179659
0.179984
0.179913
0.179941
0.178666
0.180395
0.178892
0.180035
0.181365
0.182053
0.181969
0.180553
0.180503
0.179509
0.178915
0.182001
0.181283
0.180182
0.179915
0.180233
0.179185
0.178632
0.180219
0.180201
0.180215
0.179407
0.180530
0.180307
0.180316
0.181290
0.180323
0.181037
0.180353
0.177927
0.179540
0.178187
0.181058
0.178624
0.179608
0.180276
0.178936
0.182002
0.181723
0.180878
0.180829
0.182219
0.178694
0.177971
0.177421
0.179209
0.179487
0.180045
0.179306
0.177885
0.180014
0.179412
0.180073
0.179591
0.182060
0.182065
0.178940
0.178553
0.179199
0.182047
0.181826
0.180458
0.180146
0.178045
0.175905
0.176561
0.177149
0.176858
0.177489
0.177410
0.176816
0.177324
0.176010
0.179568
0.179744
0.178683
0.176703
0.176428
0.175777
0.176166
0.174117
0.176514
0.174981
0.176279
0.172831
0.172947
0.172331
0.173964
0.173257
0.173673
0.173613
0.171457
0.171540
0.171900
0.172985
0.175414
0.172729
0.172936
0.172204
0.171545
0.171282
0.171980
0.173467
0.175338
0.172089
0.173659
0.173368
0.174028
0.172303
0.173945
0.175320
0.173399
0.171914
0.171216
0.173160
0.171268
0.173329
0.174895
0.175437
0.173853
0.171832
0.174201
0.173429
0.176034
0.173937
0.175847
0.174809
0.172957
0.174430
0.173966
0.174076
0.176125
0.175263
0.173411
0.171877
0.174242
0.173560
0.175391
0.175982
0.174939
