3.381513
2.445780
2.353571
2.270421
2.169589
2.047038
1.722970
1.676241
1.574942
1.391502
1.189157
1.134991
1.134991
1.104383
1.103177
1.100135
1.065704
1.054027
0.944663
0.940153
0.877732
0.858747
0.858747
0.761544
0.754451
0.739489
0.739489
0.603388
0.527384
0.527384
0.527384
0.509001
0.450583
0.450583
0.450583
0.439350
0.439350
0.439046
0.437011
0.433397
0.433397
0.379799
0.379799
0.378793
0.371816
0.371816
0.371816
0.362736
0.340315
0.340315
0.340315
0.340315
0.340315
0.337767
0.337767
0.337767
0.334336
0.334336
0.302761
0.302761
0.302761
0.302761
0.293477
0.289487
0.286397
0.274583
0.271985
0.271985
0.271985
0.271985
0.268670
0.268670
0.253140
0.253140
0.252429
0.250367
0.240942
0.240942
0.240942
0.240942
0.240942
0.237725
0.237725
0.209794
0.209794
0.199558
0.199558
0.182886
0.182886
0.182886
0.176984
0.176984
0.175134
0.175134
0.168575
0.156993
0.156659
0.156659
0.156659
0.156659
0.153692
0.153692
0.153692
0.153692
0.153605
0.153598
0.153598
0.151048
0.151048
0.151048
0.151048
0.151048
0.151048
0.151048
0.151048
0.151048
0.151048
0.151048
0.149008
0.148958
0.148797
0.148797
0.146881
0.146719
0.146395
0.146395
0.146395
0.144289
0.144289
0.144289
0.144289
0.144289
0.144289
0.143613
0.143613
0.143613
0.141873
0.137496
0.137068
0.137068
0.137068
0.137068
0.137027
0.137027
0.137027
0.137027
0.137027
0.137027
0.137027
0.137027
0.137027
0.126632
0.126632
0.126427
0.126427
0.116459
0.112123
0.111563
0.111563
0.110693
0.110693
0.110693
0.110693
0.110693
0.110693
0.110693
0.110693
0.110693
0.110693
0.107728
0.107728
0.107141
0.107141
0.107141
0.106418
0.106418
0.106418
0.106418
0.106418
0.106418
0.102267
0.102267
0.100852
0.100852
0.100852
0.100852
0.098629
0.098629
0.091293
0.089595
0.089063
0.089063
0.082312
0.081768
0.081382
0.079632
0.074263
0.073732
0.070122
0.070122
0.066142
0.066142
0.065548
0.065548
0.065548
0.060849
0.060791
0.060773
0.060552
0.058533
0.055950
0.055950
0.055946
0.054125
0.054125
0.050818
0.050116
0.050025
0.050025
0.050025
0.048259
0.048259
0.048233
0.048233
0.048233
0.048233
0.048233
0.047475
0.047475
0.047475
0.046220
0.046220
0.046220
0.038973
0.038122
0.038122
0.031994
0.031994
0.031994
0.031994
0.031994
0.031420
0.030893
0.030851
0.030851
0.030851
0.030176
0.029608
0.029608
0.029608
0.029608
0.028693
0.028693
0.028693
0.028693
0.028693
0.028693
0.028693
0.028669
0.027651
0.027651
0.027651
0.027120
0.026631
0.026631
0.026631
0.026631
0.026631
0.026615
0.026615
0.026615
0.026615
0.026536
0.026536
0.026534
0.026230
0.026222
0.026222
0.026222
0.026222
0.026061
0.026061
0.026061
0.024529
0.024489
0.024489
0.024489
0.024489
0.024489
0.024489
0.024489
0.024489
0.024489
0.023950
0.023950
0.023948
0.023084
0.023068
0.023068
0.023068
0.023058
0.023058
0.023057
0.023057
0.022995
0.022995
0.022995
0.022995
0.022995
0.022995
0.022995
0.022995
0.022995
0.022995
0.022995
0.022995
0.022945
0.022945
0.022945
0.022945
0.022945
0.022945
0.022945
0.020575
0.020575
0.020575
0.020575
0.020575
0.020575
0.020575
0.020575
0.020513
0.020339
0.020339
0.020339
0.020339
0.020339
0.020339
0.020339
0.020339
0.020339
0.020339
0.020339
0.020339
0.020339
0.020339
0.020339
0.020339
0.020339
0.020220
0.020220
0.020218
0.020218
0.020218
0.020218
0.020218
0.020218
0.020218
0.020218
0.020218
0.020218
0.020218
0.020218
0.020194
0.020194
0.020194
0.020075
0.020075
0.020075
0.020075
0.020075
0.020075
0.020008
0.020008
0.020008
0.020008
0.020008
0.020008
0.020008
0.020008
0.020008
0.020008
0.020008
0.020008
0.020008
0.020008
0.020008
0.020008
0.019906
0.019906
0.019906
0.019906
0.019906
0.019906
0.019906
0.019906
0.019906
0.019906
0.019906
0.019906
0.019906
0.019905
0.019893
0.019893
0.019570
0.019515
0.019515
0.019515
0.019515
0.019515
0.019515
0.019515
0.019515
0.019515
0.019515
0.019515
0.019515
0.019515
0.019515
0.019515
0.019483
0.019483
0.019483
0.019483
0.019483
0.019483
0.019483
0.019483
0.019483
0.009264
0.009264
0.009264
0.009264
0.009264
0.009264
0.009264
0.009264
0.009264
0.009264
0.009264
0.009264
0.009264
0.009264
0.009264
0.009264
0.009264
0.009264
0.009264
0.009264
0.009264
0.009264
0.009264
0.009264
0.009264
0.009261
0.009261
0.009255
0.009255
0.009255
0.009255
0.009255
0.009255
0.009255
0.009255
0.009255
0.009255
0.009255
0.009255
0.009255
0.009255
0.009255
0.009243
0.009243
0.009243
0.009243
0.009243
0.009243
0.009243
0.009241
0.009241
0.009212
0.009212
0.009212
0.009212
0.009212
0.009212
0.009132
0.009132
0.009132
0.009119
0.009119
0.009119
0.009119
0.009119
0.009119
0.008800
0.008800
0.008800
0.008800
0.008800
0.008800
0.008800
0.008800
0.008800
0.008750
0.008750
0.008750
0.008750
0.008750
0.008750
0.008750
0.008750
0.008731
0.008731
0.008731
0.008731
0.008731
0.008731
0.008731
0.008731
0.008731
0.008731
0.008727
0.008727
0.008727
0.008727
0.008727
0.008727
0.008727
0.008727
0.008727
0.008727
0.008727
0.008727
0.008727
0.008727
0.008727
0.008727
0.008727
0.007501
0.007499
0.007499
0.007499
0.007499
0.007499
0.007499
0.007499
0.007499
0.007499
0.007499
0.007499
0.007499
0.007499
0.007391
0.007391
0.007391
0.007391
0.007390
0.007390
0.007390
0.005157
0.005157
0.004466
0.004466
0.004466
0.004466
0.004466
0.004466
0.004466
0.004466
0.004466
0.004466
0.004466
0.004466
0.004466
0.004466
0.004466
0.004466
0.004466
0.004466
0.004466
0.004466
0.004466
0.004466
0.004466
0.004466
0.004466
0.004466
0.004466
0.004466
0.004466
0.004466
0.004466
0.004466
0.004466
0.004466
0.004466
0.004466
0.004466
0.004466
0.004466
0.004446
0.004446
0.004446
0.004446
0.004446
0.004446
0.004446
0.004446
0.004446
0.004446
0.004446
0.004446
0.004446
0.004446
0.004446
0.004446
0.004106
0.004106
0.004106
0.004106
0.004106
0.004106
0.004106
0.004106
0.004106
0.004106
0.004071
0.004071
0.004071
0.004071
0.004071
0.004071
0.003896
0.003896
0.003896
0.003896
0.003896
0.003896
0.003896
0.003896
0.003896
0.003896
0.003896
0.003896
0.003896
0.003896
0.003896
0.003896
0.003896
0.003896
0.003885
0.003708
0.003708
0.003708
0.003708
0.003708
0.003708
0.003708
0.003708
0.003708
0.003708
0.003708
0.003708
0.003708
0.003708
0.003708
0.003708
0.003708
0.003708
0.003708
0.003708
0.003708
0.003708
0.003708
0.003708
0.003708
0.003708
0.003703
0.003703
0.003703
0.003703
0.003703
0.003686
0.003686
0.003686
0.003686
0.003686
0.003686
0.003686
0.003686
0.003686
0.003686
0.003686
0.003686
0.003686
0.003686
0.003686
0.003686
0.003686
0.003642
0.003642
0.003642
0.003642
0.003642
0.003642
0.003642
0.003642
0.003642
0.003642
0.003642
0.003642
0.003642
0.003642
0.003642
0.003642
0.003642
0.003642
0.003642
0.003642
0.003639
0.003639
0.003639
0.003639
0.003639
0.003634
0.003634
0.003634
0.003634
0.003634
0.003634
0.003628
0.003628
0.003628
0.003628
0.003628
0.003628
0.003628
0.003628
0.003628
0.003628
0.003628
0.003628
0.003628
0.003628
0.003628
0.003628
0.003628
0.003628
0.003628
0.003628
0.003628
0.003628
0.003625
0.003625
0.003625
0.003625
0.003625
0.003625
0.003625
0.003625
0.003625
0.003625
0.003625
0.003625
0.003625
0.003625
0.003625
0.003625
0.003625
0.003625
0.003625
0.003625
0.003625
0.003625
0.003625
0.003625
0.003625
0.003625
0.003625
0.003625
0.003620
0.003579
0.003579
0.003579
0.003579
0.003579
0.003579
0.003562
0.003562
0.003562
0.003514
0.003514
0.003514
0.003514
0.003514
0.003514
0.003514
0.003514
0.003514
0.003513
0.003513
0.003513
0.003513
0.003513
0.003513
0.003513
0.003513
0.003513
0.003513
0.003513
0.003513
0.003512
0.003512
0.003512
0.003512
0.003512
0.003512
0.003512
0.003512
0.003512
0.003512
0.003512
0.003512
0.003512
0.003512
0.003512
0.003512
0.003512
0.003512
0.003512
0.003512
0.003512
0.003512
0.003512
0.003512
0.003512
0.003512
0.003512
0.003512
0.003512
0.003512
0.003512
0.003512
0.003512
0.003512
0.003512
0.003512
0.003512
0.003512
0.003512
0.003512
0.003512
0.003512
0.003512
0.002580
0.002580
0.002580
0.002580
0.002580
0.002580
0.002580
0.002580
0.002580
0.002580
0.002580
0.002580
0.002580
0.002580
0.002580
0.002580
0.002580
0.002580
0.002580
0.002580
0.002580
0.002580
0.002580
0.002580
0.002580
0.002580
0.002580
0.002580
0.002580
0.002580
0.002580
0.002580
0.002580
0.002580
0.002580
0.002580
0.002580
0.002580
0.002337
0.002337
0.002337
0.002337
0.002337
0.002337
0.002337
0.002337
0.002337
0.002337
0.002337
0.002337
0.002337
0.002337
0.002337
0.002337
0.002337
0.002337
0.002337
0.002337
0.002337
0.002337
0.002337
0.002337
0.002330
0.002330
0.002330
0.002330
0.002330
0.002330
0.002330
0.002330
0.002330
0.002330
0.002330
0.002330
0.002330
0.002330
0.002330
0.002330
0.002330
0.002330
0.002330
0.002330
0.002330
0.002330
0.002330
0.002330
0.002330
0.002330
0.002330
0.002330
0.002330
0.002330
0.002330
0.002330
0.002330
0.002330
0.002330
0.002330
0.002330
0.002330
0.002330
0.002330
0.002330
0.002330
0.002330
0.002330
0.002330
0.002330
0.002330
0.002330
0.002330
0.002330
0.002330
0.002330
0.002330
0.002330
0.002330
0.002330
0.002330
0.002330
0.002330
0.002330
0.002330
0.002330
0.002330
0.002330
0.002330
0.002330
0.002330
0.002330
0.002330
0.002330
0.002330
0.002330
0.002330
0.002330
0.002330
0.002321
0.002321
0.002321
0.002321
0.002321
0.002321
0.002321
0.002321
0.002267
0.002267
0.002267
0.002267
0.002267
0.002267
0.002267
0.002267
0.002267
0.002267
0.002267
0.002267
0.002267
0.002267
0.002267
0.002267
0.002267
0.002267
0.002267
0.002267
0.002267
0.002267
0.002267
0.002267
0.002267
0.002267
0.002267
0.002267
0.002267
0.002267
0.002267
0.002267
0.002267
0.002267
0.002267
0.002267
0.002267
0.002267
0.002267
0.002267
0.002267
0.002267
0.002267
0.002267
0.002267
0.002267
0.002267
0.002267
0.002267
0.002267
0.002267
0.002267
0.002267
0.002267
0.002267
0.002267
0.002267
0.002267
0.002267
0.002267
0.002267
0.002267
0.002267
0.002266
0.002266
0.002266
0.002266
0.002266
0.002227
0.002227
0.002227
0.002227
0.002227
0.002227
0.002226
0.002226
0.002226
0.002226
0.002226
0.002226
0.002226
0.002201
0.002201
0.002201
0.002201
0.002201
0.002201
0.002201
0.002201
0.002201
0.002201
0.002201
0.002201
0.002201
0.002190
0.002190
0.002190
0.002190
0.002190
0.002185
0.002185
0.002185
0.002185
0.002185
0.002185
0.002185
0.002185
0.002185
0.002185
0.002185
0.002185
0.002185
0.002185
0.002185
0.002185
0.002185
0.002185
0.002185
0.002185
0.002185
0.002185
0.002185
0.002185
0.002185
0.002185
0.002185
0.002185
0.002185
0.002168
0.002168
0.002168
0.002168
0.002168
0.002168
0.002168
0.002168
0.002168
0.002168
0.002168
0.002168
0.002168
0.002168
0.002168
0.002168
0.002168
0.002168
0.002168
0.002168
0.002168
0.002168
0.002168
0.002168
0.002168
0.002168
0.002168
0.002168
0.002168
0.002168
0.002168
0.002168
0.002168
0.002168
0.002157
0.002157
0.002157
0.002157
0.002157
0.002157
0.002157
0.002157
0.002157
0.002157
0.002157
0.002157
0.001833
0.001833
0.001833
0.001833
0.001833
0.001802
0.001802
0.001802
0.001802
0.001802
0.001802
0.001802
0.001802
0.001802
0.001802
0.001802
0.001802
0.001802
0.001802
0.001802
0.001628
0.001628
0.001627
0.001627
0.001627
0.001627
0.001627
0.001627
0.001627
0.001627
0.001627
0.001627
0.001627
0.001627
0.001627
0.001627
0.001627
0.001627
0.001627
0.001627
0.001625
0.001625
0.001625
0.001625
0.001625
0.001625
0.001625
0.001625
0.001625
0.001625
0.001625
0.001625
0.001625
0.001625
0.001625
0.001625
0.001625
0.001625
0.001625
0.001625
0.001625
0.001625
0.001625
0.001625
0.001625
0.001625
0.001625
0.001625
0.001625
0.001484
0.001484
0.001484
0.001484
0.001484
0.001484
0.001484
0.001484
0.001484
0.001484
0.001484
0.001484
0.001484
0.001484
0.001484
0.001484
0.001484
0.001484
0.001484
0.001484
0.001484
0.001484
0.001484
0.001484
0.001484
0.001484
0.001484
0.001484
0.001484
0.001484
0.001484
0.001484
0.001484
0.001484
0.001484
0.001484
0.001484
0.001484
0.001484
0.001484
0.001484
0.001484
0.001484
0.001484
0.001484
0.001484
0.001484
0.001484
0.001484
0.001484
0.001484
0.001484
0.001484
0.001484
0.001484
0.001484
0.001484
0.001484
0.001484
0.001484
0.001484
0.001484
0.001484
0.001484
0.001484
0.001484
0.001484
0.001484
0.001484
0.001484
0.001484
0.001484
0.001484
0.001484
0.001484
0.001484
0.001484
0.001484
0.001484
0.001484
0.001484
0.001484
0.001484
0.001484
0.001484
0.001484
0.001484
0.001484
0.001484
0.001484
0.001472
0.001472
0.001472
0.001472
0.001472
0.001307
0.001307
0.001307
0.001307
0.001307
0.001307
0.001307
0.001307
0.001307
0.001307
0.001307
0.001307
0.001307
0.001307
0.001307
0.001307
0.001307
0.001307
0.001307
0.001305
0.001305
0.001305
0.001305
0.001305
0.001305
0.001305
0.001305
0.001305
0.001305
0.001305
0.001305
0.001305
0.001305
0.001305
0.001305
0.001305
0.001305
0.001305
0.001305
0.001305
0.001305
0.001305
0.001305
0.001305
0.001305
0.001305
0.001305
0.001305
0.001305
0.001305
0.001305
0.001305
0.001305
0.001305
0.001305
0.001305
0.001305
0.001305
0.001305
0.001305
0.001305
0.001305
0.001305
0.001305
0.001301
0.001301
0.001301
0.001301
0.001301
0.001301
0.001301
0.001301
0.001301
0.001301
0.001301
0.001301
0.001301
0.001301
0.001301
0.001301
0.001301
0.001301
0.001301
0.001301
0.001301
0.001301
0.001301
0.001301
0.001301
0.001301
0.001301
0.001301
0.001301
0.001301
0.001301
0.001301
0.001301
0.001301
0.001301
0.001301
0.001301
0.001301
0.001301
0.001301
0.001301
0.001301
0.001301
0.001301
0.001301
0.001300
0.001300
0.001300
0.001300
0.001300
0.001300
0.001300
0.001300
0.001300
0.001300
0.001300
0.001299
0.001299
0.001299
0.001299
0.001299
0.001299
0.001299
0.001299
0.001299
0.001299
0.001299
0.001299
0.001299
0.001299
0.001299
0.001299
0.001299
0.001299
0.001299
0.001299
0.001299
0.001299
0.001299
0.001299
0.001299
0.001299
0.001299
0.001299
0.001299
0.001299
0.001299
0.001299
0.001299
0.001299
0.001299
0.001299
0.001299
0.001299
0.001299
0.001299
0.001299
0.001299
0.001299
0.001299
0.001299
0.001299
0.001299
0.001299
0.001299
0.001299
0.001299
0.001299
0.001299
0.001240
0.001240
0.001240
0.001240
0.001240
0.001240
0.001240
0.001240
0.001240
0.001240
0.001240
0.001240
0.001240
0.001240
0.001240
0.001240
0.001240
0.001240
0.001240
0.001240
0.001240
0.001240
0.001240
0.001240
0.001240
0.001240
0.001240
0.001240
0.001240
0.001240
0.001240
0.001240
0.001240
0.001240
0.001240
0.001240
0.001240
0.001240
0.001240
0.001240
0.001240
0.001240
0.001240
0.001240
0.001240
0.001240
0.001240
0.001240
0.001240
0.001240
0.001240
0.001240
0.001240
0.001240
0.001240
0.001240
0.001240
0.001240
0.001240
0.001240
0.001240
0.001240
0.001240
0.001240
0.001240
0.001240
0.001240
0.001240
0.001240
0.001240
0.001240
0.001240
0.001240
0.001240
0.001240
0.001240
0.001240
0.001240
0.001240
0.001240
0.001240
0.001240
0.001240
0.001240
0.001240
0.001240
0.001240
0.001240
0.001240
0.001240
0.001240
0.001240
0.001240
0.001240
0.001240
0.001235
0.001235
0.001235
0.001235
0.001235
0.001183
0.001183
0.001183
0.001183
0.001183
0.001183
0.001183
0.001183
0.001183
0.001183
0.001183
0.001183
0.001183
0.001183
0.001183
0.001183
0.001183
0.001183
0.001183
0.001183
0.001183
0.001183
0.001183
0.001183
0.001183
0.001183
0.001183
0.001183
0.001183
0.001183
0.001183
0.001183
0.001183
0.001183
0.001183
0.001183
0.001183
0.001183
0.001183
0.001183
0.001183
0.001183
0.001183
0.001183
0.001183
0.001183
0.001183
0.001183
0.001183
0.001183
0.001183
0.001183
0.001183
0.001183
0.001183
0.001183
0.001183
0.001183
0.001183
0.001183
0.001183
0.001183
0.001183
0.001183
0.001183
0.001183
0.001183
0.001183
0.001183
0.001183
0.001183
0.001183
0.001183
0.001183
0.001183
0.001183
0.001183
0.001183
0.001183
0.001183
0.001183
0.001183
0.001183
0.001183
0.001183
0.001183
0.001183
0.001172
0.001172
0.001172
0.001172
0.001172
0.001172
0.001172
0.001172
0.001172
0.001172
0.001172
0.001172
0.001172
0.001172
0.001172
0.001172
0.001172
0.001172
0.001172
0.001172
0.001172
0.001172
0.001172
0.001172
0.001172
0.001172
0.001172
0.001172
0.001172
0.001172
0.001172
0.001172
0.001172
0.001172
0.001172
0.001172
0.001172
0.001172
0.001172
0.001172
0.001172
0.001172
0.001172
0.001172
0.001172
0.001172
0.001172
0.001172
0.001172
0.001172
0.001172
0.001172
0.001172
0.001172
0.001172
0.001172
0.001172
0.001172
0.001172
0.001172
0.001172
0.001172
0.001172
0.001172
0.001172
0.001172
0.001172
0.001172
0.001172
0.001172
0.001172
0.001172
0.001172
0.001172
0.001172
0.001172
0.001172
0.001172
0.001172
0.001172
0.001172
0.001172
0.001172
0.001172
0.001172
0.001172
0.001172
0.001172
0.001172
0.001172
0.001172
0.001172
0.001172
0.001172
0.001172
0.001172
0.001172
0.001172
0.001172
0.001172
0.001172
0.001172
0.001172
0.001172
0.001172
0.001172
0.001172
0.001172
0.001120
0.001120
0.001120
0.001120
0.001120
0.001120
0.001120
0.001120
0.001120
0.001120
0.001120
0.001120
0.001120
0.001120
0.001101
0.001101
0.001101
0.001101
0.001101
0.001101
0.001101
0.001101
0.001101
0.001101
0.001101
0.001101
0.001101
0.001101
0.001101
0.001101
0.001101
0.001101
0.001101
0.001101
0.001101
0.001101
0.001101
0.001101
0.001101
0.001101
0.001101
0.001101
0.001101
0.001101
0.001101
0.001101
0.001101
0.001101
0.001101
0.001101
0.001029
0.001029
0.001029
0.001029
0.001029
0.001029
0.001029
0.001029
0.001029
0.001029
0.001029
0.001029
0.001029
0.001029
0.001029
0.001029
0.001029
0.001029
0.001029
0.001029
0.001029
0.001029
0.001029
0.001029
0.001029
0.001029
0.001029
0.001029
0.001029
0.001029
0.001029
0.001029
0.001029
0.001029
0.001029
0.001029
0.001029
0.001029
0.001029
0.001029
0.001029
0.001029
0.001029
0.001029
0.001029
0.001029
0.001029
0.001029
0.001029
0.001029
0.001029
0.001029
0.001029
0.001029
0.001029
0.001029
0.001029
0.001029
0.001029
0.001029
0.001029
0.001029
0.001029
0.001029
0.001029
0.001029
0.001029
0.001029
0.001029
0.001029
0.001029
0.001029
0.001029
0.001029
0.001029
0.001029
0.001029
0.001029
0.001029
0.001029
0.001029
0.001029
0.001029
0.001029
0.001029
0.001029
0.001029
0.001029
0.001029
0.001029
0.001029
0.001029
0.001029
0.001029
0.001029
0.001029
0.001029
0.001029
0.001029
0.001029
0.001029
0.001029
0.001029
0.001029
0.001029
0.001029
0.001029
0.001029
0.001029
0.001029
0.001029
0.001029
0.001029
0.001029
0.001029
0.001029
0.001029
0.001022
0.001022
0.001022
0.001022
0.001022
0.001022
0.001022
0.001022
0.001022
0.001022
0.001022
0.001022
0.001022
0.001022
0.001022
0.001022
0.001022
0.001022
0.001022
0.001022
0.001022
0.001022
0.001022
0.001022
0.001022
0.001022
0.001022
