1.000000
1.000000
1.000000
1.000000
1.000000
0.997646
0.996875
0.998964
0.998288
0.994369
0.999563
0.998967
0.999375
1.000000
0.997839
0.996509
0.994370
0.998143
1.000000
0.995538
0.998059
0.996190
1.000000
0.997946
0.990915
0.990964
0.994272
0.995251
0.994121
0.993600
0.994093
0.995355
0.988136
0.994165
0.996389
0.994811
0.989574
0.983270
0.968766
0.985484
0.991296
0.995641
0.991033
0.973370
0.969611
0.978777
0.975139
0.983467
0.989506
0.988199
0.978244
0.972830
0.974814
0.980594
0.983669
0.992545
0.990967
0.976284
0.985207
0.968562
0.977604
0.984562
0.992498
0.982357
0.983800
0.974788
0.965473
0.961701
0.964219
0.980502
0.979476
0.969065
0.968292
0.975100
0.959555
0.957367
0.968913
0.969087
0.971288
0.949213
0.954116
0.962756
0.969526
0.980772
0.975257
0.961566
0.966938
0.948451
0.947967
0.955015
0.959089
0.966429
0.956353
0.946661
0.950494
0.957318
0.961878
0.976438
0.973737
0.967396
0.954651
0.960839
0.961073
0.957968
0.970340
0.962718
0.956130
0.946315
0.939498
0.932276
0.933988
0.938560
0.942792
0.945433
0.934654
0.926891
0.924776
0.924751
0.934692
0.926326
0.931261
0.922637
0.914434
0.915127
0.911392
0.922460
0.914723
0.913647
0.894838
0.896969
0.886749
0.886083
0.903495
0.895936
0.887018
0.877462
0.873350
0.873164
0.880608
0.883396
0.885839
0.867811
0.856801
0.854290
0.852020
0.852682
0.857981
0.843016
0.851393
0.832389
0.834585
0.824415
0.824248
0.830429
0.824081
0.818856
0.821280
0.805597
0.803805
0.807769
0.814278
0.811687
0.802636
0.790056
0.777743
0.778766
0.774501
0.771273
0.771113
0.758506
0.756782
0.747326
0.745991
0.744594
0.743658
0.735827
0.729508
0.719135
0.714851
0.706085
0.712059
0.706296
0.699029
0.694105
0.682008
0.668613
0.660482
0.659397
0.655732
0.651666
0.640131
0.627655
0.621208
0.609553
0.601545
0.603858
0.598699
0.582656
0.574766
0.560794
0.559985
0.551576
0.555355
0.546323
0.532508
0.523367
0.513755
0.508709
0.504194
0.496232
0.493263
0.488662
0.483188
0.470096
0.459542
0.460760
0.455194
0.453839
0.440397
0.425122
0.423367
0.420680
0.415697
0.417036
0.413646
0.402675
0.396594
0.389365
0.384668
0.382526
0.379586
0.370341
0.365833
0.365247
0.356185
0.353951
0.341972
0.339570
0.343868
0.338383
0.334717
0.335875
0.327977
0.329547
0.320000
0.314632
0.309931
0.308139
0.300679
0.297306
0.296196
0.292589
0.289366
0.291199
0.291483
0.279946
0.278744
0.282189
0.278749
0.280193
0.275225
0.269301
0.266423
0.269753
0.263252
0.261157
0.261589
0.263636
0.260037
0.256128
0.252859
0.249710
0.244630
0.243137
0.241919
0.241931
0.237446
0.232128
0.232068
0.233983
0.228320
0.225620
0.228711
0.225047
0.224605
0.224486
0.217732
0.220601
0.217948
0.221158
0.219319
0.211154
0.207852
0.206656
0.199445
0.203451
0.201567
0.199028
0.199222
0.196120
0.194904
0.194143
0.191297
0.193943
0.194740
0.189981
0.190984
0.189166
0.191528
0.192388
0.185224
0.185597
0.184510
0.183015
0.180923
0.183470
0.178864
0.180238
0.176070
0.175178
0.169065
0.171759
0.172606
0.173149
0.169855
0.167350
0.165702
0.160617
0.163484
0.163353
0.166036
0.162058
0.157776
0.161512
0.160458
0.155754
0.154318
0.156301
0.157998
0.150513
0.151156
0.153254
0.151602
0.154974
0.149588
0.149990
0.149073
0.149224
0.149170
0.149136
0.146506
0.143221
0.146067
0.147192
0.142637
0.144355
0.143697
0.148161
0.148654
0.143703
0.142936
0.142261
0.138422
0.139408
0.137872
0.135019
0.134066
0.134977
0.137979
0.136922
0.138408
0.133210
0.136044
0.129990
0.131455
0.127882
0.132358
0.130950
0.127500
0.127368
0.127323
0.124288
0.127419
0.130715
0.124773
0.125615
0.125568
0.126293
0.126328
0.122270
0.123344
0.128734
0.126408
0.126533
0.128298
0.125980
0.124981
0.121433
0.124884
0.124744
0.119937
0.123164
0.125152
0.126964
0.129035
0.123687
0.124301
0.125950
0.126024
0.125827
0.124297
0.125305
0.123105
0.130082
0.127749
0.126605
0.126043
0.127229
0.128314
0.125280
0.128889
0.123707
0.127740
0.123446
0.125398
0.122427
0.121720
0.121460
0.122778
0.124035
0.121304
0.122911
0.124093
0.121353
0.121764
0.125521
0.124115
0.128999
0.123891
0.124789
0.124511
0.127954
0.126471
0.126745
0.125893
0.124730
0.123378
0.123294
0.125156
0.119597
0.122573
0.122812
0.119419
0.121637
0.121855
0.117731
0.121646
0.123403
0.121102
0.120640
0.116559
0.117558
0.117707
0.115156
0.116699
0.113314
0.115535
0.113623
0.115923
0.113703
0.115119
0.113736
0.114560
0.113111
0.112587
0.112144
0.112830
0.110249
0.117725
0.114819
0.112578
0.108712
0.110607
0.110085
0.115330
0.111883
0.109059
0.108397
0.108458
0.109620
0.111067
0.104751
0.106953
0.106169
0.105287
0.104426
0.102741
0.104208
0.103261
0.101833
0.103551
0.105125
0.103975
0.104057
0.106189
0.106467
0.105469
0.106210
0.104559
0.107506
0.103878
0.105828
0.104406
0.104315
0.103040
0.105405
0.105642
0.100217
0.104130
0.105243
0.103257
0.107552
0.103548
0.104431
0.108019
0.103727
0.103348
0.101728
0.099869
0.103268
0.101892
0.104190
0.103124
0.108173
0.104957
0.105606
0.105985
0.105281
0.107516
0.108354
0.106327
0.104469
0.106641
0.104649
0.106578
0.107278
0.107198
0.105182
0.101538
0.106184
0.103372
0.100917
0.104694
0.106911
0.102693
0.104197
0.103155
0.103816
0.102407
0.105742
0.106553
0.104181
0.102561
0.097157
0.104508
0.103649
0.103270
0.103245
0.105592
0.105840
0.105593
0.103916
0.101894
0.104074
0.106479
0.101636
0.102046
0.102589
0.105417
0.104788
0.103775
0.105845
0.105345
0.101505
0.104336
0.101311
0.104227
0.102305
0.102578
0.101171
0.105461
0.101440
0.104750
0.103953
0.101406
0.101465
0.099144
0.105012
0.100570
0.104579
0.100015
0.101339
0.102249
0.102587
0.100431
0.100188
0.098902
0.100030
0.098726
0.100518
0.099152
0.099826
0.099869
0.103616
0.101312
0.093400
0.099344
0.099960
0.095702
0.097680
0.097913
0.097598
0.098425
0.098829
0.095740
0.098620
0.097964
0.098274
0.097630
0.097659
0.096163
0.091374
0.096425
0.094850
0.094916
0.093076
0.096646
0.093473
0.097264
0.097878
0.096866
0.095051
0.099250
0.099448
0.100743
0.099898
0.100102
0.100110
0.099079
0.099240
0.100904
0.095488
0.096201
0.096974
0.096348
0.096269
0.095750
0.097594
0.096307
0.094964
0.096659
0.098055
0.095931
0.101422
0.097184
0.098667
0.099244
0.101244
0.097577
0.095927
0.097690
0.096039
0.097547
0.096516
0.097998
0.098970
0.097244
0.093962
0.098357
0.093809
0.091854
0.090842
0.097693
0.093036
0.093347
0.094152
0.094122
0.092656
0.092373
0.092874
0.089273
0.087681
0.092508
0.089699
0.089992
0.087994
0.091057
0.089417
0.089970
0.088975
0.088478
0.089955
0.089893
0.086969
0.083387
0.085076
0.084310
0.081681
0.086161
0.086487
0.083211
0.086196
0.088060
0.085511
0.086748
0.087359
0.083231
0.085358
0.084490
0.087009
0.087081
0.083179
0.081442
0.085329
0.085721
0.084984
0.082104
0.083104
0.085487
0.084761
0.084019
0.081087
0.080354
0.081836
0.085146
0.085268
0.084734
0.081457
0.084645
0.080493
0.083462
0.079063
0.083057
0.081045
0.084606
0.082361
0.079413
0.080097
0.078412
0.082029
0.076181
0.078816
0.082740
0.079677
0.080767
0.078710
0.078904
0.079783
0.079007
0.081969
0.078760
0.079644
0.080312
0.079919
0.077686
0.075802
0.080121
0.077529
0.079177
0.079234
0.079734
0.078352
0.078543
0.080495
0.080235
0.078198
0.077551
0.084443
0.080289
0.082730
0.078657
0.079854
0.077196
0.079857
0.078926
0.078239
0.079517
0.077092
0.073944
0.077289
0.076288
0.075264
0.075093
0.077034
0.077457
0.074557
0.073434
0.075444
0.075859
0.079082
0.075259
0.075483
0.077273
0.075343
0.079301
0.077247
0.078600
0.075698
0.076475
0.073221
0.076612
0.074087
0.078206
0.074223
0.078736
0.075898
0.075236
0.076461
0.077409
0.076308
0.076228
0.074422
0.072566
0.073308
0.077056
0.076224
0.076217
0.071878
0.073003
0.073306
0.070841
0.072133
0.073194
0.071932
0.073068
0.070675
0.069590
0.067366
0.070412
0.068673
0.069826
0.068569
0.068803
0.067358
0.067475
0.068586
0.069552
0.066909
0.067565
0.068977
0.067396
0.069230
0.070553
0.068246
0.069560
0.068009
0.068600
0.068366
0.068506
0.065146
0.067355
0.070261
0.068437
0.066038
0.067265
0.065312
0.064151
0.066108
0.066125
0.067762
0.067625
0.067415
0.064681
0.067809
0.064792
0.064728
0.064511
0.064615
0.063874
0.067123
0.064454
0.068803
0.064247
0.065635
0.064433
0.064038
0.065667
0.067054
0.064076
0.064561
0.065099
0.062507
0.065225
0.064617
0.063243
0.064640
0.067546
0.066017
0.064404
0.065324
0.063407
0.062669
0.060007
0.063482
0.061920
0.063737
0.062642
0.063832
0.064665
0.062419
0.064634
0.063180
0.063160
0.060119
0.062415
0.061874
0.062685
0.064142
0.064853
0.063728
0.062774
0.063406
0.065197
0.061571
0.064420
0.064333
0.064514
0.060189
0.061426
0.065244
0.064255
0.060838
0.063293
0.061329
0.063471
0.064888
0.064861
0.064460
0.064544
0.060463
0.061238
0.059811
0.061251
0.061998
0.061813
0.060201
0.058122
0.061281
0.060310
0.058979
0.060543
0.058193
0.058529
0.060534
0.060034
0.058084
0.059578
0.059688
0.060721
0.060665
0.059810
0.058677
0.059630
0.061095
0.061329
0.060494
0.057352
0.058025
0.056217
0.060464
0.057731
0.057341
0.057589
0.059109
0.056384
0.057688
0.058119
0.057396
0.056972
0.057351
0.058789
0.056221
0.055702
0.058275
0.060117
0.060124
0.059593
0.055913
0.057868
0.056086
0.057650
0.056560
0.058269
0.060767
0.058725
0.058057
0.059471
0.057886
0.057468
0.059045
0.057951
0.058862
0.059220
0.057673
0.060500
0.059717
0.059945
0.058796
0.057793
0.058316
0.060501
0.058201
0.059839
0.058839
0.059201
0.057734
0.059228
0.058953
0.057007
0.057036
0.059953
0.056576
0.058537
0.059027
0.056875
0.058294
0.060354
0.056932
0.059573
0.057566
0.058850
0.059078
0.059322
0.058413
0.057369
0.055927
0.056341
0.054234
0.056308
0.055833
0.054288
0.055343
0.055617
0.053977
0.056162
0.056181
0.057734
0.055853
0.057913
0.057627
0.056949
0.055755
0.054694
0.053277
0.057079
0.053642
0.055760
0.054940
0.055162
0.057851
0.054376
0.055049
0.054317
0.056126
0.055066
0.054406
0.054009
0.054003
0.052603
0.049972
0.053549
0.051521
0.053381
0.054754
0.052945
0.053661
0.052014
0.052222
0.052354
0.053399
0.054447
0.052518
0.055209
0.051593
0.053964
0.054244
0.053993
0.054771
0.051075
0.053638
0.054291
0.051908
0.053457
0.051735
0.052142
0.052925
0.051936
0.051814
0.051722
0.052917
0.052701
0.052428
0.051426
0.051700
0.052901
0.053343
0.053122
0.051637
0.051394
0.052081
0.051332
0.050608
0.052342
0.052086
0.050939
0.050000
0.050133
0.049984
0.050149
0.052030
0.051297
0.052594
0.052268
0.051953
0.050809
0.048396
0.050657
0.050973
0.046791
0.049629
0.050389
0.050027
0.051089
0.050918
0.047603
0.047607
0.048126
0.049414
0.047921
0.048403
0.048360
0.049783
0.050064
0.049473
0.047812
0.047993
0.049695
0.049821
0.051876
0.048978
0.052962
0.050013
0.050296
0.052699
0.052204
0.049907
0.049068
0.050732
0.049352
0.051272
0.051747
0.052583
0.052666
0.051601
0.050329
0.052403
0.051789
0.051940
0.052327
0.053733
0.051386
0.054185
0.055119
0.054271
0.054783
0.053644
0.054328
0.054136
0.052886
0.050955
0.053388
0.056817
0.053598
0.053647
0.054760
0.053541
0.051700
0.051847
0.051835
0.049207
0.052232
0.053049
0.051722
0.052570
0.053391
0.052248
0.052021
0.051125
0.049435
0.050288
0.050511
0.050776
0.049499
0.051493
0.052227
0.051427
0.051056
0.051687
0.051219
0.050883
0.050891
0.053024
0.053492
0.051621
0.050071
0.049966
0.051556
0.053780
0.053637
0.053790
0.053255
0.054079
0.052527
0.054440
0.052581
0.052018
0.054672
0.055994
0.054911
0.052921
0.052939
0.053791
0.054312
0.056009
0.055627
0.056371
0.053279
0.056290
0.054576
0.054731
0.053028
0.055308
0.053111
0.051785
0.052501
0.052666
0.051595
0.054939
0.053343
0.052491
0.053203
0.053170
0.051435
0.054569
0.053285
0.054432
0.055785
0.054665
0.055316
0.054765
0.053823
0.055193
0.055290
0.054114
0.053423
0.052444
0.051711
0.055180
0.053588
0.052961
0.054498
0.054710
0.054702
0.053275
0.052504
0.052979
0.053252
0.053700
0.054765
0.054391
0.053011
0.051645
0.051376
0.051946
0.050953
0.049353
0.052311
0.051870
0.051263
0.053182
0.052984
0.052779
0.052987
0.052258
0.052760
0.051662
0.053819
0.051085
0.052371
0.055732
0.054539
0.053862
0.053866
0.054894
0.053504
0.055656
0.052649
0.052506
0.053834
0.057005
0.054717
0.055868
0.052824
0.054873
0.054775
0.055340
0.055491
0.056828
0.056160
0.054471
0.054633
0.053676
0.054961
0.054621
0.053645
0.053817
0.053455
0.053474
0.052106
0.052595
0.053668
0.051635
0.051912
0.053240
0.051345
0.052561
0.055070
0.051919
0.053257
0.054047
0.053252
0.054140
0.052411
0.051726
0.052479
0.052653
0.053548
0.052188
0.052193
0.053264
0.053257
0.051312
0.050473
0.051546
0.051188
0.051439
0.051539
0.050491
0.050617
0.050387
0.052578
0.050772
0.052125
0.052631
0.053223
0.051713
0.050610
0.050136
0.051406
0.050301
0.051791
0.051213
0.050540
0.049834
0.049336
0.050739
0.050868
0.052432
0.051914
0.052001
0.051745
0.050681
0.050323
0.051083
0.051384
0.051510
0.051064
0.053121
0.053530
0.050614
0.052170
0.050514
0.051803
0.052201
0.050823
0.051090
0.052082
0.051050
0.050772
0.051258
0.050264
0.052278
0.049535
0.049260
0.047581
0.049769
0.048767
0.047652
0.047765
0.048728
0.048956
0.052331
0.050786
0.051391
0.051125
0.052169
0.051435
0.050679
0.051200
0.051278
0.050494
0.049602
0.047940
0.050245
0.049374
0.050957
0.048568
0.050584
0.050651
0.049494
0.047943
0.052017
0.051187
0.052404
0.051416
0.050217
0.052393
0.050418
0.047359
0.047551
0.050007
0.049370
0.049998
0.048589
0.050199
0.048895
0.050468
0.052361
0.049805
0.050344
0.048211
0.050454
0.049977
0.050484
0.050563
0.051623
0.049934
0.050185
0.051638
0.049958
0.050277
0.049340
0.050600
0.052252
0.050596
0.051421
0.051139
0.051660
0.050988
0.051887
0.051500
0.054151
0.053241
0.053385
0.053875
0.050833
0.053624
0.052251
0.053994
0.054620
0.053168
0.053358
0.054726
0.055305
0.055618
0.055202
0.056789
0.057008
0.055625
0.056474
0.055206
0.055259
0.054849
0.053479
0.056691
0.055732
0.053322
0.054514
0.055001
0.055188
0.055046
0.052900
0.055247
0.056580
0.053415
0.052520
0.052573
0.054133
0.053859
0.052451
0.053188
0.053521
0.053319
0.052523
0.055974
0.051480
0.051358
0.054247
0.052740
0.052646
0.050570
0.054460
0.051456
0.054855
0.052557
0.052368
0.049977
0.050345
0.050864
0.048183
0.051615
0.050745
0.051610
0.051840
0.048501
0.050505
0.050784
0.053061
0.051940
0.052839
0.048533
0.048725
0.052965
0.052558
0.049247
0.051596
0.052339
0.050877
0.050903
0.051443
0.050031
0.050619
0.051789
0.050255
0.049845
0.050305
0.051169
0.049449
0.051387
0.051361
0.051430
0.051161
0.051678
0.049429
0.052664
0.053889
0.051361
0.050407
0.049234
0.051460
0.051141
0.049096
0.050009
0.048574
0.049620
0.050588
0.051317
0.050805
0.050005
0.051440
0.049224
0.052676
0.051754
0.049530
0.051884
0.053868
0.050771
0.053202
0.052125
0.054038
0.054320
0.052628
0.054195
0.052242
0.052330
0.053704
0.054109
0.051956
0.052454
0.049548
0.052487
0.052080
0.052294
0.053051
0.053847
0.053243
0.053638
0.052221
0.052372
0.053917
0.051862
0.051567
0.053477
0.051249
0.052265
0.054449
0.053066
0.052820
0.051280
0.052716
0.050840
0.051859
0.051735
0.052296
0.051557
0.049891
0.052396
0.052512
0.052578
0.051468
0.053256
0.049850
0.053675
0.051450
0.052400
0.053406
0.051827
0.052643
0.051257
0.053028
0.051511
0.050058
0.052362
0.052028
0.052572
0.052320
0.051543
0.051933
0.053997
0.052374
0.052869
0.051613
0.049880
0.051870
0.053364
0.051844
0.050820
0.052027
0.052704
0.052593
0.053678
0.054154
0.053259
0.051811
0.052063
0.051710
0.052099
0.053029
0.051566
0.050212
0.050201
0.049555
0.051858
0.048837
0.050128
0.051602
0.050982
0.051043
0.052526
0.053308
0.051877
0.049329
0.052482
0.052389
0.052470
0.052781
0.051949
0.050599
0.050312
0.051073
0.050118
0.052274
0.049792
0.048595
0.050396
0.051950
0.050365
0.051261
0.050005
0.050204
0.051842
0.051575
0.051233
0.050359
0.049264
0.050576
0.047305
0.051602
0.053957
0.052941
0.054497
0.051425
0.050011
0.050034
0.054122
0.054799
0.053178
0.050742
0.049018
0.050882
0.049080
0.050705
0.051610
0.051685
0.051688
0.051436
0.053022
0.052159
0.051595
0.052034
0.053095
0.052820
0.052875
0.050136
0.053084
0.050438
0.051117
0.051921
0.053077
0.051959
0.052768
0.051272
0.052894
0.053076
0.052396
0.053253
0.053159
0.051764
0.050741
0.050407
0.052210
0.051036
0.053193
0.052036
0.053494
0.050556
0.052851
0.050242
0.050546
0.051281
0.052453
0.051464
0.051602
0.050732
0.052010
0.052232
0.052039
0.051425
0.050840
0.054085
0.054234
0.053283
0.054224
0.051748
0.053254
0.051352
0.052569
0.052169
0.053121
0.052006
0.049399
0.053442
0.052460
0.053136
0.053246
0.053372
0.053047
0.052639
0.051255
0.053223
0.055219
0.051308
0.055504
0.055444
0.053971
0.053692
0.050745
0.051028
0.051949
0.053292
0.051112
0.052745
0.053183
0.050108
0.048317
0.051710
0.052542
0.050510
0.052718
0.053769
0.052652
0.051740
0.051563
0.052574
0.052303
0.053646
0.054148
0.054078
0.050194
0.053021
0.052938
0.053062
0.053978
0.054439
0.054358
0.054307
0.057105
0.056615
0.056852
0.055034
0.055615
0.055850
0.054073
0.054180
0.055393
0.053489
0.055466
0.053193
0.052969
0.054857
0.055771
0.053880
0.053741
0.052844
0.052932
0.052932
0.054658
0.055752
0.053869
0.053511
0.055896
0.055098
0.056412
0.054773
0.056528
0.055635
0.055657
0.053387
0.055844
0.055047
0.055204
0.056044
0.056354
0.055151
0.056727
0.053350
0.055325
0.053073
0.051796
0.056326
0.053711
0.053411
0.054125
0.054034
0.054258
0.054604
0.053583
0.053852
0.053948
0.054182
0.054197
0.053781
0.054424
0.053178
0.054652
0.054318
0.054498
0.055565
0.054601
0.055902
0.052525
0.054427
0.053875
0.051770
0.053637
0.054476
0.055717
0.054556
0.053707
0.053742
0.053389
0.052207
0.054881
0.053914
0.053923
0.053919
0.054354
0.054471
0.053298
0.052785
0.053176
0.052038
0.052206
0.050338
0.050511
0.053518
0.052286
0.051262
0.051756
0.053663
0.051405
0.053051
0.052889
0.054963
0.052015
0.050161
0.050974
0.050301
0.053390
0.051902
0.051828
0.051575
0.051482
0.052074
0.051311
0.053315
0.050992
0.054127
0.054453
0.050878
0.048706
0.052312
0.050445
0.051390
0.051662
0.054647
0.051367
0.051513
0.051528
0.051465
0.051641
0.052011
0.054825
0.052890
0.053513
0.053232
0.052489
0.054777
0.051856
0.054436
0.056246
0.055314
0.053160
0.053587
0.053851
0.053659
0.053622
0.052412
0.053972
0.056141
0.052076
0.053564
0.053575
0.054609
0.053624
0.053003
0.052903
0.052269
0.050641
0.052677
0.054457
0.052839
0.055246
0.056463
0.053508
0.052695
0.056315
0.055766
0.055297
0.056553
0.054247
0.050254
0.054230
0.052301
0.055142
0.054855
0.054385
0.052200
0.053155
0.053758
