1.000000
0.998982
0.989891
0.986812
0.987773
0.985386
0.987792
0.982436
0.982563
0.975673
0.972494
0.972492
0.969044
0.974898
0.969051
0.967865
0.961526
0.957451
0.958796
0.956694
0.959727
0.956115
0.953215
0.946690
0.942912
0.947018
0.939719
0.944630
0.939190
0.936866
0.930043
0.925132
0.927649
0.923375
0.927257
0.920751
0.918926
0.912078
0.909103
0.908312
0.904421
0.908736
0.900585
0.900081
0.897118
0.898155
0.895699
0.893036
0.891048
0.885471
0.885432
0.882116
0.879601
0.875225
0.874719
0.878471
0.872824
0.870000
0.865147
0.860138
0.863857
0.859925
0.861797
0.856817
0.857013
0.849344
0.847819
0.846135
0.844131
0.844560
0.840968
0.840641
0.833612
0.831752
0.830502
0.829271
0.831022
0.823790
0.820936
0.817311
0.813708
0.812252
0.811254
0.811383
0.809261
0.807770
0.801414
0.799093
0.800845
0.797416
0.799699
0.795401
0.793456
0.789477
0.787947
0.789274
0.781970
0.784545
0.779412
0.778239
0.770769
0.769082
0.767957
0.766899
0.769262
0.765961
0.764841
0.761197
0.758435
0.756226
0.754454
0.756250
0.749852
0.748352
0.743183
0.741118
0.741407
0.742677
0.743035
0.741034
0.739334
0.733256
0.729210
0.730703
0.729488
0.729516
0.726262
0.724054
0.719257
0.715888
0.716493
0.715295
0.715689
0.712889
0.709577
0.706090
0.703004
0.700931
0.696712
0.699637
0.695183
0.695803
0.691237
0.687455
0.687464
0.685690
0.687191
0.682209
0.681676
0.677262
0.674674
0.674357
0.671216
0.675019
0.668696
0.669302
0.662520
0.661403
0.661483
0.658758
0.661252
0.658119
0.656349
0.652591
0.649878
0.646491
0.645350
0.648160
0.642044
0.640929
0.639202
0.637014
0.635234
0.633625
0.637440
0.632128
0.632952
0.626277
0.621602
0.624083
0.620049
0.620600
0.618171
0.617390
0.612376
0.609499
0.609235
0.608559
0.610872
0.604891
0.604813
0.599973
0.596741
0.597776
0.591444
0.594159
0.590214
0.588732
0.584611
0.582024
0.581346
0.578253
0.580551
0.577296
0.578433
0.572019
0.570634
0.568114
0.565520
0.570014
0.567604
0.567119
0.561684
0.558543
0.560235
0.557715
0.559995
0.556359
0.553559
0.548192
0.546614
0.544426
0.545230
0.546626
0.544253
0.542172
0.537792
0.534577
0.534341
0.530314
0.532889
0.529172
0.526101
0.520256
0.518031
0.519172
0.517739
0.517417
0.513412
0.511159
0.507437
0.503811
0.504385
0.504111
0.503966
0.499196
0.498503
0.493501
0.492035
0.494126
0.490118
0.489790
0.486825
0.486405
0.482457
0.479211
0.479619
0.476261
0.478659
0.474852
0.473955
0.470578
0.466212
0.466669
0.467971
0.466368
0.463958
0.462083
0.458423
0.453609
0.455371
0.454789
0.454473
0.451493
0.449684
0.445001
0.445448
0.442796
0.441513
0.444816
0.442431
0.437880
0.433748
0.432823
0.430252
0.428420
0.430248
0.425859
0.424307
0.419042
0.420694
0.418471
0.416033
0.417381
0.413932
0.411772
0.408427
0.406204
0.403249
0.403369
0.402644
0.401981
0.399408
0.395761
0.395165
0.393521
0.392133
0.392164
0.388541
0.388303
0.384273
0.382123
0.377802
0.376197
0.378121
0.373963
0.373499
0.370717
0.367249
0.367237
0.365760
0.365562
0.364205
0.363133
0.361495
0.358725
0.360132
0.356179
0.358598
0.356918
0.353493
0.351767
0.350189
0.349343
0.350719
0.352164
0.349023
0.346499
0.343320
0.342314
0.339377
0.338412
0.338901
0.338568
0.333268
0.332463
0.328828
0.329602
0.327482
0.328760
0.327946
0.325846
0.321942
0.318094
0.319352
0.316643
0.316549
0.313506
0.311181
0.311161
0.308713
0.309669
0.308078
0.310172
0.308466
0.307640
0.306428
0.303872
0.304466
0.303481
0.300977
0.301268
0.300577
0.294715
0.294842
0.294840
0.291746
0.292314
0.290343
0.290334
0.288255
0.288221
0.288449
0.289081
0.289166
0.286519
0.286796
0.285104
0.282735
0.282111
0.280527
0.280483
0.279842
0.277162
0.273832
0.273629
0.272487
0.270572
0.270977
0.269782
0.269458
0.266604
0.265003
0.267372
0.266371
0.265862
0.264760
0.263766
0.263481
0.261718
0.261865
0.261394
0.260596
0.258541
0.258025
0.254128
0.253954
0.255398
0.255821
0.254846
0.254761
0.252852
0.251232
0.249512
0.249130
0.246228
0.249676
0.247338
0.247442
0.243686
0.243608
0.242815
0.242493
0.245631
0.243115
0.240880
0.240718
0.239621
0.239578
0.238111
0.239088
0.237410
0.238624
0.235989
0.235405
0.235739
0.233686
0.235714
0.235575
0.234902
0.232256
0.231522
0.230453
0.232745
0.233034
0.231029
0.230277
0.229437
0.227689
0.226424
0.224039
0.226321
0.222882
0.221528
0.221474
0.222343
0.218918
0.222028
0.223159
0.222691
0.220998
0.218513
0.221075
0.216949
0.216741
0.217952
0.217948
0.218338
0.217629
0.215173
0.216850
0.218560
0.218226
0.218489
0.217602
0.217555
0.215080
0.216783
0.214661
0.216180
0.214815
0.216743
0.214304
0.213547
0.215183
0.213486
0.215161
0.216066
0.216399
0.214225
0.213516
0.211986
0.213449
0.212531
0.211490
0.211954
0.212216
0.210374
0.211486
0.209540
0.209264
0.210918
0.211250
0.207559
0.205691
0.205342
0.204994
0.207541
0.207542
0.207643
0.203093
0.204861
0.204915
0.206038
0.204977
0.204457
0.203653
0.200476
0.199643
0.201649
0.202607
0.203617
0.202531
0.200900
0.200587
0.200349
0.197835
0.198359
0.198476
0.198124
0.198184
0.197107
0.199454
0.198758
0.198403
0.199358
0.196732
0.197481
0.198004
0.198187
0.197874
0.198168
0.196659
0.196845
0.196270
0.194274
0.194625
0.194497
0.194644
0.195001
0.194475
0.192776
0.193398
0.192203
0.193140
0.193252
0.194670
0.193377
0.191399
0.189595
0.189087
0.190615
0.189308
0.190124
0.189947
0.191489
0.191009
0.189591
0.189932
0.189065
0.188173
0.189231
0.187687
0.187314
0.187763
0.188348
0.189164
0.188573
0.186628
0.187431
0.184341
0.183529
0.185083
0.182136
0.184033
0.184088
0.184651
0.183086
0.183114
0.181987
0.181556
0.181989
0.182007
0.180335
0.180091
0.177141
0.177986
0.177419
0.176925
0.176969
0.177912
0.174669
0.175968
0.174950
0.174241
0.175723
0.174359
0.172482
0.174901
0.170904
0.172448
0.171324
0.171615
0.171518
0.172385
0.169833
0.168776
0.168319
0.168774
0.169518
0.168970
0.168704
0.166444
0.166246
0.167221
0.168150
0.168857
0.171179
0.170063
0.169538
0.169085
0.170495
0.169109
0.172955
0.169726
0.169828
0.169111
0.168047
0.169180
0.169093
0.167932
0.170818
0.171039
0.169151
0.169482
0.168348
0.165631
0.166988
0.166404
0.166092
0.163903
0.162500
0.162025
0.161752
0.162521
0.162496
0.161802
0.160640
0.160297
0.159889
0.161081
0.161386
0.160444
0.160714
0.159513
0.159883
0.158177
0.158603
0.158617
0.159236
0.159467
0.160206
0.158341
0.158045
0.156673
0.159056
0.157710
0.158885
0.158567
0.156592
0.156413
0.157149
0.156930
0.156909
0.155931
0.155306
0.155343
0.154328
0.153431
0.154817
0.155578
0.154778
0.152645
0.153349
0.153037
0.153579
0.154561
0.152260
0.152911
0.152783
0.151757
0.150723
0.150716
0.151693
0.149849
0.150635
0.149482
0.149403
0.150272
0.149183
0.149206
0.149785
0.148327
0.149733
0.149888
0.148450
0.148492
0.149319
0.150381
0.148764
0.147032
0.147880
0.148503
0.149617
0.146949
0.145821
0.147334
0.145888
0.144642
0.144821
0.143845
0.146814
0.145915
0.145417
0.144078
0.144980
0.145607
0.144772
0.146334
0.147858
0.145917
0.146469
0.146066
0.146576
0.145642
0.146113
0.146060
0.146365
0.145475
0.142871
0.143026
0.141143
0.141805
0.142384
0.142975
0.143721
0.140559
0.142067
0.142715
0.141873
0.142349
0.140822
0.142000
0.139710
0.139087
0.139972
0.142711
0.140953
0.141053
0.140510
0.141650
0.140640
0.141016
0.141011
0.141637
0.140786
0.140264
0.139519
0.138611
0.139502
0.140867
0.138275
0.138713
0.137900
0.139167
0.136836
0.138077
0.137201
0.139795
0.136956
0.134842
0.135529
0.134591
0.134663
0.135899
0.135579
0.135368
0.134485
0.136032
0.135063
0.136691
0.139513
0.137422
0.136383
0.136732
0.135944
0.137184
0.136816
0.137102
0.136353
0.136914
0.136253
0.135766
0.138264
0.134588
0.136898
0.135870
0.135802
0.135424
0.134875
0.135345
0.135865
0.135597
0.135677
0.133539
0.135076
0.134804
0.131750
0.132221
0.134233
0.133798
0.133060
0.131717
0.132364
0.131055
0.132833
0.132876
0.132876
0.132737
0.131124
0.130656
0.129484
0.130999
0.130947
0.129839
0.129959
0.128575
0.128901
0.130044
0.128802
0.128910
0.128608
0.127904
0.127401
0.126869
0.125894
0.125291
0.123875
0.124121
0.123076
0.124404
0.123669
0.124075
0.125214
0.125514
0.126317
0.124471
0.123740
0.123545
0.123103
0.123869
0.124371
0.122177
0.123997
0.122550
0.120979
0.123056
0.121447
0.125223
0.122046
0.121218
0.123047
0.124528
0.122651
0.123500
0.123977
0.123508
0.123436
0.122257
0.122299
0.122610
0.122669
0.124047
0.123144
0.121535
0.120867
0.120393
0.120746
0.120220
0.122196
0.120905
0.121703
0.121477
0.122111
0.121393
0.121928
0.120489
0.121122
0.121091
0.121179
0.120567
0.120173
0.121162
0.120520
0.120529
0.118972
0.116973
0.116489
0.119155
0.117352
0.119481
0.118185
0.118532
0.117571
0.116311
0.115143
0.116157
0.116340
0.114994
0.116442
0.116088
0.116320
0.116121
0.115630
0.117001
0.118064
0.116670
0.117128
0.115529
0.116649
0.115741
0.117082
0.116337
0.116446
0.116660
0.116482
0.117085
0.116794
0.117061
0.117593
0.118707
0.116453
0.116529
0.116545
0.116978
0.118521
0.117290
0.117179
0.115317
0.115162
0.113896
0.114161
0.117400
0.116766
0.116269
0.115399
0.115444
0.115167
0.115876
0.116127
0.116671
0.116822
0.115305
0.115725
0.115755
0.115366
0.116182
0.117336
0.116468
0.117798
0.116644
0.115682
0.117889
0.118590
0.118303
0.117445
0.116510
0.115413
0.115059
0.115285
0.116379
0.116771
0.116780
0.114721
0.115702
0.113573
0.114013
0.114955
0.115831
0.115579
0.114222
0.115423
0.113629
0.114645
0.116360
0.116624
0.117353
0.116044
0.113701
0.115425
0.113344
0.115319
0.114487
0.115176
0.114546
0.112729
0.114583
0.113980
0.113861
0.113282
0.113081
0.112667
0.113784
0.114776
0.114786
0.113929
0.114089
0.113210
0.114206
0.115662
0.115652
0.114702
0.114282
0.116465
0.115116
0.115663
0.114327
0.114609
0.115193
0.116678
0.115839
0.114947
0.115876
0.114199
0.113475
0.113726
0.113980
0.114939
0.113182
0.112967
0.112484
0.112574
0.111786
0.112484
0.114938
0.114048
0.112884
0.113253
0.114993
0.112479
0.113336
0.112450
0.111416
0.112358
0.112943
0.110783
0.113866
0.112666
0.112288
0.111751
0.112716
0.112228
0.110899
0.112345
0.111718
0.112621
0.112640
0.112920
0.111670
0.111531
0.113144
0.114604
0.112039
0.114016
0.112217
0.113496
0.114057
0.114395
0.113298
0.112931
0.113981
0.112955
0.113374
0.114433
0.112249
0.113055
0.113363
0.113292
0.114326
0.113706
0.114938
0.114511
0.113467
0.114492
0.116061
0.114480
0.114642
0.114311
0.114329
0.114414
0.114444
0.115479
0.114272
0.113762
0.113157
0.111858
0.113110
0.113366
0.112773
0.111277
0.112089
0.111877
0.111616
0.112893
0.114071
0.112692
0.112629
0.112325
0.112237
0.112406
0.111996
0.110973
0.111964
0.110237
0.110496
0.110262
0.109960
0.111662
0.111357
0.110745
0.109149
0.109955
0.109093
0.107571
0.110306
0.108749
0.109017
0.108548
0.107478
0.108161
0.107651
0.110101
0.109681
0.110616
0.110376
0.109660
0.109386
0.108982
0.110618
0.110382
0.110816
0.109521
0.108147
0.109172
0.108286
0.106915
0.107096
0.107394
0.107690
0.107211
0.107048
0.107774
0.106924
0.107738
0.106627
0.105960
0.107455
0.107529
0.105342
0.108454
0.110192
0.109137
0.107188
0.106639
0.107751
0.108308
0.106839
0.107879
0.107804
0.106836
0.108436
0.108347
0.109676
0.108480
0.109884
0.107505
0.108785
0.108475
0.109158
0.107370
0.108064
0.108993
0.108665
0.108128
0.108285
0.108911
0.107204
0.107905
0.107994
0.106074
0.107147
0.106094
0.106441
0.108167
0.107813
0.108293
0.108614
0.105917
0.106758
0.108334
0.107372
0.107732
0.107219
0.108217
0.106151
0.105754
0.107529
0.108399
0.107905
0.108990
0.109591
0.108579
0.108188
0.108265
0.106178
0.106555
0.106389
0.106184
0.106557
0.106795
0.108182
0.105919
0.107944
0.107311
0.108971
0.108757
0.108445
0.107137
0.106429
0.107712
0.105740
0.108003
0.108408
0.107177
0.107286
0.107630
0.107102
0.105893
0.106308
0.104812
0.105867
0.105426
0.104800
0.106702
0.106659
0.106355
0.106787
0.106688
0.107004
0.106079
0.107650
0.107791
0.105933
0.105313
0.105870
0.106499
0.106306
0.108283
0.108116
0.109185
0.108250
0.107748
0.107320
0.106915
0.108043
0.108768
0.108112
0.107735
0.107174
0.107683
0.108003
0.108846
0.110289
0.108424
0.108873
0.108962
0.109188
0.110058
0.108524
0.107393
0.108418
0.108088
0.108949
0.108645
0.109559
0.109879
0.108494
0.109775
0.107960
0.107848
0.110341
0.107931
0.107338
0.109446
0.108577
0.107548
0.108276
0.107850
0.110458
0.110044
0.111417
0.110098
0.108175
0.108486
0.106950
0.107731
0.108118
0.109655
0.106399
0.106044
0.105232
0.104477
0.104226
0.105415
0.103290
0.104946
0.103098
0.103991
0.103248
0.105246
0.105642
0.106659
0.105839
0.106312
0.105602
0.106507
0.107085
0.107625
0.106694
0.107370
0.105932
0.105748
0.105462
0.104051
0.105711
0.105698
0.107403
0.107548
0.106334
0.107536
0.107730
0.106397
0.106520
0.105247
0.104174
0.105810
0.103304
0.104227
0.106772
0.106559
0.105587
0.104851
0.107097
0.102957
0.104922
0.104412
0.104380
0.104334
0.105277
0.104250
0.104781
0.107002
0.107050
0.105886
0.105928
0.105347
0.106101
0.105563
0.107784
0.105932
0.106495
0.106020
0.105958
0.105561
0.105270
0.105789
0.104843
0.105998
0.104254
0.103918
0.102250
0.104421
0.104447
0.105513
0.105177
0.105461
0.105119
0.105004
0.104224
0.103017
0.103883
0.104941
0.104329
0.105605
0.103799
0.104191
0.104311
0.104061
0.104115
0.104354
0.103981
0.103805
0.102882
0.102321
0.103365
0.103097
0.104679
0.104376
0.104080
0.102822
0.103721
0.103672
0.105236
0.103293
0.102764
0.102903
0.101658
0.102805
0.102897
0.103840
0.104605
0.103857
0.105741
0.104679
0.104861
0.106324
0.107085
0.107085
0.106371
0.105352
0.105478
0.105388
0.106696
0.108706
0.106011
0.105544
0.106242
0.107388
0.106413
0.109088
0.107478
0.107463
0.105306
0.105211
0.105120
0.104801
0.105501
0.106246
0.105558
0.103904
0.105042
0.105419
0.106497
0.105763
0.107449
0.105382
0.105221
0.104553
0.105091
0.104563
0.104547
0.106364
0.104857
0.104516
0.103734
0.104170
0.104590
0.103921
0.103927
0.106268
0.103696
0.103397
0.104305
0.104490
0.106254
0.104478
0.105489
0.104609
0.103579
0.104119
0.104858
0.106267
0.107185
0.106208
0.106479
0.104595
0.105195
0.104954
0.104968
0.105143
0.104903
0.106243
0.105716
0.106329
0.104953
0.105458
0.104610
0.103758
0.103579
0.104628
0.102792
0.102596
0.103872
0.104293
0.103919
0.104083
0.104199
0.104858
0.105469
0.105504
0.106471
0.105108
0.103198
0.104753
0.103446
0.104870
0.105315
0.104070
0.105325
0.104946
0.106777
0.105352
0.105294
0.106661
0.106803
0.106636
0.106175
0.106618
0.106109
0.105664
0.107608
0.107913
0.106211
0.106591
0.107620
0.107874
0.108988
0.108021
0.107770
0.106457
0.107565
0.106923
0.106301
0.107269
0.107137
0.106588
0.107117
0.105556
0.106570
0.107231
0.108046
0.106998
0.107349
0.108808
0.108315
0.106148
0.107156
0.107004
0.106454
0.108390
0.109033
0.106606
0.108268
0.108556
0.108459
0.108532
0.105126
0.106050
0.105433
0.106656
0.106997
0.107329
0.107371
0.108262
0.105554
0.107714
0.106776
0.106499
0.105049
0.106311
0.107018
0.107101
0.106281
0.107532
0.106478
0.104729
0.106817
0.106499
0.107050
0.107643
0.105586
0.107334
0.107454
0.108395
0.106645
0.105877
0.104676
0.106452
0.105837
0.105302
0.105487
0.106157
0.105549
0.105575
0.105258
0.107147
0.106926
0.107133
0.106423
0.104367
0.106061
0.106987
0.107234
0.107165
0.107902
0.107667
0.108240
0.108251
0.107434
0.107071
0.107687
0.108735
0.108518
0.108556
0.107996
0.106546
0.107085
0.106138
0.106172
0.105523
0.105900
0.103524
0.105279
0.105154
0.105805
0.106716
0.107056
0.106794
0.105078
0.105167
0.105787
0.106706
0.106653
0.107546
0.105434
0.104938
0.105541
0.104514
0.103893
0.106069
0.106879
0.107319
0.104859
0.106082
0.105124
0.105549
0.105814
0.106478
0.105369
0.105262
0.104466
0.103978
0.105059
0.107182
0.106402
0.107012
0.105801
0.104876
0.106246
0.106244
0.106256
0.105509
0.105795
0.105976
0.105662
0.106509
0.107519
0.107456
0.108360
0.107274
0.108154
0.107867
0.105486
0.108827
0.107996
0.108694
0.107272
0.106206
0.106636
0.106278
0.106418
0.106755
0.106487
0.105684
0.105105
0.106652
0.106697
0.105661
0.105927
0.106193
0.106447
0.106577
0.104999
0.103412
0.104701
0.105184
0.106171
0.105497
0.104432
0.104763
0.105540
0.105966
0.106003
0.106660
0.106626
0.105731
0.105667
0.105702
0.104950
0.107074
0.107515
0.106083
0.106332
0.104907
0.105321
0.106476
0.106143
0.105987
0.103003
0.103811
0.104403
0.105061
0.104827
0.105516
0.105956
0.106270
0.105618
0.105549
0.105079
0.105577
0.105454
0.106014
0.106038
0.104308
0.105761
0.105660
0.105397
0.105650
0.106246
0.107205
0.104838
0.105725
0.104396
0.105887
0.105237
0.103979
0.105813
0.104456
0.104634
0.104470
0.103467
0.105139
0.104655
0.104460
0.104234
0.104545
0.104917
0.103935
0.105389
0.107080
0.106012
0.106859
0.106485
0.106755
0.108025
0.107600
0.107671
0.107243
0.105251
0.105639
0.105564
0.104664
0.105433
0.104960
0.106244
0.105412
0.106070
0.104879
0.106753
0.106178
0.105408
0.104470
0.103380
0.102706
0.103848
0.105015
0.104430
0.105062
0.103911
0.103291
0.104094
0.104082
0.104823
0.106752
0.107483
0.106362
0.106837
0.104738
0.105169
0.104414
0.106715
0.107964
0.107099
0.107364
0.108028
0.106769
0.106239
0.108155
0.107009
0.106569
0.105061
0.104986
0.104668
0.103083
0.106035
0.104371
0.103571
0.102866
0.105377
0.104223
0.103112
0.105937
0.104536
0.105160
0.105444
0.105679
0.104534
0.104962
0.106095
0.104005
0.104026
0.101774
0.104484
0.103566
0.105007
0.104524
0.103670
0.103157
0.103127
0.103293
0.103281
0.102502
0.105044
0.104035
0.104192
0.103199
0.103427
0.103335
0.102014
0.104401
0.103393
0.104603
0.103003
0.103747
0.105084
0.102923
0.102362
0.103852
0.103334
0.103374
0.103641
0.103898
0.102767
0.103841
0.102984
0.104064
0.104147
0.103989
0.103892
0.103229
0.104124
0.103958
0.104097
0.103983
0.104835
0.104873
0.104217
0.105490
0.104477
0.105965
0.105391
0.104791
0.104922
0.106347
0.105591
0.106648
0.105596
0.106479
0.105444
0.106598
0.107176
0.105669
0.106285
0.104639
0.104169
0.104564
0.104807
0.105116
0.107752
0.107533
0.106859
0.105676
0.105554
0.106284
0.106200
0.106054
0.106455
0.105338
0.105263
0.105662
0.105269
0.106061
0.106159
0.105089
0.105899
0.105141
0.105871
0.104775
0.103111
0.104742
0.103577
0.105425
0.103179
0.104084
0.103740
0.105501
0.104378
0.103294
0.102974
0.104084
0.103493
0.102452
0.103878
0.103779
0.103374
0.102692
0.102390
0.104684
0.103772
0.102753
0.103928
0.104326
0.102645
0.103411
0.103535
0.102928
0.101947
0.104257
0.104231
0.103545
0.103207
0.102652
0.102178
0.102473
0.104206
0.104416
0.104543
0.103104
0.103044
0.104715
