22
28
22
24
23
24
24
18
25
21
26
20
23
22
28
26
22
23
22
18
27
25
18
21
27
24
22
21
26
18
20
23
20
22
16
21
24
25
25
25
21
20
21
14
22
17
23
19
22
16
22
22
21
23
22
25
20
19
19
21
16
24
20
21
20
23
20
20
24
23
15
19
22
22
20
22
25
19
19
18
18
18
17
16
18
18
19
20
21
21
23
22
20
25
21
17
19
24
20
24
21
17
20
16
23
19
21
23
21
16
18
19
16
17
16
17
17
18
16
18
18
17
13
19
15
20
14
19
15
17
15
15
13
13
15
12
12
7
13
15
9
12
14
13
11
13
9
16
14
12
15
15
11
13
11
14
14
10
14
11
18
11
11
15
14
13
11
13
9
11
16
18
13
12
12
14
14
12
15
14
12
13
11
12
12
11
12
12
12
7
10
10
11
11
11
11
10
10
11
12
8
13
9
10
9
11
10
9
11
10
9
12
12
12
10
11
9
12
11
9
11
9
12
9
10
13
13
6
9
12
8
7
10
9
8
8
6
8
6
11
10
12
8
11
11
10
9
11
10
10
9
10
12
9
10
9
11
8
6
7
8
11
9
11
10
8
11
11
8
10
10
10
14
9
8
9
8
8
9
9
12
8
7
10
10
10
9
14
11
11
8
10
7
10
7
8
9
8
7
8
8
9
11
10
9
10
10
9
11
7
9
8
10
11
11
7
9
9
9
10
11
12
10
9
10
8
10
9
9
6
7
8
9
8
9
11
8
10
10
10
9
8
10
9
8
9
8
9
9
9
10
14
8
5
9
10
7
9
5
8
9
14
11
12
11
13
10
10
10
10
7
9
7
7
9
6
6
3
7
10
6
9
8
6
6
5
9
5
7
9
6
9
7
9
6
10
9
7
8
9
12
11
7
8
8
8
8
9
8
7
10
7
7
9
9
10
11
7
8
7
8
10
12
11
8
12
8
7
9
9
9
12
8
8
10
11
7
8
9
8
9
8
9
11
9
11
9
7
8
7
8
8
9
9
8
7
7
9
10
9
9
7
9
11
7
8
10
9
9
8
11
8
10
10
12
12
10
7
7
11
11
9
8
10
8
8
7
9
7
10
8
8
7
9
8
8
7
7
10
8
7
9
12
9
8
12
9
6
8
5
8
10
9
8
9
5
7
10
6
6
7
6
6
11
9
8
10
7
7
12
9
9
8
9
11
12
6
7
9
5
6
8
7
9
6
8
8
6
5
8
6
5
10
10
7
8
10
10
8
8
9
10
6
8
9
7
9
9
8
7
10
7
9
6
9
12
9
9
8
8
8
8
6
10
9
9
8
9
8
9
9
8
7
10
8
10
10
9
8
8
10
10
9
7
7
10
8
8
7
9
10
8
10
7
8
11
7
9
15
10
9
9
9
10
8
7
10
10
6
8
12
8
8
9
9
8
8
9
11
8
6
10
7
11
7
4
8
12
9
11
15
20
20
16
15
20
20
20
23
24
24
22
19
17
18
17
17
21
21
15
19
24
21
19
20
23
17
17
19
21
20
17
21
22
15
19
18
23
15
24
21
15
21
15
22
15
16
18
23
20
19
16
16
15
21
17
13
16
15
13
12
14
20
18
16
10
13
16
15
16
11
13
13
13
17
17
12
17
14
18
19
15
11
14
16
9
10
7
12
13
13
13
14
15
16
8
10
10
12
14
16
15
12
14
13
16
14
11
16
17
12
18
17
17
17
20
16
15
8
12
13
10
16
10
12
12
4
10
9
11
11
21
19
21
21
15
19
21
22
19
22
23
20
22
20
18
21
27
21
21
21
23
16
17
19
22
19
26
19
23
18
22
23
21
21
17
18
19
12
18
18
22
22
22
18
16
16
18
16
17
15
13
16
23
21
14
11
16
15
22
20
14
20
16
18
18
20
19
16
21
18
19
14
9
18
17
18
21
19
12
9
14
13
11
13
13
14
13
9
12
13
7
10
12
9
7
8
12
7
6
13
7
12
8
11
11
8
9
8
12
8
10
8
10
9
7
7
10
8
8
8
8
6
7
6
8
6
4
6
8
14
11
18
15
23
25
19
18
17
22
18
16
18
19
14
14
23
20
24
26
24
19
20
26
21
21
21
16
15
19
16
16
17
16
18
25
18
20
18
23
20
15
20
16
18
19
18
17
16
10
14
11
14
15
17
8
15
12
19
17
15
19
13
20
21
14
13
17
19
15
12
16
17
16
11
17
13
14
16
15
16
15
18
16
15
16
16
12
15
17
