1.000000
0.969881
0.930477
0.919408
0.897807
0.890322
0.871167
0.860245
0.856588
0.853425
0.845730
0.858598
0.835747
0.836981
0.829934
0.819956
0.817222
0.839616
0.823313
0.822445
0.826598
0.809222
0.799728
0.820666
0.784163
0.789762
0.773991
0.789898
0.796986
0.798101
0.805719
0.790299
0.771193
0.776217
0.771831
0.759239
0.771054
0.777079
0.796657
0.779535
0.752897
0.764742
0.757204
0.778016
0.772904
0.763268
0.774659
0.795645
0.761715
0.767938
0.767673
0.781565
0.780315
0.757037
0.737381
0.738423
0.748271
0.745089
0.747357
0.736839
0.733340
0.736007
0.732582
0.698647
0.723845
0.713346
0.719257
0.711970
0.715654
0.689422
0.677011
0.677974
0.674953
0.695412
0.686279
0.670490
0.667401
0.703346
0.686877
0.716506
0.655578
0.670417
0.667460
0.657148
0.698279
0.717100
0.703370
0.690246
0.672357
0.655281
0.670257
0.677775
0.662561
0.662972
0.664025
0.659089
0.667497
0.633751
0.642055
0.664653
0.639038
0.655028
0.660588
0.659348
0.632816
0.635179
0.649376
0.626735
0.635792
0.629638
0.606380
0.589148
0.599632
0.610083
0.622093
0.599514
0.603398
0.608574
0.614089
0.601375
0.622192
0.622459
0.617841
0.630102
0.634489
0.660271
0.643648
0.627547
0.619830
0.619651
0.608818
0.613247
0.631706
0.624202
0.619247
0.623981
0.615807
0.612380
0.615043
0.611372
0.614735
0.616902
0.623085
0.593232
0.588379
0.585694
0.597139
0.569574
0.583288
0.587800
0.602526
0.601892
0.613466
0.615306
0.610345
0.590417
0.586075
0.582295
0.575280
0.582278
0.566012
0.551200
0.546904
0.546921
0.551379
0.574439
0.582153
0.598644
0.616636
0.589630
0.599843
0.581785
0.576833
0.568985
0.574194
0.575653
0.574063
0.578620
0.570057
0.563740
0.565826
0.568829
0.565546
0.567544
0.559405
0.563408
0.546886
0.559439
0.555723
0.560847
0.554091
0.541439
0.562917
0.570127
0.560761
0.554405
0.542115
0.557304
0.566770
0.566594
0.557204
0.565246
0.572123
0.563286
0.547368
0.529233
0.520676
0.532914
0.515960
0.518968
0.527431
0.519401
0.519217
0.524141
0.516347
0.518707
0.531360
0.511355
0.536012
0.533634
0.536514
0.529380
0.539108
0.519657
0.509528
0.509842
0.493799
0.496203
0.495535
0.511710
0.504331
0.501874
0.508575
0.501425
0.505680
0.508521
0.522030
0.519473
0.508973
0.505149
0.495085
0.515951
0.504134
0.517083
0.495614
0.510600
0.488749
0.498730
0.481038
0.479525
0.482350
0.486457
0.466973
0.479556
0.503885
0.496405
0.483819
0.496592
0.488454
0.474200
0.495098
0.492109
0.489658
0.503713
0.503710
0.502100
0.498907
0.502551
0.478314
0.478667
0.492619
0.472485
0.476776
0.481438
0.480096
0.479052
0.484204
0.482615
0.488028
0.472922
0.506332
0.483130
0.475493
0.476425
0.461405
0.470460
0.482136
0.488148
0.466430
0.466476
0.447970
0.454202
0.448719
0.458946
0.471005
0.473698
0.454452
0.474397
0.462073
0.449856
0.444194
0.446389
0.441454
0.438032
0.430160
0.428004
0.423659
0.454651
0.431095
0.412488
0.426936
0.402830
0.419916
0.442918
0.444474
0.433890
0.430239
0.434165
0.416990
0.424914
0.431235
0.429323
0.425563
0.434987
0.434943
0.417405
0.414412
0.411245
0.412184
0.427773
0.426382
0.414446
0.413824
0.411581
0.433075
0.427761
0.432423
0.456974
0.432104
0.432320
0.419084
0.390516
0.398501
0.411661
0.432185
0.437535
0.404368
0.421507
0.414168
0.422603
0.410568
0.403566
0.419128
0.440333
0.433597
0.432003
0.414953
0.413312
0.416559
0.429111
0.433320
0.426875
0.427696
0.420671
0.439787
0.413138
0.421132
0.410478
0.407842
0.414239
0.415586
0.426357
0.425013
0.416794
0.421030
0.415342
0.430954
0.420533
0.417934
0.418699
0.411765
0.412270
0.424676
0.410366
0.395657
0.418454
0.413320
0.397294
0.404442
0.400912
0.384894
0.385370
0.390682
0.399972
0.389089
0.391443
0.390953
0.386480
0.386967
0.372062
0.383621
0.394612
0.392124
0.391335
0.377440
0.381932
0.376338
0.393144
0.371460
0.391924
0.408290
0.390749
0.370792
0.381461
0.391316
0.390221
0.408134
0.396291
0.393075
0.401868
0.402999
0.405927
0.400016
0.385484
0.396038
0.389948
0.380468
0.382278
0.383195
0.373113
0.388928
0.381586
0.393193
0.395656
0.395829
0.380233
0.378804
0.371729
0.353795
0.363956
0.343574
0.345734
0.347738
0.355614
0.357334
0.371959
0.385530
0.389691
0.367401
0.365833
0.360184
0.363524
0.352622
0.351309
0.362742
0.354279
0.351221
0.352997
0.361564
0.346474
0.334486
0.343707
0.346892
0.352595
0.349188
0.332927
0.334530
0.325148
0.339671
0.340728
0.344143
0.340632
0.326315
0.327864
0.312156
0.325415
0.327408
0.315277
0.322173
0.316456
0.312135
0.300809
0.306141
0.314955
0.316671
0.319555
0.296459
0.303879
0.305391
0.306939
0.302559
0.310378
0.302103
0.303390
0.303425
0.301840
0.317928
0.332043
0.327568
0.323536
0.318850
0.321557
0.330073
0.317288
0.308202
0.293804
0.296721
0.284657
0.294954
0.296153
0.300666
0.302432
0.303664
0.309517
0.309153
0.321207
0.321913
0.322982
0.302733
0.303282
0.307989
0.296746
0.301886
0.294907
0.300656
0.305052
0.295401
0.301911
0.301855
0.310276
0.305539
0.303552
0.304708
0.312905
0.305462
0.301856
0.291000
0.280851
0.284998
0.267847
0.265789
0.263678
0.273190
0.280468
0.283369
0.295518
0.281915
0.277682
0.275807
0.270374
0.285506
0.285007
0.277199
0.291683
0.290419
0.286465
0.289774
0.279792
0.282149
0.291340
0.287871
0.285720
0.289523
0.287851
0.286002
0.284048
0.286618
0.298067
0.295288
0.288532
0.290127
0.281051
0.284549
0.277357
0.284330
0.279856
0.279594
0.277328
0.260059
0.274736
0.284453
0.282924
0.284873
0.277790
0.286944
0.290337
0.282685
0.275536
0.270583
0.277223
0.283756
0.275554
0.265661
0.264822
0.270529
0.273191
0.273368
0.276871
0.259866
0.256216
0.260411
0.262845
0.252590
0.256013
0.243977
0.241453
0.232632
0.241635
0.247505
0.252702
0.254109
0.263892
0.256992
0.267964
0.258056
0.252736
0.263477
0.243945
0.251095
0.261202
0.254547
0.259320
0.259677
0.262750
0.268194
0.265663
0.270320
0.263443
0.263713
0.263773
0.271639
0.262008
0.264703
0.268372
0.252450
0.249805
0.253959
0.256603
0.259134
0.256101
0.244394
0.248592
0.258842
0.263836
0.285402
0.270108
0.262858
0.268176
0.270883
0.261601
0.263374
0.264127
0.271488
0.275018
0.277842
0.255753
0.250779
0.254494
0.249092
0.261720
0.265902
0.270241
0.273512
0.275962
0.278420
0.257263
0.257713
0.254262
0.258912
0.253059
0.260240
0.254476
0.256759
0.266474
0.269801
0.257146
0.247071
0.261440
0.274947
0.270818
0.262979
0.257559
0.266633
0.263104
0.266493
0.264976
0.262178
0.264641
0.256566
0.257697
0.260295
0.243114
0.254006
0.255970
0.267579
0.268090
0.256673
0.266325
0.264869
0.262201
0.252912
0.263343
0.273041
0.264791
0.261360
0.258917
0.271271
0.262469
0.263562
0.251299
0.252392
0.249421
0.247461
0.241704
0.246913
0.234719
0.237488
0.238458
0.232791
0.242338
0.244654
0.240759
0.250013
0.249455
0.248316
0.255894
0.249236
0.246748
0.249075
0.238821
0.236323
0.245094
0.238567
0.254753
0.242123
0.242434
0.233042
0.238276
0.244552
0.240306
0.244867
0.244686
0.244362
0.243709
0.235856
0.251024
0.261194
0.254292
0.254762
0.254679
0.250136
0.244894
0.238950
0.260152
0.253535
0.254149
0.251534
0.257865
0.246588
0.244569
0.249933
0.248971
0.249037
0.246891
0.252653
0.247510
0.240308
0.256328
0.256408
0.258102
0.254533
0.263424
0.246710
0.250567
0.239681
0.243569
0.245823
0.249406
0.246776
0.228381
0.244166
0.237499
0.238224
0.232432
0.232644
0.232142
0.242749
0.240535
0.245522
0.250137
0.252080
0.246074
0.244881
0.238320
0.244353
0.241869
0.240973
0.241447
0.251997
0.261415
0.263280
0.266337
0.255476
0.246619
0.240117
0.247707
0.237650
0.258317
0.248128
0.253228
0.256452
0.252377
0.241386
0.240442
0.240201
0.238300
0.233544
0.228390
0.241711
0.229213
0.223963
0.220350
0.220184
0.217525
0.215844
0.227190
0.229614
0.240331
0.241161
0.236051
0.236051
0.231417
0.229511
0.227487
0.238730
0.228822
0.239959
0.232512
0.231475
0.233821
0.227134
0.230265
0.234830
0.237115
0.224517
0.237441
0.237536
0.234333
0.232173
0.228056
0.236084
0.234288
0.236828
0.234429
0.229790
0.221041
0.223401
0.221949
0.225312
0.218394
0.230504
0.230675
0.226516
0.221082
0.225769
0.227475
0.228227
0.221335
0.223523
0.218610
0.217829
0.216125
0.220633
0.219352
0.228589
0.222493
0.233830
0.229855
0.231945
0.227528
0.226486
0.226632
0.229252
0.232098
0.223606
0.228055
0.234666
0.224734
0.228768
0.227895
0.228027
0.238188
0.225195
0.223408
0.218614
0.227765
0.231604
0.236352
0.239170
0.232081
0.226689
0.230441
0.236216
0.228597
0.223822
0.227066
0.224641
0.211908
0.219674
0.221716
0.227919
0.220008
0.231976
0.230877
0.237666
0.230490
0.227345
0.236464
0.223523
0.226596
0.211928
0.221438
0.223575
0.226929
0.224581
0.224279
0.226901
0.222884
0.227225
0.219107
0.224179
0.223305
0.222991
0.232329
0.241232
0.226351
0.235334
0.234958
0.224108
0.226534
0.223718
0.213698
0.212716
0.213575
0.216812
0.207502
0.217579
0.217415
0.214017
0.219297
0.217607
0.225274
0.225669
0.229153
0.231556
0.231190
0.227009
0.227785
0.228083
0.221688
0.225163
0.223298
0.229391
0.228464
0.228098
0.226814
0.219942
0.217887
0.222819
0.225006
0.219685
0.224116
0.220915
0.230875
0.221023
0.231892
0.232285
0.235010
0.233043
0.229147
0.242612
0.242263
0.241639
0.225547
0.235342
0.235454
0.230439
0.235119
0.233648
0.232046
0.232225
0.234259
0.218687
0.230138
0.236483
0.221990
0.236981
0.230599
0.228678
0.223652
0.230696
0.224699
0.227647
0.224235
0.216946
0.218785
0.226756
0.226033
0.226263
0.222206
0.224653
0.228409
0.229744
0.219677
0.220312
0.222741
0.225888
0.221841
0.218180
0.212766
0.215295
0.216548
0.214225
0.224549
0.219658
0.220354
0.218350
0.232167
0.231192
0.218303
0.211699
0.213699
0.224102
0.230980
0.228057
0.233263
0.225628
0.224524
0.218481
0.232269
0.223548
0.219899
0.212612
0.223993
0.221080
0.216520
0.220390
0.214946
0.225803
0.221358
0.237672
0.224984
0.214261
0.220742
0.220447
0.212657
0.208315
0.202127
0.208918
0.229900
0.229686
0.227501
0.230958
0.220453
0.221587
0.224809
0.219124
0.228152
0.237427
0.228696
0.229261
0.227711
0.221996
0.222301
0.220347
0.225481
0.228714
0.235074
0.236581
0.237647
0.229469
0.220098
0.218133
0.230513
0.228768
0.220938
0.222318
0.218592
0.224760
0.207864
0.212570
0.213485
0.218516
0.215692
0.211985
0.223748
0.228606
0.222241
0.214616
0.221580
0.226070
0.223156
0.223361
0.229590
0.227612
0.225388
0.223121
0.228159
0.227388
0.230806
0.225403
0.233126
0.220254
0.221688
0.232691
0.233066
0.231498
0.217100
0.222316
0.218139
0.221046
0.221627
0.223085
0.215907
0.221664
0.215847
0.216352
0.211753
0.218027
0.211322
0.213690
0.216781
0.211877
0.207600
0.222562
0.221934
0.216715
0.228627
0.222121
0.212669
0.214458
0.206860
0.207809
0.210554
0.206653
0.206750
0.208636
0.210554
0.214616
0.213276
0.207327
0.211663
0.211354
0.210469
0.206497
0.216262
0.215705
0.216595
0.216008
0.210821
0.208899
0.205222
0.223615
0.217377
0.227899
0.217880
0.219498
0.221540
0.224811
0.220209
0.215956
0.229758
0.223634
0.225560
0.222326
0.219524
0.218681
0.219532
0.229315
0.220470
0.225357
0.211520
0.211492
0.204989
0.219883
0.216160
0.217557
0.215288
0.224951
0.228703
0.230512
0.225389
0.227921
0.219235
0.216156
0.202092
0.206490
0.206370
0.210583
0.221319
0.212477
0.208418
0.209307
0.212633
0.211738
0.202745
0.205802
0.204051
0.212630
0.216501
0.210628
0.197034
0.196974
0.206448
0.206750
0.216441
0.219662
0.217229
0.228649
0.221072
0.226535
0.230605
0.228313
0.224602
0.228217
0.225018
0.222255
0.225266
0.226673
0.225615
0.220269
0.207725
0.212474
0.207482
0.208746
0.203790
0.210120
0.214566
0.208028
0.212689
0.209754
0.209962
0.207207
0.212233
0.217708
0.210707
0.217608
0.215766
0.211527
0.210691
0.212979
0.208926
0.211035
0.216044
0.217268
0.210025
0.208953
0.209135
0.220795
0.218766
0.215284
0.221657
0.224865
0.220761
0.216034
0.209588
0.201263
0.200013
0.206275
0.211163
0.211321
0.213303
0.214281
0.203285
0.209905
0.211226
0.216475
0.215337
0.211689
0.207747
0.202228
0.204902
0.195916
0.188474
0.191467
0.196900
0.197488
0.193819
0.196848
0.202623
0.203795
0.199340
0.189722
0.191103
0.195098
0.197366
0.199217
0.194899
0.190763
0.203038
0.211040
0.203438
0.196220
0.198874
0.203221
0.204442
0.206602
0.203767
0.201440
0.207409
0.210132
0.205436
0.210074
0.214280
0.209973
0.211414
0.206564
0.215542
0.204351
0.215995
0.224086
0.204849
0.205046
0.215123
0.211187
0.207344
0.201161
0.199405
0.206396
0.201476
0.203916
0.195971
0.201908
0.197049
0.195768
0.201603
0.205711
0.201180
0.194209
0.196798
0.193796
0.193045
0.195594
0.192271
0.196408
0.190264
0.198870
0.188111
0.198472
0.194700
0.195692
0.190627
0.195132
0.201321
0.201514
0.195202
0.201631
0.197895
0.211171
0.214225
0.200657
0.213322
0.223160
0.205288
0.204913
0.200509
0.197447
0.198388
0.194519
0.199374
0.199539
0.189519
0.189951
0.193886
0.189424
0.196498
0.196397
0.204488
0.204695
0.204295
0.194809
0.186092
0.195884
0.189647
0.204203
0.205283
0.203956
0.197984
0.194843
0.194879
0.196483
0.195152
0.200659
0.192404
0.192788
0.193120
0.196421
0.193308
0.195964
0.197660
0.202915
0.192787
0.190309
0.193047
0.196987
0.192395
0.191969
0.193892
0.194716
0.196221
0.198443
0.201705
0.198383
0.197916
0.195854
0.198753
0.201298
0.196367
0.198995
0.197244
0.196706
0.189310
0.187953
0.186842
0.187545
0.200825
0.205512
0.213288
0.209812
0.211051
0.197773
0.194515
0.193988
0.201404
0.203069
0.193995
0.190584
0.193473
0.196204
0.181358
0.189291
0.189533
0.184794
0.185182
0.195862
0.196756
0.204204
0.199176
0.196482
0.197773
0.196391
0.197921
0.191059
0.196250
0.198917
0.197521
0.191923
0.187826
0.190225
0.182045
0.180927
0.183258
0.181083
0.193647
0.203090
0.190468
0.192097
0.187058
0.188023
0.170904
0.176059
0.179877
0.180152
0.184495
0.176375
0.174627
0.173350
0.172242
0.184967
0.175348
0.183718
0.171439
0.171904
0.183286
0.183045
0.177141
0.184530
0.186754
0.188839
0.186959
0.191761
0.187278
0.200427
0.204812
0.199602
0.190930
0.193377
0.194313
0.186630
0.188056
0.190441
0.188260
0.191177
0.197425
0.195371
0.200542
0.197428
0.193643
0.194700
0.185946
0.188847
0.183779
0.188206
0.191407
0.187539
0.187091
0.185679
0.181759
0.184949
0.179627
0.183574
0.184200
0.185701
0.185584
0.187531
0.187522
0.185894
0.186683
0.188842
0.192137
0.185756
0.180397
0.181826
0.180121
0.179236
0.180022
0.176561
0.169023
0.164693
0.172200
0.175073
0.178972
0.177940
0.177664
0.181156
0.179168
0.176622
0.178008
0.180132
0.179883
0.190760
0.187822
0.186879
0.179221
0.184560
0.188804
0.195156
0.199241
0.200643
0.197253
0.187925
0.187531
0.182079
0.181424
0.180359
0.174023
0.184232
0.180253
0.172700
0.177773
0.182224
0.179326
0.176235
0.171105
0.177433
0.178962
0.183058
0.180446
0.179317
0.176905
0.179497
0.183309
0.180047
0.187765
0.189853
0.189085
0.192066
0.184667
0.188837
0.191936
0.192060
0.182724
0.179900
0.181595
0.182951
0.197040
0.191519
0.180228
0.181336
0.176958
0.186877
0.186324
0.183831
0.181839
0.186092
0.173990
0.177938
0.177270
0.177898
0.178442
0.182760
0.186638
0.186516
0.188506
0.183441
0.177281
0.174303
0.171363
0.170924
0.171645
0.171341
0.179625
0.177197
0.171507
0.170088
0.179207
0.191798
0.190427
0.184999
0.187489
0.189985
0.190122
0.188193
0.186633
0.185602
0.180651
0.178035
0.180458
0.174138
0.187644
0.181779
0.185203
0.182418
0.186598
0.185805
0.172668
0.170171
0.169933
0.166104
0.173150
0.176200
0.173052
0.181029
0.181509
0.179026
0.171219
0.169456
0.173881
0.181858
0.186545
0.184529
0.180253
0.177861
0.174021
0.172699
0.173853
0.181552
0.186874
0.185951
0.184196
0.185192
0.188442
0.180636
0.176906
0.182882
0.178091
0.168487
0.171948
0.164211
0.164907
0.174299
0.176628
0.175797
0.185597
0.190309
0.187642
0.182492
0.174415
0.176475
0.181696
0.172959
0.183424
0.177875
0.179658
0.184105
0.179370
0.177155
0.178744
0.170997
0.175129
0.174436
0.178881
0.178602
0.167555
0.172179
0.173255
0.169507
0.173272
0.181187
0.172064
0.178666
0.177018
0.172079
0.171494
0.175883
0.166400
0.166594
0.170647
0.170902
0.170817
0.168732
0.176737
0.171325
0.167850
0.166734
0.166827
0.165930
0.167677
0.167849
0.168111
0.167248
0.175938
0.179459
0.172652
0.169805
0.170842
0.165446
0.163004
0.157485
0.162131
0.176952
0.172068
0.172778
0.171457
0.170717
0.174117
0.166548
0.172434
0.169812
0.166521
0.164211
0.164199
0.167512
0.170969
0.173396
0.177905
0.171770
0.166992
0.169441
0.171460
0.161305
0.165371
0.169309
0.165906
0.171281
0.168396
0.166622
0.163724
0.160205
0.160714
0.163949
0.164135
0.166012
0.166602
0.158803
0.167463
0.165919
0.166493
0.161595
0.157761
0.162348
0.166445
0.166553
0.158350
0.164681
0.156631
0.159731
0.161993
0.164534
0.169314
0.173550
0.168862
0.169637
0.167030
0.162159
0.170262
0.168965
0.170995
0.174126
0.174678
0.167464
0.160353
0.157073
0.157434
0.159433
0.159567
0.161219
0.165747
0.162840
0.162439
0.166820
0.159225
0.156212
0.152666
0.155286
0.157766
0.154641
0.159835
0.156414
0.159720
0.166043
0.164280
0.165547
0.172206
0.169378
0.178090
0.172495
0.171109
0.169554
0.171171
0.165235
0.165906
0.170990
0.176152
0.177353
0.171388
0.167335
0.174192
0.169520
0.172702
0.171368
0.181930
0.177258
0.177456
0.174047
0.166143
0.170756
0.164598
0.168605
0.166242
0.163047
0.169448
0.164854
0.156891
0.160102
0.157198
0.165744
0.163963
0.163164
0.164847
0.168194
0.164656
0.170262
0.166983
0.165501
0.163667
0.163858
0.164410
0.161188
0.169384
0.161496
0.157977
0.148317
0.143526
0.146881
0.147556
0.150977
0.148747
0.151288
0.158183
0.159049
0.163276
0.164024
0.175947
0.161268
0.157778
0.159505
0.156844
0.159931
0.155321
0.151885
0.156904
0.152059
0.152395
0.159070
0.163402
0.160151
0.163307
0.168394
0.170913
0.173366
0.173332
0.167048
0.170975
0.169473
0.160675
0.161901
0.165430
0.162114
0.160536
0.153352
0.155961
0.154555
0.161121
0.156075
0.155622
0.157521
0.155570
0.154223
0.156301
0.165144
0.159175
0.158287
0.159878
0.159702
0.156901
0.160396
0.159465
0.166980
0.172105
0.172335
0.160810
0.161120
0.163960
0.159952
0.162307
0.166462
0.161288
0.159143
0.158476
0.155206
0.163758
0.158333
0.161973
0.163738
0.157386
0.161341
0.161646
0.171440
0.167790
0.168333
0.169603
0.174161
0.170112
0.171901
0.161643
0.164113
0.168032
0.167245
0.163989
0.162196
0.161758
0.174375
0.172003
0.169521
0.170173
0.173299
0.171163
0.170134
0.167440
0.168332
0.163336
0.163941
0.172130
0.163751
0.161566
0.164235
0.170756
0.166950
0.164863
0.167446
0.164019
0.150479
0.147568
0.161379
0.169045
0.157175
0.160249
0.157481
0.170248
0.173298
0.167084
0.160070
0.159888
0.164392
0.166060
0.164266
0.167718
0.174268
0.168148
0.171118
0.172787
0.176020
0.180048
0.176965
0.180169
0.177950
0.174227
0.171292
0.166749
0.161192
0.162788
0.165277
0.163842
0.169435
0.161627
0.167137
0.166680
0.156620
0.159726
0.158896
0.162237
0.157381
0.160723
0.163387
0.166957
0.160049
0.161575
0.159168
0.157840
0.159808
0.155561
0.157299
0.152405
0.160009
0.156067
0.150950
0.157055
0.157171
0.157400
0.158386
0.160522
0.152740
0.158263
0.159660
0.154851
0.155247
0.148328
0.154155
0.154878
0.149362
0.147305
0.148545
0.147433
0.147880
0.150531
0.149225
0.144527
0.148463
0.154768
0.150320
0.147369
0.146793
0.156016
0.159736
0.151998
0.147891
0.151128
0.144897
0.150882
0.147270
0.146116
0.153141
0.144359
0.143642
0.143749
0.143449
0.149142
0.148961
0.154599
0.153745
0.155832
0.148829
0.149484
0.142991
0.147780
0.144685
0.143353
0.147973
0.144192
0.142244
0.149571
0.148307
0.150934
0.147977
0.144882
0.152083
0.151311
0.143125
0.147616
0.142546
0.143653
0.141679
0.137249
0.137715
0.137221
0.143801
0.141652
0.141787
0.143566
0.153049
0.154416
0.153381
0.148899
0.147464
0.145466
0.147613
0.146515
0.145034
0.154683
0.146312
0.144394
0.151489
0.147403
0.147420
0.148673
0.143554
0.140584
0.138824
0.141386
0.143116
0.145556
0.146921
0.143323
0.140617
0.138782
0.140491
0.137825
0.139756
0.136608
0.139505
0.138359
0.136262
0.138333
0.134135
0.140755
0.143981
0.146885
0.136312
0.145164
0.145736
0.148866
0.145328
0.150126
0.149996
0.156961
0.153938
0.150814
0.150901
0.153537
0.145743
0.141208
0.147537
0.141810
0.142833
0.144437
0.149038
0.148069
0.147693
0.147312
0.148618
0.146917
0.144851
0.150853
0.154179
0.148208
0.151917
0.144017
0.139600
0.137015
0.141142
0.140064
0.142589
0.147988
0.152072
0.147326
0.142144
0.149016
0.147228
0.151400
0.145381
0.147379
0.150499
0.148454
0.146507
0.151566
0.149041
0.145597
0.153389
0.152583
0.152231
0.155917
0.150301
0.143113
0.145325
0.149513
0.151894
0.149426
0.150313
0.146520
0.147225
0.146242
0.151792
0.156957
0.156733
0.166977
0.160358
0.155402
0.158191
0.150042
0.151110
0.148568
0.151849
0.151959
0.148905
0.151777
0.152629
0.147945
0.153759
0.157065
0.145069
0.149842
0.155198
0.149228
0.148710
0.152529
0.158402
0.158357
0.156877
0.155403
0.156374
0.153779
0.152122
0.151850
0.150254
0.155709
0.144948
0.151138
0.150164
0.150840
0.148678
0.159209
0.155272
0.154196
0.161558
0.151926
0.153207
0.153555
0.157085
0.153180
0.149680
0.151970
0.144472
0.149857
0.143266
0.151707
0.148773
0.148328
0.154775
0.157632
0.158194
0.163624
0.165602
0.163500
0.164194
0.156730
0.153896
0.154263
0.156969
0.154574
0.156446
0.153674
0.154874
0.149910
0.155582
0.154404
0.148486
0.152364
0.152599
0.156994
0.139238
0.142858
0.143343
0.143874
0.146331
0.146566
0.141402
0.138117
0.142316
0.148626
0.145944
0.145307
0.145765
0.140650
0.143577
0.142637
0.144866
0.150596
0.143662
0.146274
0.144517
0.146052
0.140181
0.141134
0.146411
0.145128
0.147728
0.151832
0.143951
0.147114
0.143859
0.147196
0.148116
0.147319
0.146672
0.144105
0.145593
0.151500
0.139303
0.144685
0.144150
0.142876
0.139625
0.142506
0.148153
0.148787
0.151918
0.147217
0.145501
0.151554
0.151792
0.157372
0.157581
0.156637
0.148900
0.148992
0.151265
0.148252
0.146357
0.146113
0.147318
0.152783
0.153097
0.152596
0.151483
0.147726
0.150802
0.152418
0.151415
0.152204
0.155985
0.153556
0.161173
0.160015
0.156139
0.153124
0.149978
0.154093
0.151313
0.153791
0.152243
0.154766
0.158269
0.158619
0.159537
0.150112
0.152410
0.149810
0.159052
0.154935
0.155241
0.166883
0.158618
0.156866
0.154361
0.154954
0.159055
0.157146
0.160282
0.165707
0.161603
0.158605
0.158468
0.156418
0.156685
0.156553
0.154644
0.153385
0.151741
0.149362
0.153971
0.154074
0.152984
0.155971
0.150906
0.149219
0.147751
0.144082
0.136915
0.147807
0.148760
0.147132
0.148673
0.143151
0.150942
0.146009
0.148637
0.144639
0.146922
0.138371
0.147073
0.144993
0.142237
0.139748
0.140213
0.136951
0.133861
0.138583
0.143962
0.139485
0.138747
0.139825
0.139560
0.136915
0.140217
0.135088
0.137202
0.142204
0.144602
0.142592
0.134469
0.135782
0.132345
0.138176
0.137455
0.139298
0.139583
0.140752
0.144116
0.140416
0.138887
0.136349
0.144335
0.141207
0.143286
0.140102
0.141010
0.140461
0.138552
0.136433
0.134333
0.134625
0.139101
0.138778
0.140578
0.137468
0.139950
0.134359
0.139439
0.136892
0.137315
0.140094
0.139061
0.130523
0.131315
0.128193
0.138609
0.132954
0.139229
0.138032
0.141744
0.143193
0.143413
0.142522
0.148189
0.144559
0.146821
0.139300
0.143628
0.142446
0.139213
0.140416
0.135521
0.139020
0.138363
0.137677
0.141604
0.143479
0.141326
0.140657
0.139452
0.138775
0.142858
0.141012
0.139313
0.137675
0.141647
0.141589
0.136853
0.134632
0.132006
0.134215
0.132800
0.134953
0.136070
0.137594
0.136329
0.138087
0.137001
0.138840
0.137711
0.138498
0.137391
0.136347
0.134661
0.133788
0.131530
0.133454
0.136095
0.138059
0.134336
0.132908
0.138525
0.134013
0.137248
0.137983
0.135610
0.141446
0.143701
0.141871
0.140715
0.140016
0.145033
0.142322
0.139448
0.139577
0.144341
0.146971
0.144703
0.147743
0.145111
0.136135
0.139622
0.143643
0.138364
0.136885
0.135420
0.137583
0.139539
0.137105
0.132354
0.132343
0.132726
0.134625
0.140416
0.140260
0.134925
0.128427
0.132459
0.137051
0.135772
0.137072
0.135185
0.136267
0.137699
0.137397
0.136049
0.136548
0.136299
0.136583
0.140929
0.140054
0.137714
0.136416
0.137529
0.140002
0.139534
0.135387
0.136758
0.139461
0.134250
0.127165
0.128261
0.125596
0.123385
0.123842
0.125605
0.120852
0.125616
0.126180
0.127245
0.129015
0.130650
0.124871
0.129126
0.129826
0.129464
0.131233
0.128595
0.131447
0.130497
0.134407
0.131612
0.127269
0.123294
0.123283
0.125108
0.134421
0.126994
0.125126
0.129818
0.132484
0.128476
0.125969
0.131217
0.130951
0.129243
0.128710
0.126110
0.131657
0.127818
0.123481
0.124832
0.128127
0.125895
0.126154
0.124391
0.127051
0.129498
0.130373
0.128376
0.128716
0.132103
0.127873
0.126763
0.128464
0.130689
0.123865
0.128953
0.130022
0.124746
0.125835
0.131232
0.125628
0.121058
0.126446
0.125878
0.124485
0.122750
0.122317
0.129330
0.124581
0.122549
0.121904
0.123141
0.122255
0.118489
0.119363
0.118812
0.118844
0.125234
0.124928
0.124251
0.122189
0.121537
0.123083
0.122902
0.122832
0.125631
0.125330
0.124921
0.126310
0.126665
0.129064
0.129091
0.134648
0.131709
0.133871
0.135726
0.130143
0.132165
0.129046
0.132408
0.126732
0.131287
0.130186
0.129241
0.129066
0.130716
0.128244
0.124790
0.127382
0.123623
0.124638
0.124660
0.125869
0.123558
0.122224
0.121330
0.124804
0.120358
0.121526
0.120689
0.119086
0.119640
0.123991
0.118792
0.116371
0.117728
0.114298
0.115880
0.119101
0.116500
0.118061
0.118112
0.115140
0.113282
0.116679
0.119272
0.121874
0.117729
0.117150
0.120508
0.120613
0.122530
0.125350
0.119118
0.121213
0.122988
0.121142
0.119045
0.123023
0.126011
0.121058
0.121748
0.121944
0.120981
0.121803
0.122247
0.123666
0.122150
0.123170
0.127678
0.127098
0.131823
0.129153
0.129559
0.130565
0.125371
0.125028
0.127180
0.126300
0.123938
0.120547
0.121662
0.118307
0.121268
0.122778
0.118923
0.119118
0.118687
0.117818
0.121097
0.121745
0.122973
0.122332
0.125035
0.125469
0.117530
0.124345
0.125874
0.125443
0.126077
0.124461
0.127673
0.126004
0.124039
0.124138
0.124808
0.122509
0.122989
0.124360
0.123425
0.121425
0.124411
0.129235
0.129094
0.123767
0.126648
0.131769
0.130716
0.131938
0.128591
0.124591
0.124810
0.132233
0.135676
0.126768
0.121312
0.119960
0.126823
0.124781
0.124288
0.127935
0.124066
0.124018
0.119875
0.116033
0.119568
0.117437
0.117475
0.114900
0.110104
0.114007
0.114785
0.117825
0.114238
0.116846
0.116500
0.119632
0.120044
0.121048
0.117984
0.120278
0.123790
0.120007
0.120785
0.119218
0.113788
0.116978
0.114789
0.114152
0.115939
0.119515
0.121958
0.122145
0.121960
0.122566
0.119571
0.120139
0.115746
0.121028
0.121274
0.121448
0.119146
0.120716
0.118529
0.117247
0.120825
0.124363
0.127243
0.122634
0.122483
0.121867
0.122234
0.119526
0.120844
0.122402
0.118038
0.120651
0.120090
0.117769
0.116382
0.118200
0.119573
0.125452
0.122060
0.114777
0.112844
0.116081
0.118463
0.117401
0.118524
0.118561
0.112908
0.113575
0.118703
0.119719
0.117899
0.118264
0.118266
0.118215
0.119298
0.122326
0.121220
0.119646
0.121913
0.125657
0.120214
0.120558
0.119997
0.123166
0.118268
0.120928
0.122335
0.123918
0.124272
0.122628
0.123969
0.121955
0.123314
0.122104
0.121807
0.121323
0.122795
0.125838
0.126290
0.121837
0.124473
0.127515
0.123392
0.125372
0.127248
0.124244
0.126167
0.126501
0.128338
0.128985
0.125974
0.129239
0.132687
0.128034
0.128754
0.127956
0.125480
0.123379
0.123291
0.118156
0.119858
0.115675
0.112965
0.116444
0.117556
0.116568
0.118912
0.119977
0.120686
0.119549
0.117485
0.117907
0.114440
0.115776
0.117276
0.119367
0.121080
0.120836
0.121257
0.123216
0.126124
0.121271
0.121014
0.117392
0.119874
0.113311
0.118806
0.114570
0.114315
0.113643
0.116194
0.112784
0.111988
0.115915
0.119789
0.116051
0.118097
0.117540
0.119414
0.116933
0.115830
0.115565
0.117139
0.117071
0.114603
0.114063
0.115135
0.112825
0.117906
0.119263
0.119607
0.118430
0.118633
0.120114
0.116652
0.119064
0.123301
0.118567
0.119811
0.113534
0.118287
0.117294
0.112291
0.112921
0.110774
0.112265
0.111718
0.109433
0.113143
0.116451
0.114689
0.110222
0.110775
0.113036
0.113560
0.113202
0.115038
0.116793
0.111997
0.112465
0.109941
0.111254
0.113498
0.117744
0.118929
0.118842
0.118608
0.117471
0.118164
0.117498
0.114887
0.114733
0.117538
0.116966
0.115327
0.117009
0.117177
0.114536
0.118933
0.117689
0.116691
0.114544
0.117357
0.116866
0.116030
0.117659
0.114392
0.114986
0.115874
0.114816
0.114880
0.115887
0.114828
0.115774
0.119177
0.118763
0.116415
0.115984
0.119451
0.120744
0.121617
0.119486
0.116437
0.119979
0.119916
0.119276
0.121211
0.117718
0.114362
0.118368
0.119895
0.120057
0.115584
0.114135
0.119805
0.122906
0.120369
0.124503
0.119786
0.119083
0.120469
0.120712
0.119215
0.118622
0.120218
0.120116
0.119413
0.118463
0.119577
0.121119
0.116200
0.112988
0.115273
0.112100
0.111787
0.112384
0.113313
0.113442
0.119800
0.115231
0.112653
0.108669
0.112065
0.111619
0.113122
0.108636
0.112005
0.111770
0.110882
0.107379
0.107578
0.105782
0.105195
0.105407
0.106903
0.104542
0.104503
0.103156
0.107985
0.107705
0.108743
0.108492
0.108060
0.112228
0.112854
0.113102
0.115465
0.111822
0.114742
0.113868
0.115705
0.114613
0.112493
0.115833
0.115501
0.114510
0.114016
0.113991
0.112093
0.112115
0.110155
0.109304
0.113605
0.112094
0.110367
0.110921
0.109833
0.113989
0.115748
0.113357
0.113317
0.111876
0.112107
0.108094
0.114208
0.110685
0.110596
0.106909
0.107513
0.108878
0.109943
0.108609
0.111387
0.108614
0.109248
0.108191
0.110227
0.107841
0.105659
0.106274
0.105374
0.112392
0.113150
0.110362
0.106538
0.109707
0.109620
0.109550
0.109786
0.108172
0.105543
0.103509
0.105514
0.107850
0.108011
0.104306
0.105622
0.108493
0.100118
0.098670
0.102073
0.102890
0.106592
0.104894
0.105912
0.107313
0.108241
0.108385
0.105350
0.104608
0.104427
0.104409
0.100790
0.099602
0.106613
0.104594
0.105709
0.106610
0.107096
0.108282
0.108612
0.106520
0.108332
0.104823
0.107379
0.109899
0.107631
0.107196
0.109938
0.110250
0.109282
0.108157
0.108644
0.106610
0.110044
0.110441
0.110007
0.109666
0.110328
0.113073
0.113519
0.112356
0.108421
0.109534
0.109070
0.112475
0.110050
0.110547
0.112152
0.110136
0.111002
0.108903
0.112498
0.108991
0.111070
0.110043
0.111863
0.107372
0.109252
0.111151
0.110187
0.111335
0.112086
0.111232
0.115928
0.111938
0.111426
0.113398
0.114301
0.114337
0.114626
0.114851
0.117360
0.116010
0.114580
0.116089
0.115599
0.116874
0.113107
0.113394
0.113908
0.112559
0.109913
0.112453
0.111857
0.110848
0.105308
0.108867
0.112899
0.106885
0.111604
0.109063
0.111278
0.111662
0.110852
0.106670
0.108347
0.110985
0.112824
0.114281
0.110728
0.116142
0.110741
0.111640
0.112914
0.108085
0.107749
0.111895
0.114634
0.112353
0.108258
0.108950
0.113030
0.109223
0.112293
0.114686
0.113586
0.114584
0.116597
0.114805
0.114093
0.114857
0.116885
0.115332
0.118477
0.114377
0.109825
0.113648
0.112060
0.114855
0.109559
0.112624
0.114162
0.115477
0.111750
0.108320
0.108448
0.114328
0.112237
0.109670
0.111961
0.108148
0.109514
0.112569
0.112285
0.111672
0.113914
0.111225
0.115228
0.116277
0.115158
0.118566
0.113482
0.112769
0.116860
0.116440
0.119149
0.117188
0.111401
0.111609
0.112929
0.110681
0.115208
0.113894
0.113400
0.112204
0.112907
0.113664
0.114785
0.113438
0.116750
0.111793
0.114619
0.111849
0.117041
0.114974
0.114381
0.113199
0.112951
0.113128
0.113276
0.113164
0.111587
0.111956
0.110934
0.111581
0.111957
0.108535
0.110347
0.108407
0.113754
0.112207
0.113801
0.115643
0.111556
0.113133
0.113810
0.114792
0.109709
0.111724
0.109192
0.109337
0.109503
0.110602
0.113775
0.118375
0.110980
0.111126
0.111072
0.112219
0.112494
0.111070
0.109552
0.107274
0.110044
0.111166
0.113413
0.109938
0.110733
0.115085
0.112105
0.111854
0.114008
0.111754
0.110779
0.111027
0.115197
0.110781
0.110299
0.109143
0.106817
0.107975
0.108702
0.109849
0.106273
0.109386
0.107012
0.106243
0.107686
0.108355
0.109816
0.108835
0.111595
0.109074
0.110980
0.108158
0.108319
0.104170
0.107878
0.103806
0.101701
0.104203
0.105562
0.104343
0.106698
0.106637
0.105746
0.109523
0.111630
0.108903
0.106554
0.105215
0.105925
0.104988
0.106468
0.105425
0.106328
0.104533
0.108175
0.106954
0.109455
0.107006
0.105563
0.105843
0.107673
0.108071
0.103977
0.108668
0.109756
0.112494
0.111480
0.110268
0.110056
0.109853
0.108462
0.110375
0.108647
0.110146
0.111791
0.107728
0.105764
0.105007
0.105172
0.104118
0.103286
0.103499
0.106044
0.108833
0.111353
0.108657
0.109755
0.109231
0.107595
0.108365
0.110031
0.112135
0.110184
0.108660
0.107031
0.107751
0.105319
0.108970
0.107667
0.105678
0.103847
0.103594
0.102847
0.105094
0.104111
0.106760
0.106396
0.108338
0.104979
0.103831
0.104449
0.104134
0.104462
0.103796
0.102659
0.100717
0.104735
0.107665
0.106532
0.108811
0.103356
0.104767
0.112212
0.107279
0.108101
0.103730
0.103155
0.108053
0.108131
0.109743
0.111545
0.111167
0.109880
0.105991
0.106532
0.105019
0.101401
0.104492
0.102848
0.104371
0.105268
0.107972
0.106082
0.105345
0.106627
0.105693
0.104617
0.106096
0.106883
0.109173
0.107030
0.107230
0.107902
0.103884
0.104258
0.105910
0.108516
0.106573
0.108512
0.112928
0.110710
0.108436
0.107249
0.108375
0.104058
0.103152
0.104853
0.108116
0.108002
0.106037
0.108570
0.108409
0.108121
0.111321
0.108558
0.112132
0.109222
0.111473
0.108099
0.109313
0.105559
0.108791
0.108336
0.108902
0.107924
0.110873
0.109380
0.107988
0.109994
0.115618
0.113215
0.110778
0.107582
0.105676
0.104580
0.104299
0.105817
0.107932
0.107282
0.108286
0.108080
0.107599
0.107657
0.110906
0.106036
0.109548
0.108767
0.110376
0.109148
0.112589
0.109659
0.109130
0.109694
0.110506
0.107253
0.108861
0.111909
0.105637
0.105813
0.106088
0.106280
0.103756
0.105418
0.104725
0.101097
0.105490
0.104125
0.103831
0.102213
0.104540
0.103448
0.105578
0.102101
0.102997
0.107989
0.108844
0.106466
0.108102
0.108612
0.110615
0.107136
0.107313
0.108769
0.110597
0.110488
0.111122
0.110750
0.108702
0.110169
0.105520
0.109119
0.114281
0.115327
0.112197
0.111422
0.110245
0.110152
0.111648
0.112221
0.110036
0.106814
0.110596
0.109202
0.104975
0.105490
0.105331
0.108323
0.110951
0.108375
0.108473
0.112351
0.115210
0.110133
0.110375
0.110398
0.110845
0.109952
0.107236
0.108713
0.111780
0.111608
0.113584
0.111602
0.109599
0.111037
0.109918
0.109137
0.110108
0.104477
0.106317
0.108665
0.106996
0.107241
0.106770
0.106724
0.106566
0.105350
0.107583
0.108648
0.111281
0.115254
0.113253
0.109520
0.108946
0.108874
0.111059
0.108899
0.104702
0.108016
0.106316
0.110688
0.111249
0.114286
0.112487
0.110975
0.110867
0.107249
0.110280
0.108850
0.111530
0.111194
0.108081
0.112076
0.108805
0.105435
0.109261
0.106308
0.105123
0.106301
0.104348
0.104384
0.108546
0.108645
0.104983
0.106209
0.106380
0.107135
0.106503
0.108842
0.104803
0.103098
0.105284
0.105537
0.105424
0.108702
0.106901
0.108716
0.106306
0.108026
0.106716
0.109464
0.108423
0.107536
0.109794
0.111159
0.108698
0.111521
0.114147
0.111477
0.111800
0.109329
0.111024
0.107222
0.107829
0.109893
0.109275
0.106930
0.107664
0.111861
0.110086
0.109655
0.110025
0.108827
0.110432
0.111660
0.109250
0.111121
0.109120
0.110207
0.109919
0.110866
0.110218
0.109028
0.110295
0.109638
0.109590
0.106995
0.103090
0.103274
0.108929
0.107274
0.103344
0.104833
0.107511
0.108155
0.110371
0.109984
0.108544
0.108562
0.110047
0.108358
0.109698
0.111304
0.107253
0.106176
0.111129
0.110543
0.112360
0.110068
0.110783
0.112894
0.110246
0.106982
0.109235
0.109836
0.109820
0.113197
0.111114
0.110568
0.111221
0.106589
0.106532
0.110150
0.106410
0.108896
0.109144
0.107097
0.106043
0.106990
0.109107
0.107392
0.105437
0.106187
0.110413
0.110624
0.108375
0.110462
0.110905
0.109082
0.106432
0.112418
0.109869
0.110940
0.112756
0.109720
0.111515
0.111619
0.112630
0.110380
0.112975
0.114376
0.116570
0.119780
0.120296
0.117759
0.116836
0.118264
0.117647
0.118183
0.121607
0.122173
0.120482
0.115580
0.115401
0.114148
0.116230
0.116752
0.115183
0.114073
0.116009
0.113754
0.111553
0.113007
0.118908
0.114376
0.113236
0.113339
0.110478
0.114668
0.111719
0.112984
0.114766
0.114633
0.113595
0.116454
0.118295
0.119294
0.116381
0.116128
0.113240
0.117046
0.113631
0.109305
0.113944
0.117379
0.111420
0.111178
0.110522
0.112806
0.110439
0.111303
0.110770
0.109449
0.107985
0.112512
0.107888
0.108963
0.110861
0.111622
0.113722
0.108394
0.114615
0.111705
0.111385
0.113230
0.111662
0.108743
0.105539
0.105605
0.105405
0.107676
0.109012
0.111646
0.114012
0.110643
0.113431
0.112510
0.112393
0.112791
0.111760
0.108890
0.108312
0.114083
0.108892
0.111692
0.108855
0.111247
0.112295
0.115535
0.112457
0.115900
0.116071
0.116592
0.113648
0.114097
0.112431
0.114491
0.113469
0.114981
0.115560
0.117890
0.117217
0.114154
0.117584
0.119754
0.117662
0.113916
0.114641
0.115047
0.116395
0.115175
0.116592
0.116548
0.112063
0.112320
0.116405
0.118446
0.115595
0.112663
0.112602
0.114693
0.110797
0.111550
0.110545
0.112123
0.110648
0.113500
0.112462
0.115481
0.112507
0.113564
0.113734
0.114557
0.115144
0.112977
0.113292
0.108682
0.111180
0.108307
0.109904
0.107716
0.108399
0.111456
0.114717
0.113421
0.111506
0.111390
0.112125
0.111649
0.111175
0.110691
0.108947
0.109916
0.108578
0.110172
0.105668
0.110000
0.108817
0.112743
0.112089
0.108070
0.110683
0.106727
0.108784
0.106540
0.110533
0.111085
0.108880
0.107665
0.106780
0.107030
0.108195
0.111997
0.113268
0.112663
0.110057
0.107926
0.112633
0.113993
0.116939
0.120554
0.115020
0.112590
0.112683
0.109337
0.110430
0.112525
0.111674
0.111378
0.110658
0.111242
0.109772
0.114672
0.113783
0.112443
0.110805
0.111655
0.110102
0.111855
0.110616
0.112459
0.110197
0.107105
0.105624
0.106479
0.107727
0.107145
0.105649
0.104152
0.104244
0.106303
0.112549
0.109188
0.112137
0.112399
0.107605
0.106039
0.107069
0.107621
0.106573
0.108732
0.112269
0.115657
0.115516
0.113218
0.115839
0.111744
0.113174
0.108395
0.107191
0.110363
0.112812
0.111267
0.110228
0.109228
0.109802
0.110021
0.110488
0.111203
0.110356
0.112853
0.112415
0.112210
0.113678
0.115106
0.110167
0.110834
0.112271
0.112759
0.113533
0.114031
0.114174
0.114828
0.116461
0.110980
0.112736
0.116793
0.118622
0.117901
0.113968
0.112901
0.113779
0.112506
0.111567
0.114976
0.113844
0.115807
0.117473
0.113667
0.113169
0.113544
0.114864
0.115325
0.114950
0.118349
0.114397
0.116494
0.116218
0.114515
0.114825
0.116281
0.113414
0.114616
0.113812
0.114463
0.112271
0.113427
0.115222
0.116914
0.119474
0.119746
0.120743
0.120812
0.122853
0.119477
0.121593
0.117356
0.114092
0.122762
0.118205
0.122747
0.120750
0.119112
0.118142
0.117760
0.116445
0.115641
0.114953
0.117964
0.117827
0.119042
0.117822
0.119253
0.116983
0.118135
0.114221
0.117554
0.117187
0.118097
0.117743
0.115328
0.113472
0.115861
0.115730
0.111880
0.106527
0.108240
0.109999
0.111400
0.110392
0.112873
0.112372
0.111067
0.108875
0.106995
0.107975
0.107351
0.108635
0.108141
0.106661
0.111020
0.108367
0.109730
0.111882
0.112737
0.115889
0.115458
0.114944
0.116411
0.116032
0.119130
0.118082
0.116560
0.118520
0.118755
0.118870
0.118532
0.117408
0.119565
0.118751
0.119209
0.117602
0.113640
0.117476
0.115962
0.111325
0.110438
0.113016
0.114419
0.115102
0.115625
0.116608
0.114663
0.116198
0.115592
0.114915
0.113303
0.113579
0.112492
0.110299
0.112697
0.113179
0.107030
0.112568
0.114400
0.110324
0.111739
0.108901
0.109967
0.112264
0.110922
0.110506
0.112410
0.115068
0.110419
0.112194
0.111084
0.109498
0.108659
0.111026
0.112431
0.111764
0.107668
0.110499
0.113019
0.114565
0.111491
0.115971
0.113278
0.114397
0.111444
0.108549
0.112192
0.109952
0.110527
0.109563
0.110812
0.110251
0.113865
0.110386
0.107455
0.109854
0.108143
0.106102
0.106738
0.106281
0.106646
0.111499
0.111266
0.106723
0.109606
0.106709
0.107059
0.109162
0.107113
0.102359
0.104441
0.102722
0.105263
0.107326
0.106751
0.105992
0.108844
0.110245
0.107897
0.107990
0.107928
0.106407
0.106096
0.103459
0.102863
0.102406
0.102558
0.101461
0.101762
0.107709
0.108992
0.104945
0.106174
0.108833
0.109074
0.107525
0.104777
0.108590
0.110503
0.108082
0.105341
0.103793
0.105124
0.111358
0.107908
0.107897
0.107001
0.103113
0.099683
0.104589
0.106299
0.104521
0.106534
0.105785
0.108221
0.108459
0.110388
0.109068
0.110778
0.106324
0.106572
0.105037
0.107349
0.111651
0.111583
0.112949
0.112207
0.111205
0.115847
0.117079
0.112960
0.113438
0.109109
0.104605
0.108775
0.109122
0.107783
0.105927
0.104849
0.111127
0.107601
0.111538
0.112307
0.111191
0.111373
0.112969
0.111996
0.113021
0.115423
0.115873
0.111950
0.111865
0.109432
0.113201
0.110960
0.112253
0.112828
0.107927
0.109738
0.114897
0.112631
0.111358
0.116546
0.114699
0.114315
0.113414
0.111650
0.113460
0.113630
0.114471
0.110444
0.110922
0.110811
0.109428
0.112915
0.112224
0.112478
0.106249
0.113337
0.107131
0.114031
0.113709
0.115992
0.113907
0.114815
0.114591
0.115153
0.116101
0.111658
0.113988
0.115913
0.117534
0.115284
0.111576
0.112087
0.113807
0.116263
0.113059
0.111878
0.112690
0.114565
0.112991
0.110830
0.109715
0.113569
0.113619
0.115165
0.110989
0.114045
0.113259
0.110753
0.109123
0.106949
0.109338
0.108006
0.107312
0.110413
0.109653
0.113144
0.114403
0.111695
0.114116
0.110164
0.109281
0.112397
0.110028
0.110841
0.112233
0.111985
0.105698
0.106716
0.106204
0.104491
0.106839
0.104763
0.106019
0.104942
0.104689
0.105411
0.107362
0.108977
0.106458
0.105867
0.104545
0.106558
0.106487
0.106328
0.108635
0.109347
0.108563
0.107696
0.108698
0.109417
0.109615
0.109479
0.108337
0.108234
0.103879
0.106122
0.104745
0.107969
0.106871
0.103835
0.105233
0.103839
0.107274
0.108204
0.107688
0.113411
0.112495
0.111673
0.109057
0.105193
0.104828
0.101761
0.101593
0.103494
0.099889
0.101321
0.104489
0.102108
0.104319
0.103253
0.105128
0.107925
0.107742
0.105607
0.101759
0.103505
0.105120
0.104628
0.104600
0.108313
0.109270
0.106037
0.105307
0.108661
0.110882
0.108412
0.110851
0.111538
0.108987
0.111864
0.112548
0.111825
0.110412
0.107791
0.108990
0.109707
0.109336
0.109438
0.110329
0.117494
0.116219
0.117854
0.113088
0.105757
0.110648
0.111588
0.111953
0.116114
0.118298
0.115685
0.112739
0.112433
0.110707
0.113798
0.112829
0.113103
0.113289
0.113249
0.110806
0.108846
0.107423
0.107751
0.106907
0.108771
0.107859
0.108861
0.107825
0.107924
0.107889
0.109992
0.109002
0.110846
0.110941
0.109976
0.109156
0.107160
0.109539
0.103531
0.104039
0.106461
0.106977
0.108222
0.105038
0.108519
0.108778
0.108715
0.110631
0.109841
0.106476
0.106693
0.108447
0.108222
0.105452
0.110240
0.107357
0.107316
0.105264
0.105199
0.111197
0.110323
0.109152
0.105203
0.105309
0.111389
0.110777
0.106178
0.108631
0.109667
0.108498
0.107795
0.103663
0.104021
0.104366
0.105887
0.106079
0.106204
0.107856
0.104458
0.103346
0.105451
0.102645
0.102398
0.101422
0.103480
0.105176
0.103584
0.102365
0.104027
0.103739
0.100158
0.099665
0.101072
0.103006
0.101673
0.102398
0.103560
0.098836
0.098952
0.100449
0.102874
0.104770
0.106660
0.102232
0.101703
0.102756
0.104813
0.099847
0.099299
0.100662
0.100913
0.100226
0.101316
0.099006
0.101714
0.104829
0.103557
0.102261
0.102416
0.099454
0.097995
0.097863
0.099825
0.099372
0.100549
0.100684
0.099004
0.099276
0.101751
0.101656
0.102972
0.105165
0.104786
0.103469
0.105498
0.105269
0.103055
0.105384
0.104264
0.108800
0.105438
0.105290
0.110040
0.109549
0.105342
0.102827
0.101905
0.103914
0.102613
0.100929
0.099975
0.102747
0.101741
0.105109
0.105952
0.107561
0.108775
0.107420
0.104467
0.104631
0.106164
0.106634
0.106102
0.104461
0.105867
0.104619
0.107647
0.105741
0.103600
0.103895
0.105443
0.105401
0.109202
0.106515
0.103576
0.107310
0.106330
0.108431
0.110976
0.112577
0.108982
0.111873
0.108378
0.107126
0.110984
0.109218
0.110872
0.108174
0.105574
0.106899
0.107259
0.107667
0.106780
0.107568
0.108104
0.108305
0.106394
0.103337
0.107166
0.106888
0.110660
0.110750
0.109903
0.112748
0.111179
0.109980
0.108532
0.108264
0.108503
0.107940
0.110644
0.110797
0.103145
0.106759
0.106179
0.110539
0.110058
0.108124
0.112779
0.109890
0.110706
0.109428
0.110883
0.109256
0.107295
0.109419
0.107124
0.110010
0.110179
0.107694
0.108476
0.107265
0.107487
0.110417
0.111301
0.109723
0.109839
0.107982
0.112113
0.110185
0.110856
0.107677
0.106252
0.106293
0.103230
0.103069
0.105394
0.104758
0.105846
0.106596
0.108637
0.108769
0.108001
0.108602
0.105939
0.108591
0.109206
0.105007
0.101753
0.106073
0.107192
0.109052
0.108880
0.105294
0.109299
0.109355
0.111310
0.112059
0.107904
0.108068
0.106973
0.108748
0.104796
0.106467
0.106986
0.106149
0.109888
0.109221
0.110217
0.105455
0.109410
0.105225
0.108589
0.108685
0.107950
0.109308
0.107675
0.109030
0.109407
0.109292
0.108327
0.109302
0.111098
0.110829
0.111537
0.107093
0.111013
0.107785
0.105213
0.106698
0.107165
0.109820
0.107959
0.110453
0.111137
0.111336
0.112601
0.113244
0.112696
0.110646
0.114596
0.115886
0.111496
0.114388
0.111557
0.112972
0.114144
0.114439
0.112540
0.108630
0.113007
0.111447
0.109512
0.110793
0.112908
0.115756
0.111653
0.108868
0.112370
0.110686
0.116435
0.118704
0.114976
0.114494
0.111178
0.115013
0.110243
0.111447
0.109947
0.113591
0.115638
0.114255
0.112674
0.109233
0.111482
0.112027
0.111186
0.109324
0.112893
0.114055
0.116152
0.112885
0.113722
0.112475
0.113670
0.112727
0.117371
0.109882
0.112699
0.105859
0.112896
0.113929
0.117160
0.114258
0.117138
0.116394
0.113266
0.112198
0.111541
0.111207
0.111559
0.113123
0.113053
0.114598
0.112980
0.109269
0.110956
0.111914
0.112153
0.113129
0.115603
0.112832
0.111758
0.114159
0.113439
0.117915
0.114458
0.111294
0.116885
0.111340
0.112423
0.117279
0.116203
0.114250
0.113910
0.112182
0.112686
0.110259
0.111891
0.108177
0.106257
0.109629
0.107503
0.106055
0.101864
0.109987
0.110274
0.111000
0.108351
0.109823
0.111845
0.111259
0.112859
0.111863
0.115082
0.114540
0.118928
0.117700
0.114829
0.112156
0.112700
0.111605
0.108711
0.106656
0.110760
0.113801
0.116690
0.109354
0.111441
0.110457
0.110329
0.111311
0.111133
0.107352
0.113263
0.111742
0.111390
0.112467
0.111209
0.111201
0.113079
0.113336
0.111379
0.108730
0.111437
0.109322
0.109795
0.108713
0.109588
0.111069
0.111741
0.108896
0.111233
0.112213
0.110730
0.107689
0.108890
0.106545
0.107327
0.106943
0.109445
0.108387
0.111519
0.111100
0.111594
0.112347
0.110551
0.108145
0.110584
0.112516
