1.000000
0.952354
0.931991
0.902059
0.891488
0.879767
0.866152
0.828976
0.845315
0.828865
0.838596
0.839834
0.833054
0.808934
0.834603
0.848875
0.813472
0.825402
0.812528
0.809040
0.805784
0.790030
0.784815
0.796973
0.810198
0.792627
0.795740
0.804819
0.798748
0.797473
0.783450
0.795330
0.783209
0.770968
0.771445
0.771655
0.780682
0.785035
0.773754
0.780558
0.757187
0.762337
0.729201
0.727280
0.744716
0.764561
0.757996
0.736153
0.729285
0.738312
0.751555
0.739249
0.732687
0.730500
0.721538
0.745934
0.739703
0.763155
0.742333
0.726181
0.730976
0.726902
0.737335
0.756887
0.734767
0.722019
0.730600
0.719613
0.730955
0.711356
0.698124
0.703261
0.710636
0.700087
0.713890
0.706902
0.709662
0.696885
0.699511
0.685615
0.697823
0.688976
0.696166
0.688547
0.685205
0.681043
0.684291
0.677720
0.668414
0.683626
0.676906
0.656084
0.648478
0.664953
0.672732
0.670888
0.638466
0.664905
0.671124
0.662262
0.662085
0.645178
0.662980
0.648238
0.651548
0.641341
0.653031
0.648997
0.654787
0.660757
0.661189
0.656626
0.650173
0.639778
0.630867
0.647548
0.642441
0.630399
0.644772
0.635217
0.624381
0.621128
0.616982
0.615494
0.622036
0.639628
0.640073
0.646230
0.638968
0.607256
0.609064
0.625279
0.639567
0.629238
0.615299
0.633295
0.636843
0.627346
0.629786
0.617116
0.622976
0.619095
0.604470
0.606473
0.610927
0.622709
0.612040
0.602393
0.588521
0.583651
0.602136
0.610879
0.601211
0.603022
0.622154
0.603359
0.599939
0.601505
0.593128
0.608957
0.604386
0.591134
0.571724
0.572435
0.584649
0.584352
0.583704
0.578837
0.591766
0.598200
0.582681
0.586988
0.581541
0.552964
0.533492
0.569084
0.564673
0.565170
0.571872
0.568552
0.554958
0.537087
0.546901
0.537861
0.533495
0.540588
0.538202
0.535135
0.531823
0.539794
0.515975
0.525157
0.535806
0.528528
0.515779
0.523380
0.517802
0.517232
0.497990
0.496611
0.488349
0.503082
0.495593
0.486384
0.500588
0.496549
0.497846
0.504441
0.494912
0.499141
0.474279
0.486379
0.467904
0.457801
0.464323
0.464217
0.454722
0.440494
0.454057
0.455713
0.471306
0.471001
0.472185
0.469090
0.457452
0.457372
0.445009
0.460975
0.472765
0.479317
0.445883
0.457409
0.465233
0.450870
0.444092
0.429193
0.445552
0.448035
0.447597
0.451003
0.446698
0.457207
0.456844
0.454254
0.434400
0.436448
0.439582
0.450999
0.452005
0.445791
0.445223
0.438011
0.443882
0.453583
0.438835
0.436080
0.437573
0.440025
0.438344
0.435029
0.431982
0.436777
0.417698
0.435518
0.439568
0.445964
0.450490
0.438419
0.442734
0.436258
0.444225
0.447417
0.458207
0.452453
0.442669
0.435985
0.425871
0.416605
0.432035
0.432235
0.440470
0.432771
0.419977
0.415623
0.433504
0.431822
0.430948
0.438137
0.439264
0.437170
0.426102
0.420886
0.399981
0.415934
0.426296
0.429925
0.436434
0.424233
0.412456
0.417613
0.427609
0.430432
0.433482
0.411960
0.419888
0.418013
0.410742
0.410299
0.411067
0.409695
0.414198
0.399029
0.400918
0.402627
0.396184
0.378518
0.386638
0.380090
0.385624
0.392450
0.393356
0.387950
0.382463
0.383964
0.386151
0.377438
0.382791
0.398975
0.384236
0.387312
0.377105
0.388803
0.382937
0.395452
0.397593
0.385087
0.388253
0.385228
0.377912
0.370929
0.370083
0.378123
0.378599
0.371449
0.378049
0.380440
0.361710
0.382477
0.381331
0.377808
0.372587
0.370652
0.377477
0.377559
0.368534
0.378928
0.378342
0.381065
0.353389
0.364607
0.364602
0.358247
0.367230
0.377569
0.376308
0.371105
0.376628
0.375033
0.367649
0.369927
0.373575
0.382806
0.381751
0.381084
0.383543
0.384343
0.375174
0.383007
0.377560
0.381209
0.370925
0.367189
0.376909
0.377529
0.375981
0.377623
0.380860
0.379053
0.378852
0.378470
0.379484
0.371818
0.369076
0.367833
0.362601
0.367762
0.367173
0.368619
0.371892
0.372662
0.369458
0.382746
0.375583
0.377576
0.365607
0.365192
0.369029
0.369366
0.360596
0.356214
0.361713
0.349097
0.339801
0.346471
0.340683
0.344765
0.352530
0.363238
0.373271
0.365134
0.364660
0.358078
0.369916
0.365739
0.361099
0.353247
0.363069
0.358126
0.364000
0.359661
0.359528
0.359287
0.358875
0.366055
0.364913
0.369853
0.355171
0.342434
0.348669
0.356960
0.348285
0.350288
0.349556
0.353066
0.354446
0.358515
0.360303
0.357985
0.358827
0.353775
0.349602
0.360033
0.360757
0.350200
0.355465
0.356843
0.344223
0.348621
0.342808
0.346424
0.330238
0.333834
0.339728
0.335388
0.338229
0.341001
0.350973
0.348354
0.346907
0.349493
0.351380
0.359641
0.346971
0.350122
0.344283
0.355041
0.352285
0.363683
0.365496
0.348515
0.338269
0.343020
0.352192
0.351420
0.350094
0.347365
0.349459
0.351978
0.348844
0.347746
0.343659
0.339878
0.350004
0.347005
0.359451
0.364785
0.360034
0.353568
0.363778
0.380059
0.369156
0.361723
0.361692
0.366934
0.369779
0.366319
0.358362
0.354920
0.362281
0.365819
0.351929
0.352397
0.349111
0.349060
0.348182
0.357166
0.349687
0.358532
0.356385
0.354001
0.353502
0.365421
0.360945
0.363017
0.358978
0.359402
0.358336
0.353140
0.352560
0.345203
0.359117
0.366446
0.350637
0.349506
0.359591
0.357536
0.350132
0.356584
0.348395
0.359401
0.359369
0.355786
0.351227
0.347795
0.358361
0.352292
0.363739
0.353798
0.355735
0.350128
0.345510
0.353470
0.346667
0.340451
0.341861
0.349864
0.360212
0.360379
0.357893
0.366915
0.358222
0.366703
0.364299
0.352320
0.355663
0.346222
0.355934
0.343094
0.357562
0.358816
0.354179
0.349965
0.356696
0.367541
0.369306
0.365755
0.364868
0.373556
0.353837
0.356124
0.356916
0.356559
0.359235
0.368149
0.371819
0.351809
0.366522
0.362343
0.359737
0.353901
0.364164
0.362613
0.356565
0.369712
0.349293
0.358512
0.359783
0.364827
0.355570
0.341177
0.357583
0.357287
0.364340
0.364396
0.355927
0.350456
0.356915
0.358722
0.356558
0.365643
0.353799
0.349456
0.348528
0.354591
0.347808
0.354922
0.360029
0.360518
0.365857
0.368088
0.370380
0.366597
0.366285
0.355849
0.362654
0.352000
0.363719
0.366209
0.367462
0.380233
0.366229
0.369166
0.362490
0.373430
0.368971
0.367778
0.360372
0.368655
0.361875
0.361015
0.374775
0.368213
0.358262
0.358659
0.356661
0.369951
0.365195
0.357367
0.352768
0.359703
0.362355
0.373319
0.372229
0.364220
0.364883
0.349098
0.369584
0.366909
0.376188
0.363909
0.355163
0.362872
0.348947
0.346341
0.356623
0.358398
0.354847
0.365368
0.366429
0.354480
0.360320
0.354866
0.359485
0.367594
0.360275
0.369973
0.361853
0.357419
0.360917
0.359634
0.362331
0.353602
0.352079
0.336643
0.355014
0.358499
0.351239
0.353854
0.344685
0.347526
0.340611
0.345391
0.335944
0.356419
0.353091
0.354484
0.347540
0.358771
0.353814
0.365245
0.371491
0.354880
0.368504
0.358253
0.364339
0.365407
0.357718
0.359537
0.358634
0.362371
0.360745
0.369409
0.364748
0.350363
0.346822
0.352936
0.361240
0.357159
0.369382
0.367110
0.363014
0.353703
0.361442
0.356537
0.360291
0.362522
0.357098
0.352754
0.357056
0.354749
0.357006
0.354340
0.340561
0.345929
0.342471
0.354077
0.359119
0.363622
0.374073
0.355225
0.366446
0.360839
0.367356
0.376482
0.362224
0.357992
0.369225
0.365974
0.365149
0.368652
0.359004
0.359403
0.355193
0.352232
0.359048
0.355617
0.363587
0.364943
0.372415
0.359347
0.364053
0.371139
0.371829
0.363269
0.359394
0.380998
0.374501
0.367585
0.376297
0.375517
0.380335
0.370068
0.366834
0.354813
0.362011
0.366898
0.364257
0.370421
0.369513
0.361520
0.375349
0.367073
0.367238
0.379055
0.381752
0.375022
0.373057
0.365041
0.340696
0.357319
0.365838
0.358969
0.365636
0.372673
0.362820
0.369555
0.374381
0.359652
0.366475
0.371213
0.364803
0.361326
0.369492
0.370152
0.367458
0.370731
0.372841
0.372135
0.370281
0.370756
0.381767
0.383954
0.379123
0.379648
0.378911
0.379176
0.362405
0.359216
0.357141
0.378092
0.365046
0.375172
0.372260
0.358189
0.365558
0.371081
0.370753
0.369321
0.371575
0.366783
0.367073
0.364291
0.361403
0.364006
0.364709
0.359711
0.367478
0.368283
0.367292
0.371569
0.370210
0.361841
0.373939
0.369238
0.377650
0.379429
0.383579
0.379789
0.383374
0.375742
0.376514
0.382876
0.392423
0.370713
0.394161
0.385131
0.378277
0.380561
0.383215
0.386511
0.383462
0.383452
0.383294
0.395961
0.375950
0.386018
0.378455
0.384392
0.385339
0.400566
0.391983
0.386178
0.374570
0.369528
0.391136
0.381059
0.394184
0.384970
0.381895
0.374298
0.380281
0.393177
0.385031
0.386719
0.382772
0.375225
0.377320
0.386914
0.378876
0.364129
0.365314
0.367431
0.365299
0.373792
0.362467
0.362228
0.370773
0.367969
0.376023
0.370783
0.373903
0.374563
0.366235
0.383658
0.376443
0.365529
0.370121
0.367503
0.373262
0.372910
0.379735
0.368012
0.381711
0.370768
0.370351
0.375896
0.386129
0.374423
0.377494
0.377460
0.376419
0.379829
0.389707
0.379450
0.366171
0.374995
0.370927
0.369451
0.370523
0.375982
0.375562
0.370093
0.368563
0.373328
0.377483
0.366476
0.369862
0.366165
0.382078
0.384325
0.377692
0.366551
0.360715
0.349001
0.369904
0.367149
0.361353
0.361756
0.369568
0.376295
0.370767
0.382480
0.375934
0.358394
0.361124
0.363275
0.372655
0.381107
0.378276
0.379134
0.385993
0.373544
0.358683
0.354871
0.354503
0.352510
0.358696
0.346104
0.360416
0.350163
0.377641
0.375883
0.369453
0.369817
0.383323
0.381814
0.368373
0.358060
0.357902
0.361139
0.368408
0.371894
0.369918
0.371950
0.368662
0.370381
0.362046
0.364519
0.358623
0.370672
0.362475
0.361199
0.357765
0.375554
0.364802
0.362760
0.365655
0.362568
0.365601
0.353095
0.362709
0.358121
0.367463
0.371736
0.370233
0.362904
0.351389
0.353266
0.346691
0.348098
0.354246
0.360933
0.357798
0.365012
0.364046
0.363088
0.366448
0.361265
0.366341
0.349800
0.361896
0.372001
0.367345
0.369603
0.368717
0.369071
0.361541
0.375850
0.378662
0.374469
0.386051
0.379115
0.373543
0.375539
0.375309
0.368683
0.364110
0.369737
0.379789
0.390591
0.380625
0.388684
0.387994
0.386134
0.390597
0.382706
0.388922
0.379286
0.386905
0.388199
0.383530
0.385322
0.385671
0.388778
0.372568
0.379200
0.372571
0.355505
0.376691
0.364428
0.366465
0.376782
0.383359
0.384249
0.356706
0.368183
0.357714
0.355828
0.351219
0.351671
0.354257
0.352043
0.360061
0.355626
0.359152
0.357703
0.363130
0.359445
0.363238
0.370298
0.364182
0.376843
0.373906
0.380277
0.360987
0.362731
0.368050
0.370905
0.378713
0.382094
0.385405
0.384121
0.392682
0.392789
0.379587
0.379757
0.380050
0.383600
0.372206
0.375180
0.376087
0.376953
0.372017
0.369012
0.383362
0.372676
0.374360
0.395480
0.391951
0.378969
0.374583
0.392231
0.381200
0.386921
0.389270
0.389273
0.388183
0.390230
0.391414
0.394184
0.401622
0.389495
0.392355
0.385482
0.378978
0.369361
0.369709
0.365108
0.377225
0.361251
0.367244
0.363355
0.373177
0.375606
0.390033
0.376489
0.387285
0.371726
0.364190
0.381888
0.376804
0.370569
0.369142
0.372216
0.372309
0.380213
0.383771
0.379262
0.387723
0.385298
0.379896
0.380284
0.379486
0.383625
0.379370
0.384590
0.379878
0.379597
0.394091
0.400476
0.394745
0.392822
0.386143
0.378558
0.372762
0.377565
0.370993
0.370766
0.377341
0.380413
0.388331
0.385940
0.385248
0.379222
0.371253
0.380573
0.373682
0.379655
0.368454
0.371732
0.386577
0.381384
0.390255
0.384380
0.383975
0.375845
0.391073
0.391213
0.369150
0.386287
0.379866
0.373672
0.382925
0.384482
0.373246
0.373530
0.367603
0.371697
0.367977
0.378492
0.370517
0.383389
0.382322
0.388199
0.402556
0.389367
0.388939
0.408826
0.400456
0.390203
0.395970
0.393622
0.400930
0.380931
0.377776
0.381000
0.384750
0.382641
0.379070
0.372863
0.381131
0.372105
0.389862
0.383143
0.381779
0.372450
0.389904
0.380353
0.381307
0.366283
0.362655
0.365799
0.369282
0.377587
0.368466
0.372880
0.364974
0.369528
0.372260
0.361712
0.371666
0.386614
0.380643
0.377074
0.373964
0.371478
0.378541
0.375930
0.373407
0.376717
0.374375
0.377149
0.373289
0.379320
0.372019
0.376565
0.378676
0.369889
0.379434
0.376219
0.365002
0.366909
0.361588
0.378369
0.375268
0.371217
0.384260
0.373173
0.379018
0.377565
0.377166
0.367421
0.379387
0.386242
0.384150
0.373960
0.384925
0.387986
0.365135
0.381175
0.391116
0.383857
0.395145
0.389914
0.385732
0.375399
0.381047
0.380566
0.365194
0.369652
0.385127
0.383153
0.371379
0.376379
0.381339
0.379114
0.382007
0.379013
0.379163
0.381833
0.386518
0.386199
0.373550
0.371046
0.375443
0.380540
0.388096
0.375928
0.378758
0.378714
0.374635
0.380720
0.393704
0.382182
0.373676
0.386541
0.386107
0.391586
0.386811
0.399682
0.406761
0.400504
0.401281
0.397103
0.395533
0.413392
0.401919
0.402760
0.396169
0.390447
0.392318
0.394086
0.405594
0.405652
0.397749
0.383439
0.381058
0.379723
0.370321
0.382546
0.365985
0.375798
0.384449
0.378837
0.393669
0.400999
0.398078
0.383759
0.384439
0.401375
0.384365
0.370504
0.371400
0.373661
0.361410
0.368484
0.358345
0.374051
0.370505
0.381873
0.377104
0.383694
0.370214
0.368333
0.364474
0.381009
0.376331
0.367964
0.373542
0.384583
0.385307
0.376805
0.380008
0.386731
0.386387
0.382223
0.377601
0.383814
0.378643
0.370987
0.370704
0.376581
0.384284
0.397803
0.395145
0.389906
0.393093
0.387706
0.395003
0.391506
0.397158
0.386248
0.385828
0.382195
0.358826
0.365486
0.365706
0.356762
0.366800
0.375887
0.358429
0.376369
0.376913
0.367316
0.377025
0.373067
0.365873
0.367567
0.370887
0.363466
0.373650
0.376424
0.381962
0.378838
0.382186
0.376717
0.384306
0.378370
0.374129
0.372082
0.364875
0.365534
0.365663
0.365282
0.359347
0.353979
0.364704
0.351569
0.353541
0.362804
0.362645
0.359350
0.366633
0.363063
0.381548
0.358748
0.353524
0.365307
0.355346
0.354124
0.366818
0.366666
0.371702
0.366077
0.360830
0.353321
0.357002
0.371284
0.369332
0.359794
0.364593
0.359823
0.348824
0.362362
0.366855
0.364077
0.357301
0.358413
0.351924
0.352800
0.363567
0.362341
0.355636
0.356404
0.348826
0.355602
0.351937
0.356253
0.352344
0.360159
0.368390
0.366298
0.371091
0.373757
0.368558
0.366765
0.379525
0.369768
0.372289
0.379874
0.380473
0.387202
0.381420
0.372736
0.378943
0.391886
0.382060
0.387564
0.384599
0.386542
0.380765
0.395765
0.378606
0.387247
0.383915
0.377422
0.373208
0.382516
0.390185
0.383255
0.373307
0.374913
0.370205
0.372541
0.368744
0.378128
0.387747
0.382287
0.388939
0.387689
0.369191
0.378423
0.387923
0.372420
0.381200
0.387657
0.376233
0.365715
0.375725
0.377163
0.384884
0.381052
0.398368
0.396573
0.393033
0.394315
0.384713
0.384044
0.388588
0.379097
0.398270
0.380055
0.391337
0.390712
0.391927
0.407515
0.390096
0.399732
0.386146
0.388790
0.375425
0.378104
0.376420
0.374598
0.380877
0.385847
0.382168
0.383223
0.394357
0.391194
0.395332
0.386674
0.377332
0.367447
0.376420
0.398109
0.393818
0.390654
0.383014
0.385679
0.373915
0.379067
0.396218
0.393880
0.398781
0.393803
0.383718
0.388970
0.389944
0.384171
0.380568
0.397778
0.402478
0.397443
0.392320
0.397247
0.400581
0.389256
0.379750
0.387303
0.384729
0.376434
0.377577
0.367719
0.375953
0.367696
0.387014
0.385384
0.384744
0.379426
0.386423
0.387356
0.388479
0.383440
0.371470
0.364800
0.373721
0.364916
0.365960
0.373395
0.367690
0.373583
0.371110
0.368499
0.362119
0.372210
0.361250
0.345586
0.356284
0.355587
0.360606
0.369979
0.373029
0.349180
0.354297
0.352626
0.369068
0.364827
0.366460
0.365231
0.354539
0.361772
0.366242
0.366883
0.365438
0.361415
0.366022
0.370166
0.372456
0.362361
0.364784
0.376366
0.361349
0.353488
0.347360
0.360161
0.356199
0.349969
0.356363
0.363806
0.363298
0.350139
0.352071
0.350580
0.352027
0.356898
0.365595
0.352053
0.361718
0.346885
0.339930
0.349956
0.361348
0.354683
0.343168
0.343140
0.357765
0.354852
0.354731
0.353548
0.353291
0.375034
0.367826
0.358428
0.360239
0.364311
0.352398
0.358528
0.357706
0.369635
0.365890
0.355943
0.353397
0.354376
0.355674
0.355486
0.355408
0.345731
0.356735
0.352741
0.356902
0.352928
0.350056
0.347737
0.342622
0.356707
0.351852
0.355946
0.364426
0.366323
0.366655
0.371924
0.364518
0.367171
0.354078
0.335161
0.343232
0.347468
0.344649
0.348293
0.364440
0.353782
0.345056
0.347937
0.331870
0.341738
0.341084
0.346811
0.336839
0.349198
0.339577
0.368233
0.365626
0.360891
0.369335
0.354096
0.359360
0.350568
0.355107
0.367320
0.361096
0.367053
0.364048
0.353166
0.355191
0.361873
0.363090
0.357346
0.364404
0.353078
0.345319
0.340301
0.358730
0.358109
0.361027
0.356877
0.354031
0.350433
0.345449
0.337367
0.346665
0.337809
0.340497
0.347816
0.344986
0.334026
0.336796
0.338556
0.351006
0.342086
0.353167
0.343022
0.339214
0.346165
0.349855
0.360668
0.362183
0.359889
0.352244
0.351997
0.341749
0.353311
0.336700
0.320690
0.322542
0.325870
0.328655
0.334643
0.336893
0.327824
0.336676
0.337109
0.340935
0.343189
0.339168
0.343201
0.344900
0.351323
0.349422
0.343932
0.347342
0.362546
0.357711
0.340838
0.348119
0.350181
0.355261
0.355390
0.356800
0.351346
0.343929
0.344138
0.337089
0.347013
0.346054
0.353003
0.357983
0.353797
0.360650
0.359226
0.353191
0.349247
0.331048
0.346379
0.341486
0.338512
0.347178
0.353021
0.342903
0.345773
0.351316
0.360782
0.345026
0.338359
0.328889
0.329120
0.336889
0.344472
0.344784
0.336456
0.334927
0.349610
0.345677
0.349323
0.353348
0.355817
0.350204
0.350218
0.342795
0.344794
0.345786
0.351569
0.341529
0.357135
0.364492
0.357008
0.350464
0.332547
0.347772
0.358982
0.358023
0.361623
0.375707
0.373150
0.375030
0.379079
0.371280
0.371709
0.355330
0.363710
0.382665
0.380639
0.368593
0.350295
0.363138
0.364204
0.367268
0.373648
0.364331
0.363595
0.368492
0.365360
0.360373
0.366321
0.372408
0.370815
0.359669
0.365431
0.355968
0.342186
0.356490
0.351659
0.351831
0.354572
0.365839
0.357361
0.354861
0.352009
0.351119
0.375293
0.375045
0.370450
0.374272
0.367215
0.351620
0.361874
0.353503
0.367382
0.369199
0.360865
0.358836
0.366486
0.361833
0.364494
0.350002
0.363356
0.365713
0.367911
0.373824
0.372334
0.368515
0.369271
0.365866
0.358004
0.351432
0.355471
0.360761
0.357322
0.370534
0.347916
0.359047
0.362507
0.364140
0.366705
0.370843
0.370462
0.376529
0.363588
0.360783
0.361810
0.366604
0.368224
0.364229
0.356028
0.367968
0.357517
0.360340
0.361134
0.354062
0.357863
0.362325
0.348097
0.348222
0.346753
0.351631
0.356088
0.352161
0.356824
0.344800
0.355307
0.355295
0.359259
0.361198
0.373538
0.373458
0.366214
0.367104
0.361873
0.364461
0.357806
0.361467
0.360126
0.366319
0.379810
0.379158
0.369527
0.376844
0.382112
0.377759
0.363129
0.366125
0.378402
0.380587
0.375243
0.368151
0.359498
0.362796
0.370490
0.376565
0.378873
0.370996
0.364766
0.362917
0.361662
0.363405
0.361306
0.368989
0.377699
0.370951
0.367338
0.367640
0.362769
0.366903
0.391497
0.376011
0.366822
0.362659
0.378934
0.366422
0.388258
0.389489
0.389840
0.388643
0.379822
0.379185
0.384159
0.376213
0.360600
0.376812
0.370566
0.380419
0.362693
0.373825
0.379106
0.382526
0.370486
0.372132
0.374478
0.378024
0.382548
0.375195
0.378664
0.374711
0.391670
0.385060
0.390396
0.377583
0.383136
0.381225
0.379157
0.379212
0.390982
0.373949
0.382038
0.375616
0.369431
0.370596
0.367429
0.370276
0.369606
0.384250
0.381633
0.379660
0.367933
0.371619
0.371064
0.373017
0.358657
0.369078
0.362678
0.352502
0.353773
0.355612
0.359652
0.366218
0.373186
0.357786
0.352114
0.373048
0.357080
0.355225
0.351533
0.368428
0.358259
0.337515
0.348779
0.358933
0.372930
0.366873
0.354986
0.346692
0.349510
0.371667
0.356215
0.368077
0.356350
0.356332
0.351615
0.363172
0.360602
0.360114
0.362177
0.378600
0.372942
0.352130
0.362572
0.352519
0.364385
0.362742
0.362149
0.363004
0.357398
0.356756
0.354265
0.351644
0.357873
0.358080
0.367933
0.361216
0.354261
0.358471
0.350848
0.344427
0.350324
0.352238
0.354508
0.366664
0.357442
0.351886
0.349392
0.350198
0.370245
0.357993
0.361358
0.368407
0.358815
0.370532
0.371278
0.370543
0.382963
0.375692
0.374691
0.375880
0.354005
0.350707
0.364077
0.349577
0.370376
0.365605
0.371381
0.360436
0.374052
0.371311
0.375131
0.377870
0.377278
0.385258
0.382426
0.380665
0.373062
0.374194
0.370473
0.363846
0.345197
0.358012
0.349207
0.342293
0.360633
0.356962
0.372477
0.362862
0.361233
0.376763
0.352592
0.368028
0.373660
0.373040
0.390179
0.385154
0.390470
0.396600
0.390037
0.388961
0.379151
0.379266
0.379914
0.381235
0.372493
0.374008
0.379371
0.374059
0.379567
0.374438
0.373289
0.368222
0.365473
0.369521
0.371425
0.376674
0.376362
0.373913
0.377268
0.377526
0.371449
0.351926
0.365520
0.364418
0.365602
0.377272
0.369330
0.374392
0.378342
0.370875
0.366117
0.381036
0.381194
0.367297
0.363586
0.379526
0.368625
0.369240
0.374675
0.376682
0.368550
0.365214
0.370212
0.363925
0.360399
0.358583
0.359979
0.362074
0.369352
0.356649
0.361989
0.358240
0.359937
0.357750
0.361777
0.360011
0.362873
0.375456
0.369677
0.365334
0.374328
0.367569
0.374321
0.372152
0.370441
0.366684
0.379909
0.383306
0.386698
0.383199
0.373500
0.376499
0.374560
0.378575
0.363718
0.366111
0.365750
0.373729
0.362618
0.364018
0.369717
0.363378
0.370484
0.356540
0.355583
0.362278
0.369694
0.371011
0.369384
0.382480
0.383275
0.366732
0.368359
0.368443
0.371780
0.364897
0.358221
0.370377
0.373282
0.377190
0.374734
0.367729
0.368472
0.363624
0.374409
0.384098
0.372425
0.355569
0.365840
0.362070
0.365905
0.356559
0.362226
0.373411
0.374054
0.370762
0.365235
0.357170
0.350842
0.352197
0.350130
0.347048
0.362921
0.366079
0.354371
0.364436
0.353876
0.374798
0.366779
0.378074
0.373130
0.387036
0.372439
0.369636
0.359799
0.365607
0.366142
0.366367
0.381798
0.369063
0.361662
0.377568
0.370762
0.356272
0.356826
0.358368
0.357855
0.366984
0.360716
0.364361
0.359233
0.367825
0.368516
0.374076
0.366564
0.359350
0.379585
0.370134
0.360576
0.372357
0.369831
0.376705
0.377215
0.376307
0.366774
0.351529
0.358835
0.347920
0.370295
0.359077
0.360200
0.370676
0.372703
0.360110
0.365184
0.362937
0.355758
0.363392
0.368366
0.367779
0.378007
0.373307
0.386861
0.387280
0.381313
0.389649
0.381303
0.379352
0.381066
0.390164
0.377543
0.365597
0.375131
0.378233
0.385768
0.371654
0.372477
0.373308
0.383787
0.376705
0.376036
0.371564
0.367572
0.361723
0.368032
0.366780
0.360948
0.373946
0.369742
0.376553
0.366564
0.361981
0.366047
0.357300
0.353826
0.353493
0.352049
0.357770
0.359166
0.373605
0.371300
0.367798
0.363451
0.376082
0.358465
0.369521
0.375575
0.357294
0.364359
0.363879
0.367698
0.375253
0.362678
0.361340
0.362679
0.374695
0.362332
0.372818
0.380246
0.371660
0.369322
0.360988
0.356659
0.364083
0.365535
0.364794
0.364317
0.356351
0.371718
0.366792
0.376807
0.386110
0.378272
0.381352
0.370355
0.365664
0.375758
0.364609
0.364997
0.367732
0.371251
0.365214
0.371089
0.364972
0.375661
0.367370
0.365192
0.370323
0.386657
0.374250
0.376353
0.359340
0.353364
0.359674
0.355062
0.354595
0.358852
0.346626
0.360224
0.362718
0.353994
0.371527
0.371051
0.358744
0.364264
0.368175
0.367814
0.361166
0.358939
0.359644
0.354476
0.363288
0.364143
0.367619
0.369831
0.369689
0.373577
0.369420
0.370933
0.379446
0.374409
0.361078
0.375659
0.380171
0.376805
0.380842
0.378006
0.391640
0.395789
0.392052
0.386332
0.390342
0.388100
0.388213
0.384179
0.387729
0.384441
0.403248
0.390765
0.385604
0.387301
0.381960
0.373436
0.381702
0.377386
0.381258
0.390089
0.393537
0.380909
0.379696
0.385301
0.384155
0.381483
0.385498
0.392056
0.385657
0.391420
0.388389
0.394628
0.391706
0.374800
0.381002
0.382693
0.378925
0.371019
0.377222
0.385139
0.392794
0.395509
0.402667
0.402677
0.405592
0.397879
0.392012
0.394558
0.391858
0.403913
0.405448
0.402434
0.397230
0.394874
0.392608
0.386219
0.388198
0.393891
0.402057
0.401993
0.393911
0.390471
0.394049
0.391803
0.393214
0.396115
0.390786
0.397146
0.379626
0.385953
0.391516
0.377947
0.371312
0.376361
0.378767
0.382688
0.373073
0.373685
0.373563
0.369175
0.372961
0.376175
0.363752
0.371809
0.379227
0.367166
0.375250
0.377769
0.368515
0.371300
0.370367
0.372063
0.361777
0.370809
0.363046
0.368127
0.365151
0.363239
0.353396
0.365882
0.373616
0.376514
0.375861
0.381022
0.367940
0.366716
0.363745
0.364233
0.363674
0.355375
0.355113
0.355006
0.352242
0.358613
0.362609
0.354318
0.361770
0.365025
0.360321
0.366794
0.364048
0.359669
0.370358
0.364118
0.368133
0.361546
0.354066
0.360601
0.358988
0.354783
0.359147
0.346901
0.357539
0.353472
0.356279
0.356915
0.360707
0.363475
0.368031
0.358309
0.358188
0.354994
0.341915
0.363530
0.357561
0.357063
0.349760
0.345050
0.358950
0.345832
0.340273
0.330435
0.340407
0.340945
0.340149
0.341994
0.344359
0.340267
0.355915
0.350776
0.351156
0.354141
0.356921
0.345977
0.347632
0.353116
0.357005
0.361319
0.358357
0.349610
0.358668
0.359417
0.353566
0.353982
0.365805
0.360491
0.368786
0.355931
0.340466
0.350401
0.350325
0.334244
0.341119
0.335571
0.338428
0.338357
0.346184
0.348034
0.363570
0.356153
0.368960
0.372403
0.369257
0.370609
0.354042
0.352794
0.359391
0.354153
0.369563
0.368206
0.362162
0.361369
0.377482
0.378278
0.381809
0.374484
0.373264
0.369154
0.370469
0.363487
0.376306
0.366385
0.356072
0.356731
0.358908
0.356600
0.369347
0.365755
0.369698
0.374350
0.377524
0.364451
0.350565
0.350480
0.350457
0.333059
0.356913
0.364497
0.365861
0.353628
0.359785
0.359938
0.351903
0.361101
0.358136
0.364041
0.357413
0.370505
0.370216
0.373421
0.373281
0.368821
0.354627
0.345762
0.363092
0.364270
0.357750
0.350135
0.364787
0.365102
0.364400
0.359718
0.355601
0.369148
0.368351
0.359217
0.348645
0.356670
0.362337
0.354017
0.360384
0.359322
0.356619
0.349408
0.342617
0.339663
0.342355
0.348521
0.358151
0.357533
0.359079
0.361188
0.358393
0.350759
0.344789
0.342941
0.334997
0.364336
0.357702
0.356267
0.351477
0.348674
0.350622
0.345295
0.343572
0.349516
0.344809
0.345937
0.334409
0.338675
0.336895
0.346651
0.346066
0.330433
0.350040
0.347467
0.337487
0.339605
0.335899
0.345857
0.338652
0.356813
0.354966
0.356144
0.353598
0.356412
0.353561
0.355562
0.366068
0.375064
0.370860
0.362380
0.359990
0.350593
0.365531
0.362381
0.373614
0.369864
0.367005
0.377282
0.359361
0.351852
0.360723
0.354311
0.362939
0.351348
0.361705
0.372578
0.363908
0.357526
0.363217
0.359021
0.358568
0.369826
0.362453
0.356348
0.358006
0.352192
0.342986
0.352787
0.355201
0.359499
0.362263
0.359407
0.354253
0.345124
0.360339
0.351071
0.362092
0.364215
0.368812
0.360127
0.375240
0.377500
0.378899
0.382476
0.378301
0.394661
0.400057
0.398419
0.380688
0.373667
0.380541
0.380040
0.381992
0.371620
0.369594
0.368212
0.360388
0.360035
0.369676
0.374158
0.366722
0.368719
0.374868
0.373702
0.360919
0.361449
0.358605
0.370298
0.368795
0.382938
0.374427
0.374211
0.359069
0.356684
0.351879
0.359795
0.359935
0.362608
0.364947
0.348691
0.351013
0.347051
0.348100
0.350891
0.351970
0.351889
0.331152
0.346874
0.352636
0.350572
0.359545
0.354975
0.353533
0.356092
0.360419
0.353009
0.363457
0.356316
0.352326
0.355868
0.348513
0.348329
0.343232
0.346344
0.347409
0.338499
0.349162
0.352099
0.340792
0.352096
0.357694
0.359833
0.343749
0.339458
0.343530
0.344002
0.340831
0.336218
0.350477
0.344852
0.352659
0.349520
0.335672
0.343370
0.338127
0.338584
0.346603
0.348009
0.349429
0.349072
0.352224
0.356133
0.341706
0.343276
0.352230
0.346895
0.351391
0.353096
0.353600
0.360993
0.362675
0.352335
0.354409
0.367043
0.361368
0.352943
0.351045
0.361264
0.356098
0.358201
0.364416
0.357151
0.356376
0.361104
0.346181
0.341369
0.349450
0.356542
0.359407
0.362964
0.358488
0.354803
0.350147
0.354396
0.361299
0.367620
0.371812
0.365730
0.375633
0.362674
0.364553
0.380535
0.375412
0.376369
0.383697
0.384103
0.373447
0.373501
0.369990
0.372030
0.364563
0.368977
0.368334
0.362235
0.356674
0.340335
0.351972
0.367906
0.366392
0.368011
0.376540
0.370834
0.379202
0.374904
0.374804
0.366446
0.355639
0.357560
0.364155
0.345386
0.362086
0.363836
0.359802
0.362682
0.355850
0.354046
0.353158
0.351248
0.358568
0.355846
0.358454
0.352220
0.355633
0.353961
0.337894
0.329111
0.342204
0.342413
0.343773
0.355465
0.366742
0.350528
0.357707
0.342996
0.353549
0.348360
0.337380
0.343127
0.344892
0.346583
0.345919
0.346431
0.341137
0.342711
0.345780
0.345787
0.353608
0.360654
0.350414
0.354243
0.345278
0.352121
0.354776
0.358160
0.353146
0.372590
0.356341
0.360021
0.365537
0.367492
0.359689
0.357694
0.364632
0.357784
0.358515
0.360683
0.355016
0.354291
0.361510
0.357105
0.354658
0.361669
0.357125
0.358519
0.371748
0.367808
0.362394
0.359444
0.361548
0.355940
0.364827
0.358149
0.365023
0.365358
0.357881
0.355893
0.358536
0.378683
0.372878
0.363380
0.361694
0.375264
0.373272
0.379505
0.368760
0.380862
0.366160
0.351715
0.358995
0.364018
0.355806
0.367099
0.360309
0.362909
0.359764
0.371221
0.383178
0.375028
0.388394
0.385954
0.377075
0.381078
0.381861
0.382466
0.401048
0.378222
0.385343
0.390869
0.396256
0.381783
0.385089
0.371919
0.373607
0.377945
0.367289
0.372107
0.359223
0.372812
0.365755
0.359157
0.350362
0.346558
0.360646
0.360684
0.374724
0.374110
0.376952
0.365427
0.363560
0.351349
0.363802
0.359567
0.354400
0.354175
0.346268
0.343869
0.348596
0.357420
0.344670
0.350996
0.354568
0.351141
0.335790
0.333554
0.329074
0.352369
0.349543
0.357239
0.350782
0.338276
0.342859
0.338917
0.347869
0.334802
0.343936
0.346780
0.350758
0.335415
0.334046
0.336277
0.334791
0.346902
0.353135
0.355796
0.358300
0.357560
0.345281
0.345460
0.332980
0.331221
0.338745
0.348012
0.342536
0.336369
0.337791
0.342907
0.343794
0.328274
0.338098
0.346388
0.340958
0.351872
0.346804
0.345421
0.342875
0.352775
0.334210
0.333407
0.334400
0.336674
0.332994
0.334331
0.331697
0.332446
0.324737
0.316195
0.330895
0.340249
0.346722
0.341907
0.348699
0.342169
0.347974
0.349343
0.340596
0.359893
0.358485
0.356781
0.360010
0.356098
0.354022
0.363790
0.357631
0.352131
0.357262
0.357391
0.344787
0.347855
0.346837
0.349658
0.343980
0.341548
0.337708
0.344312
0.338533
0.331415
0.341749
0.337880
0.337406
0.343190
0.335864
0.336610
0.333404
0.335882
0.332809
0.343279
0.346242
0.357136
0.355156
0.353274
0.348042
0.346351
0.342428
0.343249
0.339690
0.346217
0.335461
0.332980
0.329924
0.320377
0.341111
0.348156
0.348243
0.348737
0.363038
0.355134
0.352139
0.359966
0.361937
0.359727
0.359497
0.353289
0.362969
0.354440
0.355681
0.354674
0.352636
0.345513
0.354319
0.354905
0.358376
0.357316
0.360052
0.361292
0.347839
0.364790
0.356790
0.345803
0.362313
0.349132
0.346393
0.347370
0.351299
0.360649
0.343222
0.357389
0.348456
0.332722
0.331558
0.335732
0.341740
0.335727
0.344481
0.347279
0.344768
0.334658
0.346804
0.350276
0.356042
0.347370
0.352506
0.363179
0.359296
0.364864
0.362232
0.351623
0.349597
0.361126
0.359807
0.346535
0.344854
0.337553
0.345965
0.348162
0.352046
0.359957
0.362974
0.358133
0.354514
0.357351
0.346606
0.348919
0.342190
0.347418
0.351408
0.348844
0.339909
0.340071
0.351522
0.351253
0.347777
0.353036
0.351605
0.344477
0.358906
0.355822
0.360666
0.351757
0.361717
0.356687
0.364870
0.359420
0.355078
0.359880
0.353614
0.345555
0.349102
0.361170
0.360547
0.349734
0.356021
0.354079
0.345808
0.351721
0.352214
0.352431
0.354068
0.352633
0.358882
0.355406
0.346418
0.357709
0.358331
0.364404
0.363853
0.369420
0.354160
0.353145
0.354922
0.358369
0.358654
0.362708
0.362455
0.363858
0.370557
0.366685
0.344987
0.341811
0.339805
0.352845
0.359944
0.357395
0.355696
0.362286
0.352170
0.362020
0.363854
0.363791
0.343700
0.353259
0.359251
0.358842
0.358727
0.349743
0.350031
0.363496
0.363797
0.361277
0.367893
0.355786
0.355520
0.357725
0.364302
0.359890
0.362851
0.356312
0.359401
0.344272
0.343029
0.339034
0.349656
0.361048
0.347458
0.353134
0.353519
0.344076
0.330275
0.331060
0.334378
0.327346
0.325283
0.321288
0.331353
0.326332
0.323141
0.337026
0.323215
0.330402
0.343743
0.338350
0.335889
0.335456
0.347611
0.339525
0.328594
0.334582
0.334755
0.333713
0.348127
0.342554
0.338037
0.348500
0.351974
0.344266
0.337241
0.333031
0.332774
0.342894
0.341475
0.340545
0.347481
0.338654
0.343451
0.336285
0.338154
0.331110
0.336943
0.343696
0.341662
0.349711
0.341117
0.337545
0.332719
0.336188
0.338696
0.345264
0.334388
0.325931
0.325574
0.326405
0.334647
0.342729
0.337978
0.340016
0.343672
0.342606
0.348497
0.350653
0.338420
0.346326
0.335568
0.336358
0.334958
0.336084
0.341505
0.332290
0.325593
0.339264
0.334457
0.330471
0.334053
0.335541
0.331895
0.332714
0.342258
0.336759
0.327259
0.334577
0.340648
0.342837
0.342965
0.332785
0.343455
0.341992
0.331326
0.339736
0.337877
0.347069
0.339104
0.346248
0.329505
0.337850
0.354079
0.348960
0.344957
0.344875
0.350128
0.339255
0.339659
0.351992
0.365714
0.363801
0.354180
0.346404
0.351091
0.335723
0.345375
0.336609
0.340762
0.332207
0.353881
0.342435
0.346943
0.338879
0.351153
0.352353
0.356614
0.346459
0.343979
0.352801
0.350352
0.366653
0.358212
0.359066
0.361390
0.359586
0.367126
0.348859
0.342385
0.339448
0.331845
0.339178
0.346121
0.345270
0.343168
0.359222
0.357222
0.355114
0.345946
0.342514
0.340991
0.344243
0.345292
0.348050
0.346675
0.344549
0.355537
0.343614
0.340407
0.339078
0.350690
0.350812
0.351972
0.357876
0.355500
0.355013
0.351043
0.353154
0.353222
0.358431
0.361379
0.355319
0.353225
0.350317
0.339274
0.343126
0.337303
0.345063
0.336796
0.335265
0.335103
0.336488
0.344033
0.341551
0.333998
0.334239
0.340395
0.335582
0.347877
0.341159
0.341076
0.335209
0.335682
0.349511
0.345188
0.348380
0.347765
0.355022
0.340889
0.347448
0.349170
0.360591
0.353421
0.346831
0.353211
0.347699
0.350823
0.344580
0.356697
0.349277
0.344300
0.356374
0.355059
0.350463
0.359752
0.353174
0.349822
0.336518
0.338090
0.336840
0.349567
0.341770
0.340807
0.345508
0.339740
0.351297
0.365198
0.352809
0.355193
0.359331
0.352274
0.364905
0.356252
0.358645
0.364227
0.352109
0.348790
0.360899
0.361050
0.363682
0.363945
0.351835
0.358361
0.351152
0.347233
0.351065
0.356116
0.354232
0.352164
0.345164
0.355137
0.354101
0.356831
0.366240
0.366907
0.372319
0.357853
0.355042
0.357504
0.357226
0.376839
0.370604
0.366981
0.354045
0.358215
0.366017
0.365800
0.366398
0.368105
0.382784
0.387378
0.371467
0.365252
0.351997
0.367270
0.364173
0.350452
0.349865
0.354236
0.356809
0.343162
0.338933
0.343584
0.344297
0.350275
0.347817
0.343141
0.347553
0.347771
0.351375
0.357247
0.350288
0.342390
0.346955
0.347285
0.349855
0.351146
0.365290
0.353864
0.349473
0.351881
0.343005
0.342721
0.348590
0.345096
0.348982
0.345106
0.343800
0.335320
0.339301
0.341298
0.329920
0.339507
0.340519
0.339147
0.342009
0.349255
0.347879
0.346671
0.351009
0.352914
0.347699
0.354602
0.356223
0.355848
0.356650
0.351889
0.352566
0.346070
0.342430
0.354329
0.354998
0.357139
0.358059
0.367717
0.356151
0.361085
0.360571
0.348278
0.345931
0.339398
0.350095
0.346394
0.354771
0.342016
0.347099
0.351847
0.348718
0.338087
0.344309
0.357629
0.347062
0.356967
0.351502
0.358019
0.362800
0.360757
0.364193
0.361061
0.357708
0.363819
0.358747
0.355225
0.360295
0.357006
0.347522
0.350355
0.351925
0.347535
0.350044
0.345218
0.344918
0.342875
0.354550
0.343263
0.342442
0.339735
0.346302
0.335640
0.348246
0.345641
0.354675
0.361804
0.362976
0.357914
0.347299
0.359093
0.357318
0.349088
0.340406
0.354693
0.345702
0.353623
0.359759
0.357836
0.365699
0.370550
0.360978
0.362957
0.365606
0.364468
0.358122
0.366814
0.354611
0.352517
0.345686
0.350338
0.340649
0.343367
0.342930
0.353866
0.360345
0.353577
0.352501
0.351347
0.359605
0.353678
0.349948
0.356545
0.364541
0.359380
0.355768
0.363354
0.354408
0.353123
0.350637
0.355664
0.355106
0.356001
0.358073
0.353385
0.359768
0.373365
0.365774
0.368084
0.367099
0.377213
0.360799
0.380039
0.369852
0.369748
0.358698
0.362318
0.368328
0.373202
0.370666
0.372106
0.379926
0.365898
0.370877
0.370161
0.380641
0.383515
0.379260
0.373036
0.371165
0.392745
0.379607
0.380414
0.373170
0.379753
0.383111
0.364807
0.367101
0.366011
0.355086
0.358103
0.365381
0.364516
0.364044
0.366061
0.369631
0.376906
0.375844
0.374223
0.365480
0.357875
0.363841
0.358627
0.364497
0.360972
0.369871
0.361740
0.370931
0.357535
0.364630
0.361458
0.361046
0.370187
0.381386
0.364863
0.375745
0.371420
0.364996
0.362784
0.364238
0.361633
0.369549
0.367120
0.372920
0.383883
0.374587
0.378203
0.380518
0.366880
0.370841
0.373062
0.363329
0.361147
0.363066
0.365574
0.371136
0.362765
0.376338
0.378575
0.360832
0.370147
0.369544
0.373306
0.369791
0.355209
0.358306
0.359429
0.364622
0.364522
0.365766
0.359770
0.356019
0.351625
0.359945
0.348090
0.361680
0.362107
0.365017
0.360719
0.355969
0.359514
0.368064
0.379956
0.370946
0.369723
0.378276
0.381734
0.368956
0.365425
0.366366
0.377996
0.378631
0.358572
0.357515
0.369545
0.371190
0.383662
0.379523
0.374284
0.382542
0.382957
0.383374
0.374686
0.380853
0.376649
0.367235
0.367349
0.365746
0.367706
0.369830
0.365228
0.371016
0.360475
0.356602
0.360082
0.363478
0.362901
0.350396
0.356090
0.358180
0.361973
0.371662
0.368485
0.359165
0.367480
0.372242
0.374802
0.370471
0.374407
0.366775
0.365586
0.360754
0.361978
0.358412
0.353378
0.361095
0.365523
0.364694
0.367395
0.360113
0.362243
0.365138
0.364000
0.367574
0.368343
0.374169
0.366137
0.368481
0.375126
0.382978
0.377982
0.359158
0.363889
0.357115
0.352083
0.364175
0.348900
0.357421
0.367856
0.369813
0.364822
0.359531
0.367577
0.369661
0.377871
0.367212
0.353490
0.342879
0.354694
0.351015
0.356857
0.356065
0.356217
0.357589
0.358984
0.359358
0.356724
0.367569
0.363577
0.364835
0.355944
0.380043
0.368752
0.356964
0.369347
0.367644
0.371189
0.355155
0.354457
0.368854
0.364719
0.367534
0.358208
0.355610
0.348046
0.359019
0.369775
0.366884
0.357253
0.366248
0.374862
0.368114
0.372677
0.375655
0.374677
0.371483
0.383160
0.370260
0.379463
0.368749
0.372655
0.373374
0.385627
0.379928
0.374968
0.377666
0.384825
0.383658
0.369204
0.382474
0.378782
0.363947
0.359798
0.358659
0.373868
0.361227
0.370098
0.371829
0.374574
0.375123
0.372070
0.377052
0.377260
0.395305
0.389770
0.382509
0.375050
0.368606
0.374860
0.373918
0.358474
0.352188
0.358612
0.355472
0.350057
0.361163
0.374838
0.368320
0.359803
0.370146
0.367726
0.364537
0.364071
0.373907
0.354132
0.354099
0.358809
0.360060
0.359008
0.366645
0.365149
0.370567
0.360052
0.364807
0.373080
0.369901
0.362415
0.358656
0.363275
0.369416
0.359977
0.364003
0.366266
0.370718
0.367481
0.360054
0.355837
0.342396
0.357928
0.357157
0.358537
0.357476
0.359525
0.364673
0.356675
0.351675
0.357071
0.352986
0.348134
0.359890
0.355162
0.361913
0.364709
0.361951
0.351266
0.349890
0.355031
0.357120
0.360190
0.361227
0.359464
0.344607
0.350833
0.350448
0.352674
0.361510
0.357725
0.357556
0.366552
0.363470
0.360905
0.357873
0.357331
0.341252
0.350935
0.347412
0.344835
0.350646
0.346591
0.342803
0.353385
0.348154
0.336879
0.337253
0.346201
0.335478
0.341062
0.332412
0.346599
0.346325
0.353827
0.337236
0.343288
0.349057
0.339094
0.347773
0.343423
0.338900
0.343100
0.347459
0.344765
0.348104
0.345189
0.347259
0.334611
0.335562
0.331299
0.350095
0.339713
0.339020
0.349980
0.352184
0.344744
0.332986
0.344268
0.354425
0.344219
0.347785
0.351879
0.356010
0.353253
0.342110
0.348825
0.344450
0.335515
0.337413
0.339830
0.334748
0.341571
0.348354
0.349329
0.345102
0.352575
0.342406
0.345487
0.342504
0.330713
0.329490
0.336054
0.335876
0.336886
0.338909
0.336018
0.337744
0.340020
0.330481
0.343098
0.344768
0.342357
0.352718
0.356646
0.358654
0.361687
0.364120
0.357803
0.350137
0.347956
0.357014
0.355417
0.355203
0.351634
0.345038
0.344075
0.337698
0.346667
0.358116
0.351980
0.346120
0.355710
0.349517
0.352113
0.333169
0.344034
0.348617
0.344573
0.337256
0.356888
0.352836
0.351685
0.352736
0.354020
0.355295
0.352885
0.359960
0.354922
0.350571
0.367776
0.366681
0.362282
0.359579
0.364978
0.362508
0.361162
0.356071
0.356954
0.357642
0.364854
0.360886
0.359723
0.355351
0.359679
0.359541
0.357137
0.355262
0.342133
0.343411
0.353990
0.356298
0.359191
0.353283
0.351632
0.359247
0.367450
0.349802
0.349364
0.356664
0.348940
0.351185
0.345837
0.355774
0.340950
0.335098
0.343221
0.338231
0.343118
0.345735
0.350040
0.345489
0.361151
0.347662
0.347982
0.328539
0.331665
0.326613
0.344988
0.337005
0.343710
0.342308
0.350892
0.353579
0.350323
0.346949
0.344419
0.341002
0.336015
0.343250
0.343267
0.339118
0.331478
0.334158
0.334395
0.343514
0.347996
0.329116
0.332625
0.336513
0.330918
0.332547
0.337989
0.333110
0.331383
0.336667
0.329853
0.341589
0.339159
0.327967
0.323944
0.319564
0.322230
0.334941
0.335701
0.336981
0.339480
0.334463
0.336826
0.334889
0.331764
0.327430
0.328336
0.339316
0.342666
0.333358
0.329012
0.329873
0.337214
0.341398
0.342136
0.336704
0.327316
0.337251
0.336891
0.330271
0.338936
0.332540
0.337282
0.322789
0.332229
0.335997
0.328678
0.334496
0.340798
0.330832
0.344854
0.342222
0.343154
0.348674
0.352668
0.350346
0.338608
0.338631
0.346779
0.347208
0.352662
0.348671
0.338066
0.334628
0.333900
0.328212
0.330447
0.322863
0.325577
0.332785
0.339719
0.325536
0.335627
0.339350
0.339746
0.332249
0.332986
0.326253
0.330430
0.338400
0.332910
0.333321
0.332890
0.343949
0.338645
0.340829
0.335503
0.333883
0.335179
0.334788
0.331106
0.334771
0.337740
0.345295
0.342212
0.343824
0.344369
0.332261
0.326750
0.326606
0.325136
0.321592
0.324460
0.319638
0.327166
0.317909
0.330163
0.332442
0.332571
0.341485
0.339507
0.334822
0.327621
0.325669
0.317269
0.330548
0.333289
0.325921
0.330348
0.329579
0.332139
0.328841
0.327744
0.334413
0.332475
0.336664
0.320022
0.326021
0.334862
0.337284
0.336297
0.323054
0.337772
0.337546
0.332454
0.334242
0.337731
0.336071
0.335002
0.339408
0.334677
0.338812
0.338201
0.348382
0.345024
0.336134
0.339613
0.334094
0.334770
0.322110
0.321894
0.323534
0.331834
0.327817
0.334057
0.339860
0.341699
0.341794
0.340385
0.337738
0.342231
0.340106
0.346161
0.347175
0.334039
0.340150
0.352606
0.348043
0.335651
0.336734
0.342862
0.348255
0.341804
0.336772
0.340446
0.350151
0.349722
0.340277
0.351983
0.344154
0.337892
0.339094
0.348438
0.367058
0.350813
0.352794
0.357632
0.358468
0.360146
0.349176
0.351257
0.359453
0.349757
0.356616
0.355029
0.351593
0.359170
0.362434
0.363521
0.361115
0.352858
0.352451
0.358062
0.347634
0.347269
0.346244
0.354969
0.353321
0.338729
0.341051
0.359727
0.355017
0.351398
0.343104
0.348939
0.346648
0.340490
0.346471
0.344922
0.349963
0.343686
0.349940
0.342994
0.345191
0.335201
0.330354
0.338548
0.336854
0.333456
0.337229
0.349074
0.343404
0.335168
0.339314
0.341394
0.335971
0.337266
0.338493
0.332118
0.329448
0.330082
0.346872
0.356438
0.347676
0.350751
0.345819
0.342053
0.352327
0.339245
0.335955
0.335006
0.331088
0.338242
0.338251
0.341407
0.350809
0.336310
0.343912
0.342543
0.339226
0.346769
0.330529
0.341020
0.333507
0.328166
0.333283
0.327431
0.323453
0.328206
0.329591
0.342314
0.337495
0.327123
0.328411
0.332515
0.326977
0.340547
0.333352
0.337404
0.327960
0.335317
0.330231
0.324459
0.331063
0.332140
0.336758
0.343124
0.344691
0.337134
0.337403
0.348477
0.353190
0.349733
0.345930
0.343442
0.338429
0.336767
0.344377
0.341633
0.347737
0.349441
0.331391
0.342287
0.345558
0.344592
0.341920
0.351676
0.357057
0.349155
0.341781
0.332645
0.337492
0.344699
0.344676
0.339015
0.343820
0.341452
0.350946
0.342047
0.335149
0.339155
0.342211
0.341733
0.342217
0.327938
0.335830
0.351430
0.338653
0.330011
0.323864
0.325081
0.327722
0.337423
0.348306
0.341442
0.343511
0.340194
0.355756
0.340941
0.341681
0.346206
0.337360
0.337451
0.343056
0.344508
0.344031
0.347439
0.354152
0.355890
0.344858
0.348256
0.349440
0.340184
0.343303
0.341264
0.346106
0.344787
0.345069
0.346484
0.354510
0.352581
0.344013
0.356846
0.348386
0.344977
0.356870
0.363307
0.365521
0.359218
0.356251
0.344588
0.343855
0.340641
0.344807
0.350111
0.352156
0.354514
0.344623
0.340767
0.343179
0.356480
0.351261
0.345414
0.344572
0.332532
0.332167
0.334218
0.336146
0.339160
0.341398
0.334778
0.336920
0.337118
0.334172
0.345184
0.339999
0.339595
0.332580
0.341274
0.333502
0.334950
0.329747
0.324249
0.333060
0.334196
0.337209
0.335144
0.336477
0.337412
0.340453
0.334880
0.331499
0.334230
0.334140
0.334406
0.327759
0.330451
0.336102
0.340725
0.332880
0.332503
0.339880
0.338404
0.323560
0.335660
0.340603
0.345371
0.336702
0.352819
0.349676
0.353469
0.352820
0.351585
0.344811
0.344462
0.335709
0.337162
0.342570
0.353944
0.359649
0.353235
0.343463
0.351497
0.352114
0.345251
0.348820
0.335932
0.322284
0.342782
0.339748
0.344737
0.337822
0.332212
0.331985
0.332934
0.333234
0.323527
0.330684
0.325763
0.334529
0.324551
0.326204
0.322758
0.332160
0.335360
0.326493
0.323122
0.327422
0.329651
0.332787
0.342940
0.336449
0.344627
0.348152
0.343395
0.343539
0.341153
0.347871
0.351270
0.360392
0.353445
0.360474
0.351821
0.354513
0.370197
0.353368
0.365690
0.344286
0.359642
0.366156
0.361355
0.354048
0.346931
0.346205
0.343061
0.336033
0.331355
0.329208
0.320480
0.323228
0.319160
0.329967
0.324716
0.321191
0.341495
0.334007
0.327433
0.331263
0.340366
0.332714
0.327330
0.318425
0.324491
0.336395
0.340130
0.338027
0.331659
0.336494
0.336253
0.331888
0.320043
0.320206
0.322440
0.316108
0.331684
0.331372
0.342513
0.340562
0.333376
0.338803
0.327551
0.330751
0.342704
0.348234
0.344723
0.335965
0.345329
0.345709
0.346333
0.340453
0.343039
0.345428
0.351536
0.351549
0.358503
0.351718
0.346761
0.343388
0.343347
0.339410
0.335771
0.347947
0.349278
0.345149
0.347755
0.354129
0.356436
0.362424
0.368955
0.364718
0.362496
0.360760
0.362724
0.355612
0.347229
0.350337
0.349495
0.355892
0.367044
0.353728
0.352118
0.349004
0.349909
0.357119
0.352813
0.360155
0.352253
0.352122
0.360909
0.355606
0.343807
0.348597
0.339206
0.351862
0.356352
0.355892
0.349244
0.358608
0.346924
0.340406
0.341378
0.355081
0.345529
0.341842
0.356867
0.346656
0.360579
0.362059
0.351377
0.348509
0.356231
0.349609
0.343323
0.343626
0.342642
0.340850
0.341724
0.340627
0.331958
0.345206
0.343097
0.344496
0.336934
0.343952
0.335057
0.344693
0.341299
0.334509
0.350908
0.344566
0.354804
0.358435
0.359834
0.369668
0.355764
0.341969
0.354651
0.358535
0.346949
0.350805
0.353995
0.361332
0.351422
0.351259
0.357488
0.359207
0.356823
0.380437
0.374280
0.369855
0.366542
0.361909
0.350585
0.353644
0.362087
0.361546
0.346038
0.355675
0.369700
0.358078
0.360772
0.368848
0.358841
0.357472
0.356474
0.348764
0.355425
0.356409
0.368541
0.357778
0.362739
0.353938
0.359136
0.358956
0.352613
0.358260
0.372028
0.364890
0.366957
0.371764
