1.000000
0.967476
0.953281
0.969188
0.978087
0.977781
0.978102
0.981752
0.983261
0.979190
0.969943
0.970694
0.975905
0.966600
0.949740
0.959549
0.950086
0.942562
0.945429
0.958088
0.943405
0.950234
0.948797
0.943969
0.953075
0.937933
0.945797
0.931904
0.934357
0.935716
0.942614
0.957045
0.936495
0.936612
0.941452
0.939564
0.927817
0.936049
0.936971
0.943337
0.941865
0.930352
0.937568
0.936742
0.941478
0.938727
0.918535
0.935530
0.926292
0.920765
0.915921
0.907420
0.916019
0.913388
0.904932
0.926815
0.914871
0.915911
0.913891
0.908622
0.917971
0.910681
0.915543
0.919781
0.915284
0.905444
0.909922
0.911478
0.892972
0.891398
0.881274
0.888084
0.873016
0.886779
0.888086
0.873012
0.881757
0.884355
0.885011
0.892668
0.898558
0.877380
0.871148
0.883357
0.865140
0.874565
0.876678
0.896961
0.883348
0.881450
0.894975
0.902219
0.893885
0.910079
0.896723
0.870043
0.878917
0.865259
0.882953
0.858029
0.888374
0.867759
0.871137
0.860478
0.853405
0.849229
0.857846
0.869255
0.857875
0.875980
0.876617
0.859745
0.857521
0.847511
0.836284
0.853373
0.864583
0.853261
0.851345
0.870141
0.854958
0.853102
0.870216
0.874083
0.864273
0.878603
0.885146
0.876512
0.871207
0.874320
0.859668
0.841084
0.854081
0.860426
0.862974
0.878588
0.864333
0.854471
0.867094
0.840681
0.818616
0.827296
0.814144
0.805387
0.836622
0.817560
0.808928
0.803096
0.797231
0.807538
0.810716
0.820346
0.822861
0.807725
0.805359
0.785923
0.799429
0.793895
0.784528
0.779710
0.790534
0.803216
0.780241
0.787951
0.773774
0.764450
0.758023
0.746368
0.758126
0.737933
0.728339
0.755319
0.744944
0.742352
0.745330
0.755070
0.762133
0.742431
0.738412
0.728100
0.739516
0.730044
0.739651
0.725387
0.714406
0.727643
0.728695
0.702771
0.717944
0.729310
0.744996
0.726463
0.728551
0.702633
0.718909
0.707431
0.694999
0.698552
0.695843
0.661853
0.671091
0.679500
0.681750
0.702378
0.696402
0.700839
0.710240
0.686979
0.691577
0.686129
0.697939
0.697874
0.697454
0.678508
0.704407
0.719855
0.693390
0.701467
0.689063
0.699020
0.707694
0.696343
0.697936
0.702000
0.710132
0.700215
0.694204
0.696264
0.709108
0.703507
0.699749
0.696717
0.712017
0.678769
0.681951
0.699845
0.706131
0.689387
0.702597
0.714718
0.705943
0.685668
0.669307
0.690516
0.672582
0.689255
0.692184
0.705071
0.718125
0.717475
0.690060
0.696742
0.691024
0.675103
0.691150
0.670079
0.642211
0.677917
0.657799
0.675746
0.668663
0.648689
0.685366
0.695883
0.680763
0.673155
0.684112
0.682871
0.679223
0.676619
0.682402
0.692457
0.674149
0.666802
0.678117
0.681971
0.687915
0.678386
0.695307
0.669711
0.687900
0.682588
0.680357
0.681979
0.674782
0.668282
0.684008
0.677828
0.693782
0.692636
0.699453
0.688721
0.683806
0.677128
0.661174
0.678020
0.655825
0.679080
0.680169
0.692907
0.691356
0.703860
0.696946
0.675559
0.706957
0.687275
0.677472
0.674830
0.665353
0.658739
0.655951
0.684499
0.681871
0.685551
0.684225
0.641530
0.663724
0.671979
0.654506
0.692340
0.687503
0.694046
0.696871
0.670118
0.653019
0.663201
0.664516
0.660817
0.671824
0.659098
0.663028
0.653186
0.665535
0.679579
0.675487
0.658812
0.678232
0.676636
0.693010
0.680223
0.689893
0.693419
0.685498
0.671804
0.678135
0.693519
0.671153
0.695115
0.660730
0.674417
0.688625
0.690457
0.662508
0.652964
0.668875
0.673932
0.673713
0.685396
0.678403
0.682421
0.661370
0.677554
0.671814
0.686350
0.688829
0.669526
0.679048
0.676648
0.672299
0.673262
0.653483
0.653041
0.674050
0.660726
0.655586
0.662513
0.666755
0.673404
0.664977
0.671006
0.676661
0.673804
0.669638
0.659117
0.645744
0.638049
0.642790
0.658415
0.655994
0.672259
0.671983
0.664421
0.656544
0.665362
0.666391
0.663503
0.664634
0.659063
0.656640
0.660035
0.649241
0.661601
0.659581
0.662556
0.691325
0.678229
0.673243
0.657019
0.659614
0.667710
0.657351
0.661388
0.677827
0.708799
0.692418
0.670165
0.669687
0.660528
0.658194
0.674734
0.660279
0.654787
0.644415
0.660431
0.639490
0.638534
0.637582
0.643702
0.658176
0.656000
0.664070
0.658532
0.671247
0.677814
0.682117
0.693407
0.659401
0.676302
0.697730
0.698837
0.691830
0.703767
0.684046
0.672602
0.656777
0.658172
0.687141
0.674684
0.675684
0.660996
0.675244
0.687549
0.683665
0.683520
0.681938
0.675986
0.649012
0.659209
0.677030
0.656986
0.675445
0.668719
0.676668
0.659568
0.647082
0.655589
0.640931
0.654367
0.659302
0.648506
0.663498
0.668722
0.659676
0.652261
0.665784
0.670640
0.659428
0.682787
0.656800
0.668350
0.659062
0.669264
0.660504
0.672913
0.648440
0.647454
0.662685
0.676466
0.664108
0.668250
0.662683
0.626063
0.641060
0.647371
0.653695
0.646416
0.640310
0.633730
0.630428
0.629532
0.659545
0.665362
0.645639
0.661334
0.651175
0.658212
0.650452
0.650383
0.638130
0.641790
0.631884
0.644391
0.649377
0.649711
0.642732
0.647263
0.660493
0.658640
0.648083
0.656286
0.661367
0.670419
0.642506
0.658286
0.659322
0.658396
0.672190
0.675410
0.675457
0.683579
0.672528
0.677314
0.680251
0.661059
0.664174
0.675212
0.659036
0.669244
0.637318
0.667011
0.656511
0.669230
0.677158
0.673504
0.669777
0.670851
0.674554
0.676884
0.660665
0.671536
0.673213
0.685250
0.654736
0.665927
0.657638
0.661330
0.680655
0.668511
0.669560
0.667262
0.663550
0.677045
0.689581
0.690550
0.693823
0.664978
0.672436
0.674674
0.657191
0.658827
0.654634
0.653900
0.669433
0.663151
0.677002
0.668752
0.687584
0.683461
0.672536
0.683253
0.686038
0.686604
0.689591
0.703224
0.696037
0.706782
0.694794
0.691046
0.692376
0.690077
0.685446
0.705254
0.688440
0.705736
0.692170
0.681469
0.690189
0.698574
0.703120
0.711363
0.717738
0.706713
0.693390
0.684456
0.702993
0.705895
0.704474
0.690396
0.682780
0.651797
0.678980
0.668232
0.687713
0.676824
0.666372
0.655686
0.668475
0.667172
0.656747
0.669958
0.682554
0.686431
0.693437
0.727597
0.708497
0.695464
0.676420
0.669950
0.660263
0.677711
0.686080
0.680360
0.683250
0.666171
0.653779
0.665649
0.671455
0.672434
0.666780
0.671965
0.682220
0.674004
0.668972
0.662150
0.686780
0.671037
0.677929
0.669532
0.665628
0.663614
0.664969
0.690646
0.662801
0.675020
0.677691
0.672387
0.681673
0.676441
0.673918
0.683645
0.679346
0.699959
0.681486
0.683430
0.678786
0.676377
0.682787
0.680106
0.667086
0.682798
0.684951
0.671259
0.702545
0.693641
0.713246
0.706206
0.696894
0.693506
0.683815
0.671908
0.685923
0.706695
0.706469
0.710035
0.726405
0.700340
0.705233
0.679673
0.708196
0.690399
0.696573
0.707722
0.693190
0.684347
0.663240
0.679749
0.670245
0.673397
0.683051
0.671443
0.692294
0.686912
0.685997
0.672574
0.656296
0.673657
0.677649
0.675460
0.687389
0.681770
0.680272
0.678085
0.675152
0.687133
0.689896
0.678289
0.693220
0.704866
0.703268
0.705879
0.696191
0.701827
0.686243
0.688299
0.691786
0.673912
0.690060
0.674861
0.665250
0.674076
0.707018
0.711912
0.686665
0.701066
0.701236
0.692721
0.667833
0.675285
0.670871
0.665170
0.663849
0.664336
0.664969
0.686677
0.694503
0.713280
0.697156
0.685778
0.682887
0.679501
0.680010
0.665603
0.645101
0.647410
0.662284
0.672262
0.651396
0.683846
0.690958
0.699533
0.693624
0.689099
0.692130
0.698762
0.694557
0.685857
0.692499
0.684501
0.688356
0.682235
0.692252
0.672395
0.680461
0.686628
0.685636
0.652685
0.670398
0.674210
0.678858
0.660807
0.670750
0.677248
0.674123
0.650231
0.642510
0.658376
0.657889
0.665765
0.650595
0.658772
0.657495
0.673602
0.699186
0.680638
0.668565
0.656908
0.664967
0.687328
0.662546
0.689507
0.677191
0.674299
0.650467
0.640027
0.663410
0.655537
0.667322
0.663010
0.646121
0.641492
0.662419
0.658699
0.644685
0.656573
0.653902
0.644691
0.638791
0.647550
0.636586
0.647625
0.652756
0.662693
0.654876
0.648372
0.630034
0.623569
0.609115
0.622576
0.618856
0.633913
0.622290
0.634563
0.647406
0.651648
0.647544
0.655482
0.654549
0.642211
0.671098
0.655830
0.673006
0.659006
0.667836
0.652215
0.652912
0.653787
0.656293
0.659280
0.653114
0.662615
0.653298
0.654020
0.655660
0.645126
0.668443
0.665315
0.673222
0.666966
0.684968
0.684994
0.690222
0.653540
0.676263
0.658339
0.654161
0.654847
0.668388
0.662079
0.664625
0.691502
0.684065
0.693503
0.680633
0.699032
0.688501
0.694925
0.677999
0.687763
0.673565
0.666554
0.679966
0.698357
0.681008
0.690333
0.711216
0.688572
0.691285
0.683703
0.673469
0.674575
0.663411
0.663148
0.653125
0.646587
0.639747
0.636031
0.655588
0.653063
0.673127
0.667898
0.676492
0.663321
0.644581
0.649741
0.655791
0.663003
0.655715
0.668056
0.676978
0.685187
0.684881
0.662151
0.657210
0.674510
0.670351
0.671392
0.676231
0.669888
0.647202
0.678021
0.677294
0.689462
0.699743
0.672640
0.673226
0.673110
0.685589
0.669693
0.659019
0.668332
0.682152
0.654615
0.665749
0.682563
0.677149
0.689544
0.665308
0.677931
0.709941
0.680619
0.692993
0.683246
0.680205
0.660395
0.672188
0.665382
0.663885
0.660027
0.670611
0.648626
0.652876
0.646202
0.658169
0.654520
0.660491
0.663920
0.657077
0.672358
0.673272
0.684631
0.669872
0.665629
0.663689
0.665931
0.674509
0.653005
0.665568
0.689662
0.674659
0.684282
0.674469
0.662742
0.670824
0.659336
0.668025
0.655202
0.659906
0.671227
0.645051
0.655423
0.682561
0.672526
0.654204
0.670436
0.665775
0.654857
0.648595
0.643618
0.659676
0.664313
0.666345
0.656881
0.662148
0.651658
0.645174
0.663730
0.642823
0.631836
0.659719
0.660186
0.662937
0.642896
0.646342
0.646549
0.653907
0.653686
0.650879
0.644361
0.654122
0.636857
0.641405
0.631607
0.639316
0.641771
0.640531
0.642573
0.634562
0.634047
0.641157
0.638096
0.650818
0.668288
0.660716
0.662089
0.663188
0.658064
0.677262
0.651572
0.662758
0.675561
0.666495
0.660776
0.683719
0.694761
0.689998
0.674095
0.666627
0.669472
0.663285
0.658049
0.659392
0.657967
0.669658
0.670735
0.645317
0.653959
0.670555
0.671910
0.650210
0.658648
0.646367
0.651118
0.661480
0.666629
0.655020
0.662250
0.649852
0.649418
0.655814
0.672552
0.684130
0.630911
0.637523
0.661863
0.664031
0.650901
0.649602
0.667879
0.658990
0.633866
0.651718
0.671193
0.654395
0.662161
0.662036
0.658142
0.648801
0.661768
0.668876
0.688096
0.679629
0.692868
0.691070
0.691623
0.697376
0.692290
0.692470
0.672263
0.673025
0.668149
0.689142
0.683204
0.685662
0.681143
0.664020
0.655963
0.666331
0.692294
0.689495
0.694258
0.668062
0.671319
0.678538
0.669886
0.685026
0.677624
0.669314
0.687892
0.671336
0.668831
0.660659
0.660530
0.665785
0.684795
0.672548
0.673846
0.666513
0.667201
0.680204
0.678746
0.673438
0.670956
0.670550
0.667313
0.674512
0.658943
0.662719
0.680658
0.655665
0.682519
0.675675
0.655208
0.653240
0.640437
0.686040
0.686819
0.688770
0.676153
0.670705
0.668388
0.648408
0.667325
0.654278
0.665902
0.670596
0.675455
0.667619
0.661217
0.652181
0.656395
0.663982
0.677377
0.672423
0.668004
0.648805
0.662966
0.659241
0.667717
0.669289
0.688832
0.679858
0.677599
0.657582
0.671085
0.687165
0.694655
0.676972
0.669931
0.672738
0.678448
0.681333
0.660161
0.664591
0.657555
0.651619
0.640189
0.662412
0.651906
0.640981
0.661960
0.652535
0.634559
0.641711
0.628176
0.623709
0.644912
0.646730
0.634036
0.630058
0.641555
0.623786
0.649357
0.659087
0.645760
0.659407
0.653797
0.658888
0.665674
0.673831
0.662355
0.656670
0.658715
0.660209
0.670414
0.687080
0.671597
0.694688
0.658432
0.668893
0.656109
0.692286
0.677295
0.693907
0.670189
0.681878
0.661832
0.660278
0.681763
0.679154
0.661807
0.670354
0.684232
0.668973
0.681371
0.664488
0.652261
0.648745
0.652654
0.669689
0.660280
0.650362
0.675656
0.661391
0.660699
0.667463
0.667026
0.642087
0.670313
0.665993
0.665874
0.670626
0.639623
0.664359
0.667152
0.673800
0.657684
0.667516
0.658670
0.672695
0.683801
0.677873
0.655235
0.665942
0.663022
0.658584
0.650296
0.645452
0.668606
0.673620
0.665732
0.676701
0.666102
0.658499
0.660925
0.687298
0.671834
0.681911
0.691616
0.693726
0.701748
0.677491
0.673133
0.664133
0.667123
0.681860
0.693238
0.680714
0.680266
0.692862
0.687929
0.670593
0.678339
0.663414
0.660633
0.665110
0.665473
0.663574
0.677783
0.666759
0.672548
0.682058
0.681686
0.667880
0.672566
0.656392
0.660139
0.678897
0.659550
0.654995
0.660198
0.649655
0.653400
0.621827
0.640304
0.640621
0.629867
0.644990
0.648830
0.641200
0.667823
0.641263
0.653953
0.657717
0.660823
0.655218
0.651749
0.648063
0.657593
0.674581
0.655116
0.654127
0.669544
0.655251
0.670796
0.649432
0.683694
0.669276
0.665597
0.678335
0.687943
0.653387
0.663176
0.648433
0.677439
0.674895
0.682318
0.695445
0.696756
0.694773
0.675985
0.668399
0.651641
0.672369
0.658598
0.669845
0.653539
0.677848
0.694741
0.685640
0.686619
0.678811
0.700428
0.681363
0.683219
0.697372
0.678688
0.685556
0.678052
0.699434
0.675274
0.680083
0.691901
0.697064
0.703612
0.705458
0.690342
0.708233
0.696233
0.689967
0.664749
0.666245
0.665000
0.675883
0.692347
0.677844
0.668811
0.680085
0.659628
0.665279
0.675864
0.669050
0.684714
0.685938
0.691801
0.686758
0.695579
0.690751
0.720128
0.713213
0.687558
0.668494
0.676864
0.687498
0.676594
0.698274
0.696253
0.693342
0.684284
0.699601
0.682214
0.686523
0.663096
0.665029
0.664220
0.678986
0.677781
0.662485
0.672686
0.666509
0.670538
0.678202
0.683020
0.681563
0.679815
0.666556
0.658373
0.661919
0.661277
0.679302
0.679482
0.684536
0.687248
0.682691
0.696922
0.710572
0.683259
0.689256
0.690149
0.690454
0.668993
0.672522
0.677333
0.652801
0.658329
0.668573
0.669760
0.652114
0.645309
0.643665
0.646994
0.675219
0.670249
0.658314
0.655321
0.665374
0.663362
0.685177
0.678131
0.688540
0.665663
0.657922
0.674222
0.673716
0.680681
0.671512
0.685295
0.673225
0.669777
0.655753
0.666984
0.694063
0.673973
0.681804
0.673183
0.684033
0.666502
0.667525
0.685505
0.680402
0.690213
0.691735
0.680072
0.675295
0.659981
0.676495
0.684270
0.676799
0.665770
0.691760
0.684856
0.677928
0.690342
0.681326
0.684867
0.666868
0.665233
0.659946
0.652443
0.658124
0.666879
0.670620
0.695337
0.692475
0.661005
0.670469
0.680238
0.676585
0.667833
0.672255
0.677670
0.696003
0.697477
0.691901
0.686842
0.698053
0.707120
0.675388
0.693683
0.700972
0.693691
0.689727
0.691717
0.680400
0.660242
0.651280
0.656889
0.664615
0.684573
0.695496
0.679513
0.696697
0.692549
0.684631
0.698586
0.659960
0.685235
0.675114
0.682613
0.669530
0.676223
0.682134
0.677390
0.668718
0.673303
0.656544
0.664629
0.668651
0.646169
0.655795
0.646983
0.656251
0.663360
0.669490
0.645710
0.673407
0.671914
0.668322
0.674731
0.687944
0.668479
0.687059
0.679138
0.674832
0.674952
0.675301
0.647559
0.660839
0.646580
0.664655
0.680034
0.670597
0.654315
0.638406
0.670304
0.654201
0.667690
0.659524
0.660672
0.679886
0.669355
0.663913
0.669261
0.689857
0.679692
0.678383
0.687962
0.682946
0.680731
0.664258
0.662497
0.683340
0.677835
0.679714
0.679283
0.693446
0.684241
0.720556
0.703929
0.700138
0.694565
0.670879
0.677046
0.676257
0.682670
0.657728
0.657448
0.666108
0.646447
0.654580
0.663573
0.681858
0.677426
0.674558
0.671063
0.669917
0.649556
0.650276
0.673109
0.652530
0.645980
0.651120
0.650600
0.644476
0.649705
0.634916
0.650607
0.667854
0.648530
0.665132
0.656275
0.671875
0.669238
0.668854
0.671878
0.675653
0.679717
0.666789
0.663678
0.675552
0.680179
0.665490
0.669720
0.649957
0.652782
0.629717
0.650082
0.652131
0.663008
0.667038
0.651883
0.673436
0.674915
0.659613
0.670812
0.663032
0.651269
0.641837
0.665322
0.670852
0.671971
0.675041
0.679403
0.659986
0.656808
0.645426
0.659538
0.649677
0.631809
0.643473
0.653362
0.654383
0.652239
0.646186
0.642910
0.637631
0.652365
0.662760
0.649984
0.643088
0.665654
0.643457
0.637339
0.646244
0.671209
0.681425
0.656694
0.656526
0.659429
0.644731
0.654497
0.645976
0.636047
0.664369
0.672774
0.685601
0.669085
0.670226
0.651209
0.657754
0.640373
0.651860
0.638517
0.654576
0.642022
0.651576
0.667669
0.681232
0.661746
0.671966
0.681135
0.702979
0.685591
0.670988
0.669009
0.679157
0.676132
0.690067
0.681897
0.685867
0.693428
0.686869
0.681995
0.690640
0.692550
0.674635
0.666916
0.653491
0.657011
0.689697
0.682545
0.660786
0.673303
0.676399
0.688849
0.666897
0.673202
0.658611
0.646247
0.649235
0.640913
0.649997
0.648425
0.662010
0.654156
0.662705
0.659222
0.672156
0.666585
0.679287
0.671778
0.665917
0.639429
0.641615
0.651884
0.655186
0.647064
0.658397
0.654408
0.646216
0.652405
0.643602
0.651029
0.663569
0.646211
0.651549
0.645175
0.650702
0.649175
0.650391
0.660431
0.629286
0.634074
0.633015
0.628867
0.666212
0.664242
0.643310
0.656371
0.659427
0.655885
0.661806
0.677408
0.675875
0.677199
0.682822
0.682146
0.653578
0.649094
0.660718
0.661182
0.646299
0.659231
0.638527
0.652093
0.630845
0.645065
0.617850
0.629110
0.626752
0.615548
0.618516
0.607751
0.622891
0.625376
0.591321
0.616639
0.620157
0.634823
0.625739
0.634829
0.631058
0.634229
0.645173
0.636970
0.633629
0.643831
0.647634
0.625708
0.635238
0.642166
0.642954
0.626716
0.626438
0.639262
0.638165
0.644034
0.652233
0.654826
0.651443
0.670226
0.633954
0.626751
0.626067
0.641375
0.644721
0.634751
0.618224
0.620912
0.620355
0.648308
0.637920
0.641172
0.635027
0.626237
0.624518
0.646760
0.677312
0.668975
0.648406
0.646734
0.654763
0.655703
0.653235
0.674426
0.656960
0.662516
0.643081
0.662604
0.660088
0.631543
0.644899
0.652507
0.645193
0.671022
0.659888
0.663230
0.654334
0.677129
0.661422
0.664519
0.652685
0.650151
0.649461
0.666309
0.670490
0.662082
0.665106
0.648127
0.666653
0.671452
0.669167
0.675204
0.662374
0.681491
0.669955
0.676051
0.664086
0.673078
0.665180
0.665190
0.664898
0.668561
0.654900
0.653996
0.657553
0.669460
0.688981
0.666773
0.657568
0.663652
0.650969
0.654262
0.654185
0.657863
0.664605
0.684743
0.665995
0.670834
0.670267
0.688341
0.677258
0.676188
0.691101
0.670251
0.658483
0.659698
0.675844
0.655227
0.650655
0.651239
0.657865
0.667699
0.681518
0.687838
0.672873
0.662208
0.680629
0.693422
0.697051
0.702309
0.696557
0.680335
0.667297
0.670678
0.654346
0.672652
0.665193
0.682818
0.673473
0.677221
0.666751
0.641249
0.640228
0.654207
0.693588
0.670858
0.696193
0.681173
0.667044
0.681818
0.665564
0.669242
0.679040
0.681548
0.694730
0.681321
0.691565
0.666029
0.680357
0.689560
0.699244
0.720542
0.689517
0.687450
0.682159
0.681534
0.683580
0.680401
0.666314
0.684151
0.684078
0.674686
0.660682
0.667597
0.675233
0.683628
0.679419
0.670716
0.682681
0.673247
0.671919
0.666378
0.680090
0.669392
0.695746
0.698099
0.687957
0.682351
0.680316
0.676543
0.660874
0.669824
0.659677
0.658005
0.667427
0.665661
0.677613
0.670074
0.667894
0.656026
0.633829
0.654402
0.642824
0.656173
0.628673
0.633637
0.648686
0.668444
0.654464
0.657956
0.663475
0.665446
0.650206
0.648586
0.669520
0.651807
0.646678
0.653893
0.650848
0.650929
0.663193
0.656377
0.639536
0.667357
0.658643
0.630522
0.653957
0.645340
0.667296
0.677030
0.659535
0.649507
0.652174
0.660102
0.634276
0.642485
0.638011
0.644427
0.647455
0.654213
0.631126
0.658273
0.645667
0.650854
0.652783
0.662010
0.674070
0.677033
0.692793
0.671045
0.685236
0.672299
0.697087
0.694412
0.661206
0.671500
0.670212
0.671839
0.686909
0.689169
0.694820
0.680985
0.652484
0.665837
0.656829
0.678762
0.674036
0.688206
0.682503
0.682521
0.687614
0.694795
0.700530
0.688851
0.675030
0.683560
0.667700
0.667091
0.654494
0.651412
0.647800
0.656465
0.668031
0.667770
0.668417
0.656885
0.664387
0.646454
0.632302
0.651149
0.678489
0.678033
0.668155
0.662163
0.666524
0.668823
0.667271
0.668497
0.660355
0.660801
0.647811
0.684108
0.657215
0.652341
0.657333
0.665906
0.658009
0.661449
0.668449
0.657954
0.639990
0.617387
0.633480
0.642464
0.641320
0.643183
0.633389
0.625076
0.621066
0.635043
0.638472
0.651579
0.675829
0.662169
0.644455
0.664624
0.671193
0.680764
0.676723
0.667149
0.661309
0.674030
0.656841
0.662714
0.659352
0.651819
0.678013
0.688072
0.676258
0.654661
0.667205
0.685428
0.672701
0.657952
0.668218
0.660883
0.657770
0.640242
0.669869
0.662086
0.662455
0.659037
0.653249
0.671228
0.668954
0.661173
0.664770
0.662164
0.660429
0.653634
0.659352
0.653113
0.664999
0.671518
0.670702
0.670134
0.657068
0.683648
0.674716
0.669734
0.672440
0.660759
0.650724
0.637339
0.645846
0.625021
0.620650
0.634723
0.628221
0.634485
0.636404
0.634746
0.636623
0.642774
0.615998
0.614312
0.637754
0.644080
0.641498
0.632386
0.630564
0.639580
0.642242
0.642969
0.648326
0.637554
0.643049
0.656038
0.663155
0.664437
0.669486
0.693410
0.685190
0.669911
0.664591
0.671332
0.669227
0.665088
0.659496
0.673824
0.685393
0.664555
0.640911
0.652132
0.659074
0.681941
0.668149
0.671007
0.652421
0.658659
0.653409
0.637418
0.643550
0.650778
0.665904
0.685839
0.666803
0.654500
0.663930
0.681080
0.662555
0.652813
0.661966
0.661130
0.669540
0.635688
0.642506
0.629263
0.642658
0.640876
0.653019
0.653363
0.659072
0.657903
0.637356
0.637173
0.622143
0.646523
0.639972
0.630027
0.624814
0.630379
0.629015
0.616718
0.621418
0.625961
0.628595
0.625170
0.627838
0.623722
0.640342
0.633485
0.639691
0.640041
0.632969
0.626197
0.651563
0.655957
0.660076
0.660871
0.666481
0.663332
0.637876
0.658138
0.660860
0.654796
0.663446
0.677272
0.662643
0.678992
0.681424
0.661079
0.664293
0.668250
0.679378
0.666860
0.670140
0.654683
0.640827
0.663787
0.669670
0.672771
0.641474
0.645244
0.647505
0.665078
0.662315
0.653435
0.657448
0.662388
0.677910
0.675559
0.692200
0.683823
0.678201
0.668638
0.655386
0.658557
0.657288
0.655010
0.672532
0.672242
0.685753
0.672727
0.667698
0.665848
0.689802
0.668706
0.674458
0.682399
0.673070
0.677485
0.661112
0.684541
0.698369
0.718397
0.721635
0.717965
0.703271
0.714364
0.713581
0.723882
0.719641
0.722676
0.723434
0.728052
0.715282
0.707111
0.679716
0.688950
0.672577
0.675618
0.688535
0.700324
0.667858
0.684005
0.693510
0.688087
0.686042
0.676423
0.670773
0.701025
0.715598
0.707880
0.688887
0.691362
0.704588
0.699760
0.713028
0.695926
0.707861
0.708246
0.704727
0.708773
0.703872
0.706948
0.691593
0.690541
0.703894
0.705796
0.711844
0.704367
0.714396
0.696868
0.703448
0.690722
0.715829
0.699259
0.692369
0.688432
0.673121
0.672114
0.678406
0.689432
0.687978
0.688665
0.687423
0.694886
0.705135
0.690355
0.692546
0.707444
0.692841
0.685859
0.674435
0.668209
0.657115
0.681783
0.690964
0.688476
0.691473
0.688572
0.694015
0.678280
0.697574
0.678459
0.702391
0.712902
0.686580
0.679116
0.704847
0.686942
0.694990
0.723995
0.700759
0.688331
0.699177
0.692354
0.687994
0.665065
0.663319
0.674122
0.673717
0.687281
0.693149
0.698760
0.687157
0.697224
0.673655
0.682219
0.688587
0.662609
0.676378
0.676762
0.683452
0.677547
0.674712
0.687340
0.658741
0.673596
0.688444
0.674422
0.679721
0.666228
0.662377
0.657719
0.652375
0.666481
0.645769
0.657928
0.654231
0.630921
0.656900
0.668056
0.655409
0.669558
0.672467
0.663526
0.668170
0.691176
0.683503
0.683667
0.702497
0.696136
0.663763
0.658738
0.674344
0.666001
0.668003
0.672315
0.684988
0.686956
0.677406
0.656858
0.649312
0.656115
0.648281
0.647607
0.656920
0.672528
0.669681
0.664429
0.636431
0.642396
0.649157
0.652974
0.656085
0.657719
0.669555
0.697546
0.670879
0.661854
0.659188
0.658667
0.657578
0.650780
0.651591
0.645240
0.642232
0.654444
0.642445
0.660990
0.653024
0.672740
0.670714
0.662065
0.666687
0.653855
0.643548
0.645921
0.629227
0.624382
0.624125
0.658661
0.661028
0.669047
0.648784
0.691965
0.678997
0.676495
0.662547
0.676827
0.663106
0.675177
0.665156
0.664562
0.659355
0.656715
0.672843
0.668910
0.661005
0.676733
0.678564
0.673139
0.670363
0.670884
0.681988
0.673978
0.668986
0.655486
0.664864
0.669206
0.692101
0.673893
0.670080
0.675935
0.675212
0.678682
0.684316
0.680797
0.658278
0.666527
0.659194
0.655684
0.684060
0.672810
0.659381
0.661044
0.645816
0.636939
0.624655
0.657581
0.652641
0.646909
0.649211
0.653397
0.640017
0.652677
0.660339
0.639548
0.658775
0.672702
0.664767
0.659075
0.664951
0.665104
0.677304
0.674402
0.664032
0.638576
0.666408
0.642926
0.643078
0.640994
0.646019
0.645498
0.635287
0.651468
0.634530
0.641558
0.661065
0.657165
0.650555
0.667624
0.662253
0.669937
0.651468
0.662898
0.641503
0.656696
0.672024
0.688248
0.673527
0.690484
0.684472
0.682727
0.685988
0.692604
0.696492
0.675317
0.660296
0.649187
0.651984
0.655969
0.642101
0.651360
0.656212
0.669438
0.670388
0.683363
0.678214
0.662188
0.662666
0.676094
0.669346
0.664805
0.692416
0.681740
0.677576
0.682913
0.680917
0.689689
0.670588
0.680114
0.695167
0.685911
0.675651
0.674743
0.683999
0.676963
0.696262
0.686884
0.693220
0.688644
0.692048
0.690710
0.703856
0.693084
0.712123
0.693307
0.681300
0.690085
0.704768
0.705368
0.706811
0.686956
0.693636
0.697148
0.688666
0.701911
0.695052
0.685619
0.681777
0.684792
0.705793
0.698050
0.700513
0.684297
0.697305
0.687095
0.700739
0.708779
0.691512
0.678201
0.689981
0.696432
0.673609
0.663286
0.679296
0.688020
0.690914
0.685202
0.686250
0.671640
0.682883
0.674408
0.679792
0.691466
0.682189
0.693409
0.695337
0.678899
0.695048
0.675137
0.655692
0.672262
0.685220
0.660285
0.687405
0.667937
0.676473
0.670191
0.660718
0.662216
0.670805
0.667670
0.675743
0.667916
0.674626
0.668207
0.667325
0.648287
0.672130
0.659219
0.672819
0.663094
0.654739
0.643295
0.639498
0.639947
0.643925
0.652887
0.657941
0.667699
0.668908
0.671916
0.661850
0.662930
0.657982
0.694434
0.671584
0.672749
0.674917
0.671287
0.665659
0.687894
0.677939
0.691011
0.669004
0.676982
0.665429
0.666365
0.668774
0.684455
0.673958
0.656239
0.654418
0.648200
0.643699
0.643173
0.657915
0.639519
0.650817
0.646742
0.656428
0.663398
0.666323
0.651878
0.656065
0.641432
0.663317
0.660307
0.670190
0.656545
0.660487
0.642523
0.637850
0.662159
0.678652
0.671174
0.654023
0.631808
0.648058
0.649478
0.650481
0.661529
0.660914
0.645593
0.657931
0.654052
0.663921
0.663862
0.666135
0.667134
0.670163
0.673891
0.655681
0.665727
0.663032
0.655018
0.653815
0.666229
0.658534
0.667917
0.675134
0.657252
0.677724
0.676348
0.683667
0.649778
0.639484
0.661482
0.649144
0.670165
0.669566
0.674999
0.692643
0.693333
0.704091
0.687823
0.691016
0.696529
0.650980
0.655784
0.674880
0.692939
0.689421
0.679364
0.695824
0.686383
0.703031
0.697175
0.685423
0.669077
0.661860
0.666147
0.664701
0.654435
0.652572
0.647268
0.651071
0.648029
0.654301
0.658158
0.677521
0.684261
0.663130
0.665979
0.671174
0.649758
0.660578
0.662161
0.656808
0.667974
0.649555
0.646693
0.658806
0.659922
0.659982
0.652911
0.676072
0.673973
0.678531
0.664516
0.672575
0.682893
0.680364
0.679043
0.689938
0.658107
0.660791
0.665718
0.661594
0.659435
0.656045
0.673323
0.665672
0.668809
0.656591
0.660541
0.674743
0.657342
0.672616
0.692832
0.692902
0.690075
0.665194
0.669741
0.667086
0.664767
0.662421
0.666881
0.638684
0.642831
0.669322
0.669325
0.633604
0.641398
0.641454
0.638534
0.624867
0.634668
0.647247
0.670145
0.663830
0.668064
0.659792
0.662156
0.656564
0.662461
0.660265
0.669310
0.671154
0.655385
0.658382
0.649618
0.643854
0.650927
0.648011
0.645316
0.642964
0.645478
0.666030
0.677350
0.664097
0.659014
0.667249
0.673621
0.670050
0.680000
0.678112
0.675945
0.664765
0.671610
0.649021
0.662040
0.666369
0.675132
0.660683
0.669137
0.668025
0.676591
0.688672
0.674409
0.662539
0.665084
0.678089
0.649569
0.677455
0.688151
0.678027
0.695828
0.703348
0.686501
0.676722
0.693613
0.671044
0.677422
0.689341
0.673910
0.667401
0.670021
0.666823
0.667898
0.649460
0.669917
0.663276
0.660415
0.668806
0.661106
0.678326
0.673859
0.662133
0.665949
0.699777
0.673453
0.634878
0.648764
0.636713
0.634875
0.646649
0.655974
0.668928
0.667883
0.667317
0.675250
0.664871
0.682391
0.676237
0.654361
0.652095
0.643023
0.628360
0.636188
0.639838
0.657656
0.660892
0.657083
0.662679
0.654549
0.628228
0.634644
0.634201
0.667356
0.655869
0.659783
0.645735
0.644342
0.646832
0.632413
0.627658
0.622649
0.621182
0.624040
0.624664
0.629961
0.624368
0.627803
0.635038
0.643018
0.657696
0.674098
0.666079
0.664945
0.678948
0.654569
0.638958
0.667420
0.677880
0.670276
0.698828
0.688016
0.694775
0.681251
0.658728
0.662633
0.655472
0.666929
0.653680
0.643635
0.637916
0.643325
0.668483
0.642020
0.661922
0.653899
0.653602
0.661668
0.667421
0.644019
0.656162
0.673863
0.664560
0.655960
0.679629
0.668180
0.667060
0.643695
0.658764
0.638393
0.656260
0.646369
0.656245
0.664056
0.664064
0.665085
0.671974
0.682308
0.674806
0.687915
0.673152
0.667862
0.659186
0.663187
0.681751
0.688249
0.663164
0.681749
0.675984
0.677514
0.669843
0.673177
0.672940
0.679051
0.671658
0.673298
0.652948
0.666718
0.660307
0.656047
0.668478
0.680458
0.646656
0.640583
0.632712
0.630264
0.624733
0.655062
0.648068
0.646008
0.643556
0.655199
0.645162
0.643143
0.658716
0.662537
0.667100
0.660870
0.659007
0.669330
0.664650
0.676424
0.670378
0.658880
0.672715
0.693326
0.671645
0.660605
0.665193
0.656014
0.666933
0.661270
0.655763
0.669595
0.670546
0.657580
0.660938
0.668547
0.667240
0.666279
0.656148
0.675482
0.680128
0.693091
0.668089
0.650769
0.644491
0.657228
0.668874
0.658185
0.688616
0.684709
0.684074
0.685350
0.668648
0.677366
0.673004
0.677100
0.675383
0.657224
0.666697
0.667367
0.662278
0.669145
0.664313
0.665688
0.648335
0.675523
0.653668
0.667183
0.658643
0.669079
0.668063
0.660039
0.674902
0.657428
0.661875
0.661156
0.643343
0.646155
0.667615
0.665621
0.675528
0.672508
0.650506
0.687171
0.663876
0.656902
0.667835
0.662964
0.682480
0.688745
0.675643
0.666459
0.663441
0.658008
0.652471
0.652121
0.676064
0.645660
0.655191
0.670816
0.623125
0.630639
0.649951
0.652180
0.638791
0.669984
0.640709
0.665053
0.659124
0.654528
0.664612
0.652876
0.658099
0.657208
0.662805
0.663169
0.668423
0.661660
0.644084
0.651703
0.666936
0.672830
0.655099
0.654853
0.637506
0.649966
0.643863
0.626847
0.633389
0.632886
0.671881
0.666435
0.638764
0.641013
0.641631
0.650273
0.660022
0.645824
0.644113
0.638796
0.645772
0.654466
0.629430
0.643175
0.646688
0.637245
0.627598
0.651078
0.645095
0.677704
0.654380
0.658388
0.641303
0.647371
0.639464
0.638191
0.660120
0.660861
0.639713
0.671643
0.682289
0.653658
0.666686
0.642110
0.659791
0.652153
0.672355
0.650559
0.649328
0.634654
0.660765
0.642117
0.667168
0.671641
0.680929
0.677128
0.683582
0.668436
0.674350
0.663583
0.662720
0.660479
0.672566
0.677930
0.664193
0.672328
0.668100
0.685300
0.667658
0.657913
0.667758
0.663158
0.657981
0.656188
0.678883
0.678074
0.678851
0.657321
0.657363
0.655936
0.672783
0.647540
0.640342
0.650944
0.652071
0.655990
0.666653
0.664046
0.643674
0.669984
0.675948
0.684303
0.687445
0.667945
0.678914
0.686462
0.672403
0.670058
0.675348
0.675504
0.654383
0.667805
0.665840
0.675108
0.661853
0.655830
0.646800
0.657845
0.647965
0.640295
0.643745
0.658248
0.668454
0.683164
0.684309
0.681374
0.691325
0.691951
0.681621
0.673770
0.687757
0.692519
0.666916
0.674967
0.693228
0.688726
0.674105
0.669549
0.665706
0.656116
0.665602
0.653753
0.629840
0.652133
0.624839
0.620972
0.668530
0.661213
0.641252
0.649322
0.668858
0.658124
0.670591
0.654981
0.658464
0.670659
0.664603
0.654089
0.646166
0.657663
0.650779
0.645750
0.641339
0.632603
0.652539
0.642968
0.649416
0.664126
0.667857
0.641521
0.649064
0.651073
0.641887
0.658549
0.661609
0.653335
0.642608
0.637440
0.644426
0.643784
0.633326
0.635680
0.638884
0.636740
0.661101
0.654555
0.661867
0.668255
0.667305
0.657640
0.666698
0.667984
0.664627
0.682507
0.655594
0.661875
0.681397
0.656870
0.660641
0.644366
0.649343
0.655832
0.668301
0.645588
0.659899
0.676962
0.690576
0.692756
0.660931
0.660869
0.648376
0.636866
0.641292
0.651998
0.648294
0.645574
0.633464
0.657650
0.638969
0.657253
0.646641
0.675664
0.665151
0.673005
0.692081
0.680907
0.691803
0.670496
0.669849
0.672073
0.661339
0.657927
0.652813
0.654621
0.667525
0.667391
0.685883
0.683839
0.689362
0.676468
0.694432
0.686436
0.703519
0.664590
0.668421
0.659097
0.663849
0.680806
0.663362
0.672032
0.671703
0.662179
0.666247
0.691553
0.673902
0.664246
0.680973
0.683044
0.684527
0.677478
0.674557
0.676430
0.686622
0.670139
0.676643
0.671068
0.668045
0.670251
0.661890
0.679912
0.668224
0.660706
0.665501
0.675560
0.689268
0.677707
0.659756
0.666677
0.666047
0.660408
0.699332
0.687489
0.665522
0.659611
0.663078
0.641938
0.639968
0.640772
0.645624
0.639595
0.618184
0.622103
0.634300
0.632937
0.638090
0.644483
0.610787
0.634711
0.648202
0.637591
0.638917
0.654569
0.666354
0.653173
0.657137
0.640635
0.626232
0.630672
0.639656
0.633787
0.633838
0.647512
0.652871
0.656522
0.637742
0.642796
0.629919
0.632120
0.643818
0.650625
0.645663
0.648792
0.641233
0.653481
0.642464
0.619329
0.630891
0.624971
0.641258
0.645417
0.665553
0.657549
0.691717
0.663672
0.670325
0.658804
0.671416
0.664247
0.666201
0.662757
0.674035
0.662320
0.636260
0.663374
0.657223
0.638003
0.647158
0.639316
0.633055
0.628514
0.661339
0.654387
0.666340
0.678205
0.671493
0.646683
0.665598
0.692667
0.686652
0.688113
0.663536
0.670030
0.674486
0.674329
0.695991
0.691419
0.697732
0.688137
0.696529
0.693016
0.685926
0.698723
0.702335
0.693853
0.693915
0.700225
0.698403
0.706584
0.699387
0.675430
0.664484
0.670229
0.684367
0.651215
0.671895
0.671960
0.677807
0.680161
0.660297
0.658192
0.670847
0.689466
0.687493
0.668732
0.674165
0.661192
0.670721
0.677440
0.652455
0.678710
0.669866
0.666547
0.655363
0.689355
0.675265
0.670838
0.641118
0.642269
0.654179
0.668006
0.677850
0.648342
0.654726
0.639796
0.631962
0.637181
0.660856
0.655257
0.684484
0.673493
0.660189
0.684402
0.687897
0.705890
0.677127
0.652050
0.663647
0.689990
0.681494
0.684021
0.671717
0.675663
0.658924
0.646051
0.654673
0.680731
0.677206
0.676401
0.691858
0.687015
0.679289
0.674103
0.687213
0.673544
0.673164
0.690673
0.668649
0.668231
0.662908
0.655767
0.668333
0.661931
0.651782
0.654487
0.659109
0.642226
0.626836
0.655097
0.663404
0.672583
0.656598
0.672375
0.692633
0.682961
0.681556
0.676832
0.659762
0.679723
0.687090
0.670824
0.677650
0.673004
0.663688
0.662894
0.650864
0.669062
0.662132
0.669767
0.684101
0.663041
0.666801
0.680331
0.694238
0.697716
0.693483
0.689001
0.671020
0.675351
0.692614
0.694790
0.687140
0.660625
0.685015
0.691135
0.700024
0.695757
0.697802
0.664050
0.665163
0.676992
0.693201
0.678361
0.682890
0.667622
0.679459
0.674889
0.669435
0.685268
0.690650
0.711334
0.693987
0.702863
0.694830
0.700988
0.708223
0.717392
0.712000
0.700866
0.701451
0.682729
0.697862
0.698555
0.723440
0.706947
0.727604
0.729899
0.709438
0.701675
0.690409
0.682035
0.688123
0.693251
0.675488
0.674600
0.684318
0.689890
0.690121
0.702079
0.708011
0.704012
0.712152
0.694368
0.708772
0.696742
0.697990
0.705696
0.720736
0.705225
0.707626
0.703911
0.681575
0.679763
0.674124
0.683200
0.689343
0.698257
0.674350
0.677540
0.674745
0.659600
0.668533
0.682225
0.692738
0.671576
0.680803
0.675204
0.660771
0.654807
0.672486
0.682628
0.663837
0.648280
0.658603
0.685260
0.682761
0.673533
0.665452
0.685844
0.695801
0.699353
0.694827
0.688487
0.704176
0.700422
0.691188
0.690626
0.678562
0.671618
0.663820
0.661544
0.656824
0.668464
0.668075
0.657809
0.663390
0.670535
0.664966
0.678310
0.659925
0.681234
0.673208
0.673753
0.674653
0.691442
0.700272
0.683404
0.678593
0.667171
0.688385
0.664001
0.667303
0.670770
0.675112
0.691469
0.678826
0.697003
0.694763
0.712753
0.693147
0.687488
0.703435
0.699857
0.686956
0.689685
0.677853
0.676918
0.681380
0.704565
0.687127
0.667239
0.684187
0.693007
0.671945
0.661811
0.662318
0.662324
0.685527
0.661284
0.678833
0.673680
0.695982
0.674938
0.686714
0.696121
0.710613
0.702568
0.702347
0.686626
0.678737
0.687544
0.671869
0.677563
0.651164
0.660526
0.666818
0.691060
0.679374
0.692634
0.682456
0.669095
0.674431
0.677458
0.676098
0.686152
0.690491
0.678341
0.694102
0.656277
0.659029
0.655512
0.675880
0.701982
0.695697
0.698324
0.699625
0.682420
0.666963
0.682321
0.674020
0.664640
0.678527
0.685196
0.700392
0.661353
0.667619
0.676548
0.654296
0.656944
0.647050
0.670243
0.666484
0.641022
0.635073
0.648323
0.654374
0.653766
0.654727
0.651596
0.644087
0.665745
0.664329
0.682958
0.683301
0.689763
0.674582
0.687684
0.664221
0.664360
0.671831
0.671158
0.675609
0.674929
0.662213
0.679637
0.675958
0.673229
0.674007
0.664041
0.675071
0.684544
0.701473
0.706491
0.684817
0.701122
0.694826
0.700003
0.679492
0.687655
0.701232
0.681782
0.687944
0.671793
0.675059
0.666555
0.660721
0.658267
0.667473
0.679926
0.664698
0.660849
0.670159
0.654115
0.664757
0.670520
0.686059
0.667052
0.673360
0.655001
0.659005
0.679726
0.663044
0.659653
0.675694
0.666108
0.655025
0.655984
0.641642
0.635312
0.641474
0.663167
0.661015
0.639294
0.659954
0.653946
0.663606
0.650357
0.660212
0.655609
0.671444
0.668990
0.660731
0.649271
0.676148
0.662201
0.645662
0.645942
0.647060
0.647634
0.662309
0.657845
0.648448
0.646121
0.647419
0.655980
0.647152
0.651294
0.667117
0.648603
0.655509
0.641606
0.657407
0.642852
0.656551
0.655975
0.666769
0.664614
0.674627
0.656878
0.660729
0.649234
0.666761
0.666196
0.664186
0.653543
0.660199
0.659515
0.662174
0.651819
0.658122
0.652292
0.682637
0.674607
0.672380
0.669910
0.667133
0.647769
0.660495
0.657071
0.645322
0.658135
0.659351
0.681720
0.673255
0.667637
0.667854
0.681741
0.670576
0.681071
0.695724
0.676699
0.685364
0.669863
0.658721
0.668362
0.678246
0.673305
0.664720
0.672157
0.660887
0.646555
0.649004
0.667140
0.655126
0.658720
0.662625
0.674612
0.670236
0.658148
0.660915
0.667833
0.668241
0.662598
0.664925
0.671947
0.671462
0.671377
0.660314
0.665296
0.662258
0.666536
0.686671
0.660919
0.658647
0.653802
0.673895
0.676425
0.683291
0.702738
0.665623
0.676449
0.666378
0.676593
0.661131
0.668003
0.654053
0.665655
0.655381
0.664940
0.662450
0.654916
0.668171
0.664071
0.672657
0.654042
0.653442
0.648414
0.657231
0.673611
0.677942
0.682719
0.675014
0.663336
0.669088
0.666345
0.663739
0.650286
0.670161
0.668214
0.669883
0.684376
0.662865
0.661854
0.667670
0.653038
0.648849
0.645615
0.645314
0.638439
0.639156
0.649770
0.665937
0.651018
0.654664
0.649770
0.650146
0.658468
0.655023
0.646862
0.658750
0.663781
0.660590
0.665167
0.655025
0.666451
0.664847
0.655427
0.653256
0.667662
0.657781
0.660103
0.649755
0.646980
0.660967
0.675967
0.647509
0.643915
0.653009
0.638299
0.654726
0.660400
0.653152
0.680446
0.676173
0.659789
0.688104
0.687408
0.662240
0.661761
0.654071
0.672561
0.671816
0.664948
0.679955
0.675958
0.685176
0.658817
0.675131
0.675372
0.666597
0.673163
0.682953
0.686841
0.688853
0.671615
0.695476
0.671576
0.676116
0.652023
0.654040
0.673596
0.671172
0.644662
0.653221
0.645535
0.636461
0.646487
0.661730
0.664138
0.680394
0.663755
0.675626
0.663713
0.679611
0.672634
0.690135
0.665672
0.683373
0.661188
0.655620
0.664127
0.666248
0.675404
0.673536
0.683587
0.685699
0.689385
0.674787
0.690387
0.696515
0.695884
0.679352
0.683684
0.695260
0.685596
0.697828
0.692196
0.721573
0.707446
0.680237
0.688012
0.685462
0.674540
0.693835
0.705536
0.711301
0.707242
0.726676
0.711555
0.712531
0.708022
0.700350
0.686352
0.700764
0.696744
0.685436
0.693918
0.709136
0.717146
0.683161
0.691652
0.682502
0.693836
0.699216
0.702467
0.703540
0.683921
0.696888
0.669644
0.679986
0.699923
0.716137
0.683613
0.693518
0.684777
0.666375
0.666604
0.674544
0.677207
0.686265
0.685437
0.711456
0.706225
0.688339
0.690405
0.700236
0.701185
0.696292
0.697290
0.689311
0.698079
0.699346
0.687563
0.687724
0.678398
0.684242
0.670816
0.666013
0.651048
0.672576
0.662899
0.670675
0.663565
0.670670
0.681003
0.672708
0.657761
0.666196
0.649182
0.649862
0.665806
0.683274
0.672844
0.657369
0.685947
0.671935
0.674224
0.668900
0.687090
0.662152
0.697292
0.685158
0.691484
0.664965
0.690352
0.664811
0.673235
0.665213
0.684775
0.678625
0.680702
0.692193
0.692328
0.679972
0.690132
0.701524
0.686980
0.681541
0.693947
0.674878
0.675492
0.667907
0.671804
0.683620
0.678936
0.664338
0.678088
0.664487
0.661120
0.651317
0.656450
0.654927
0.655313
0.650457
0.640864
0.653205
0.641224
0.656697
0.675450
0.680569
0.657536
0.662973
0.643135
0.638369
0.652874
0.624185
0.616930
0.618916
0.618108
0.614414
0.643489
0.635519
0.643808
0.640751
0.662876
0.670823
0.679347
0.681071
0.665216
0.673591
0.659558
0.638381
0.674015
0.667033
0.652563
0.654988
0.648639
0.663872
0.681904
0.663432
0.655885
0.663751
0.671416
0.654335
0.660716
0.670918
0.677353
0.667384
0.692864
0.681764
0.681684
0.676994
0.700440
0.683968
0.675229
0.681799
0.673962
0.689861
0.664420
0.670635
0.678328
0.675247
0.670529
0.695551
0.666826
0.677023
0.667425
0.655541
0.672598
0.680827
0.681551
0.687893
0.681763
0.667720
0.682249
0.696388
0.684334
0.690642
0.693322
0.698200
0.691450
0.677356
0.680690
0.674594
0.676115
0.673992
0.677953
0.689485
0.687424
0.671167
0.690197
0.686013
0.678754
0.657561
0.665300
0.687104
0.671735
0.672234
0.659952
0.685240
0.674670
0.673024
0.669631
0.660983
0.676196
0.649324
0.657126
0.643660
0.664591
0.672590
0.664991
0.675243
0.659081
0.681541
0.669157
0.680857
0.683965
0.672786
0.672683
0.678043
0.663339
0.677676
0.668319
0.694391
0.671557
0.665528
0.657240
0.677969
0.650635
0.649863
0.661814
0.660409
0.681839
0.670466
0.660352
0.676372
0.664457
0.652528
0.640632
0.643388
0.654299
0.669070
0.668577
0.649740
0.663151
0.679825
0.664812
0.667429
0.673872
0.650996
0.647127
0.653946
0.643512
0.662427
0.644204
0.650503
0.640564
0.651513
0.651479
0.663911
0.688653
0.654470
0.634400
0.642334
0.651277
0.655047
0.648612
0.642056
0.627989
0.634354
0.639209
0.637213
0.626598
0.626481
0.618564
0.638806
0.665956
0.659860
0.654407
0.655068
0.663161
0.665248
0.666647
0.663105
0.655406
0.642693
0.645843
0.651903
0.660421
0.652223
0.656435
0.663186
0.664084
0.653764
0.674270
0.661179
0.661455
0.650667
0.663247
0.674574
0.661402
0.659420
0.637640
0.652368
0.666633
0.655087
0.645720
0.650630
0.653103
0.647423
0.656724
0.654570
0.663678
0.642226
0.640218
0.644169
0.657986
0.670637
0.664668
0.661623
0.657649
0.668466
0.666282
0.667731
0.652637
0.673813
0.670818
0.670094
0.656454
0.648419
0.669629
0.650313
0.643418
0.657523
0.665705
0.653231
0.649136
0.663178
0.652062
0.658800
0.651250
0.646689
0.652319
0.658593
0.658437
0.648301
0.659824
0.652089
0.644843
0.666074
0.656172
0.669832
0.669818
0.661212
0.641255
0.616419
0.637648
0.664959
0.674660
0.662269
0.674125
0.653860
0.648034
0.651980
0.664082
0.664393
0.661078
0.660537
0.649077
0.635636
0.641168
0.636892
0.636058
0.624492
0.644813
0.645596
0.641665
0.656087
0.646224
0.635808
0.643246
0.665127
0.680601
0.664173
0.672499
0.685695
0.699331
0.684053
0.688420
0.687027
0.680952
0.659092
0.702858
0.697803
0.699619
0.674853
0.671684
0.673173
0.701662
0.678559
0.685988
0.682368
0.693248
0.681297
0.670695
0.690954
0.686746
0.687527
0.688423
0.691624
0.694815
0.681990
0.682184
0.687349
0.692650
0.682526
0.660977
0.674293
0.657380
0.643410
0.661791
0.670371
0.670588
0.643531
0.657015
0.680077
0.670962
0.650543
0.637016
0.659484
0.655641
0.656868
0.656463
0.647978
0.656876
0.648036
0.645449
0.647785
0.653030
0.663329
0.668243
0.650665
0.637662
0.660080
0.683725
0.664311
0.662353
0.666054
0.665269
0.665609
0.673588
0.650965
0.664691
0.659043
0.661604
0.665286
0.645454
0.654462
0.661103
0.646055
0.654241
0.672405
0.658213
0.659510
0.665260
0.654195
0.650977
0.661661
0.666495
0.654318
0.647657
0.660432
0.650911
0.630544
0.663074
0.674012
0.656845
0.653547
0.625902
0.646435
0.651323
0.651464
0.653591
0.639592
0.649668
0.659074
0.650721
0.652252
0.663914
0.665949
0.667403
0.660112
0.644947
0.646199
0.632872
0.636698
0.655534
0.643471
0.640705
0.666216
0.665124
0.672544
0.669669
0.661199
0.663370
0.662738
0.651919
0.654124
0.634216
0.665635
0.653154
0.648979
0.652068
0.640600
0.640280
0.638306
0.653204
0.669073
0.647363
0.640074
0.635856
0.635032
0.644275
0.621209
0.625742
0.636538
0.653218
0.655260
0.632238
0.633193
0.624153
0.643278
0.647667
0.655583
0.632504
0.642046
0.621890
0.633221
0.613712
0.610738
0.614555
0.636068
0.626675
0.627402
0.631678
0.627686
0.624792
0.643224
0.640833
0.622424
0.638318
0.654932
0.667349
0.652722
0.633454
0.633227
0.629550
0.663465
0.645252
0.653568
0.653550
0.667585
0.660756
0.671265
0.659097
0.651824
0.638437
0.649898
0.638543
0.660253
0.665357
0.656768
0.657841
0.666423
0.652962
0.663447
0.664631
0.676551
0.656772
0.652242
0.664627
0.671240
0.666764
0.681592
0.658846
0.662803
0.658470
0.660179
0.672414
0.669911
0.684016
0.681212
0.672828
0.674551
0.693660
0.687243
0.721226
0.704401
0.689721
0.682096
0.692747
0.656703
0.676492
0.663774
0.670786
0.653417
0.652337
0.641285
0.647345
0.647769
0.652632
0.636370
0.664848
0.660983
0.630559
0.656147
0.642614
0.647757
0.649689
0.644885
0.645368
0.624637
0.647853
0.626709
0.618029
0.612360
0.633513
0.637462
0.649423
0.649882
0.627342
0.649948
0.651108
0.638829
0.641235
0.651541
0.661587
0.643070
0.658647
0.659069
0.665076
0.664286
0.669076
0.679410
0.673098
0.665450
0.657596
0.663950
0.645683
0.636960
0.647894
0.650120
0.625627
0.634609
0.630493
0.632320
0.633548
0.634530
0.640117
0.656203
0.648662
0.639643
0.649207
0.659305
0.663091
0.651944
0.643867
0.643031
0.637898
0.651852
0.629330
0.634392
0.656880
0.647218
0.639240
0.645995
0.654995
0.648440
0.662035
0.646248
0.667463
0.658259
0.659811
0.680160
0.654408
0.663478
0.663685
0.658166
0.656084
0.656678
0.653460
0.656176
0.676184
0.672013
0.651486
0.662723
0.654262
0.656401
0.660645
0.656516
0.658645
0.686226
0.678028
0.672415
0.671891
0.677494
0.668310
0.703336
0.694776
0.669089
0.686501
0.688231
0.672669
0.666253
0.672146
0.666846
0.674380
0.672165
0.648672
0.656278
0.644445
0.630414
0.629105
0.644715
0.643736
0.653369
0.657449
0.648649
0.654999
0.643821
0.652205
0.661115
0.665760
0.671548
0.659598
0.665667
0.679467
0.689141
0.677132
0.677769
0.648251
0.662984
0.669507
0.674548
0.665245
0.661913
0.645013
0.662298
0.659732
0.665264
0.649471
0.647810
0.669135
0.659578
0.672511
0.651035
0.664258
0.644967
0.641119
0.644559
0.670245
0.664336
0.668772
0.654579
0.660864
0.670856
0.686617
0.652525
0.664346
0.662984
0.652354
0.655335
0.664542
0.668477
0.677977
0.676529
0.678430
0.679675
0.659840
0.676848
0.673337
0.681597
0.665210
0.671725
0.681353
0.673903
0.673049
0.674056
0.677635
0.684001
0.688781
0.683646
0.686520
0.675145
0.676559
0.682287
0.679079
0.671641
0.660472
