1.000000
0.952864
0.939887
0.939584
0.941240
0.911868
0.924140
0.885943
0.834486
0.876991
0.871233
0.836842
0.847618
0.863594
0.837329
0.843034
0.822722
0.813566
0.789483
0.811229
0.779554
0.788213
0.766103
0.784052
0.783282
0.760370
0.755781
0.743513
0.743830
0.746587
0.745685
0.719322
0.733590
0.730382
0.708599
0.703109
0.686377
0.684138
0.693557
0.668869
0.671774
0.680513
0.675944
0.655587
0.644547
0.644884
0.622646
0.632687
0.617213
0.628969
0.628348
0.638577
0.622101
0.615307
0.620093
0.628939
0.626946
0.611204
0.595128
0.573206
0.566044
0.583995
0.569071
0.576938
0.573621
0.572023
0.547871
0.540025
0.504377
0.504835
0.483995
0.509064
0.531779
0.524211
0.518184
0.494096
0.500091
0.498011
0.492294
0.515368
0.504469
0.498945
0.498925
0.477348
0.502810
0.488062
0.489077
0.479596
0.478852
0.475072
0.472246
0.472628
0.458476
0.469046
0.472479
0.459911
0.447850
0.455644
0.456564
0.457659
0.452117
0.441488
0.425057
0.433686
0.411193
0.416008
0.406320
0.432486
0.421358
0.404923
0.410505
0.407593
0.418205
0.404398
0.394396
0.413628
0.415933
0.408142
0.403347
0.400328
0.393675
0.361816
0.374545
0.382379
0.379422
0.384194
0.384160
0.374739
0.366796
0.381583
0.380019
0.375008
0.370292
0.378329
0.383366
0.364261
0.343721
0.355575
0.352135
0.352711
0.350918
0.352700
0.352925
0.362930
0.351926
0.345721
0.340080
0.333680
0.331372
0.304699
0.309993
0.327591
0.319877
0.322242
0.298346
0.308710
0.309626
0.306232
0.294660
0.303510
0.309159
0.300056
0.296358
0.287518
0.294976
0.291787
0.282925
0.274328
0.282424
0.274054
0.299890
0.323096
0.300344
0.289237
0.293334
0.285915
0.267266
0.279483
0.291600
0.279242
0.277028
0.277691
0.275339
0.270470
0.253391
0.265758
0.270137
0.285884
0.279879
0.266307
0.273132
0.272554
0.277704
0.276669
0.260945
0.260364
0.264024
0.240760
0.248058
0.245663
0.240210
0.228167
0.218018
0.227409
0.234953
0.237192
0.246011
0.248059
0.250401
0.241071
0.229276
0.218300
0.216210
0.214532
0.224062
0.226350
0.218793
0.221256
0.218581
0.209778
0.209430
0.225853
0.216570
0.200991
0.212475
0.202131
0.213969
0.193077
0.176756
0.185943
0.178579
0.173855
0.172141
0.178823
0.181828
0.186254
0.185043
0.192541
0.187202
0.192427
0.197392
0.197141
0.197435
0.207986
0.205730
0.193723
0.207153
0.193159
0.197736
0.199474
0.202496
0.204517
0.208294
0.202796
0.206944
0.209362
0.200430
0.205455
0.206274
0.212557
0.211936
0.195764
0.191387
0.189631
0.198258
0.188195
0.183130
0.192982
0.192396
0.186391
0.212750
0.193843
0.170280
0.187810
0.181254
0.189394
0.178754
0.183431
0.171958
0.185140
0.172332
0.180545
0.178201
0.178914
0.186099
0.189752
0.185902
0.192398
0.184450
0.190941
0.194287
0.181954
0.193266
0.190371
0.188256
0.188782
0.190741
0.196623
0.195233
0.191524
0.187018
0.174592
0.177254
0.177395
0.183920
0.185843
0.186841
0.188982
0.204167
0.186953
0.172816
0.184024
0.177504
0.178362
0.179795
0.189143
0.191857
0.183804
0.191441
0.181846
0.179408
0.174935
0.174688
0.179898
0.188195
0.192682
0.186876
0.185612
0.168043
0.172424
0.166616
0.175746
0.170077
0.160419
0.163735
0.159899
0.153123
0.160823
0.168584
0.165214
0.167793
0.178793
0.183436
0.174528
0.166360
0.167330
0.167052
0.179844
0.180909
0.177073
0.160199
0.150391
0.165143
0.167184
0.171229
0.175930
0.173168
0.179651
0.183741
0.167584
0.180549
0.183506
0.184953
0.184821
0.171250
0.185310
0.180998
0.194083
0.185847
0.187926
0.176667
0.174872
0.173278
0.168629
0.168501
0.174757
0.177022
0.171568
0.165092
0.163983
0.157793
0.158624
0.149495
0.149811
0.146598
0.151732
0.162389
0.156472
0.150129
0.165705
0.165334
0.168676
0.158180
0.166637
0.167708
0.152830
0.160142
0.162229
0.156695
0.147377
0.151091
0.155450
0.160153
0.152708
0.141348
0.155159
0.160233
0.153056
0.150888
0.144975
0.145897
0.155201
0.158439
0.149273
0.144023
0.145061
0.129041
0.127675
0.128545
0.130407
0.140651
0.125032
0.135537
0.133066
0.129085
0.143772
0.134065
0.135043
0.169859
0.185482
0.196947
0.206727
0.210627
0.221843
0.228468
0.227347
0.235701
0.243020
0.241296
0.249341
0.231551
0.240149
0.222091
0.245238
0.251481
0.247896
0.245540
0.242481
0.234526
0.229537
0.234866
0.236794
0.234341
0.240279
0.251478
0.239890
0.251709
0.229014
0.231666
0.224142
0.225791
0.233183
0.215754
0.219937
0.216418
0.217758
0.211815
0.225741
0.223810
0.218175
0.212339
0.218747
0.214523
0.205306
0.203987
0.204343
0.201140
0.197587
0.201452
0.203559
0.195709
0.208422
0.204574
0.207731
0.204801
0.197877
0.186372
0.187644
0.195334
0.198060
0.200280
0.201996
0.192925
0.188389
0.195244
0.191773
0.207454
0.204352
0.200853
0.197886
0.201667
0.199965
0.188902
0.204873
0.219049
0.192802
0.204531
0.195772
0.195882
0.192708
0.184121
0.200843
0.196553
0.189014
0.195460
0.190160
0.197677
0.193058
0.204175
0.191058
0.189470
0.191721
0.195989
0.188691
0.189004
0.190259
0.194255
0.191590
0.196816
0.191645
0.189968
0.188266
0.177460
0.177236
0.187900
0.177085
0.182529
0.183338
0.180156
0.171826
0.183073
0.184241
0.196085
0.178583
0.178654
0.184821
0.181020
0.184423
0.180862
0.173362
0.172497
0.178107
0.183719
0.183224
0.180415
0.171183
0.177491
0.184405
0.180783
0.177455
0.167699
0.152127
0.156781
0.145777
0.157388
0.149355
0.162357
0.150634
0.148985
0.156199
0.159300
0.167607
0.172204
0.152782
0.145490
0.171085
0.160525
0.158971
0.164593
0.157677
0.146888
0.142848
0.160816
0.169046
0.150351
0.150886
0.160274
0.157581
0.154576
0.162233
0.155356
0.159492
0.163565
0.155586
0.154752
0.154503
0.152508
0.155300
0.139982
0.151610
0.166080
0.151331
0.142439
0.152759
0.150826
0.153746
0.160144
0.161955
0.167942
0.161654
0.164778
0.161445
0.160524
0.166457
0.162382
0.161707
0.162532
0.155107
0.152479
0.157058
0.167088
0.165105
0.159638
0.168263
0.168556
0.162801
0.167673
0.159568
0.166176
0.160656
0.174509
0.156916
0.147381
0.164311
0.157798
0.160631
0.157393
0.156315
0.160755
0.155137
0.165083
0.158812
0.154568
0.155063
0.147083
0.152820
0.136162
0.154861
0.148056
0.151707
0.151554
0.146983
0.146565
0.143388
0.149645
0.150711
0.150619
0.151763
0.150093
0.150352
0.166565
0.153985
0.149966
0.146223
0.161058
0.135786
0.141165
0.153287
0.138641
0.143102
0.143735
0.147586
0.144992
0.140808
0.141273
0.159376
0.151687
0.143215
0.149746
0.143280
0.152757
0.145709
0.143802
0.149801
0.152046
0.146799
0.142221
0.135919
0.136890
0.140634
0.135347
0.129456
0.140256
0.133454
0.134475
0.153116
0.149151
0.156838
0.153785
0.151284
0.146530
0.143401
0.150903
0.143470
0.155492
0.149684
0.151027
0.150452
0.149368
0.155482
0.147671
0.148924
0.148852
0.143875
0.151534
0.152106
0.138894
0.135299
0.146274
0.143151
0.140529
0.131193
0.136739
0.137694
0.135578
0.144174
0.144317
0.138214
0.140371
0.137965
0.139229
0.141131
0.141466
0.132652
0.136744
0.142020
0.133656
0.146239
0.137775
0.135550
0.134382
0.136799
0.135396
0.137448
0.131915
0.132563
0.135027
0.137079
0.130582
0.130763
0.127749
0.135562
0.129757
0.136670
0.128295
0.129231
0.128098
0.131944
0.132906
0.136154
0.131076
0.138307
0.126223
0.132177
0.134562
0.135495
0.123557
0.125347
0.129511
0.125411
0.123465
0.118164
0.128550
0.132892
0.132317
0.133071
0.132321
0.127685
0.128195
0.135379
0.132241
0.130332
0.132756
0.129128
0.129421
0.129111
0.127308
0.119026
0.120078
0.120897
0.118824
0.129788
0.127868
0.126924
0.125707
0.135469
0.133581
0.132140
0.134115
0.123189
0.125719
0.127818
0.129968
0.134283
0.135478
0.134273
0.130586
0.130227
0.122462
0.128344
0.126592
0.129277
0.124742
0.132699
0.127017
0.129728
0.134466
0.131896
0.133894
0.137423
0.136462
0.132112
0.127996
0.132552
0.127994
0.127873
0.129242
0.126559
0.127342
0.130717
0.137286
0.136498
0.136461
0.131460
0.129660
0.138724
0.141172
0.134982
0.133272
0.128202
0.133379
0.135046
0.134131
0.136640
0.135072
0.133473
0.136592
0.134523
0.130694
0.136043
0.129788
0.128791
0.139509
0.133062
0.131556
0.129769
0.123549
0.137620
0.138426
0.140481
0.137869
0.131390
0.126562
0.125268
0.128523
0.133117
0.135293
0.138755
0.139890
0.140506
0.136051
0.135727
0.134705
0.134648
0.135946
0.135079
0.133706
0.130609
0.131476
0.132462
0.124453
0.114589
0.129891
0.129987
0.124986
0.129586
0.129013
0.123998
0.122954
0.127924
0.123540
0.124682
0.125861
0.136703
0.135213
0.128312
0.125917
0.127876
0.132057
0.119214
0.121438
0.125223
0.131714
0.118082
0.121265
0.121188
0.123404
0.139394
0.127877
0.125526
0.126472
0.125664
0.126145
0.130300
0.126208
0.124625
0.125761
0.137938
0.135700
0.140379
0.127651
0.128063
0.133331
0.124539
0.131294
0.136401
0.132295
0.125780
0.126872
0.131449
0.127706
0.130547
0.131256
0.133097
0.133184
0.132865
0.135171
0.134994
0.134474
0.128946
0.128937
0.129491
0.133954
0.132537
0.133636
0.128398
0.129612
0.120902
0.131381
0.133868
0.127555
0.121405
0.126634
0.131312
0.134085
0.134009
0.128322
0.128753
0.126885
0.121137
0.129071
0.124145
0.124424
0.133217
0.127378
0.128949
0.132926
0.124534
0.124831
0.114973
0.125966
0.128960
0.126974
0.137432
0.130643
0.127522
0.122860
0.126096
0.131601
0.132312
0.129812
0.127966
0.124543
0.129374
0.127098
0.126452
0.118324
0.118631
0.119575
0.122573
0.121719
0.127095
0.122625
0.124932
0.127698
0.119487
0.128069
0.131759
0.127131
0.125900
0.127226
0.119832
0.125406
0.115350
0.124995
0.126832
0.129323
0.131118
0.131075
0.130915
0.133717
0.128189
0.125943
0.133278
0.134379
0.120708
0.133846
0.122735
0.128169
0.116065
0.117772
0.120729
0.123302
0.113798
0.127050
0.116809
0.128002
0.134273
0.128699
0.125630
0.123225
0.124271
0.119587
0.123327
0.125096
0.127776
0.122959
0.131182
0.124402
0.126981
0.124000
0.125024
0.128668
0.129034
0.137106
0.124592
0.128351
0.129311
0.131796
0.125626
0.125585
0.131513
0.130044
0.129532
0.132071
0.135642
0.127464
0.134975
0.130531
0.128997
0.127475
0.125443
0.123997
0.127647
0.124108
0.125621
0.131297
0.131126
0.133418
0.136967
0.130512
0.130332
0.127111
0.133045
0.132495
0.130121
0.130505
0.131529
0.131937
0.132979
0.133204
0.132577
0.126920
0.123472
0.122630
0.112075
0.120224
0.126672
0.119532
0.122794
0.123139
0.126167
0.124965
0.120324
0.127543
0.121086
0.125073
0.117495
0.124679
0.114034
0.111831
0.125546
0.119972
0.117419
0.115677
0.125414
0.119356
0.123573
0.117352
0.124793
0.124454
0.121724
0.116378
0.114247
0.124503
0.118438
0.116980
0.117042
0.118203
0.119824
0.120244
0.112733
0.117500
0.124694
0.120084
0.123031
0.124591
0.121086
0.126498
0.119336
0.118341
0.128302
0.116001
0.116590
0.104149
0.114383
0.111642
0.111808
0.111534
0.110851
0.109605
0.108760
0.116696
0.117502
0.123380
0.116715
0.115793
0.118560
0.123837
0.117104
0.120295
0.125771
0.123404
0.119190
0.124580
0.119457
0.120425
0.122433
0.120804
0.115273
0.119383
0.118802
0.119806
0.125081
0.124009
0.120785
0.115151
0.116924
0.112961
0.119897
0.116921
0.111562
0.115423
0.112403
0.116364
0.110018
0.121452
0.123562
0.118499
0.117186
0.114638
0.113088
0.109852
0.112134
0.116732
0.112759
0.117612
0.109816
0.119208
0.115416
0.121461
0.115438
0.116948
0.111235
0.107392
0.109191
0.114868
0.111778
0.112836
0.116518
0.114515
0.108518
0.110811
0.109292
0.107889
0.112298
0.112103
0.117681
0.113256
0.115985
0.117653
0.118746
0.113972
0.115824
0.125080
0.118363
0.121190
0.116843
0.115308
0.118254
0.115824
0.117913
0.117427
0.113855
0.112170
0.109619
0.114031
0.110143
0.119085
0.111042
0.109731
0.117645
0.118555
0.116860
0.116018
0.113477
0.111753
0.106908
0.103894
0.111903
0.113282
0.114786
0.121354
0.121810
0.118290
0.109112
0.102932
0.114567
0.106514
0.111086
0.108931
0.108871
0.119814
0.121665
0.115365
0.117172
0.111729
0.116498
0.114351
0.111709
0.122210
0.116549
0.122607
0.119223
0.121565
0.124201
0.119911
0.126286
0.122987
0.118414
0.112099
0.122337
0.122911
0.115114
0.112432
0.113953
0.115454
0.107892
0.113779
0.112893
0.108573
0.106333
0.117287
0.114114
0.117181
0.113483
0.116317
0.127949
0.125310
0.128152
0.125376
0.125207
0.127267
0.121590
0.118091
0.117514
0.123548
0.117751
0.117923
0.114564
0.114372
0.119236
0.110766
0.121570
0.121563
0.120289
0.122349
0.124744
0.120660
0.122672
0.123321
0.120437
0.119721
0.115730
0.123105
0.115802
0.114870
0.112757
0.115310
0.112005
0.116162
0.112463
0.114919
0.112326
0.113423
0.117004
0.123065
0.121825
0.119984
0.115359
0.125818
0.124940
0.120693
0.124530
0.125905
0.119643
0.121650
0.118910
0.116931
0.119417
0.114181
0.115918
0.114779
0.122419
0.122114
0.124192
0.118056
0.121596
0.124962
0.118852
0.119463
0.122424
0.116164
0.127397
0.112461
0.114819
0.118544
0.107989
0.113482
0.115225
0.127124
0.115158
0.122385
0.113780
0.126591
0.123417
0.120267
0.121500
0.128631
0.127911
0.127962
0.127533
0.126580
0.123655
0.129675
0.118520
0.123783
0.128814
0.122797
0.123601
0.119822
0.118678
0.120435
0.123042
0.120742
0.117006
0.130745
0.122938
0.125702
0.120003
0.127411
0.117715
0.116870
0.115625
0.116292
0.118363
0.112851
0.124324
0.117935
0.124848
0.123974
0.128765
0.124369
0.124034
0.121389
0.118522
0.108742
0.115801
0.118321
0.116418
0.124861
0.114064
0.112096
0.116785
0.119990
0.124928
0.117515
0.117600
0.122499
0.123691
0.118060
0.117174
0.109528
0.109899
0.116581
0.116272
0.118776
0.105030
0.111748
0.110136
0.101915
0.114415
0.107005
0.112716
0.115575
0.115548
0.110920
0.122824
0.118320
0.120076
0.119035
0.122881
0.115422
0.118403
0.125361
0.126076
0.121367
0.113556
0.123317
0.113783
0.111109
0.124585
0.116100
0.121491
0.127251
0.125170
0.123736
0.113750
0.117483
0.121162
0.124822
0.114871
0.114027
0.114742
0.115909
0.125628
0.124389
0.114764
0.116663
0.114400
0.112318
0.112489
0.119037
0.120264
0.118989
0.115930
0.121256
0.121150
0.118157
0.121760
0.129108
0.120863
0.124494
0.125750
0.123517
0.122957
0.117008
0.118563
0.114245
0.117916
0.115989
0.113163
0.117210
0.113223
0.115246
0.112416
0.119708
0.120715
0.120395
0.116718
0.112970
0.114554
0.111974
0.121934
0.125650
0.122130
0.119736
0.117199
0.120099
0.124492
0.127543
0.115608
0.117870
0.114577
0.111591
0.113823
0.115390
0.119862
0.124346
0.116387
0.122108
0.111828
0.117892
0.118059
0.110372
0.111329
0.111965
0.116174
0.110350
0.110455
0.110102
0.114484
0.119784
0.120493
0.115752
0.112948
0.112971
0.109050
0.116519
0.112738
0.113095
0.112757
0.102360
0.114026
0.115104
0.104298
0.112857
0.108007
0.115693
0.113706
0.112137
0.113405
0.115331
0.117419
0.119015
0.115758
0.119947
0.118669
0.123538
0.117000
0.121578
0.123679
0.123235
0.118742
0.121044
0.128791
0.119230
0.125020
0.123861
0.120284
0.126847
0.124089
0.119595
0.121899
0.120020
0.115731
0.121816
0.123794
0.119079
0.116707
0.119686
0.123922
0.121935
0.120883
0.119087
0.116060
0.120481
0.120105
0.108045
0.109598
0.124119
0.116521
0.112694
0.120491
0.117419
0.115876
0.123131
0.115049
0.114439
0.118707
0.117674
0.119432
0.118939
0.125367
0.108052
0.119983
0.113224
0.113095
0.120667
0.117214
0.112894
0.112459
0.112716
0.112426
0.112035
0.122804
0.116017
0.117696
0.116235
0.121602
0.127026
0.116630
0.117621
0.122390
0.120314
0.120372
0.118999
0.115143
0.121008
0.126890
0.121223
0.127752
0.130109
0.122632
0.117209
0.119814
0.118807
0.123155
0.126543
0.123872
0.128518
0.124573
0.112953
0.126066
0.122605
0.122857
0.119347
0.114884
0.121013
0.126633
0.117553
0.122080
0.114326
0.117961
0.116051
0.128973
0.121804
0.123672
0.118747
0.123990
0.126218
0.121699
0.122512
0.122374
0.122229
0.119431
0.119571
0.120026
0.118414
0.118577
0.118215
0.120706
0.122887
0.118086
0.122352
0.121816
0.119740
0.121897
0.115491
0.116350
0.124338
0.120565
0.112488
0.118383
0.119368
0.115257
0.115859
0.113120
0.116090
0.120956
0.119276
0.113860
0.111056
0.120507
0.117169
0.119807
0.116177
0.121949
0.126511
0.120235
0.111561
0.112508
0.116228
0.117969
0.116675
0.114623
0.113656
0.111062
0.111807
0.108945
0.116459
0.112991
0.101432
0.110821
0.117584
0.114510
0.115791
0.109778
0.107387
0.113948
0.110610
0.112983
0.114673
0.111213
0.108958
0.107823
0.114329
0.107221
0.114322
0.112701
0.110019
0.111486
0.114464
0.109936
0.108601
0.112123
0.100691
0.113848
0.114031
0.103698
0.106984
0.109108
0.111152
0.103479
0.106329
0.104444
0.105125
0.114477
0.106726
0.112114
0.104346
0.108568
0.112161
0.117772
0.119974
0.117803
0.115485
0.117528
0.116542
0.122094
0.121389
0.118930
0.121413
0.121221
0.116611
0.117318
0.119501
0.118546
0.119395
0.116327
0.111595
0.109841
0.115760
0.117330
0.115595
0.109779
0.119223
0.118770
0.116445
0.114657
0.111763
0.120004
0.116533
0.121356
0.122948
0.120786
0.121331
0.117728
0.119048
0.119393
0.121552
0.124032
0.119353
0.125346
0.125250
0.122885
0.124944
0.119737
0.117319
0.118639
0.115175
0.119434
0.116840
0.118918
0.116436
0.106957
0.115359
0.115598
0.113374
0.105656
0.118236
0.113630
0.119505
0.105051
0.114565
0.113826
0.111050
0.117904
0.116526
0.123874
0.115293
0.115492
0.115756
0.114520
0.117880
0.119119
0.112164
0.118716
0.112820
0.120826
0.114761
0.117756
0.120300
0.115408
0.119719
0.113733
0.117064
0.118946
0.121773
0.117377
0.116937
0.109455
0.117696
0.111544
0.114027
0.113808
0.111349
0.113639
0.118124
0.120257
0.119033
0.126040
0.120049
0.124179
0.127225
0.114795
0.125118
0.122487
0.114381
0.119921
0.118463
0.119713
0.119015
0.118958
0.121934
0.119256
0.118627
0.121299
0.114243
0.121283
0.114680
0.117066
0.120923
0.121304
0.120922
0.120029
0.119226
0.120008
0.111945
0.115152
0.113495
0.114203
0.108469
0.120661
0.116756
0.118284
0.121288
0.122441
0.115540
0.125619
0.119845
0.112308
0.117020
0.120330
0.122482
0.120303
0.123040
0.121687
0.113944
0.118009
0.118901
0.118000
0.114689
0.121292
0.117430
0.122133
0.119399
0.123184
0.128343
0.121970
0.132700
0.125202
0.122965
0.119004
0.124437
0.120899
0.121632
0.115199
0.121669
0.125247
0.118794
0.119235
0.115989
0.118613
0.122358
0.117990
0.117555
0.113817
0.121290
0.116142
0.118415
0.112093
0.114831
0.111161
0.119909
0.114315
0.116006
0.113407
0.112138
0.106326
0.115524
0.113539
0.113960
0.115620
0.111295
0.123094
0.117910
0.123207
0.116047
0.111327
0.114099
0.114616
0.121513
0.117664
0.117039
0.123595
0.121617
0.120615
0.117590
0.121920
0.112738
0.105301
0.110072
0.110282
0.115915
0.112338
0.123297
0.105118
0.118290
0.116498
0.109272
0.121303
0.113140
0.115287
0.116497
0.117154
0.113140
0.111608
0.109947
0.122626
0.120459
0.111100
0.120945
0.122021
0.120286
0.116786
0.116474
0.120654
0.116846
0.110250
0.120605
0.113211
0.109543
0.115309
0.107711
0.109005
0.107457
0.114276
0.109093
0.104180
0.112423
0.117087
0.113916
0.104775
0.100733
0.107808
0.110589
0.112759
0.109335
0.114581
0.114480
0.116820
0.119771
0.119260
0.119001
0.116939
0.118375
0.123894
0.127377
0.122611
0.115535
0.112597
0.125051
0.118888
0.120561
0.125235
0.121167
0.127942
0.123195
0.125745
0.124154
0.124249
0.115842
0.121746
0.118275
0.123847
0.118211
0.118411
0.124182
0.124395
0.118589
0.119232
0.113318
0.106131
0.103490
0.108151
0.110460
0.114933
0.115196
0.111057
0.115364
0.111590
0.109421
0.111619
0.104838
0.116296
0.111811
0.114723
0.113022
0.113212
0.107786
0.106488
0.102830
0.114159
0.111861
0.113055
0.111717
0.102453
0.109619
0.107657
0.106626
0.106295
0.104781
0.106047
0.107884
0.111857
0.120162
0.121062
0.115025
0.116812
0.110924
0.108560
0.113002
0.118817
0.109434
0.111908
0.115313
0.116836
0.112988
0.114972
0.116111
0.119697
0.112311
0.114320
0.111074
0.116183
0.119743
0.116555
0.121271
0.114100
0.117117
0.122284
0.110722
0.109085
0.115582
0.111620
0.113440
0.104594
0.106024
0.109566
0.117400
0.108643
0.106677
0.106999
0.113817
0.106933
0.116109
0.114005
0.107889
0.111788
0.119042
0.114017
0.105699
0.116108
0.114148
0.118513
0.111505
0.112919
0.119449
0.115238
0.109446
0.110340
0.122622
0.120490
0.118473
0.117850
0.115803
0.115530
0.111711
0.114012
0.116209
0.111850
0.115752
0.120845
0.112340
0.117333
0.111039
0.110299
0.110770
0.111988
0.113437
0.115154
0.116889
0.108820
0.122894
0.114820
0.113562
0.106109
0.107584
0.114153
0.112399
0.112965
0.105236
0.105395
0.110848
0.110027
0.115969
0.119643
0.111172
0.114607
0.117270
0.122653
0.118814
0.118295
0.116126
0.107855
0.106537
0.110104
0.109083
0.107362
0.112629
0.115221
0.107365
0.117319
0.111209
0.110365
0.117671
0.112980
0.114795
0.111744
0.116441
0.109350
0.117275
0.116743
0.106545
0.115010
0.119207
0.111381
0.112917
0.111516
0.116425
0.115383
0.112335
0.108530
0.118579
0.113310
0.111287
0.116691
0.118814
0.116288
0.114454
0.117741
0.112239
0.115807
0.108111
0.105061
0.115827
0.110388
0.107826
0.111260
0.111162
0.109796
0.111382
0.110324
0.114605
0.118101
0.115302
0.105790
0.109797
0.112572
0.119078
0.107747
0.116352
0.112654
0.113210
0.111132
0.114737
0.115024
0.113252
0.114467
0.111756
0.115768
0.112963
0.116964
0.110186
0.109473
0.114282
0.114167
0.113318
0.110734
0.111116
0.105836
0.112755
0.116700
0.110902
0.117105
0.120494
0.113213
0.111484
0.114831
0.108674
0.116499
0.105946
0.114236
0.115461
0.106186
0.118161
0.118375
0.118823
0.117876
0.115497
0.115201
0.117162
0.113832
0.113709
0.110435
0.117704
0.116479
0.117787
0.117588
0.120718
0.111740
0.118599
0.112665
0.110870
0.106313
0.115771
0.105535
0.115129
0.112923
0.115740
0.119951
0.110516
0.112846
0.105379
0.117068
0.110529
0.112186
0.113126
0.114378
0.123289
0.131069
0.148320
0.148675
0.172928
0.177142
0.192115
0.216202
0.211657
0.215497
0.213604
0.214074
0.212868
0.206712
0.208414
0.212661
0.210494
0.211246
0.201479
0.205429
0.206370
0.206612
0.204285
0.204317
0.203679
0.210820
0.201499
0.202348
0.208422
0.203433
0.205557
0.183502
0.191005
0.194625
0.195249
0.198496
0.197309
0.189199
0.190592
0.196281
0.196981
0.188870
0.186332
0.179220
0.180664
0.182788
0.185452
0.180594
0.193979
0.183932
0.174289
0.170278
0.177759
0.189863
0.185963
0.187570
0.183267
0.181276
0.174653
0.170462
0.159169
0.155698
0.158080
0.155393
0.142237
0.148997
0.163166
0.156276
0.166318
0.174833
0.156447
0.164458
0.160568
0.178932
0.174587
0.166615
0.164218
0.160133
0.154819
0.156746
0.159821
0.152411
0.159503
0.159438
0.171375
0.165877
0.168889
0.164770
0.161184
0.161879
0.168544
0.168256
0.159860
0.165271
0.171919
0.173381
0.173393
0.168821
0.168763
0.170123
0.169747
0.168859
0.167024
0.162735
0.162783
0.173425
0.179541
0.176468
0.176048
0.173242
0.166770
0.170054
0.178206
0.184375
0.183629
0.178533
0.177991
0.168882
0.174230
0.183314
0.175206
0.172849
0.170361
0.160199
0.169317
0.172850
0.161305
0.171176
0.167412
0.181384
0.168066
0.166481
0.172738
0.163965
0.167835
0.160789
0.157004
0.152737
0.159391
0.159022
0.158114
0.159822
0.146834
0.152322
0.152154
0.155564
0.155655
0.154656
0.147038
0.160974
0.160899
0.156277
0.154645
0.142478
0.148439
0.154381
0.148358
0.155135
0.156293
0.152560
0.153725
0.150511
0.155113
0.157800
0.145312
0.145535
0.144157
0.139644
0.147911
0.140203
0.133589
0.128294
0.126537
0.141131
0.140172
0.144823
0.137846
0.137641
0.133126
0.127294
0.134080
0.137672
0.137398
0.141216
0.142059
0.138088
0.133779
0.128630
0.128932
0.131930
0.143194
0.129961
0.134374
0.124938
0.131246
0.133224
0.128165
0.123101
0.127279
0.119046
0.121145
0.132068
0.127691
0.123019
0.119726
0.120281
0.108928
0.118290
0.122028
0.115274
0.118934
0.117943
0.117048
0.113248
0.125556
0.119877
0.123158
0.125622
0.122776
0.126011
0.127861
0.131459
0.129599
0.129411
0.120803
0.117254
0.118036
0.119243
0.117713
0.117558
0.114767
0.126094
0.124555
0.119174
0.115103
0.114351
0.118461
0.119695
0.122275
0.123696
0.122120
0.124992
0.114400
0.119974
0.121237
0.125205
0.125548
0.133753
0.135100
0.129407
0.122402
0.132067
0.132410
0.117228
0.127363
0.118103
0.124290
0.126054
0.124886
0.124702
0.124244
0.124313
0.121030
0.128309
0.121171
0.118569
0.126757
0.122456
0.124215
0.125470
0.120635
0.117447
0.124200
0.114254
0.122720
0.132870
0.124669
0.122821
0.120507
0.120556
0.126791
0.138588
0.125677
0.124945
0.122709
0.122293
0.121401
0.124246
0.126982
0.129630
0.127549
0.128880
0.129520
0.126049
0.125844
0.133914
0.125401
0.129959
0.118382
0.128153
0.126446
0.121482
0.122377
0.122137
0.120590
0.127274
0.130397
0.133304
0.136884
0.127910
0.128465
0.124290
0.127782
0.132261
0.132147
0.128223
0.129879
0.129597
0.124053
0.130211
0.127966
0.123723
0.124200
0.120645
0.121571
0.120074
0.114493
0.120441
0.123353
0.115272
0.126356
0.125552
0.123452
0.120187
0.124631
0.124888
0.123802
0.128904
0.124219
0.129022
0.125341
0.125433
0.112927
0.112315
0.115515
0.112983
0.116843
0.121525
0.121083
0.118101
0.119318
0.116756
0.121546
0.127426
0.124772
0.120044
0.124362
0.124117
0.127147
0.127706
0.123342
0.119021
0.115633
0.111035
0.114998
0.122355
0.112675
0.122219
0.123538
0.124583
0.124432
0.125187
0.128486
0.123474
0.128680
0.125263
0.131274
0.131127
0.122919
0.123504
0.117384
0.128775
0.129281
0.125412
0.118262
0.112117
0.116098
0.120125
0.119913
0.117562
0.120581
0.120260
0.124204
0.114968
0.118867
0.121008
0.117111
0.113103
0.121572
0.125500
0.127012
0.125747
0.127287
0.121874
0.118639
0.121329
0.133161
0.131936
0.129011
0.128866
0.132611
0.126287
0.130819
0.113951
0.121640
0.127835
0.127163
0.123083
0.124655
0.123335
0.124280
0.118673
0.115885
0.117942
0.115654
0.114645
0.116288
0.120267
0.125716
0.121826
0.124938
0.119481
0.119559
0.116558
0.120791
0.121160
0.125585
0.121353
0.129651
0.127938
0.126883
0.122853
0.126754
0.124298
0.128340
0.127424
0.122528
0.121963
0.129902
0.131227
0.125074
0.117808
0.128605
0.124679
0.126175
0.117713
0.127097
0.118078
0.114270
0.122858
0.119717
0.126709
0.123666
0.126150
0.116069
0.113619
0.117421
0.117734
0.108284
0.111285
0.116405
0.113081
0.113883
0.106197
0.118265
0.116693
0.110644
0.112423
0.113127
0.108489
0.114390
0.116753
0.122477
0.118879
0.126710
0.122265
0.122593
0.123210
0.121151
0.119568
0.122818
0.114388
0.115394
0.116461
0.117240
0.127480
0.121692
0.114683
0.117148
0.111518
0.114229
0.121124
0.113809
0.114344
0.114773
0.118668
0.115383
0.117204
0.115135
0.116428
0.116358
0.113406
0.113097
0.116100
0.113124
0.110607
0.114529
0.116704
0.118083
0.119233
0.112211
0.116342
0.118799
0.122677
0.118336
0.122597
0.124439
0.121799
0.123124
0.117343
0.113753
0.110483
0.111150
0.111618
0.112939
0.113959
0.113349
0.112235
0.114753
0.115140
0.116273
0.114903
0.113619
0.114586
0.113028
0.117862
0.115990
0.113449
0.115423
0.117161
0.116065
0.119048
0.116633
0.111254
0.114873
0.109053
0.108341
0.112923
0.114201
0.120820
0.118149
0.116677
0.115922
0.125637
0.120866
0.118015
0.123551
0.118694
0.121417
0.121067
0.116559
0.112086
0.103900
0.115665
0.108669
0.114363
0.115212
0.115218
0.112385
0.113746
0.112968
0.121028
0.120982
0.119264
0.115903
0.118739
0.119504
0.119201
0.114310
0.105863
0.104600
0.110141
0.102467
0.111268
0.104852
0.112268
0.106284
0.113177
0.108875
0.107842
0.115069
0.110403
0.116328
0.108457
0.121614
0.111696
0.107795
0.114995
0.111759
0.103926
0.106934
0.111666
0.115485
0.106794
0.115499
0.114450
0.111128
0.107907
0.105006
0.106412
0.103039
0.109544
0.103702
0.106124
0.104075
0.107999
0.100357
0.104606
0.109085
0.106126
0.108650
0.110757
0.114860
0.103671
0.100342
0.092760
0.099683
0.101542
0.109303
0.109915
0.107868
0.110662
0.109704
0.102901
0.105759
0.115211
0.112788
0.106632
0.117024
0.112165
0.107337
0.108284
0.107889
0.113837
0.105587
0.110953
0.110692
0.104612
0.112352
0.110360
0.112301
0.107506
0.111049
0.105872
0.110353
0.110066
0.111976
0.107655
0.104478
0.105971
0.106611
0.105883
0.102602
0.107963
0.102171
0.097692
0.096926
0.104331
0.099913
0.103472
0.100274
0.102960
0.105267
0.105103
0.106118
0.108039
0.102557
0.105510
0.111254
0.110642
0.104913
0.110861
0.101935
0.106953
0.106344
0.112002
0.110068
0.110023
0.111534
0.114016
0.109784
0.107872
0.105217
0.109401
0.109586
0.112206
0.109225
0.109397
0.113620
0.111624
0.107832
0.109855
0.108261
0.111389
0.110546
0.112709
0.115921
0.112354
0.111914
0.102972
0.108078
0.101854
0.107115
0.107984
0.103346
0.106847
0.107361
0.105870
0.104864
0.106815
0.113251
0.108693
0.103566
0.104146
0.108089
0.107775
0.109972
0.110803
0.109910
0.112941
0.115403
0.108971
0.115377
0.114086
0.111562
0.113545
0.108292
0.106737
0.103987
0.106318
0.104198
0.097809
0.111888
0.112255
0.099032
0.108830
0.108811
0.093791
0.095048
0.100677
0.105606
0.103038
0.113993
0.103677
0.099899
0.115143
0.114355
0.099689
0.105108
0.116180
0.109707
0.109647
0.106865
0.098132
0.105904
0.111016
0.103221
0.109847
0.111096
0.106914
0.101166
0.107013
0.107019
0.101749
0.096643
0.108787
0.105076
0.107182
0.105932
0.105717
0.106034
0.109590
0.108764
0.112068
0.111601
0.107937
0.112195
0.106881
0.102229
0.103765
0.110029
0.109365
0.109958
0.113084
0.110920
0.104120
0.107315
0.106799
0.104129
0.105886
0.104494
0.112624
0.108639
0.107686
0.110475
0.106662
0.109471
0.111248
0.113414
0.109035
0.108298
0.102541
0.106200
0.107005
0.102187
0.099913
0.098602
0.099240
0.100961
0.094217
0.096010
0.094326
0.089725
0.090435
0.088557
0.092193
0.087890
0.097261
0.091281
0.093240
0.096651
0.095373
0.094309
0.086653
0.088793
0.088220
0.089660
0.097411
0.092386
0.099819
0.096037
0.097974
0.089255
0.094345
0.093205
0.095020
0.094656
0.096273
0.097707
0.098485
0.100602
0.099020
0.103384
0.100029
0.098926
0.098203
0.102137
0.095203
0.095866
0.104178
0.100035
0.100165
0.101278
0.097832
0.096923
0.096315
0.090971
0.093203
0.095433
0.089092
0.083276
0.088949
0.088416
0.088774
0.089380
0.086452
0.092448
0.091964
0.087657
0.093735
0.095550
0.097969
0.094354
0.090778
0.086918
0.093983
0.093255
0.094802
0.089568
0.099717
0.093789
0.095839
0.094991
0.096741
0.099855
0.104749
0.103505
0.098730
0.102084
0.095821
0.096436
0.093064
0.099628
0.097090
0.100570
0.101691
0.100550
0.096484
0.101044
0.097420
0.094403
0.095071
0.093555
0.094386
0.097536
0.094439
0.093299
0.096894
0.091738
0.094620
0.092337
0.095194
0.099751
0.096250
0.098033
0.100324
0.098491
0.098292
0.096114
0.101411
0.095343
0.092934
0.087822
0.088654
0.091060
0.095709
0.092523
0.091326
0.097530
0.093687
0.099846
0.096505
0.099705
0.101163
0.097890
0.095055
0.096298
0.099283
0.092239
0.096304
0.095277
0.098255
0.102454
0.101832
0.098431
0.095977
0.092499
0.098726
0.099807
0.094861
0.099272
0.091518
0.096548
0.093356
0.096210
0.097218
0.098052
0.100962
0.094714
0.098189
0.088989
0.099628
0.097608
0.097137
0.098126
0.092816
0.095857
0.102535
0.095683
0.098875
0.092068
0.094941
0.100338
0.101034
0.103580
0.103308
0.100812
0.097062
0.107775
0.101620
0.103772
0.104424
0.101448
0.104304
0.100905
0.106017
0.104013
0.102107
0.093636
0.097768
0.094228
0.098252
0.099067
0.092871
0.101808
0.102057
0.090953
0.095380
0.095983
0.095867
0.097918
0.095079
0.093385
0.091068
0.090689
0.091947
0.098077
0.100398
0.099349
0.093578
0.095927
0.098178
0.091725
0.099298
0.091374
0.095575
0.091868
0.094376
0.096505
0.093334
0.099154
0.092784
0.092420
0.099843
0.095891
0.093807
0.097408
0.094715
0.100362
0.095860
0.102671
0.099837
0.093344
0.096367
0.094234
0.089494
0.092720
0.099203
0.089841
0.092655
0.099020
0.093600
0.095284
0.095069
0.097019
0.095084
0.092492
0.099245
0.095300
0.090143
0.090896
0.082768
0.089775
0.092252
0.086999
0.086027
0.090824
0.093352
0.089833
0.090685
0.089554
0.096894
0.096914
0.090292
0.090667
0.094405
0.096124
0.091797
0.102669
0.094562
0.098172
0.095687
0.096364
0.099832
0.098786
0.089844
0.093368
0.093601
0.093792
0.094159
0.096942
0.095821
0.090033
0.093624
0.093967
0.091701
0.091933
0.096737
0.093681
0.098073
0.095033
0.095501
0.096420
0.093062
0.095576
0.098336
0.090927
0.095419
0.091018
0.095099
0.096042
0.093879
0.099225
0.093180
0.091128
0.094285
0.092095
0.097497
0.099746
0.095456
0.100997
0.095328
0.090116
0.088252
0.095203
0.088505
0.097337
0.092882
0.093935
0.090479
0.091066
0.095251
0.100308
0.096297
0.098250
0.097445
0.091303
0.094907
0.091986
0.091772
0.089093
0.092892
0.090412
0.091315
0.093645
0.090882
0.091933
0.092177
0.088940
0.092257
0.091463
0.090872
0.094542
0.093548
0.086485
0.092761
0.091558
0.093268
0.093704
0.090707
0.092630
0.091572
0.091202
0.094839
0.091020
0.093406
0.094972
0.098229
0.089874
0.094397
0.090686
0.095098
0.091095
0.096542
0.093190
0.091572
0.095348
0.092259
0.101334
0.093438
0.095271
0.095459
0.096905
0.096289
0.092581
0.096784
0.091470
0.095844
0.092733
0.094478
0.095874
0.094844
0.091404
0.095403
0.091733
0.087777
0.093838
0.091099
0.090104
0.086660
0.090635
0.099134
0.095446
0.092582
0.098776
0.090288
0.099771
0.095824
0.093286
0.092245
0.087886
0.092865
0.099787
0.097133
0.092989
0.098159
0.093134
0.093989
0.092303
0.093925
0.095360
0.091350
0.089864
0.089026
0.087784
0.091090
0.093296
0.090625
0.090075
0.085541
0.090974
0.085834
0.089659
0.087044
0.089656
0.091096
0.094536
0.093768
0.092981
0.091243
0.094700
0.092642
0.086873
0.087072
0.090044
0.088001
0.090630
0.085012
0.086778
0.088892
0.092472
0.088597
0.091340
0.087260
0.089462
0.096251
0.097344
0.096686
0.092266
0.085609
0.085956
0.091297
0.087145
0.084829
0.087846
0.092420
0.096612
0.094852
0.093321
0.097352
0.093492
0.092803
0.089455
0.093480
0.093026
0.093740
0.090341
0.092610
0.091277
0.093109
0.091056
0.093104
0.089538
0.093109
0.096654
0.093637
0.089801
0.091520
0.089137
0.088166
0.087048
0.090941
0.088391
0.094463
0.092330
0.095252
0.097041
0.099168
0.092914
0.093228
0.095320
0.088172
0.090580
0.099443
0.089771
0.094646
0.088823
0.091689
0.086301
0.092747
0.093779
0.091633
0.089607
0.090124
0.087786
0.087875
0.084905
0.082868
0.083148
0.086542
0.081172
0.079795
0.084371
0.081027
0.076393
0.080469
0.087517
0.077522
0.081299
0.080119
0.078501
0.077529
0.072651
0.077734
0.078299
0.079695
0.084193
0.081762
0.085930
0.078628
0.085455
0.083261
0.080931
0.083779
0.085974
0.086042
0.079402
0.081093
0.082613
0.080850
0.084726
0.082822
0.081519
0.081152
0.079323
0.084579
0.084382
0.088259
0.085833
0.086523
0.086013
0.085781
0.086322
0.086076
0.086820
0.085555
0.089846
0.092792
0.081874
0.085330
0.083721
0.081991
0.084271
0.078606
0.086275
0.084660
0.088846
0.083759
0.085332
0.086342
0.085264
0.078738
0.087145
0.092983
0.087001
0.087304
0.078824
0.083917
0.082640
0.082462
0.082560
0.085442
0.084697
0.083177
0.088728
0.079505
0.085874
0.078909
0.079641
0.085368
0.083935
0.076981
0.078432
0.078122
0.084525
0.078753
0.080151
0.084653
0.082277
0.085037
0.087183
0.085086
0.084268
0.082354
0.081840
0.082649
0.078971
0.082988
0.083129
0.077673
0.085567
0.081479
0.078849
0.080927
0.085583
0.084777
0.080910
0.080265
0.085380
0.085545
0.080587
0.077988
0.080878
0.079431
0.080341
0.078043
0.081231
0.074575
0.081084
0.083448
0.083032
0.076622
0.075668
0.073871
0.081224
0.075536
0.078206
0.079035
0.077356
0.082354
0.079496
0.081424
0.080789
0.080879
0.077792
0.082299
0.075667
0.072592
0.079396
0.079819
0.072530
0.080437
0.078272
0.076476
0.079143
0.080595
0.074898
0.081329
0.077102
0.073799
0.080188
0.072620
0.082010
0.076947
0.074836
0.075212
0.076057
0.070573
0.075974
0.072285
0.078133
0.076843
0.077042
0.075797
0.080397
0.077267
0.081330
0.078561
0.075323
0.077324
0.069170
0.075260
0.076025
0.073295
0.077114
0.077326
0.076907
0.077564
0.073810
0.078762
0.072056
0.079916
0.077086
0.078138
0.076934
0.078780
0.070970
0.069357
0.074106
0.078612
0.076569
0.072520
0.076758
0.078431
0.077182
0.076132
0.078681
0.077553
0.075611
0.078514
0.079548
0.073495
0.077500
0.080795
0.073533
0.075490
0.079133
0.080033
0.073573
0.075784
0.079028
0.077552
0.077519
0.077400
0.075307
0.080779
0.081771
0.094911
0.098841
0.110187
0.139310
0.155475
0.162482
0.175311
0.180621
0.174515
0.180041
0.176732
0.167478
0.183911
0.187470
0.189414
0.183878
0.182855
0.171495
0.169251
0.158348
0.156132
0.174198
0.175524
0.173999
0.174671
0.158284
0.166174
0.166494
0.170373
0.167030
0.167310
0.170425
0.172941
0.166064
0.164194
0.162023
0.162894
0.164819
0.158729
0.159904
0.159604
0.154442
0.156255
0.153159
0.145769
0.144393
0.147084
0.157139
0.160407
0.160214
0.168260
0.160587
0.172125
0.178341
0.178132
0.175050
0.163106
0.173736
0.170295
0.170633
0.170215
0.162901
0.169358
0.161056
0.161049
0.157821
0.153627
0.148279
0.144069
0.140261
0.129158
0.125477
0.125222
0.128595
0.147851
0.138927
0.131417
0.129827
0.125788
0.126156
0.131292
0.127425
0.125868
0.127668
0.131139
0.127103
0.128727
0.127582
0.135902
0.125087
0.122241
0.118613
0.110086
0.106876
0.114425
0.123577
0.122122
0.121520
0.119738
0.115001
0.116775
0.122161
0.112935
0.112266
0.115686
0.118660
0.115240
0.117518
0.113097
0.116594
0.111461
0.115081
0.114185
0.115399
0.111027
0.096821
0.110253
0.110596
0.105400
0.115258
0.109357
0.100582
0.108912
0.110547
0.113782
0.107484
0.116275
0.109590
0.108593
0.109084
0.105342
0.104566
0.108064
0.111918
0.110626
0.108525
0.103313
0.093161
0.098792
0.092157
0.099613
0.096616
0.095948
0.096164
0.089200
0.092164
0.093162
0.098529
0.098780
0.100482
0.100815
0.102684
0.105405
0.104648
0.100828
0.100022
0.097523
0.094865
0.100609
0.107138
0.099352
0.103371
0.103647
0.104760
0.096111
0.099743
0.095949
0.101974
0.096492
0.100076
0.101077
0.105909
0.102975
0.102987
0.093710
0.103622
0.095705
0.095266
0.094587
0.101094
0.106050
0.100909
0.095915
0.094931
0.094161
0.096504
0.096104
0.096690
0.094980
0.097672
0.098008
0.096391
0.100419
0.092360
0.091424
0.095787
0.094286
0.100938
0.095116
0.099011
0.101204
0.109822
0.102016
0.111220
0.107618
0.101616
0.104597
0.094617
0.100676
0.100013
0.099017
0.100218
0.103699
0.103391
0.103188
0.096799
0.101466
0.099555
0.103469
0.106918
0.109245
0.102642
0.103595
0.102859
0.105057
0.103965
0.098518
0.097545
0.096342
0.097290
0.097815
0.098224
0.111467
0.108841
0.113341
0.108284
0.106431
0.101467
0.104297
0.096200
0.103932
0.105751
0.100511
0.099397
0.100958
0.096463
0.096495
0.095994
0.104924
0.100685
0.101255
0.102647
0.103065
0.108326
0.102313
0.096314
0.095740
0.111354
0.115687
0.102018
0.105387
0.103259
0.100713
0.106471
0.106968
0.106915
0.104896
0.108193
0.102911
0.101961
0.097288
0.101552
0.103284
0.108500
0.113582
0.110149
0.105470
0.107629
0.111443
0.107158
0.110763
0.103200
0.104777
0.102077
0.111610
0.106610
0.107239
0.110253
0.100951
0.102558
0.102265
0.102344
0.104697
0.099378
0.102581
0.101784
0.098667
0.099966
0.105130
0.103455
0.097326
0.101442
0.098617
0.111704
0.109467
0.102431
0.103829
0.098355
0.098632
0.094487
0.096301
0.098250
0.101223
0.104752
0.102289
0.103658
0.107094
0.101470
0.093568
0.097710
0.103959
0.099577
0.101604
0.098721
0.095867
0.101785
0.100911
0.102277
0.102417
0.099279
0.101681
0.096875
0.100625
0.092461
0.103531
0.097557
0.093964
0.096032
0.100163
0.102059
0.099375
0.103264
0.094724
0.098910
0.095480
0.097190
0.095237
0.100180
0.098404
0.103724
0.104794
0.098210
0.100428
0.102068
0.101358
0.097355
0.093385
0.097864
0.099507
0.092572
0.097757
0.087769
0.094554
0.105269
0.103744
0.094859
0.102667
0.099542
0.098672
0.096961
0.095941
0.100309
0.104780
0.110241
0.106132
0.103443
0.106684
0.106292
0.098924
0.097053
0.096218
0.098702
0.094037
0.099158
0.098678
0.093561
0.099881
0.097585
0.097956
0.094510
0.095669
0.099268
0.091194
0.092812
0.094933
0.099202
0.090427
0.098353
0.092263
0.090346
0.101336
0.099139
0.100203
0.098475
0.099573
0.101828
0.096437
0.100958
0.100792
0.101004
0.098305
0.095379
0.098065
0.091909
0.091526
0.096787
0.087072
0.090410
0.097937
0.098465
0.109549
0.093255
0.097530
0.103059
0.101001
0.101791
0.095549
0.096606
0.106394
0.110494
0.101959
0.103101
0.102240
0.101106
0.101368
0.101168
0.104137
0.100596
0.098542
0.098465
0.098959
0.095261
0.103006
0.098652
0.106806
0.103523
0.104477
0.102591
0.103318
0.099545
0.086119
0.090052
0.091946
0.097576
0.098543
0.099641
0.099782
0.098396
0.098266
0.095811
0.090446
0.085109
0.094038
0.095954
0.100426
0.101315
0.102545
0.099335
0.094305
0.100603
0.093005
0.092908
0.092974
0.093084
0.089471
0.098400
0.095506
0.101729
0.100884
0.103423
0.103610
0.103562
0.099257
0.101190
0.104612
0.106903
0.098414
0.097628
0.105719
0.106113
0.100779
0.103658
0.102674
0.101734
0.101366
0.100241
0.097805
0.099478
0.100478
0.101101
0.094597
0.095894
0.098563
0.103425
0.105983
0.094640
0.098990
0.099981
0.097538
0.095650
0.101758
0.100230
0.090235
0.104422
0.095550
0.096765
0.087545
0.098155
0.098903
0.100139
0.100739
0.106418
0.101255
0.098004
0.101479
0.103102
0.095558
0.097155
0.089968
0.096745
0.095683
0.098946
0.101469
0.092664
0.103877
0.107293
0.094105
0.100301
0.105636
0.099327
0.101833
0.102300
0.103009
0.107114
0.104238
0.099691
0.094909
0.088775
0.090844
0.095652
0.097005
0.094801
0.089851
0.097477
0.095240
0.097131
0.094951
0.098812
0.092898
0.087488
0.096405
0.097838
0.094080
0.096735
0.095137
0.087385
0.095499
0.097612
0.099802
0.102467
0.096340
0.088524
0.095175
0.091858
0.093896
0.094742
0.095401
0.099981
0.098822
0.094103
0.099234
0.105375
0.098387
0.100439
0.100151
0.100401
0.102743
0.097830
0.097567
0.098471
0.103529
0.096852
0.098825
0.098695
0.096397
0.100909
0.096480
0.092340
0.096438
0.106651
0.099289
0.095862
0.107365
0.113033
0.115334
0.140304
0.146193
0.162902
0.163578
0.171816
0.167586
0.176760
0.174572
0.175614
0.159800
0.171260
0.169089
0.176251
0.175741
0.164682
0.158676
0.162733
0.165074
0.178537
0.182143
0.179205
0.181760
0.169715
0.159046
0.172232
0.159614
0.152461
0.150677
0.159609
0.159369
0.150386
0.157674
0.168001
0.155937
0.161140
0.155015
0.155788
0.162870
0.162099
0.170263
0.167043
0.167277
0.167430
0.168521
0.162107
0.166950
0.156277
0.151078
0.144466
0.140055
0.139865
0.140185
0.145193
0.146160
0.142043
0.140811
0.140398
0.142855
0.143087
0.151244
0.149033
0.140928
0.146540
0.141077
0.127738
0.133956
0.132674
0.145835
0.145042
0.130950
0.128670
0.132969
0.138557
0.127157
0.136379
0.130159
0.122359
0.124684
0.127390
0.125045
0.132140
0.138024
0.127515
0.128545
0.132961
0.137046
0.136468
0.133074
0.128738
0.136433
0.135848
0.129593
0.129175
0.130323
0.126826
0.138715
0.134090
0.131133
0.138968
0.133785
0.134191
0.130475
0.137204
0.130536
0.128347
0.121921
0.133538
0.128508
0.132189
0.128590
0.133663
0.124141
0.131639
0.131250
0.133828
0.138538
0.137622
0.135493
0.132514
0.133118
0.129192
0.128620
0.124306
0.125047
0.115910
0.119462
0.119116
0.127258
0.135697
0.126876
0.130751
0.131100
0.127653
0.124783
0.127330
0.129769
0.132479
0.129606
0.135673
0.122198
0.123184
0.127284
0.121244
0.128751
0.132190
0.131307
0.127833
0.120103
0.124975
0.127447
0.128688
0.129129
0.134166
0.127858
0.122438
0.124458
0.122636
0.118078
0.125156
0.129105
0.131670
0.125334
0.118766
0.109416
0.119774
0.116747
0.119429
0.120592
0.124163
0.118577
0.124474
0.122801
0.121275
0.114024
0.118092
0.124181
0.125868
0.122616
0.117788
0.111945
0.120842
0.115555
0.113079
0.117292
0.113200
0.109757
0.118594
0.117111
0.114842
0.113150
0.112762
0.109457
0.114817
0.124043
0.116836
0.112327
0.122634
0.117360
0.108033
0.103711
0.107271
0.110021
0.113125
0.109492
0.111831
0.108402
0.116478
0.110574
0.121841
0.112575
0.110828
0.102049
0.115010
0.113014
0.111370
0.115253
0.104198
0.106102
0.100808
0.099839
0.101930
0.099236
0.104682
0.101085
0.110377
0.099588
0.103012
0.107478
0.104203
0.106502
0.101475
0.104896
0.101889
0.097042
0.108026
0.109522
0.102115
0.108858
0.114297
0.103320
0.103882
0.106782
0.106815
0.109475
0.118611
0.110806
0.117588
0.110804
0.108818
0.107649
0.111457
0.105076
0.106927
0.105492
0.103697
0.110387
0.104810
0.104981
0.108162
0.105234
0.100952
0.105674
0.106298
0.099515
0.099829
0.096670
0.096034
0.111937
0.107408
0.109424
0.110885
0.107949
0.115874
0.111645
0.112817
0.109379
0.104859
0.104680
0.110602
0.111552
0.105438
0.108743
0.114716
0.103899
0.113881
0.114519
0.112371
0.108453
0.112315
0.107693
0.111352
0.113796
0.118663
0.126625
0.113507
0.111940
0.102793
0.102217
0.105139
0.107367
0.108869
0.104114
0.110783
0.111081
0.102424
0.108585
0.107925
0.110501
0.106305
0.097536
0.099744
0.101985
0.093590
0.096255
0.088396
0.093016
0.097402
0.096501
0.094258
0.097094
0.094504
0.097532
0.098531
0.095171
0.095714
0.097459
0.092380
0.093854
0.094103
0.098650
0.099017
0.094475
0.092833
0.098153
0.090074
0.096238
0.100058
0.095543
0.099723
0.101670
0.098040
0.094943
0.099516
0.092107
0.093538
0.097192
0.093607
0.093646
0.094989
0.096550
0.094005
0.094356
0.094337
0.087576
0.093405
0.096361
0.094677
0.093308
0.099377
0.099095
0.099679
0.102275
0.096728
0.105528
0.103812
0.097096
0.101721
0.096760
0.107073
0.104057
0.104215
0.102726
0.096988
0.099631
0.097825
0.099910
0.097458
0.100457
0.097612
0.100264
0.092864
0.095558
0.094436
0.097753
0.096175
0.095985
0.092909
0.099524
0.092169
0.092148
0.097662
0.100630
0.094000
0.100762
0.101941
0.096858
0.098853
0.099983
0.102337
0.099155
0.096066
0.094470
0.099003
0.098972
0.099977
0.097917
0.103936
0.103987
0.102293
0.097677
0.099456
0.102301
0.099968
0.097066
0.099347
0.093974
0.095813
0.097147
0.099805
0.094150
0.091166
0.090088
0.093042
0.094568
0.094128
0.094285
0.094147
0.092893
0.090541
0.091312
0.099345
0.095567
0.095491
0.090861
0.093808
0.095898
0.093612
0.100446
0.095714
0.096117
0.095178
0.094474
0.094687
0.094514
0.098737
0.113937
0.127332
0.134717
0.152762
0.147253
0.152180
0.157690
0.165236
0.153963
0.164815
0.165438
0.178994
0.176201
0.183344
0.172545
0.177454
0.169165
0.171792
0.168173
0.162085
0.160224
0.169922
0.161099
0.169880
0.173675
0.166704
0.150176
0.151413
0.148862
0.154570
0.158443
0.167045
0.155542
0.146032
0.150780
0.157678
0.160305
0.147619
0.143649
0.133820
0.133401
0.137689
0.145119
0.145305
0.145552
0.138144
0.143442
0.135598
0.144622
0.142698
0.137368
0.141950
0.134867
0.152534
0.144906
0.143220
0.136188
0.144928
0.138857
0.133355
0.131639
0.117980
0.129075
0.130292
0.135407
0.137954
0.144932
0.130339
0.132124
0.129249
0.128099
0.137458
0.144110
0.136166
0.136205
0.139353
0.133284
0.134403
0.132741
0.132366
0.126191
0.124332
0.131496
0.122538
0.128230
0.119521
0.119882
0.125409
0.135211
0.128981
0.126677
0.129256
0.125678
0.132753
0.134066
0.127975
0.113218
0.116932
0.117175
0.107791
0.114389
0.117816
0.111538
0.115280
0.113855
0.115749
0.112512
0.120333
0.117748
0.116211
0.121085
0.115990
0.114556
0.120858
0.116321
0.104690
0.115365
0.113013
0.113004
0.109539
0.112077
0.106113
0.107192
0.106050
0.108892
0.101604
0.101974
0.097641
0.099219
0.104548
0.101385
0.103216
0.100330
0.097102
0.104880
0.107278
0.097929
0.103317
0.098515
0.094899
0.096786
0.098742
0.097816
0.104348
0.102178
0.108118
0.104142
0.093222
0.098932
0.103547
0.100679
0.095712
0.102047
0.104016
0.098971
0.097622
0.104399
0.105371
0.095776
0.098326
0.088723
0.096818
0.099276
0.098835
0.097079
0.100035
0.097082
0.097377
0.095287
0.095315
0.107072
0.104610
0.104458
0.104730
0.102781
0.102766
0.105670
0.104574
0.106253
0.111357
0.104529
0.100033
0.105612
0.106835
0.106270
0.100741
0.096399
0.103272
0.108168
0.102336
0.103032
0.108632
0.102575
0.105855
0.106567
0.111380
0.104400
0.105271
0.101208
0.101095
0.102526
0.107978
0.105825
0.096662
0.101032
0.104360
0.101855
0.103942
0.095764
0.094379
0.100275
0.097072
0.094984
0.097032
0.098263
0.097039
0.092824
0.105462
0.105378
0.102255
0.103085
0.093516
0.102207
0.100954
0.098599
0.097688
0.094015
0.095295
0.095746
0.100662
0.101489
0.101960
0.098496
0.098254
0.092218
0.095733
0.094076
0.100680
0.092161
0.098919
0.093539
0.096506
0.096830
0.098776
0.101740
0.093554
0.093241
0.091255
0.095419
0.094999
0.095364
0.089250
0.088760
0.087521
0.082744
0.080630
0.086545
0.084504
0.090623
0.080584
0.077493
0.084736
0.080326
0.081891
0.087518
0.084695
0.085271
0.088149
0.085429
0.086996
0.083102
0.087112
0.085491
0.080843
0.092918
0.082994
0.087454
0.087162
0.085744
0.088163
0.090188
0.084649
0.082423
0.087997
0.088419
0.087497
0.086234
0.094015
0.089800
0.086535
0.084674
0.088738
0.091141
0.092038
0.087493
0.086930
0.086382
0.086684
0.086847
0.083965
0.085820
0.089098
0.085406
0.086039
0.085117
0.080248
0.087918
0.091396
0.085147
0.087018
0.094653
0.089913
0.093048
0.091413
0.095350
0.090742
0.089512
0.092787
0.091936
0.090183
0.089838
0.094365
0.095265
0.090211
0.083896
0.090601
0.086777
0.093784
0.093516
0.092309
0.090798
0.086933
0.091364
0.091151
0.083277
0.095832
0.088930
0.088616
0.085366
0.086907
0.084927
0.092871
0.092797
0.088199
0.096030
0.090947
0.096803
0.096368
0.095806
0.097394
0.095148
0.095749
0.097742
0.098958
0.101327
0.090763
0.094881
0.099506
0.095065
0.101418
0.096387
0.099654
0.096388
0.091832
0.094169
0.090470
0.094501
0.094286
0.095872
0.094879
0.093459
0.093037
0.100519
0.098574
0.096526
0.099300
0.090941
0.095638
0.097925
0.098050
0.099559
0.097270
0.094437
0.093500
0.095477
0.101021
0.095522
0.088994
0.093831
0.103903
0.095419
0.092278
0.090541
0.092534
0.090631
0.092818
0.093508
0.094332
0.096973
0.096114
0.092113
0.084149
0.090174
0.088415
0.089318
0.092783
0.090884
0.096352
0.090196
0.094222
0.092119
0.095162
0.090640
0.096367
0.089178
0.095361
0.086384
0.083258
0.091234
0.088044
0.094272
0.093873
0.096364
0.097048
0.092113
0.095766
0.096989
0.095979
0.092389
0.095939
0.097013
0.097554
0.098048
0.094011
0.096527
0.101896
0.094203
0.097443
0.093641
0.099519
0.101045
0.094463
0.095840
0.095924
0.096195
0.095723
0.096437
0.094955
0.096465
0.095158
0.097386
0.097925
0.097530
0.096667
0.092593
0.095891
0.094590
0.087300
0.088064
0.091054
0.094443
0.090613
0.082691
0.089590
0.090517
0.095224
0.083124
0.090320
0.087669
0.090135
0.088623
0.088713
0.090491
0.087302
0.087683
0.091694
0.088127
0.086371
0.088918
0.088037
0.087921
0.091419
0.096214
0.091770
0.096090
0.099873
0.091516
0.093287
0.091485
0.097708
0.096275
0.094481
0.093182
0.096733
0.093789
0.099625
0.094212
0.097190
0.096822
0.095671
0.096909
0.094325
0.089664
0.099752
0.095279
0.096516
0.097405
0.099623
0.097852
0.095998
0.095997
0.101139
0.098875
0.097147
0.099729
0.098543
0.095593
0.093854
0.089847
0.091908
0.092269
0.090481
0.088530
0.086304
0.087867
0.094283
0.095532
0.095599
0.094943
0.094659
0.089746
0.091657
0.094067
0.089838
0.087297
0.090935
0.087011
0.092078
0.088344
0.093209
0.090290
0.080940
0.081292
0.080418
0.079259
0.075793
0.082953
0.085121
0.081755
0.084282
0.080601
0.083821
0.091119
0.088763
0.089228
0.085323
0.088670
0.085229
0.092139
0.090143
0.083979
0.091325
0.083478
0.092374
0.089903
0.092229
0.089860
0.088006
0.085762
0.083328
0.086205
0.091563
0.087841
0.092422
0.091331
0.088082
0.095460
0.086484
0.093061
0.090590
0.093147
0.094994
0.091044
0.089496
0.089751
0.086269
0.091795
0.090979
0.089303
0.090595
0.091116
0.091928
0.092754
0.093515
0.093994
0.089185
0.092593
0.088553
0.092080
0.093672
0.096587
0.094341
0.092746
0.094810
0.089227
0.086036
0.090037
0.092579
0.091252
0.090985
0.089870
0.090795
0.083032
0.084152
0.088344
0.091706
0.089429
0.085255
0.088328
0.086984
0.082875
0.085879
0.082837
0.084470
0.085055
0.088653
0.082054
0.088834
0.085748
0.087058
0.091347
0.086573
0.083147
0.087066
0.084914
0.081853
0.081119
0.084443
0.083051
0.086760
0.082043
0.090829
0.086793
0.086104
0.086349
0.086076
0.086725
0.081716
0.077354
0.084436
0.085648
0.083689
0.088135
0.090562
0.082108
0.091514
0.084270
0.082920
0.085018
0.090618
0.085073
0.085434
0.097566
0.113118
0.122417
0.139800
0.149788
0.152910
0.164784
0.181575
0.186028
0.183504
0.183344
0.177033
0.178595
0.177278
0.176884
0.180217
0.173660
0.180765
0.185274
0.177585
0.172117
0.179658
0.175191
0.171899
0.174779
0.179081
0.167657
0.169177
0.172270
0.174977
0.172579
0.170046
0.164390
0.167773
0.173504
0.176284
0.178141
0.178771
0.175063
0.176446
0.162482
0.164250
0.169387
0.172173
0.171121
0.166868
0.156867
0.159408
0.160261
0.153261
0.148959
0.156426
0.153774
0.159720
0.159739
0.155176
0.151982
0.162816
0.152672
0.169059
0.195270
0.208869
0.204945
0.221325
0.227612
0.234233
0.225677
0.224065
0.223089
0.224490
0.220161
0.214509
0.212768
0.198721
0.202807
0.217376
0.201609
0.213355
0.213159
0.219814
0.212233
0.198023
0.215214
0.200678
0.216317
0.218047
0.196933
0.207939
0.200603
0.189724
0.204161
0.201441
0.206051
0.199490
0.200669
0.197581
0.208936
0.221377
0.215244
0.209607
0.203015
0.218150
0.220351
0.210361
0.217886
0.210080
0.215136
0.206262
0.214181
0.197383
0.201752
0.216139
0.198670
0.200453
0.181216
0.175813
0.183547
0.181563
0.174369
0.184610
0.189809
0.177472
0.181890
0.184536
0.192793
0.189597
0.186209
0.180960
0.185087
0.177164
0.165764
0.158030
0.161177
0.160286
0.156312
0.156773
0.156258
0.162657
0.161883
0.158831
0.172513
0.162859
0.164099
0.162334
0.149870
0.163031
0.157530
0.160779
0.160325
0.167982
0.159334
0.161935
0.162165
0.157759
0.152460
0.150941
0.149336
0.147474
0.145262
0.153910
0.145513
0.144287
0.138709
0.140458
0.139562
0.141400
0.142825
0.134964
0.139376
0.138765
0.146141
0.140590
0.141485
0.143936
0.137797
0.141377
0.143150
0.144402
0.133422
0.141586
0.130802
0.139799
0.140999
0.134618
0.125442
0.124918
0.128123
0.135622
0.127825
0.134545
0.137871
0.127602
0.140226
0.135024
0.130659
0.130975
0.125918
0.130066
0.131983
0.149840
0.145403
0.135699
0.132078
0.133631
0.134270
0.133291
0.143947
0.138864
0.131122
0.124728
0.129142
0.131662
0.136322
0.128107
0.121230
0.127921
0.131102
0.128197
0.124014
0.129630
0.131166
0.136403
0.137858
0.128743
0.126131
0.130924
0.134581
0.129665
0.131764
0.130526
0.131797
0.123376
0.127427
0.128975
0.129259
0.126304
0.136796
0.135313
0.132407
0.129792
0.131508
0.131266
0.134646
0.135136
0.132920
0.135367
0.128380
0.125780
0.121175
0.136764
0.131561
0.123478
0.120823
0.127256
0.131237
0.124167
0.126908
0.128260
0.123762
0.125596
0.124090
0.130846
0.124389
0.120920
0.115686
0.121944
0.121137
0.116647
0.119815
0.117353
0.124870
0.116580
0.117375
0.110514
0.122659
0.118396
0.115605
0.124874
0.121479
0.118092
0.124601
0.127602
0.120557
0.118116
0.131198
0.124069
0.115431
0.120537
0.116486
0.125343
0.118237
0.118260
0.122749
0.126010
0.121560
0.124671
0.121585
0.125544
0.122576
0.116427
0.117188
0.117391
0.119529
0.119480
0.111051
0.118794
0.119140
0.118648
0.115065
0.118362
0.125359
0.115792
0.110183
0.121536
0.118644
0.119273
0.122795
0.124319
0.128928
0.129471
0.128178
0.135874
0.134186
0.126556
0.124261
0.123432
0.123245
0.116258
0.119488
0.120211
0.123905
0.124851
0.123481
0.129861
0.121318
0.120253
0.123712
0.122262
0.126460
0.121686
0.120589
0.124070
0.121506
0.123708
0.120769
0.118801
0.129978
0.125258
0.132861
0.129023
0.125474
0.123927
0.124198
0.131904
0.124989
0.130663
0.123029
0.125045
0.122467
0.131644
0.128759
0.128795
0.127047
0.127995
0.126662
0.125845
0.126997
0.119480
0.121183
0.121726
0.113286
0.120300
0.121167
0.120578
0.122117
0.121956
0.119614
0.118368
0.119855
0.119877
0.129284
0.120692
0.116215
0.126015
0.122985
0.121054
0.123281
0.118289
0.112538
0.110279
0.103720
0.107009
0.110976
0.104465
0.108182
0.105888
0.105344
0.101934
0.107780
0.101535
0.100778
0.101409
0.100619
0.096918
0.100939
0.106457
0.105298
0.111237
0.101541
0.105588
0.110493
0.113732
0.105704
0.106227
0.108472
0.104809
0.107927
0.105178
0.104903
0.104577
0.107625
0.101220
0.107824
0.108524
0.105361
0.111398
0.109784
0.105291
0.097500
0.103703
0.101923
0.102226
0.103190
0.096783
0.093798
0.093411
0.104581
0.097043
0.092867
0.096219
0.097901
0.095667
0.103423
0.099918
0.097372
0.101643
0.102112
0.094471
0.094719
0.097770
0.099538
0.097618
0.094334
0.106403
0.100537
0.098018
0.100509
0.098779
0.104314
0.099368
0.099280
0.101884
0.099892
0.098089
0.103487
0.094909
0.095173
0.103092
0.103183
0.100397
0.101634
0.102091
0.100316
0.096142
0.096170
0.100053
0.103889
0.104823
0.102977
0.106860
0.103992
0.103956
0.102366
0.095205
0.098378
0.107829
0.104705
0.101572
0.100225
0.107131
0.100354
0.097927
0.103834
0.091645
0.098370
0.102594
0.102141
0.105414
0.100603
0.101610
0.099104
0.097324
0.097942
0.096909
0.098224
0.099715
0.096086
0.097681
0.094828
0.096332
0.095210
0.102660
0.095145
0.091383
0.095936
0.089055
0.094885
0.095238
0.094765
0.095947
0.096289
0.096332
0.100154
0.098642
0.100720
0.095583
0.092427
0.095098
0.098860
0.102087
0.095501
0.102763
0.099003
0.097119
0.094574
0.090631
0.098347
0.098128
0.098743
0.101452
0.101001
0.094931
0.096302
0.096639
0.092692
0.098742
0.097721
0.100425
0.090478
0.091329
0.095494
0.097777
0.095977
0.095194
0.091434
0.091339
0.091975
0.090688
0.088977
0.097194
0.091886
0.097729
0.091968
0.090672
0.088485
0.089556
0.093213
0.082967
0.087385
0.091529
0.090339
0.087756
0.087226
0.090878
0.092570
0.093177
0.094868
0.086644
0.087250
0.087978
0.089908
0.092059
0.089600
0.089677
0.092690
0.087106
0.088834
0.087990
0.088385
0.085985
0.091709
0.089494
0.088261
0.086480
0.091778
0.093374
0.090333
0.090293
0.087006
0.090671
0.092933
0.090157
0.088740
0.089225
0.090859
0.088846
0.092921
0.089690
0.090331
0.085201
0.088349
0.094001
0.095387
0.087506
0.088403
0.089400
0.093997
0.094016
0.092315
0.088030
0.088229
0.091036
0.085602
0.092278
0.087077
0.085627
0.091203
0.088795
0.090481
0.085646
0.089588
0.089913
0.090255
0.087135
0.083135
0.086826
0.082157
0.083293
0.086356
0.083549
0.080733
0.089176
0.087716
0.086514
0.086242
0.091292
0.085948
0.088967
0.087806
0.087346
0.081161
0.082386
0.089353
0.088410
0.085578
0.086030
0.084663
0.092904
0.091408
0.086031
0.085681
0.085728
0.081376
0.084946
0.085826
0.087143
0.085875
0.085237
0.085440
0.091039
0.090603
0.090316
0.092266
0.085859
0.091563
0.092145
0.093175
0.086489
0.091681
0.092747
0.088308
0.087229
0.085441
0.091133
0.084998
0.085447
0.086794
0.083805
0.083071
0.083608
0.083349
0.086590
0.080059
0.077479
0.086638
0.082558
0.084577
0.084592
0.085852
0.084019
0.085731
0.088790
0.086574
0.083695
0.081073
0.082649
0.084649
0.080575
0.082740
0.079553
0.083176
0.087066
0.076947
0.077692
0.084381
0.087295
0.087934
0.080864
0.085956
0.087199
0.082970
0.088162
0.087487
0.086489
0.094218
0.087205
0.088517
0.086722
0.087964
0.087661
0.087408
0.093401
0.090123
0.093136
0.093389
0.090051
0.089223
0.085686
0.080559
0.087994
0.088829
0.089744
0.091307
0.093203
0.086444
0.087954
0.091248
0.087811
0.090156
0.082715
0.089128
0.089161
0.087135
0.089694
0.088317
0.089786
0.089126
0.091164
0.092745
0.087879
0.085539
0.087715
0.083614
0.085774
0.086323
0.086532
0.084128
0.081941
0.088950
0.086367
0.081251
0.083470
0.082905
0.082376
0.081890
0.081432
0.091335
0.080670
0.091832
0.084801
0.080887
0.080964
0.085652
0.080254
0.081910
0.085353
0.084213
0.082775
0.083996
0.088981
0.089273
0.089196
0.089163
0.085189
0.092971
0.084781
0.084503
0.089218
0.086603
0.085301
0.086454
0.085381
0.081662
0.082526
0.086001
0.082179
0.082032
0.079264
0.082124
0.081006
0.085846
0.087115
0.093040
0.088639
0.088189
0.087006
0.087271
0.095650
0.087423
0.090463
0.085292
0.083059
0.088573
0.089445
0.090198
0.089953
0.088661
0.079323
0.085741
0.090209
0.090899
0.084824
0.083093
0.083495
0.080677
0.085959
0.091567
0.084768
0.083325
0.088611
0.091589
0.084093
0.086637
0.090558
0.087137
0.078962
0.086101
0.086300
0.086729
0.089032
0.092072
0.090049
0.090692
0.088334
0.087110
0.095649
0.088991
0.082595
0.083913
0.090658
0.085628
0.085848
0.090923
0.086850
0.086628
0.079257
0.088168
0.083665
0.084146
0.089680
0.090603
0.090730
0.093483
0.084888
0.089950
0.086991
0.091403
0.085664
0.084749
0.087755
0.088780
0.086875
0.089456
0.084266
0.087769
0.083990
0.082289
0.087355
0.084383
0.088777
0.086026
0.085913
0.087176
0.082018
0.088569
0.082535
0.089868
0.087616
0.084446
0.080029
0.079823
0.085730
0.085613
0.085140
0.081749
0.085417
0.085415
0.082850
0.087323
0.083220
0.089432
0.087079
0.089147
0.091864
0.092853
0.085128
0.093209
0.089135
0.085637
0.086294
0.084900
0.094578
0.089765
0.094091
0.094752
0.088167
0.086729
0.090216
0.093164
0.087947
0.094229
0.083630
0.088546
0.091496
0.083429
0.082121
0.090185
0.086848
0.086668
0.090709
0.089094
0.087803
0.087646
0.082808
0.081516
0.084580
0.084514
0.084067
0.082079
0.086519
0.079424
0.077996
0.083354
0.085312
0.087157
0.090320
0.081659
0.087569
0.089332
0.085810
0.082310
0.090798
0.087736
0.092794
0.090151
0.094763
0.091522
0.094489
0.095082
0.084266
0.090232
0.089666
0.085363
0.091973
0.087303
0.089379
0.090961
0.096390
0.092461
0.091397
0.089922
0.090064
0.090425
0.094191
0.088818
0.087370
0.087488
0.091206
0.093678
0.090533
0.090319
0.087090
0.089870
0.089176
0.084094
0.091661
0.085949
0.087534
0.087610
0.087323
0.086504
0.087415
0.083962
0.083544
0.079870
0.089525
0.089553
0.087592
0.087753
0.087404
0.090972
0.091144
0.092041
0.088197
0.086853
0.083062
0.086459
0.092804
0.087697
0.085081
0.088100
0.092197
0.083857
0.081200
0.080292
0.080142
0.080424
0.081733
0.083631
0.082256
0.079258
0.086830
0.082589
0.084703
0.084476
0.081158
0.082661
0.087366
0.082251
0.084621
0.083520
0.081701
0.084052
0.085229
0.085392
0.085047
0.084149
0.080774
0.086922
0.083202
0.082857
0.083371
0.085602
0.082928
0.088424
0.083027
0.080225
0.079914
0.082304
0.081160
0.081736
0.075184
0.079213
0.075080
0.076196
0.077055
0.080022
0.076827
0.074561
0.074167
0.078238
0.072038
0.071907
0.073245
0.079601
0.073160
0.072010
0.079753
0.073869
0.075949
0.075089
0.079158
0.075225
0.076610
0.072608
0.076794
0.077977
0.081249
0.078036
0.082336
0.082915
0.081261
0.081239
0.082420
0.086153
0.079825
0.081243
0.084135
0.076356
0.083972
0.082136
0.081796
0.083135
0.081753
0.081392
0.078346
0.079303
0.078041
0.077715
0.078072
0.080283
0.086065
0.076077
0.082506
0.082796
0.080818
0.083098
0.080017
0.079203
0.084229
0.083250
0.080348
0.082539
0.084050
0.083042
0.079496
0.080970
0.074305
0.078233
0.078044
0.074872
0.078284
0.077761
0.077614
0.077935
0.075391
0.076759
0.077583
0.079016
0.077380
0.078406
0.075097
0.078803
0.072275
0.071769
0.069730
0.074421
0.075020
0.074965
0.079276
0.072109
0.071419
0.073981
0.071272
0.072149
0.068533
0.071645
0.073667
0.071111
0.069376
0.067639
0.071758
0.069199
0.076496
0.067912
0.069670
0.068878
0.075614
0.072167
0.073462
0.070159
0.070983
0.075028
0.077229
0.076074
0.072705
0.076632
0.069863
0.077261
0.075520
0.074093
0.069596
0.073537
0.079547
0.077097
0.081521
0.078915
0.076432
0.076095
0.075130
0.075341
0.080629
0.080023
0.079584
0.075993
0.077848
0.080114
0.076925
0.076031
0.071095
0.077841
0.084273
0.074976
0.071916
0.071710
0.079921
0.077056
0.073462
0.074880
0.072148
0.074640
0.075154
0.075031
0.070007
0.073735
0.076324
0.078169
0.079232
0.075280
0.072262
0.075866
0.075126
0.075872
0.074566
0.077457
0.079275
0.077556
0.078627
0.074007
0.072936
0.071036
0.075592
0.079270
0.075606
0.077989
0.074890
0.074155
0.080140
0.071838
0.073684
0.074612
0.078628
0.074326
0.077179
0.078179
0.073724
0.072505
0.074969
0.071669
0.071644
0.071000
0.073048
0.070418
0.072882
0.074369
0.072781
0.084037
0.077588
0.079647
0.077056
0.080811
0.072775
0.080264
0.078433
0.077797
0.083099
0.079333
0.075063
0.081612
0.072999
0.082038
0.074785
0.079896
0.082982
0.076862
0.076000
0.081377
0.077872
0.072040
0.077642
0.075395
0.079402
0.077491
0.079218
0.077978
0.073486
0.076741
0.073699
0.076139
0.072418
0.072072
0.071225
0.074271
0.077169
0.074562
0.075833
0.073077
0.069190
0.072597
0.072712
0.071409
0.070580
0.070986
0.070713
0.073858
0.070142
0.067487
0.071407
0.072173
0.065446
0.071914
0.073440
0.073649
0.073965
0.074441
0.076369
0.077490
0.075564
0.075092
0.068336
0.069647
0.067645
0.072700
0.069672
0.070983
0.071908
0.072562
0.071998
0.073720
0.067193
0.074747
0.073897
0.080408
0.076994
0.076913
0.076472
0.074553
0.069451
0.074353
0.075939
0.073649
0.073599
0.077505
0.080140
0.076316
0.079628
0.075761
0.072310
0.076504
0.085905
0.095852
0.104006
0.114952
0.129653
0.136258
0.136264
0.145218
0.150989
0.148502
0.143170
0.151477
0.155336
0.151901
0.144147
0.147392
0.145092
0.142994
0.132808
0.132195
0.134773
0.141824
0.141770
0.136955
0.133380
0.134098
0.122076
0.134569
0.145238
0.137312
0.139376
0.137661
0.132580
0.124850
0.124891
0.132227
0.129880
0.129770
0.129146
0.130668
0.124800
0.133217
0.133868
0.131837
0.127511
0.130683
0.136702
0.139525
0.144623
0.140367
0.122509
0.129426
0.130250
0.128802
0.139625
0.134677
0.128979
0.130086
0.133057
0.134084
0.128191
0.126928
0.132851
0.124005
0.126186
0.132929
0.139931
0.134408
0.128978
0.130397
0.125145
0.124225
0.119947
0.119286
0.113545
0.117577
0.128641
0.131039
0.124533
0.121298
0.131606
0.137712
0.126261
0.125789
0.128349
0.120895
0.122671
0.130428
0.124564
0.126051
0.126461
0.117399
0.117118
0.115346
0.115471
0.113568
0.120118
0.114804
0.110167
0.101827
0.104984
0.107500
0.104996
0.110616
0.106572
0.107031
0.109012
0.106639
0.107511
0.104237
0.102555
0.107816
0.101057
0.102897
0.102103
0.112964
0.112427
0.111785
0.101682
0.103155
0.109707
0.102829
0.102048
0.110699
0.101343
0.106339
0.107200
0.109967
0.113112
0.120067
0.103502
0.108096
0.098979
0.105405
0.108821
0.108572
0.101775
0.100758
0.101467
0.094448
0.105769
0.097871
0.103864
0.098277
0.103987
0.097270
0.096667
0.096896
0.102435
0.107727
0.101184
0.105357
0.109648
0.107003
0.108630
0.123234
0.145550
0.161894
0.177310
0.192793
0.200536
0.198680
0.188462
0.188265
0.180537
0.188857
0.193334
0.192456
0.195507
0.189532
0.185526
0.188209
0.186162
0.184257
0.184014
0.189753
0.186881
0.187817
0.181462
0.188309
0.192278
0.181111
0.181161
0.182010
0.183654
0.175405
0.176034
0.172581
0.167034
0.155767
0.146932
0.160562
0.153874
0.161254
0.162246
0.169546
0.158825
0.156529
0.148111
0.152895
0.155003
0.160196
0.150709
0.150310
0.148642
0.140927
0.153248
0.152164
0.156345
0.154945
0.150412
0.144075
0.146288
0.135417
0.149285
0.149571
0.153562
0.151753
0.154135
0.147327
0.156556
0.163256
0.160291
0.166740
0.155821
0.161168
0.169455
0.169648
0.173898
0.185061
0.180015
0.186056
0.173953
0.185954
0.184078
0.195975
0.197634
0.195848
0.187013
0.174997
0.185051
0.184636
0.182376
0.178663
0.170266
0.182992
0.183637
0.182934
0.165956
0.173214
0.182102
0.185070
0.183290
0.191943
0.188179
0.182706
0.177410
0.169663
0.185411
0.180220
0.164386
0.174973
0.168542
0.158570
0.155741
0.164130
0.163732
0.154246
0.150791
0.143133
0.154232
0.164533
0.157936
0.157999
0.151831
0.143792
0.140007
0.139836
0.143784
0.135499
0.143064
0.145127
0.146340
0.143586
0.138905
0.135761
0.129546
0.131640
0.145637
0.133977
0.137861
0.120898
0.130218
0.133491
0.146283
0.148185
0.139613
0.134811
0.144329
0.134753
0.127847
0.136352
0.127864
0.122249
0.128469
0.131056
0.133406
0.134115
0.128438
0.132382
0.121580
0.127898
0.139874
0.128569
0.134158
0.123567
0.127948
0.125332
0.120552
0.124437
0.130657
0.122684
0.116723
0.119416
0.115753
0.118596
0.120403
0.121914
0.120901
0.128673
0.121522
0.120125
0.120391
0.124649
0.114115
0.118074
0.109101
0.114952
0.111859
0.111596
0.118297
0.110323
0.106062
0.102417
0.100600
0.105278
0.101865
0.105021
0.106002
0.107597
0.105301
0.114716
0.112350
0.112007
0.112039
0.110232
0.115592
0.112476
0.114084
0.111928
0.111698
0.105827
0.112044
0.107209
0.105453
0.113483
0.114874
0.107500
0.104680
0.102975
0.110561
0.112526
0.111408
0.105475
0.108699
0.107844
0.109545
0.109878
0.107736
0.107056
0.094002
0.104415
0.101668
0.107482
0.098975
0.103231
0.099929
0.097040
0.098807
0.096913
0.087844
0.104968
0.100345
0.101032
0.106703
0.101402
0.096273
0.094180
0.099417
0.102139
0.098518
0.095126
0.098235
0.101639
0.102212
0.100140
0.099511
0.094481
0.104675
0.102437
0.097262
0.101663
0.101278
0.100423
0.098808
0.100345
0.097647
0.095051
0.098157
0.092692
0.099606
0.097687
0.093439
0.097891
0.095787
0.098767
0.094793
0.098719
0.100155
0.090411
0.094135
0.089082
0.087976
0.091188
0.091967
0.088416
0.090202
0.091549
0.089130
0.098368
0.090689
0.086590
0.087512
0.092621
0.087109
0.093583
0.090195
0.093015
0.093059
0.087344
0.088984
0.091828
0.092904
0.092794
0.095167
0.089326
0.091557
0.083677
0.089581
0.089092
0.088240
0.092041
0.098131
0.088546
0.094114
0.096970
0.101953
0.092500
0.096703
0.096218
0.095242
0.094963
0.101674
0.097316
0.095654
0.096697
0.089562
0.090140
0.085496
0.080332
0.081909
0.087737
0.091745
0.088770
0.091867
0.086900
0.095330
0.098701
0.097068
0.094065
0.096041
0.101042
0.103623
0.104232
0.103144
0.103347
0.099032
0.104452
0.098628
0.099059
0.098722
0.098246
0.098944
0.100177
0.098239
0.098947
0.098172
0.103169
0.102217
0.099671
0.101407
0.100549
0.105820
0.100502
0.098619
0.102207
0.096327
0.096226
0.097700
0.095179
0.094132
0.091987
0.098908
0.096503
0.094216
0.088105
0.086550
0.087210
0.091282
0.091902
0.093657
0.090060
0.091868
0.097711
0.092357
0.097585
0.095914
0.095243
0.092199
0.086105
0.088645
0.088345
0.086808
0.092153
0.085528
0.090505
0.095252
0.093361
0.087351
0.097444
0.098183
0.095540
0.091259
0.096154
0.099604
0.096353
0.099502
0.093646
0.097259
0.089538
0.093133
0.090397
0.094872
0.095384
0.096253
0.095152
0.091814
0.102766
0.094184
0.096157
0.098587
0.096956
0.099057
0.097108
0.102515
0.096089
0.101851
0.108246
0.099746
0.104481
0.098452
0.095229
0.090638
0.098375
0.097648
0.098542
0.095284
0.099497
0.099039
0.091453
0.098759
0.093259
0.092234
0.088143
0.087810
0.091198
0.087357
0.092286
0.093876
0.096270
0.086682
0.095444
0.096835
0.100065
0.094014
0.094753
0.092933
0.084408
0.088419
0.094276
0.093182
0.090982
0.087219
0.088987
0.088016
0.084272
0.088582
0.092424
0.091086
0.085462
0.085839
0.081542
0.086840
0.089996
0.092009
0.086112
0.086987
0.090039
0.090648
0.086591
0.089644
0.092799
0.089733
0.094642
0.084072
0.084608
0.081669
0.078698
0.084390
0.085074
0.084018
0.088062
0.089681
0.080008
0.086432
0.085049
0.085323
0.087043
0.087264
0.082853
0.085018
0.092095
0.083776
0.090560
0.083214
0.085991
0.093371
0.090208
0.091160
0.086693
0.086083
0.087363
0.090338
0.084688
0.083766
0.084054
0.084137
0.091862
0.091040
0.087343
0.082701
0.085982
0.082121
0.082809
0.084558
0.082830
0.085497
0.088105
0.088216
0.090845
0.087750
0.085432
0.087969
0.090448
0.092680
0.091655
0.090376
0.083064
0.086842
0.091253
0.090988
0.090242
0.088439
0.084122
0.089037
0.093587
0.089574
0.091711
0.096892
0.097800
0.096337
0.090245
0.085403
0.085010
0.088964
0.087285
0.089217
0.090939
0.087466
0.090500
0.087745
0.083386
0.086617
0.089569
0.087748
0.091939
0.090905
0.090365
0.088382
0.092585
0.088096
0.089306
0.087265
0.084728
0.092908
0.089952
0.093617
0.085934
0.084571
0.089915
0.086156
0.087872
0.085724
0.091080
0.088017
0.090199
0.088996
0.090335
0.089617
0.091122
0.089696
0.086206
0.093868
0.092180
0.090241
0.090782
0.089051
0.087457
0.089075
0.088967
0.089820
0.087007
0.084938
0.089345
0.089310
0.089525
0.088089
0.085686
0.089529
0.089237
0.085961
0.085898
0.088520
0.083127
0.083069
0.086823
0.084618
0.082246
0.083206
0.092142
0.090761
0.089474
0.089044
0.092307
0.094299
0.089211
0.090177
0.091542
0.089450
0.089442
0.092307
0.092892
0.092185
0.092460
0.093921
0.091287
0.094567
0.093795
0.096054
0.089220
0.088802
0.089402
0.088012
0.089433
0.090037
0.086284
0.086252
0.087540
0.087723
0.085262
0.087506
0.088191
0.091749
0.092570
0.094782
0.093264
0.092379
0.095006
0.093778
0.094530
0.092184
0.093013
0.090508
0.089048
0.089285
0.087950
0.089855
0.086503
0.080709
0.085793
0.089022
0.087948
0.089496
0.089940
0.090707
0.088418
0.089865
0.088261
0.093644
0.092903
0.091733
0.096094
0.095036
0.098629
0.096797
0.092386
0.099051
0.086544
0.090625
0.091987
0.087099
0.090574
0.089124
0.090494
0.084213
0.091677
0.090801
0.089888
0.097079
0.090461
0.090650
0.090629
0.094546
0.087222
0.087168
0.086036
0.089968
0.086623
0.085306
0.087500
0.088194
0.089545
0.086733
0.088066
0.088338
0.090409
0.088697
0.088915
0.090293
0.089380
0.090781
0.089250
0.088921
0.086675
0.091471
0.089119
0.089436
0.091628
0.093217
0.085688
0.091551
0.093994
0.090844
0.092679
0.096040
0.087991
0.089856
0.088545
0.092357
0.091887
0.085021
0.091372
0.088771
0.091937
0.085159
0.089366
0.090750
0.090490
0.094503
0.090773
0.093418
0.088431
0.090114
0.094415
0.087475
0.088686
0.094104
0.093710
0.092822
0.091885
0.090392
0.092068
0.090670
0.089474
0.090941
0.085348
0.081414
0.087899
0.087318
0.089430
0.087263
0.094006
0.086339
0.082210
0.085097
0.085059
0.082970
0.080648
0.081386
0.081245
0.081280
0.077072
0.078958
0.078419
0.078619
0.082455
0.084572
0.080166
0.081796
0.080106
0.082943
0.075402
0.076223
0.076480
0.079687
0.080401
0.083780
0.081672
0.082636
0.083227
0.083891
0.081771
0.082577
0.079077
0.081037
0.081064
0.082003
0.086526
0.084768
0.081661
0.082432
0.080260
0.078409
0.082067
0.078057
0.080923
0.079093
0.080384
0.084089
0.078191
0.083178
0.078545
0.080984
0.077359
0.078801
0.076864
0.081047
0.073916
0.080952
0.076880
0.080163
0.076850
0.078403
0.080142
0.075212
0.073796
0.075997
0.076020
0.073676
0.075198
0.077274
0.077108
0.076781
0.076604
0.080101
0.081171
0.075981
0.081941
0.080501
0.078655
0.082606
0.080235
0.080449
0.080201
0.079783
0.082008
0.085236
0.086349
0.083846
0.087744
0.087261
0.079639
0.080916
0.082313
0.086426
0.088785
0.083223
0.081255
0.081689
0.079680
0.082732
0.082914
0.078613
0.078684
0.079447
0.075516
0.077296
0.074189
0.079175
0.081726
0.081581
0.078791
0.079414
0.077990
0.077806
0.078678
0.080222
0.082024
0.080109
0.077304
0.077556
0.079671
0.078265
0.080816
0.082177
0.078148
0.079862
0.077330
0.079842
0.076714
0.076938
0.075823
0.076812
0.081670
0.077677
0.078232
0.076659
0.079455
0.083175
0.079701
0.082029
0.080427
0.075222
0.072708
0.072731
0.073810
0.070539
0.071834
0.077019
0.072658
0.072240
0.074794
0.070810
0.073910
0.072508
0.076299
0.075179
0.075401
0.075838
0.076877
0.075453
0.080664
0.076216
0.076723
0.077661
0.078511
0.077638
0.075979
0.076022
0.076475
0.074945
0.076154
0.078131
0.072364
0.076717
0.079891
0.078247
0.078772
0.077656
0.074045
0.073018
0.077166
0.076268
0.079539
0.081049
0.078312
0.083073
0.079174
0.079246
0.081307
0.082170
0.078891
0.080614
0.080572
0.081734
0.080515
0.081672
0.081118
0.082794
0.083670
0.079107
0.078892
0.075972
0.074118
0.073748
0.075871
0.078962
0.076219
0.077517
0.077550
0.075511
0.074085
0.075151
0.075515
0.080787
0.075256
0.079754
0.079977
0.079126
0.078678
0.080519
0.078048
0.076178
0.079666
0.078396
0.080430
0.081114
0.076320
0.079339
0.076087
0.078721
0.073410
0.072591
0.071962
0.072803
0.075817
0.071496
0.073930
0.072099
0.073809
0.076865
0.073904
0.078901
0.077956
0.081719
0.077507
0.080741
0.074312
0.077568
0.077335
0.079834
0.076736
0.079178
0.078110
0.077916
0.076771
0.079997
0.074569
0.075992
0.078763
0.082812
0.084379
0.079938
0.081840
0.079307
0.079182
0.084648
0.082152
0.079707
0.077470
0.083880
0.080094
0.083454
0.082282
0.078447
0.077347
0.074162
0.080417
0.076765
0.074288
0.075738
0.071676
0.078727
0.075593
0.077788
0.074096
0.074655
0.074250
0.077394
0.076777
0.079671
0.077175
0.076353
0.078318
0.077616
0.078715
0.079508
0.080633
0.078153
0.072823
0.070857
0.076433
0.078638
0.080103
0.079955
0.078291
0.079685
0.076599
0.077055
0.074651
0.076558
0.071857
0.076998
0.080946
0.077047
0.077072
0.081045
0.077390
0.079693
0.078449
0.074432
0.076956
0.073811
0.071373
0.077456
0.074971
0.071970
0.072467
0.078772
0.077387
0.076524
0.073831
0.075096
0.076600
0.075974
0.074339
0.074265
0.074463
0.073527
0.072652
0.076506
0.073806
0.072158
0.075419
0.071106
0.075189
0.084667
0.095209
0.116634
0.147154
0.150643
0.164857
0.168355
0.178801
0.173728
0.176453
0.178806
0.178992
0.180510
0.176780
0.176476
0.167941
0.173485
0.163140
0.163955
0.168173
0.170407
0.168405
0.167096
0.173358
0.169701
0.172209
0.166268
0.155773
0.150239
0.160604
0.157431
0.153318
0.148786
0.153590
0.156364
0.149375
0.142642
0.130472
0.133634
0.133167
0.130900
0.126779
0.142094
0.143654
0.132062
0.136237
0.135167
0.134579
0.135961
0.137013
0.133616
0.127862
0.130450
0.133272
0.136622
0.132361
0.131045
0.136389
0.123674
0.121904
0.114835
0.127857
0.125619
0.119993
0.128230
0.126981
0.121267
0.120563
0.114025
0.118744
0.113670
0.112158
0.100589
0.105103
0.108729
0.114733
0.127198
0.122924
0.142556
0.146528
0.154608
0.165937
0.165064
0.169585
0.168965
0.183249
0.167322
0.179397
0.177322
0.182456
0.182478
0.190473
0.195120
0.182725
0.188130
0.176830
0.177254
0.182426
0.166256
0.176751
0.173509
0.171119
0.175649
0.173055
0.162551
0.152900
0.151634
0.156966
0.158412
0.149479
0.153890
0.140661
0.137400
0.143398
0.137564
0.130923
0.132268
0.139036
0.146833
0.153743
0.139010
0.132017
0.132338
0.129433
0.130089
0.138079
0.128641
0.122007
0.128797
0.136873
0.138483
0.144774
0.146093
0.140595
0.141930
0.139414
0.146961
0.132070
0.127710
0.126071
0.130116
0.128238
0.127613
0.131341
0.135030
0.130013
0.137674
0.144091
0.146100
0.144410
0.138923
0.139520
0.137097
0.146176
0.129199
0.134031
0.130809
0.128476
0.125888
0.131139
0.128508
0.124683
0.115407
0.115394
0.122206
0.116512
0.116405
0.117313
0.120377
0.114497
0.118296
0.121404
0.125032
0.120504
0.117632
0.119145
0.123808
0.122856
0.122545
0.118024
0.118564
0.112679
0.111419
0.111001
0.105568
0.100598
0.100047
0.098835
0.104607
0.101834
0.101253
0.100977
0.103083
0.100227
0.093461
0.097341
0.099771
0.102450
0.101545
0.102594
0.098714
0.100314
0.108684
0.106352
0.110382
0.108460
0.109399
0.107393
0.101076
0.101383
0.112167
0.110479
0.112124
0.105483
0.108968
0.111996
0.114548
0.106294
0.113911
0.111185
0.104766
0.112798
0.104483
0.106323
0.101532
0.104302
0.105636
0.111694
0.116650
0.111175
0.114005
0.114823
0.110457
0.103371
0.107781
0.101972
0.102597
0.107362
0.099095
0.104746
0.101696
0.107204
0.101215
0.105576
0.102107
0.103596
0.101401
0.102184
0.102797
0.100294
0.094526
0.101122
0.101025
0.101282
0.111179
0.098055
0.101982
0.107373
0.101267
0.104647
0.105358
0.104272
0.107081
0.105083
0.105318
0.104287
0.098911
0.106276
0.107182
0.098957
0.105042
0.111184
0.100364
0.100560
0.099677
0.101453
0.112315
0.110091
0.105517
0.102628
0.101539
0.105539
0.099777
0.093541
0.095033
0.102309
0.102266
0.103555
0.106359
0.105625
0.099330
0.101474
0.108482
0.103205
0.101846
0.097341
0.103585
0.101999
0.097239
0.089492
0.092057
0.094886
0.088945
0.090804
0.098886
0.100240
0.092677
0.095563
0.100073
0.103760
0.102274
0.100443
0.095132
0.101515
0.102384
0.098311
0.106415
0.101577
0.107308
0.101134
0.109700
0.105081
0.108055
0.105138
0.108574
0.106028
0.109293
0.102629
0.106943
0.103216
0.099981
0.103134
0.099668
0.107185
0.105795
0.104146
0.098534
0.093778
0.096970
0.099253
0.097665
0.099860
0.106292
0.097176
0.100365
0.092596
0.098706
0.100259
0.102024
0.105818
0.108702
0.104952
0.097848
0.097131
0.100013
0.097573
0.097755
0.098001
0.104045
0.100072
0.104599
0.102764
0.098185
0.104214
0.097232
0.096645
0.096009
0.096282
0.100126
0.101331
0.103071
0.092427
0.092919
0.098926
0.097860
0.098866
0.097612
0.098347
0.099590
0.100593
0.099300
0.091457
0.092757
0.096917
0.093856
0.094175
0.090228
0.092126
0.091302
0.090149
0.101926
0.099724
0.097635
0.092217
0.095353
0.098014
0.091025
0.092887
0.093743
0.096772
0.093220
0.090658
0.092968
0.091265
0.094535
0.091912
0.095766
0.095118
0.092857
0.090057
0.087551
0.089971
0.087643
0.093789
0.094817
0.093459
0.087082
0.086240
0.084877
0.084024
0.075869
0.083024
0.088965
0.086826
0.085677
0.085569
0.092420
0.091453
0.093938
0.094877
0.092891
0.094812
0.094473
0.095024
0.099992
0.096286
0.095764
0.096770
0.099855
0.096188
0.099297
0.091033
0.094875
0.097070
0.093260
0.094962
0.099347
0.093156
0.099933
0.095822
0.096449
0.090012
0.095195
0.091812
0.086889
0.084018
0.091136
0.087995
0.080515
0.084195
0.089247
0.085247
0.088982
0.091822
0.087832
0.086255
0.086256
0.090460
0.088800
0.089443
0.083162
0.088421
0.098800
0.097001
0.096437
0.095425
0.088917
0.093812
0.094066
0.090148
0.091329
0.092076
0.091971
0.091242
0.095029
0.089491
0.088556
0.093167
0.091051
0.092632
0.088943
0.092644
0.087806
0.087123
0.082910
0.088732
0.091060
0.079412
0.081409
0.079764
0.080387
0.081752
0.077703
0.079974
0.084071
0.081049
0.083806
0.090372
0.089114
0.093035
0.089030
0.088700
0.087699
0.082321
0.080941
0.088589
0.083029
0.085733
0.085945
0.088000
0.088790
0.089029
0.092229
0.083551
0.085462
0.085967
0.090796
0.083512
0.083142
0.087603
0.090729
0.085684
0.081485
0.083660
0.084031
0.085456
0.079214
0.082601
0.078626
0.081560
0.077611
0.078049
0.082624
0.079108
0.081858
0.081585
0.079736
0.078039
0.077570
0.077364
0.080509
0.075682
0.078611
0.077054
0.077466
0.079859
0.078387
0.076551
0.077276
0.078913
0.075494
0.076913
0.077698
0.075749
0.072876
0.078646
0.074548
0.078867
0.077029
0.079278
0.079705
0.076734
0.074803
0.074002
0.073587
0.077074
0.075002
0.078674
0.078258
0.074721
0.078395
0.076841
0.076639
0.081133
0.075577
0.080071
0.081278
0.077690
0.081257
0.078358
0.077935
0.079309
0.079945
0.080936
0.080012
0.075651
0.078282
0.073543
0.077975
0.075664
0.077948
0.078959
0.078394
0.080841
0.080237
0.081445
0.079782
0.076892
0.074553
0.075814
0.073649
0.072518
0.076046
0.071196
0.076027
0.076822
0.080537
0.079062
0.076179
0.080746
0.078850
0.078201
0.077580
0.078463
0.080576
0.079171
0.076719
0.075394
0.077518
0.078915
0.081393
0.077141
0.081295
0.078474
0.081147
0.081834
0.080392
0.077165
0.075529
0.079813
0.084590
0.081302
0.081449
0.077496
0.081172
0.080311
0.081184
0.081385
0.077505
0.079255
0.081333
0.079953
0.078726
0.078663
0.079511
0.075926
0.075906
0.077389
0.082675
0.079386
0.081376
0.081605
0.080525
0.077298
0.079041
0.078372
0.073937
0.072485
0.074590
0.072573
0.071016
0.075507
0.075594
0.077423
0.077078
0.074539
0.080750
0.079579
0.074246
0.076046
0.074526
0.072553
0.075530
0.075468
0.075569
0.077344
0.075707
0.072511
0.072302
0.074097
0.075751
0.076039
0.075935
0.077255
0.077593
0.077036
0.074257
0.077691
0.075331
0.074833
0.072085
0.070513
0.073761
0.072975
0.073131
0.072393
0.072315
0.067626
0.068477
0.070867
0.066513
0.069406
0.062560
0.067154
0.065640
0.070124
0.066302
0.067958
0.068049
0.065808
0.067202
0.066897
0.068860
0.070521
0.068077
0.068336
0.070632
0.069289
0.067506
0.068923
0.070234
0.068827
0.070547
0.073581
0.068968
0.071639
0.070160
0.072525
0.069536
0.071442
0.072839
0.076094
0.072035
0.071143
0.075104
0.075461
0.075831
0.073697
0.073888
0.072424
0.068938
0.069442
0.067513
0.068384
0.065373
0.067760
0.067370
0.067864
0.069637
0.064655
0.064664
0.062756
0.063500
0.065389
0.064920
0.068033
0.072342
0.068251
0.065857
0.069310
0.069027
0.069154
0.067608
0.067655
0.066116
0.066866
0.065088
0.064351
0.065921
0.064388
0.063848
0.063503
0.063247
0.063230
0.065009
0.065232
0.062000
0.060308
0.069272
0.081883
0.097732
0.109503
0.132541
0.143077
0.151596
0.152576
0.166683
0.167195
0.163388
0.152197
0.166177
0.173532
0.173227
0.165273
0.167724
0.165913
0.164606
0.164862
0.161525
0.163159
0.161490
0.160615
0.153165
0.157201
0.150412
0.152641
0.146434
0.147374
0.148456
0.155918
0.157351
0.149719
0.152891
0.154195
0.154103
0.151114
0.148998
0.146821
0.146681
0.149819
0.146505
0.140372
0.139247
0.138196
0.138226
0.136081
0.132640
0.135311
0.128550
0.121376
0.115721
0.124990
0.118654
0.117384
0.123155
0.122594
0.124349
0.121913
0.110642
0.110253
0.104581
0.106728
0.117046
0.101335
0.113250
0.110295
0.104564
0.112063
0.114114
0.116428
0.120623
0.118638
0.117293
0.115013
0.119045
0.113843
0.113674
0.112856
0.109354
0.107924
0.122197
0.117576
0.114352
0.109910
0.117888
0.109315
0.107107
0.107082
0.106408
0.104824
0.108122
0.109443
0.113102
0.107360
0.103557
0.105909
0.112836
0.106873
0.111977
0.105325
0.104846
0.104291
0.103126
0.103357
0.105462
0.104223
0.104500
0.107101
0.111529
0.096595
0.110877
0.111139
0.105891
0.104449
0.106595
0.097513
0.104502
0.097663
0.101571
0.098001
0.096807
0.097427
0.089572
0.088596
0.094140
0.092403
0.094442
0.090265
0.090156
0.093892
0.094340
0.095727
0.098005
0.096436
0.093870
0.091292
0.093172
0.099259
0.094241
0.093662
0.094170
0.089633
0.084752
0.082519
0.084009
0.088351
0.080140
0.085495
0.088184
0.086551
0.089475
0.083808
0.078088
0.084578
0.083244
0.082808
0.082560
0.082203
0.081389
0.081080
0.081022
0.083738
0.088260
0.083218
0.082809
0.079105
0.080975
0.081559
0.077828
0.072921
0.077604
0.076785
0.077878
0.082134
0.083517
0.087382
0.083180
0.084690
0.081325
0.084295
0.083517
0.082762
0.084649
0.083357
0.077860
0.079910
0.079665
0.083247
0.077537
0.078091
0.080371
0.075741
0.075573
0.084119
0.084318
0.087486
0.082189
0.082873
0.086812
0.086879
0.089519
0.082644
0.080301
0.077256
0.075049
0.078324
0.077915
0.078455
0.082994
0.089359
0.086330
0.085971
0.087287
0.087847
0.088734
0.090782
0.089662
0.090431
0.089879
0.091030
0.087778
0.090384
0.089816
0.091614
0.089793
0.084182
0.083425
0.084545
0.082498
0.085136
0.080326
0.082746
0.085137
0.090220
0.090238
0.088867
0.080167
0.078906
0.074703
0.077862
0.081352
0.079528
0.080037
0.078105
0.079789
0.080004
0.076175
0.069876
0.072662
0.076815
0.078059
0.077987
0.081820
0.079733
0.081172
0.082338
0.078470
0.077094
0.082903
0.081580
0.084121
0.082546
0.084914
0.085729
0.082989
0.083240
0.085205
0.078125
0.080870
0.082112
0.083841
0.079679
0.079934
0.085657
0.080479
0.080657
0.078283
0.083032
0.084907
0.080729
0.085314
0.083729
0.082595
0.079484
0.075380
0.073422
0.075753
0.075003
0.080981
0.080883
0.083488
0.084918
0.078818
0.083656
0.080226
0.079383
0.081001
0.082051
0.084044
0.081540
0.079156
0.077124
0.080062
0.079279
0.082010
0.082232
0.078729
0.081247
0.077386
0.076009
0.082666
0.080654
0.075564
0.079954
0.084282
0.081474
0.079050
0.075662
0.081219
0.083590
0.083998
0.085671
0.084225
0.083244
0.086458
0.085837
0.080858
0.084754
0.083844
0.082369
0.083403
0.081230
0.080702
0.085355
0.085248
0.081462
0.086461
0.089740
0.083824
0.084667
0.085122
0.082470
0.081887
0.082699
0.082414
0.081324
0.077256
0.081357
0.081917
0.080404
0.083719
0.078618
0.082550
0.085784
0.082418
0.082766
0.079226
0.079107
0.076308
0.084823
0.080223
0.077674
0.081681
0.083755
0.082973
0.084115
0.081884
0.079249
0.081987
0.079611
0.079179
0.078396
0.080738
0.083737
0.082685
0.082294
0.077200
0.077587
0.076744
0.077580
0.078097
0.075033
0.074183
0.076829
0.076030
0.072966
0.079123
0.074871
0.078571
0.080874
0.081014
0.076458
0.080850
0.079493
0.081356
0.079077
0.079489
0.081246
0.081385
0.079916
0.080601
0.080105
0.077591
0.076518
0.077741
0.080289
0.081189
0.083743
0.081374
0.080674
0.084010
0.079704
0.082531
0.081946
0.084554
0.080600
0.081817
0.078477
0.076148
0.077463
0.077103
0.073984
0.076112
0.072995
0.070027
0.072859
0.071395
0.072520
0.076050
0.076275
0.076263
0.072593
0.079653
0.075835
0.079997
0.079932
0.079155
0.076603
0.080327
0.078838
0.081094
0.077699
0.082225
0.080471
0.080527
0.084947
0.076059
0.075886
0.074101
0.074138
0.080051
0.077361
0.080845
0.080560
0.078885
0.076514
0.080287
0.079573
0.079209
0.073214
0.077143
0.079477
0.075335
0.077120
0.080318
0.074737
0.075435
0.079776
0.078330
0.077828
0.079749
0.073359
0.077654
0.075272
0.077575
0.078978
0.077338
0.078157
0.076101
0.072769
0.070689
0.072417
0.068369
0.070583
0.073568
0.069885
0.069687
0.073898
0.074050
0.075283
0.074567
0.076035
0.076160
0.079185
0.080680
0.079995
0.077079
0.073881
0.070265
0.073278
0.072787
0.070251
0.071847
0.072006
0.071879
0.071492
0.071793
0.075783
0.075895
0.075309
0.080007
0.078434
0.079471
0.080645
0.079846
0.075353
0.077337
0.078316
0.076475
0.077437
0.077835
0.077939
0.078467
0.078870
0.074256
0.074133
0.078281
0.079320
0.079928
0.079400
0.080085
0.074201
0.074376
0.075458
0.077746
0.075493
0.073775
0.072365
0.074178
0.072944
0.071653
0.072450
0.074547
0.071015
0.072404
0.075593
0.076498
0.075526
0.071833
0.078316
0.077199
0.078842
0.076267
0.074215
0.079194
0.077928
0.077881
0.074729
0.073479
0.078727
0.077237
0.075142
0.076241
0.073811
0.077024
0.077815
0.077831
0.077903
0.078843
0.077719
0.076834
0.072352
0.075605
0.075068
0.070636
0.073375
0.071433
0.075278
0.074104
0.074967
0.073878
0.073113
0.073871
0.074257
0.075020
0.077596
0.072639
0.072462
0.072510
0.073586
0.078264
0.075671
0.073991
0.079006
0.073058
0.073337
0.072118
0.073836
0.072580
0.074117
0.074144
0.072806
0.071968
0.073121
0.075127
0.075736
0.070955
0.071659
0.075884
0.075795
0.074983
0.072761
0.072722
0.074806
0.075035
0.073700
0.075199
0.073509
0.074587
0.073997
0.074398
0.076971
0.076004
0.075925
0.076891
0.075079
0.074120
0.074369
0.075462
0.072793
0.074864
0.074382
0.075430
0.076549
0.071774
0.073338
0.074799
0.072808
0.072183
0.072587
0.072629
0.072723
0.070764
0.071551
0.071633
0.065266
0.069965
0.065148
0.069317
0.071000
0.066265
0.068017
0.071397
0.070727
0.067107
0.071621
0.069253
0.066667
0.069183
0.067319
0.071229
0.069435
0.068698
0.067411
0.069919
0.071159
0.067132
0.070219
0.071598
0.072253
0.069688
0.069068
0.066670
0.066352
0.067414
0.066275
0.065251
0.066941
0.065619
0.064642
0.064317
0.065079
0.068130
0.063803
0.069168
0.067943
0.068355
0.068134
0.069254
0.068369
0.065716
0.064434
0.065123
0.066896
0.066228
0.069599
0.066346
0.065186
0.068490
0.068319
0.069192
0.064385
0.063550
0.064790
0.066050
0.067970
0.065038
0.065571
0.067024
0.066269
0.070048
0.068197
0.067759
0.066511
0.068005
0.066957
0.066350
0.068065
0.068983
0.069920
0.065322
0.068772
0.065558
0.067704
0.067654
0.071461
0.068870
0.070468
0.071315
0.070423
0.069307
0.069421
0.071471
0.068699
0.071447
0.071503
0.071473
0.072484
0.071406
0.071882
0.073457
0.068998
0.070575
0.071518
0.069968
0.067436
0.068529
0.071284
0.071881
0.072264
0.071022
0.070574
0.070673
0.068256
0.068446
0.068721
0.063215
0.066381
0.067294
0.065615
0.068557
0.066415
0.064186
0.067820
0.067164
0.067791
0.066752
0.069278
0.068103
0.072290
0.074267
0.073565
0.071002
0.067319
0.069605
0.066954
0.068768
0.068947
0.070618
0.065999
0.068359
0.069031
0.070250
0.071862
0.068683
0.068384
0.069669
0.069159
0.070873
0.069061
0.069481
0.068399
0.071758
0.069104
0.067817
0.064328
0.065536
0.063314
0.062235
0.062638
0.066582
0.066171
0.063780
0.067096
0.065821
0.065025
0.067522
0.067557
0.068707
0.066669
0.063998
0.065014
0.064793
0.061126
0.066367
0.063677
0.061917
0.064508
0.065454
0.066981
0.063715
0.067062
0.063791
0.065731
0.068579
0.066563
0.065712
0.067025
0.065931
0.065313
0.066024
0.065617
0.064687
0.061820
0.062522
0.064756
0.063132
0.062488
0.064470
0.062943
0.065435
0.058860
0.061269
0.060749
0.062605
0.063742
0.063866
0.060686
0.065215
0.066636
0.067904
0.070324
0.067773
0.066868
0.067880
0.065398
0.066723
0.067189
0.068571
0.065440
0.068887
0.068575
0.067302
0.066199
0.063401
0.068981
0.068450
0.067154
0.066228
0.068071
0.066740
0.068229
0.069343
0.066341
0.067973
0.064970
0.065880
0.061615
0.063534
0.063153
0.063985
0.063325
0.065386
0.061138
0.062116
0.062954
0.065084
0.062795
0.064822
0.062822
0.060243
0.059740
0.064576
0.062622
0.061971
0.059456
0.058230
0.062170
0.063430
0.062080
0.067702
0.066629
0.064141
0.066065
0.066317
0.066178
0.065646
0.064329
0.063780
0.058084
0.063541
0.060450
0.062226
0.062519
0.064443
0.063937
0.065248
0.062526
0.062880
0.064999
0.063066
0.064671
0.064045
0.060545
0.062253
0.062375
0.062327
0.062493
0.064153
0.064048
0.065520
0.063191
0.065211
0.060940
0.061110
0.062204
0.060121
0.062476
0.059593
0.058715
0.063305
0.058690
0.061822
0.056463
0.057557
0.056483
0.056580
0.056860
0.057530
0.058792
0.060283
0.059781
0.057974
0.060474
0.059873
0.058115
0.061443
0.057958
0.060179
0.060003
0.059793
0.058587
0.057781
0.060155
0.062187
0.059649
0.060076
0.057662
0.061210
0.059352
0.059631
0.058557
0.058917
0.058046
0.058662
0.057696
0.059494
0.061372
0.060391
0.061956
0.057267
0.059843
0.058260
0.059847
0.063260
0.061391
0.062823
0.064115
0.061579
0.060796
0.060391
0.061172
0.059750
0.061019
0.061638
0.058307
0.060081
0.062773
0.061440
0.063333
0.065843
0.061749
0.061548
0.063533
0.065126
0.065136
0.062042
0.063479
0.060319
0.062309
0.062506
0.061401
0.061892
0.062434
0.059659
0.061108
0.061677
0.061673
0.061368
0.061514
0.062065
0.060431
0.061215
0.062005
0.063278
0.062844
0.064363
0.065936
0.065123
0.064833
0.064068
0.063238
0.065427
0.067449
0.067136
0.067918
