1.000000
0.987680
0.971134
0.956982
0.956555
0.958349
0.936972
0.947474
0.925628
0.908276
0.918715
0.880453
0.868718
0.868610
0.884020
0.885209
0.892530
0.888421
0.879007
0.879025
0.862162
0.831152
0.847004
0.861466
0.877184
0.878634
0.874220
0.888410
0.862613
0.873853
0.835416
0.846864
0.833014
0.844733
0.824755
0.827885
0.832198
0.823247
0.816007
0.825225
0.825393
0.812658
0.817686
0.807706
0.824847
0.838116
0.826853
0.793371
0.797952
0.803692
0.766928
0.781719
0.797357
0.786065
0.763067
0.772400
0.766303
0.782023
0.777462
0.783570
0.758576
0.772287
0.759887
0.741735
0.717335
0.722886
0.732207
0.736957
0.739918
0.729511
0.714729
0.724290
0.710914
0.721739
0.695182
0.702168
0.713114
0.701673
0.699089
0.684235
0.678883
0.674881
0.667466
0.676708
0.687538
0.686468
0.694494
0.670574
0.656390
0.677242
0.663704
0.674795
0.688193
0.660559
0.638843
0.635441
0.614449
0.633650
0.629693
0.648150
0.647212
0.594823
0.571092
0.582876
0.583472
0.584074
0.590759
0.587426
0.600841
0.589105
0.594425
0.595336
0.567806
0.542020
0.542627
0.539682
0.508186
0.529666
0.518782
0.511493
0.514988
0.508386
0.517175
0.508040
0.499148
0.488456
0.482635
0.469561
0.498559
0.507795
0.477122
0.473254
0.480195
0.507419
0.495330
0.480983
0.491016
0.482755
0.455125
0.447688
0.431705
0.437020
0.428780
0.394692
0.406536
0.406847
0.398829
0.380355
0.397039
0.411141
0.393538
0.360391
0.359593
0.384092
0.366729
0.334922
0.337798
0.357759
0.370685
0.354601
0.364040
0.367037
0.370233
0.366819
0.357495
0.350452
0.346911
0.335340
0.335685
0.329711
0.327194
0.317476
0.327641
0.316760
0.335867
0.327154
0.342468
0.331059
0.313345
0.325748
0.314547
0.305646
0.312707
0.297563
0.302067
0.306622
0.294472
0.285539
0.282800
0.279707
0.251383
0.245107
0.267084
0.258940
0.243335
0.229484
0.233107
0.232194
0.234703
0.240270
0.240886
0.228020
0.228185
0.237294
0.248585
0.251122
0.236198
0.238579
0.238069
0.250247
0.240609
0.248992
0.238636
0.215278
0.213140
0.240187
0.226359
0.222697
0.231235
0.235899
0.235084
0.244048
0.226379
0.232197
0.213714
0.214957
0.220276
0.222434
0.213392
0.202697
0.201992
0.204010
0.215374
0.215492
0.212068
0.229881
0.240544
0.241172
0.242476
0.227626
0.258188
0.252969
0.275701
0.309715
0.309925
0.322907
0.323475
0.326392
0.329820
0.332979
0.336776
0.353806
0.333398
0.343602
0.320988
0.315181
0.324540
0.306287
0.320340
0.320207
0.321122
0.314446
0.320016
0.327085
0.316938
0.318517
0.309507
0.306392
0.304800
0.300818
0.295339
0.292917
0.294006
0.278939
0.297476
0.300381
0.293354
0.290660
0.301946
0.294081
0.304235
0.296705
0.297281
0.295855
0.287057
0.276207
0.273719
0.285038
0.287700
0.286140
0.283349
0.274686
0.263696
0.281772
0.263499
0.266926
0.280530
0.274924
0.266348
0.278327
0.271238
0.259724
0.278770
0.294365
0.297046
0.275388
0.268922
0.283832
0.280416
0.289361
0.274659
0.270947
0.274732
0.264907
0.287028
0.298490
0.285106
0.276245
0.275013
0.276089
0.253520
0.254227
0.278202
0.246880
0.241734
0.253716
0.246341
0.229913
0.215476
0.206523
0.225403
0.220899
0.216429
0.209495
0.211746
0.213075
0.220842
0.229900
0.223917
0.225305
0.235343
0.237825
0.223431
0.241090
0.228298
0.235486
0.246059
0.254198
0.239621
0.245177
0.218841
0.229756
0.230666
0.224212
0.231525
0.211148
0.209777
0.215242
0.220915
0.232763
0.243415
0.243199
0.240772
0.267649
0.276017
0.313094
0.308353
0.311735
0.324180
0.327620
0.322764
0.320065
0.322502
0.309573
0.308816
0.316385
0.327481
0.319665
0.337742
0.323083
0.326672
0.321959
0.337899
0.343890
0.322104
0.310918
0.307112
0.316017
0.318495
0.304207
0.313545
0.327876
0.322320
0.321146
0.317435
0.332125
0.317714
0.300846
0.318012
0.310239
0.298278
0.312902
0.310038
0.294498
0.313091
0.318281
0.306292
0.310130
0.298327
0.290766
0.273527
0.275191
0.272809
0.264562
0.272911
0.269189
0.266171
0.286619
0.275680
0.272096
0.259466
0.267131
0.261974
0.261147
0.267176
0.265832
0.270536
0.287476
0.280763
0.292855
0.284465
0.266082
0.270023
0.263286
0.284919
0.301103
0.284344
0.282270
0.288882
0.304881
0.287249
0.297389
0.274992
0.266351
0.259732
0.266421
0.281690
0.273727
0.272069
0.268241
0.263243
0.274908
0.263758
0.266843
0.253976
0.252937
0.259747
0.269010
0.265414
0.263603
0.268407
0.247640
0.253751
0.247207
0.245854
0.245734
0.248645
0.260135
0.254339
0.241009
0.225206
0.264632
0.251626
0.240674
0.238939
0.240719
0.244798
0.235964
0.250346
0.260256
0.254180
0.261372
0.266495
0.269482
0.237280
0.243507
0.234855
0.224835
0.224076
0.228126
0.223928
0.223471
0.227126
0.205124
0.208767
0.205940
0.228337
0.234492
0.238291
0.230221
0.226891
0.234396
0.215469
0.226588
0.236970
0.227056
0.220588
0.220251
0.217612
0.219461
0.218775
0.216611
0.210927
0.217679
0.194311
0.202384
0.219071
0.227238
0.233417
0.245664
0.235675
0.233792
0.247425
0.234840
0.242552
0.233547
0.240245
0.239280
0.252005
0.235569
0.231571
0.255408
0.254608
0.255103
0.240874
0.240503
0.241578
0.252356
0.247218
0.265405
0.248317
0.257588
0.266772
0.248150
0.238311
0.225031
0.230482
0.218141
0.224012
0.202699
0.214667
0.202460
0.223083
0.221845
0.213164
0.222464
0.231538
0.216075
0.213596
0.214105
0.217981
0.213493
0.215127
0.205225
0.235170
0.216815
0.226686
0.232673
0.228938
0.244650
0.233970
0.229425
0.232712
0.239789
0.227876
0.232338
0.235770
0.223937
0.238011
0.227241
0.212248
0.215504
0.211479
0.214395
0.216377
0.219904
0.220643
0.211118
0.220450
0.207260
0.184667
0.201266
0.198321
0.210914
0.186108
0.193412
0.183714
0.184700
0.176086
0.183009
0.201940
0.215721
0.204065
0.184172
0.183064
0.195848
0.198656
0.191246
0.185847
0.182805
0.185313
0.203348
0.225117
0.221979
0.225902
0.221490
0.216387
0.202984
0.212171
0.209977
0.198752
0.201336
0.204498
0.213201
0.204679
0.214080
0.220468
0.216205
0.212105
0.198625
0.207045
0.197605
0.200996
0.181088
0.176011
0.190780
0.197277
0.184230
0.193588
0.198680
0.188469
0.184677
0.179856
0.190734
0.184484
0.194444
0.194866
0.190964
0.196479
0.178707
0.190231
0.191400
0.181552
0.173343
0.183554
0.190553
0.183180
0.202682
0.207724
0.207809
0.195055
0.206585
0.198529
0.193205
0.202372
0.200422
0.201958
0.198718
0.207806
0.199191
0.203341
0.219729
0.207361
0.210494
0.200797
0.203317
0.199324
0.209684
0.210257
0.202806
0.209752
0.217807
0.205888
0.209128
0.205978
0.216978
0.209110
0.222980
0.209012
0.186384
0.205469
0.207512
0.230767
0.224645
0.226523
0.218444
0.203151
0.204129
0.197840
0.199872
0.198051
0.188009
0.192136
0.199624
0.206288
0.201546
0.176802
0.187271
0.189884
0.191402
0.203677
0.201163
0.200048
0.201917
0.192763
0.189607
0.191978
0.205228
0.182213
0.181668
0.177062
0.185188
0.192807
0.190853
0.191799
0.189837
0.188709
0.185905
0.187375
0.194074
0.182477
0.192958
0.181499
0.204003
0.195482
0.190233
0.179746
0.173140
0.189228
0.190507
0.178320
0.177582
0.175865
0.172922
0.176693
0.173379
0.182622
0.194322
0.185623
0.165193
0.184514
0.194450
0.192397
0.182353
0.188072
0.180962
0.192679
0.181385
0.188687
0.178874
0.188648
0.195938
0.196796
0.182127
0.179215
0.176888
0.174268
0.176397
0.182311
0.180707
0.171774
0.182623
0.174929
0.183426
0.190146
0.190520
0.188632
0.194841
0.190233
0.194007
0.183242
0.180804
0.185099
0.180893
0.186164
0.177288
0.182798
0.185494
0.169518
0.186910
0.171132
0.169753
0.178045
0.175554
0.184704
0.184210
0.176725
0.178112
0.181766
0.174126
0.168132
0.178038
0.186024
0.180565
0.183603
0.180252
0.173654
0.182890
0.179149
0.174624
0.183556
0.193371
0.172522
0.179758
0.189633
0.190951
0.186873
0.183448
0.180296
0.181332
0.178471
0.177984
0.169934
0.176944
0.169017
0.179765
0.172361
0.184589
0.185522
0.168027
0.178446
0.161408
0.172125
0.189199
0.176386
0.184139
0.179416
0.185020
0.168743
0.173062
0.175641
0.170885
0.189555
0.178235
0.178861
0.173884
0.173303
0.175885
0.169851
0.184558
0.185255
0.182545
0.178375
0.186325
0.177116
0.179146
0.166984
0.190126
0.180397
0.173551
0.188551
0.195424
0.188354
0.174717
0.175093
0.163138
0.173613
0.177167
0.188596
0.185198
0.181089
0.175785
0.180603
0.194836
0.192158
0.192781
0.180927
0.181985
0.192769
0.190522
0.180572
0.193174
0.177299
0.178400
0.176383
0.174978
0.182071
0.163455
0.179332
0.165379
0.165355
0.159394
0.151663
0.162378
0.167351
0.186012
0.178568
0.166826
0.190028
0.183010
0.181631
0.178779
0.186040
0.181226
0.173020
0.178826
0.178667
0.178941
0.176169
0.173215
0.177646
0.184713
0.168081
0.181170
0.176515
0.169691
0.180152
0.174815
0.179923
0.182809
0.177383
0.178191
0.174032
0.174855
0.178206
0.181905
0.177360
0.189617
0.192932
0.219256
0.236461
0.272534
0.273850
0.288960
0.303531
0.312762
0.312983
0.315862
0.302828
0.314285
0.298288
0.301695
0.321546
0.318968
0.312261
0.322124
0.311912
0.314722
0.304976
0.309142
0.299723
0.299446
0.306330
0.304392
0.293248
0.288082
0.299602
0.303135
0.306920
0.298927
0.299641
0.309762
0.301610
0.303889
0.289029
0.297665
0.293582
0.305062
0.291957
0.299472
0.297475
0.289653
0.273118
0.278609
0.284556
0.291513
0.293204
0.303535
0.294574
0.292879
0.278756
0.295556
0.300559
0.287406
0.283676
0.285011
0.255912
0.257801
0.262784
0.260635
0.266099
0.255246
0.260608
0.248810
0.253182
0.242762
0.269249
0.255373
0.255880
0.254472
0.249664
0.245644
0.246139
0.263143
0.259317
0.283644
0.262908
0.262131
0.268906
0.255762
0.268453
0.264718
0.253117
0.250115
0.238496
0.246679
0.238205
0.253161
0.255190
0.257131
0.251739
0.250723
0.257921
0.250336
0.257912
0.246276
0.241988
0.249156
0.244821
0.242928
0.243853
0.251683
0.249193
0.245014
0.237929
0.240979
0.243364
0.230307
0.229754
0.245773
0.240340
0.232276
0.218005
0.237317
0.208413
0.228658
0.205239
0.203793
0.200775
0.208863
0.206726
0.192243
0.213472
0.210875
0.208295
0.197518
0.202099
0.203838
0.229212
0.236596
0.240795
0.223783
0.223720
0.231670
0.207708
0.212952
0.205855
0.186970
0.202061
0.220546
0.223321
0.225382
0.218440
0.225007
0.196997
0.212129
0.214636
0.215745
0.214493
0.223985
0.210868
0.196229
0.203054
0.181801
0.189960
0.185777
0.179201
0.198668
0.190775
0.192671
0.183779
0.183782
0.177013
0.185317
0.186608
0.180426
0.194178
0.179921
0.181266
0.181976
0.186626
0.199468
0.197103
0.187090
0.191660
0.200624
0.199877
0.196096
0.186479
0.194602
0.178435
0.197823
0.204656
0.196663
0.188563
0.190198
0.192264
0.184228
0.199379
0.194610
0.198253
0.188553
0.193512
0.191102
0.191873
0.194169
0.202774
0.191348
0.193110
0.189126
0.171704
0.196149
0.197889
0.197491
0.201765
0.194969
0.184206
0.190212
0.195619
0.184609
0.176749
0.187626
0.193533
0.190815
0.187817
0.163006
0.176307
0.186609
0.192222
0.178044
0.193759
0.192938
0.195619
0.194206
0.182279
0.178937
0.181223
0.174808
0.176410
0.167740
0.181667
0.188670
0.186919
0.173168
0.178366
0.170277
0.173050
0.181971
0.177131
0.182098
0.174419
0.182771
0.173085
0.181323
0.167008
0.166271
0.169615
0.164957
0.179420
0.181532
0.168210
0.169942
0.164324
0.179457
0.163697
0.177940
0.176301
0.193451
0.189098
0.184752
0.188775
0.195226
0.200262
0.192339
0.191462
0.195296
0.189398
0.188092
0.183050
0.181961
0.188655
0.193541
0.203307
0.204965
0.178709
0.184735
0.176247
0.193561
0.194575
0.194616
0.196956
0.192415
0.183965
0.199714
0.188540
0.175078
0.194834
0.193549
0.192301
0.178450
0.187335
0.181566
0.190509
0.197464
0.180583
0.194227
0.176813
0.173131
0.185941
0.183686
0.178955
0.185397
0.181266
0.184369
0.182560
0.183905
0.171832
0.183992
0.179286
0.170560
0.184188
0.188190
0.187571
0.189738
0.180812
0.183333
0.189963
0.189778
0.173227
0.176754
0.181188
0.171354
0.175191
0.170722
0.177888
0.165385
0.180620
0.190297
0.177666
0.185432
0.169755
0.170337
0.178223
0.172285
0.182091
0.172100
0.182991
0.185601
0.185829
0.186619
0.183048
0.197692
0.191445
0.185078
0.187579
0.189091
0.181260
0.184184
0.180419
0.180529
0.170390
0.176581
0.175062
0.173229
0.170499
0.170343
0.172764
0.174110
0.160511
0.157568
0.161896
0.169974
0.163182
0.168021
0.166425
0.167462
0.157401
0.167643
0.166992
0.161874
0.163623
0.147671
0.158754
0.171054
0.169852
0.175647
0.169508
0.167465
0.170499
0.170296
0.170027
0.177056
0.163706
0.160453
0.168623
0.160155
0.159734
0.170980
0.154056
0.166241
0.172191
0.171098
0.179596
0.178147
0.172545
0.164100
0.157546
0.171502
0.157860
0.160615
0.173641
0.173165
0.158336
0.172062
0.160466
0.157859
0.167142
0.167026
0.171898
0.154529
0.159368
0.152582
0.150105
0.163783
0.160738
0.160837
0.158538
0.162656
0.159702
0.164381
0.157055
0.164089
0.158578
0.169281
0.158645
0.162873
0.162938
0.165893
0.169503
0.165374
0.170660
0.169653
0.163946
0.160264
0.159712
0.165279
0.162905
0.152569
0.150991
0.151725
0.146106
0.158551
0.171139
0.161892
0.145226
0.153614
0.169791
0.173160
0.169111
0.161271
0.172447
0.158961
0.162133
0.156854
0.156663
0.166552
0.163651
0.167746
0.167903
0.163627
0.167759
0.169039
0.163601
0.161949
0.163925
0.158883
0.160566
0.159306
0.159479
0.161070
0.167739
0.176617
0.171559
0.165376
0.170361
0.177768
0.170200
0.171019
0.170484
0.159702
0.151169
0.153130
0.158967
0.155171
0.171868
0.164191
0.165073
0.170856
0.159477
0.175124
0.169624
0.168984
0.177729
0.162993
0.166906
0.173833
0.162672
0.167392
0.172426
0.163544
0.154652
0.162484
0.162805
0.156347
0.155709
0.167770
0.169221
0.170403
0.159023
0.172821
0.167243
0.154181
0.161197
0.155388
0.170500
0.161820
0.155750
0.163631
0.163726
0.158861
0.156926
0.178360
0.163269
0.162674
0.160470
0.162235
0.160582
0.169456
0.159651
0.164619
0.176690
0.168471
0.166445
0.160908
0.150286
0.158995
0.151498
0.150742
0.155093
0.149284
0.153304
0.136228
0.148610
0.158493
0.158812
0.148360
0.174186
0.166199
0.173200
0.167129
0.173424
0.168471
0.172350
0.166374
0.167897
0.154878
0.166317
0.156167
0.157985
0.145279
0.151281
0.160633
0.155026
0.157011
0.149424
0.163124
0.166820
0.171590
0.168391
0.181052
0.170110
0.162136
0.162555
0.162995
0.154286
0.146025
0.149670
0.158314
0.162116
0.158208
0.149242
0.143716
0.158481
0.149894
0.161453
0.139667
0.159803
0.154365
0.149500
0.150310
0.154564
0.156416
0.163236
0.163580
0.169624
0.170606
0.176309
0.161945
0.155858
0.159999
0.158529
0.162511
0.167465
0.167492
0.169017
0.156069
0.163456
0.162297
0.155079
0.150742
0.156735
0.154102
0.159836
0.152030
0.145299
0.155844
0.158465
0.170048
0.163699
0.158025
0.167534
0.165156
0.162279
0.144090
0.161883
0.161144
0.165521
0.161664
0.172971
0.176040
0.166571
0.163131
0.174665
0.172709
0.177354
0.166810
0.175880
0.162418
0.158486
0.164021
0.172000
0.168909
0.165834
0.163313
0.169474
0.151232
0.172254
0.168157
0.166910
0.172549
0.172371
0.174459
0.179520
0.159158
0.167900
0.153548
0.172427
0.170251
0.173167
0.164451
0.162541
0.147776
0.140729
0.143575
0.150871
0.139518
0.152609
0.146565
0.150099
0.144850
0.153825
0.147735
0.157509
0.153820
0.153120
0.146144
0.141701
0.140952
0.141962
0.143784
0.146713
0.159427
0.158616
0.149357
0.140656
0.142437
0.158700
0.126638
0.143250
0.143900
0.145815
0.164644
0.154766
0.156978
0.151164
0.158226
0.153677
0.144676
0.152636
0.152568
0.155216
0.148127
0.154084
0.157627
0.148780
0.153545
0.148212
0.152866
0.146428
0.137109
0.153959
0.149602
0.150370
0.155543
0.145969
0.147214
0.153763
0.150192
0.152952
0.146192
0.131006
0.143648
0.141144
0.145996
0.157834
0.156108
0.154145
0.148357
0.156534
0.154242
0.154349
0.145718
0.149194
0.144379
0.149023
0.149822
0.149619
0.152947
0.139030
0.136927
0.144660
0.136560
0.139542
0.141163
0.141460
0.139392
0.139466
0.147179
0.148372
0.149059
0.140770
0.150431
0.151349
0.148131
0.148443
0.149591
0.159200
0.150274
0.151508
0.137259
0.149489
0.141040
0.126538
0.149542
0.139632
0.145940
0.149474
0.143150
0.152863
0.146773
0.139197
0.144073
0.149860
0.147843
0.151778
0.147860
0.150788
0.145474
0.142343
0.158582
0.158803
0.148431
0.151577
0.147228
0.147522
0.150496
0.146382
0.148531
0.152778
0.152035
0.158188
0.151187
0.154853
0.154130
0.151978
0.147636
0.146981
0.153042
0.147370
0.139153
0.142177
0.144486
0.144605
0.148932
0.147930
0.146331
0.152469
0.144272
0.144400
0.153883
0.155392
0.153614
0.153845
0.154509
0.157818
0.157407
0.162158
0.151351
0.154116
0.147886
0.153265
0.152734
0.156720
0.148095
0.148128
0.149007
0.152539
0.139820
0.148106
0.153817
0.143200
0.144537
0.148933
0.146249
0.152918
0.161382
0.155890
0.161801
0.149071
0.143023
0.142386
0.147024
0.144183
0.144777
0.146963
0.157550
0.143735
0.156722
0.148464
0.156634
0.148419
0.153876
0.151311
0.138733
0.143220
0.135009
0.143250
0.148485
0.148076
0.140795
0.139186
0.135441
0.143733
0.150672
0.153329
0.144641
0.150340
0.147043
0.146180
0.148339
0.157489
0.147080
0.161717
0.143369
0.142173
0.150285
0.147150
0.151059
0.147415
0.141352
0.139125
0.141624
0.140180
0.126691
0.147537
0.137504
0.145617
0.146843
0.142617
0.146605
0.142406
0.151112
0.147490
0.148625
0.152109
0.146005
0.146825
0.150163
0.150357
0.153464
0.158044
0.148789
0.150152
0.150517
0.158477
0.143439
0.153516
0.149623
0.152307
0.152030
0.148698
0.138313
0.136599
0.148842
0.142874
0.147156
0.149397
0.136995
0.145612
0.138723
0.139057
0.138300
0.152814
0.147815
0.140688
0.140514
0.144206
0.140920
0.137592
0.127472
0.141042
0.135662
0.131927
0.133606
0.138354
0.138030
0.144869
0.132263
0.143959
0.142818
0.130374
0.143836
0.150805
0.139882
0.135095
0.141903
0.146564
0.142310
0.142650
0.140846
0.155339
0.144160
0.147448
0.142704
0.141779
0.146583
0.151042
0.132975
0.146331
0.147694
0.151161
0.155750
0.152087
0.146143
0.137471
0.146536
0.146779
0.135818
0.148695
0.150492
0.148189
0.146407
0.142119
0.145458
0.134664
0.145707
0.141992
0.143060
0.141261
0.138591
0.152999
0.157912
0.155734
0.143801
0.144557
0.150734
0.144134
0.135596
0.141748
0.141688
0.132767
0.139207
0.142229
0.135757
0.149515
0.149192
0.144610
0.131027
0.127138
0.140062
0.148755
0.148523
0.147951
0.146770
0.159264
0.142673
0.146227
0.157554
0.144946
0.153873
0.139150
0.157677
0.139427
0.145079
0.136096
0.129411
0.135229
0.135369
0.146576
0.144979
0.138966
0.129024
0.144355
0.138477
0.124503
0.137097
0.126889
0.125690
0.136783
0.119607
0.144791
0.152412
0.171429
0.208355
0.226297
0.232152
0.251185
0.268387
0.247586
0.242716
0.246807
0.239569
0.259159
0.277331
0.272767
0.271328
0.258174
0.256968
0.260815
0.262060
0.254327
0.257625
0.248474
0.261012
0.259046
0.245314
0.243303
0.247439
0.258723
0.265392
0.253641
0.257826
0.256055
0.250430
0.254729
0.253578
0.237146
0.249707
0.247387
0.241210
0.228961
0.228011
0.237997
0.223653
0.238326
0.227592
0.223482
0.234580
0.231952
0.239078
0.235529
0.228519
0.230306
0.232372
0.240426
0.233449
0.236620
0.238582
0.231532
0.237052
0.242977
0.247847
0.224205
0.233373
0.235294
0.215828
0.220617
0.219488
0.226183
0.227569
0.232866
0.235638
0.228953
0.228393
0.228951
0.216914
0.227085
0.220479
0.227197
0.234198
0.240684
0.207865
0.210705
0.211405
0.198732
0.201340
0.200106
0.223714
0.215072
0.219933
0.232919
0.222945
0.233552
0.234384
0.240257
0.227799
0.226732
0.233199
0.238101
0.228880
0.208012
0.220709
0.227998
0.226434
0.226210
0.215293
0.212327
0.214762
0.212749
0.226144
0.224238
0.207413
0.199999
0.196967
0.206974
0.206177
0.205351
0.197305
0.182857
0.174482
0.175691
0.183924
0.190848
0.168445
0.190733
0.191475
0.198915
0.190552
0.203058
0.176217
0.190995
0.189000
0.192184
0.181287
0.192626
0.178195
0.189784
0.182561
0.190934
0.177631
0.188498
0.165750
0.166531
0.172185
0.171892
0.179028
0.182575
0.188637
0.175377
0.182044
0.188618
0.176552
0.171539
0.176736
0.178294
0.170480
0.192496
0.183507
0.187452
0.172398
0.182986
0.175137
0.191270
0.196205
0.194400
0.174893
0.171285
0.177648
0.178775
0.177558
0.185052
0.189160
0.182666
0.192436
0.185794
0.186330
0.188504
0.178558
0.172817
0.180670
0.165259
0.159350
0.182240
0.173585
0.176923
0.184615
0.185682
0.172476
0.168769
0.178818
0.188283
0.191628
0.188291
0.178202
0.175005
0.172328
0.170244
0.162545
0.162472
0.175863
0.166249
0.182354
0.179460
0.174083
0.167828
0.177723
0.153261
0.168494
0.171347
0.163075
0.169099
0.178189
0.153363
0.157195
0.171228
0.173724
0.168054
0.163300
0.168284
0.170671
0.170697
0.154353
0.162222
0.151647
0.164554
0.147874
0.154219
0.155848
0.149529
0.147335
0.161382
0.151207
0.164016
0.153431
0.159293
0.161959
0.151597
0.151781
0.153889
0.152879
0.145719
0.144819
0.158226
0.153623
0.159298
0.161960
0.143964
0.132389
0.131429
0.152541
0.144550
0.149494
0.150369
0.153451
0.155829
0.157222
0.162437
0.157677
0.166322
0.162189
0.157974
0.152530
0.141047
0.149119
0.146495
0.164024
0.141300
0.154250
0.159485
0.166222
0.157378
0.166756
0.170425
0.168674
0.171242
0.168447
0.152257
0.160381
0.168666
0.141738
0.153914
0.146489
0.152772
0.150893
0.149392
0.150646
0.153130
0.159390
0.163034
0.171284
0.165790
0.170751
0.168910
0.166823
0.162791
0.169483
0.173166
0.175447
0.176547
0.179238
0.167392
0.169891
0.166945
0.164318
0.160234
0.169729
0.163199
0.161612
0.167048
0.158612
0.156744
0.170530
0.164697
0.157701
0.159707
0.156512
0.166728
0.176624
0.171722
0.160063
0.156770
0.165181
0.165164
0.153851
0.167938
0.166967
0.160043
0.163785
0.158343
0.143874
0.147771
0.153807
0.149006
0.136307
0.141431
0.154771
0.169199
0.185355
0.202626
0.228683
0.243508
0.257720
0.257714
0.262278
0.268704
0.272912
0.264792
0.257073
0.263181
0.264563
0.271953
0.280453
0.272789
0.252800
0.253807
0.256820
0.247449
0.251572
0.254681
0.241679
0.247896
0.258225
0.255949
0.255156
0.243842
0.259919
0.241904
0.237571
0.236241
0.237897
0.227965
0.234177
0.226201
0.214607
0.227785
0.225310
0.240714
0.233997
0.239414
0.244246
0.238359
0.234155
0.234458
0.237498
0.247327
0.247818
0.249999
0.231399
0.241843
0.255617
0.250898
0.241120
0.227167
0.206953
0.221088
0.215035
0.217207
0.234793
0.226884
0.220621
0.217927
0.214400
0.221217
0.220303
0.228483
0.210065
0.222906
0.206903
0.209609
0.196050
0.201578
0.197292
0.197224
0.193449
0.188407
0.198773
0.202434
0.198580
0.208612
0.217751
0.199083
0.207472
0.191517
0.200200
0.201105
0.190154
0.184857
0.187093
0.199419
0.191599
0.204582
0.195840
0.200558
0.185090
0.173132
0.195554
0.197491
0.187033
0.190705
0.188486
0.184511
0.190056
0.190994
0.184865
0.171266
0.186274
0.189678
0.190462
0.185066
0.183512
0.190747
0.188612
0.171829
0.185573
0.181176
0.191617
0.182940
0.187584
0.187732
0.198966
0.192871
0.185767
0.185302
0.172172
0.174181
0.177453
0.175055
0.178496
0.194535
0.192566
0.189198
0.197639
0.197739
0.194513
0.191094
0.187498
0.172349
0.165145
0.168877
0.182323
0.179874
0.160370
0.169977
0.174660
0.184849
0.185113
0.172337
0.182691
0.172276
0.165177
0.154931
0.160092
0.171029
0.179291
0.169373
0.176455
0.172142
0.174123
0.175941
0.164879
0.159083
0.169543
0.162702
0.165821
0.169529
0.177657
0.168128
0.168602
0.167563
0.176046
0.169603
0.174554
0.168600
0.162910
0.161253
0.176297
0.170412
0.168958
0.158485
0.170734
0.176552
0.171202
0.176657
0.175072
0.177925
0.184801
0.178907
0.180232
0.175950
0.175508
0.176230
0.166202
0.173724
0.172375
0.171336
0.179374
0.175777
0.163947
0.163693
0.159545
0.163533
0.160059
0.163423
0.165787
0.158964
0.150610
0.165814
0.163366
0.146294
0.170351
0.179931
0.176495
0.179251
0.183945
0.171851
0.177282
0.177836
0.183992
0.181187
0.185748
0.181250
0.177971
0.187277
0.190070
0.186445
0.181313
0.186008
0.173664
0.166769
0.170569
0.164968
0.172235
0.178675
0.173892
0.172679
0.161218
0.172311
0.174953
0.173741
0.164589
0.151778
0.150072
0.163959
0.169032
0.166453
0.167671
0.177356
0.177546
0.173732
0.182465
0.179799
0.178000
0.167776
0.173776
0.169091
0.172538
0.166445
0.181164
0.156129
0.176288
0.178465
0.170295
0.175598
0.170705
0.176505
0.171827
0.168445
0.175656
0.172642
0.171711
0.167516
0.171465
0.166306
0.173631
0.172957
0.179628
0.176055
0.177889
0.182612
0.171516
0.166050
0.167691
0.164519
0.172255
0.168744
0.169630
0.180020
0.166251
0.178961
0.165271
0.170227
0.159340
0.167111
0.168035
0.160041
0.165393
0.162331
0.175683
0.183600
0.174303
0.173719
0.167641
0.168433
0.179575
0.174791
0.174011
0.161327
0.172303
0.169039
0.168617
0.161483
0.157504
0.149093
0.144553
0.157919
0.144428
0.162756
0.167636
0.172559
0.166435
0.174233
0.177976
0.180223
0.176975
0.173683
0.163495
0.173425
0.165522
0.169776
0.172603
0.174543
0.178153
0.171433
0.163529
0.179413
0.185697
0.180163
0.183791
0.195322
0.185723
0.177427
0.179183
0.173457
0.184084
0.184982
0.181457
0.177513
0.189807
0.180800
0.192970
0.190298
0.194841
0.197280
0.187548
0.180414
0.182756
0.192517
0.194248
0.193674
0.178711
0.173467
0.176152
0.178475
0.194019
0.189287
0.185156
0.175206
0.183438
0.183968
0.179619
0.186237
0.194262
0.177756
0.169306
0.173338
0.180022
0.189615
0.179168
0.179202
0.176905
0.161542
0.167854
0.162001
0.177724
0.176842
0.170293
0.170893
0.183284
0.184689
0.194963
0.185481
0.162074
0.152022
0.162551
0.161648
0.168543
0.162401
0.169272
0.160329
0.167353
0.175077
0.188041
0.179437
0.186113
0.183484
0.188004
0.163981
0.169732
0.153778
0.176291
0.174114
0.170656
0.178216
0.170181
0.173431
0.183132
0.185571
0.185684
0.180083
0.174330
0.173628
0.175361
0.178463
0.173320
0.178471
0.178694
0.166934
0.161225
0.169940
0.178151
0.161485
0.161178
0.172426
0.174977
0.166795
0.171747
0.177478
0.186347
0.184117
0.180080
0.175314
0.180107
0.177996
0.173641
0.167249
0.166484
0.156300
0.169952
0.160259
0.166683
0.150215
0.167620
0.165987
0.168384
0.168516
0.168183
0.166823
0.195829
0.188316
0.183041
0.180045
0.163283
0.174396
0.176539
0.172223
0.170584
0.190226
0.190796
0.180666
0.179203
0.171585
0.174668
0.176831
0.170563
0.168595
0.171247
0.168703
0.163874
0.163749
0.168462
0.173952
0.176074
0.167282
0.167563
0.178469
0.166395
0.178844
0.183755
0.173770
0.175027
0.180659
0.179407
0.186331
0.180577
0.186078
0.180806
0.162652
0.161960
0.177409
0.157051
0.163475
0.169987
0.151791
0.160468
0.177864
0.177317
0.180206
0.181365
0.169630
0.178581
0.176811
0.174031
0.182350
0.183342
0.186754
0.191307
0.181610
0.188990
0.179187
0.177112
0.170476
0.179338
0.179213
0.188051
0.189482
0.177649
0.186018
0.188824
0.176402
0.174756
0.165222
0.172412
0.171932
0.177499
0.178907
0.178736
0.179726
0.174496
0.190330
0.195197
0.188935
0.179447
0.173382
0.185049
0.185138
0.186880
0.179981
0.173846
0.181517
0.175284
0.175043
0.157628
0.180150
0.183909
0.173702
0.179339
0.181641
0.176270
0.171003
0.167695
0.167977
0.157869
0.166012
0.170039
0.168947
0.167115
0.172021
0.172188
0.166696
0.166133
0.184068
0.173588
0.186863
0.185400
0.171316
0.178240
0.191025
0.193011
0.185284
0.183398
0.171968
0.172523
0.163962
0.167175
0.151911
0.158737
0.160334
0.158315
0.167571
0.163372
0.159474
0.154762
0.161600
0.152224
0.152157
0.145293
0.143659
0.145487
0.155850
0.161021
0.169875
0.164822
0.160030
0.155442
0.167744
0.170241
0.167395
0.167127
0.170723
0.175574
0.166089
0.170556
0.176064
0.179447
0.169889
0.177291
0.180045
0.179814
0.173191
0.179980
0.171360
0.178016
0.175649
0.193402
0.185164
0.187562
0.182573
0.188925
0.175964
0.182872
0.173495
0.184694
0.175325
0.182366
0.182666
0.174903
0.172045
0.171091
0.182650
0.190713
0.183053
0.192439
0.170504
0.166407
0.179494
0.179574
0.164066
0.184743
0.182294
0.182646
0.173661
0.160979
0.179474
0.172998
0.172485
0.160159
0.152857
0.158272
0.146734
0.154815
0.151431
0.152015
0.157464
0.151435
0.163844
0.170481
0.164506
0.187819
0.166929
0.160433
0.165789
0.162435
0.165302
0.170891
0.163914
0.162597
0.153884
0.156342
0.156153
0.151512
0.145358
0.148738
0.152653
0.149837
0.144160
0.151144
0.149100
0.144669
0.151530
0.156239
0.155504
0.163104
0.154237
0.156881
0.158138
0.160121
0.160245
0.160760
0.149729
0.143603
0.142685
0.146130
0.149802
0.134999
0.145250
0.149707
0.154732
0.156493
0.161187
0.151489
0.155879
0.150165
0.148569
0.150181
0.144490
0.157244
0.159208
0.156808
0.162263
0.156060
0.159320
0.166052
0.160303
0.153793
0.158492
0.154619
0.146999
0.139946
0.162574
0.154585
0.154000
0.160555
0.162443
0.165135
0.166255
0.165426
0.171473
0.175751
0.165626
0.158802
0.170684
0.166489
0.149775
0.161547
0.166636
0.148091
0.156488
0.160455
0.163443
0.159869
0.164651
0.159657
0.157451
0.152686
0.151766
0.156862
0.154730
0.150551
0.140867
0.152646
0.162186
0.157255
0.159189
0.142625
0.166907
0.166192
0.158192
0.162718
0.160637
0.159028
0.174391
0.170000
0.153085
0.144689
0.147464
0.142397
0.144772
0.150211
0.153416
0.158558
0.149813
0.153025
0.152876
0.155071
0.155579
0.152975
0.144520
0.161047
0.158872
0.170920
0.166694
0.155907
0.158696
0.171492
0.160823
0.161467
0.162500
0.163000
0.151124
0.149483
0.156450
0.164430
0.161389
0.157926
0.159786
0.160187
0.153736
0.162397
0.152132
0.164100
0.161726
0.160624
0.156629
0.153579
0.158257
0.168568
0.161703
0.155246
0.166679
0.165416
0.160522
0.158463
0.165577
0.172986
0.146945
0.167896
0.165283
0.166091
0.160626
0.166172
0.152738
0.167177
0.166310
0.170913
0.165764
0.160659
0.159678
0.151877
0.146185
0.143812
0.148968
0.149266
0.143522
0.150796
0.145870
0.154029
0.161815
0.139782
0.157879
0.147969
0.149074
0.160549
0.159722
0.162019
0.157400
0.149616
0.148766
0.152618
0.165602
0.162256
0.164317
0.160043
0.161996
0.157313
0.156708
0.161657
0.157200
0.149669
0.144343
0.134554
0.143084
0.145928
0.148749
0.145784
0.145039
0.149776
0.144423
0.153031
0.155189
0.150228
0.156852
0.156264
0.161189
0.156871
0.156173
0.157169
0.152266
0.152948
0.151371
0.141399
0.148156
0.144937
0.155155
0.159307
0.146879
0.145759
0.153955
0.147326
0.147344
0.151709
0.154102
0.145737
0.152574
0.171554
0.167653
0.167188
0.155745
0.156304
0.160830
0.166334
0.157189
0.156068
0.141096
0.148576
0.149723
0.150614
0.154602
0.157730
0.160894
0.156917
0.156020
0.148465
0.153207
0.156412
0.152776
0.149480
0.154875
0.155157
0.154127
0.157681
0.158407
0.157521
0.157704
0.157407
0.167686
0.168072
0.170370
0.165580
0.157294
0.159802
0.162211
0.162905
0.153749
0.147449
0.157348
0.152892
0.160623
0.157183
0.156426
0.160576
0.166702
0.150112
0.138692
0.137196
0.147422
0.150132
0.143649
0.154399
0.160400
0.154921
0.154072
0.150028
0.151467
0.146132
0.160313
0.161909
0.167397
0.170949
0.164294
0.166499
0.151925
0.157023
0.153339
0.158212
0.157299
0.160165
0.148494
0.158971
0.144629
0.157222
0.162634
0.165107
0.166585
0.161403
0.157441
0.166531
0.166142
0.160714
0.161561
0.166500
0.164750
0.156714
0.159911
0.158794
0.147426
0.158231
0.153437
0.155501
0.165320
0.156448
0.169880
0.166371
0.164674
0.162497
0.162953
0.157198
0.156615
0.148325
0.156918
0.160608
0.141928
0.162402
0.156335
0.160553
0.161424
0.146644
0.149096
0.154637
0.156491
0.159024
0.162693
0.165567
0.160689
0.164021
0.152344
0.153258
0.148059
0.158041
0.149448
0.158948
0.163204
0.156201
0.150272
0.167062
0.155673
0.164400
0.169261
0.170030
0.165323
0.164502
0.156169
0.159719
0.158410
0.163738
0.172491
0.165996
0.161452
0.164678
0.172414
0.172120
0.164837
0.164626
0.165868
0.164003
0.162106
0.164544
0.163412
0.166377
0.163712
0.167337
0.167676
0.144427
0.145857
0.153232
0.148245
0.150998
0.156876
0.152341
0.151478
0.153712
0.147779
0.146412
0.148941
0.165214
0.165830
0.160514
0.158730
0.154673
0.158599
0.151177
0.159037
0.145023
0.157699
0.156771
0.160279
0.166534
0.162302
0.151661
0.154943
0.150134
0.157171
0.167336
0.163663
0.163353
0.159851
0.160211
0.157642
0.161784
0.164745
0.154067
0.161148
0.151650
0.156800
0.160716
0.168661
0.155882
0.160690
0.165274
0.155377
0.165500
0.159822
0.156164
0.157215
0.153587
0.162345
0.167011
0.163716
0.167153
0.156822
0.165053
0.152058
0.164032
0.151048
0.161494
0.165375
0.154585
0.170476
0.163139
0.162212
0.158262
0.155497
0.163035
0.156486
0.158364
0.157977
0.153222
0.156300
0.149276
0.154983
0.152284
0.134404
0.154558
0.151749
0.139098
0.150687
0.136590
0.134409
0.143121
0.155620
0.159924
0.158528
0.154240
0.160017
0.160762
0.158749
0.166123
0.153031
0.162536
0.155552
0.167716
0.162576
0.157212
0.166535
0.162292
0.159414
0.160685
0.155920
0.150841
0.158305
0.165321
0.161787
0.167449
0.157524
0.158399
0.167972
0.155822
0.164180
0.167470
0.168490
0.165452
0.163976
0.172319
0.169585
0.159532
0.155447
0.142748
0.138605
0.154332
0.145527
0.148666
0.136495
0.146479
0.149689
0.151259
0.150514
0.165219
0.143799
0.146907
0.148055
0.157797
0.138507
0.147505
0.156166
0.150663
0.158841
0.158963
0.159650
0.155460
0.159931
0.141968
0.149485
0.146771
0.149208
0.151921
0.151394
0.143296
0.148309
0.152153
0.153663
0.155880
0.140578
0.137966
0.155100
0.154907
0.161136
0.163108
0.146691
0.142156
0.151010
0.150051
0.155041
0.152702
0.150181
0.146279
0.156930
0.161362
0.162640
0.154324
0.159511
0.152963
0.165048
0.165046
0.159600
0.159981
0.167939
0.172474
0.162595
0.157707
0.156911
0.157442
0.157470
0.155297
0.159092
0.161446
0.164182
0.159837
0.158733
0.161032
0.158139
0.163568
0.159107
0.171102
0.159155
0.158715
0.155977
0.134809
0.146696
0.156674
0.141410
0.154858
0.155090
0.158361
0.162102
0.155790
0.155366
0.156969
0.158266
0.161769
0.154978
0.147056
0.146631
0.150769
0.145676
0.148154
0.150327
0.148233
0.168428
0.159953
0.163394
0.161623
0.158938
0.163647
0.156262
0.157940
0.165598
0.152070
0.160371
0.165798
0.163633
0.159032
0.169905
0.160276
0.161330
0.164117
0.163736
0.167564
0.158446
0.157643
0.156743
0.158450
0.162756
0.160840
0.153475
0.163340
0.158887
0.158015
0.164346
0.164058
0.172770
0.162376
0.155428
0.167836
0.167745
0.156768
0.152456
0.165857
0.149927
0.153603
0.160279
0.161505
0.152222
0.167297
0.163377
0.161690
0.163209
0.164353
0.157658
0.160121
0.165283
0.163420
0.153647
0.152683
0.164662
0.153151
0.164245
0.155997
0.155587
0.161002
0.150140
0.161520
0.154450
0.145936
0.166818
0.150998
0.157481
0.146755
0.143546
0.155294
0.147501
0.157787
0.148360
0.154087
0.145724
0.161270
0.161593
0.151453
0.144298
0.157809
0.151121
0.141516
0.148354
0.159314
0.153853
0.167190
0.167559
0.160984
0.158581
0.162552
0.163364
0.153658
0.159048
0.148630
0.152331
0.145261
0.150147
0.135965
0.144245
0.155768
0.153265
0.156679
0.155228
0.154628
0.154999
0.159957
0.153126
0.147753
0.152859
0.149839
0.153741
0.149742
0.152656
0.156711
0.152507
0.146296
0.159778
0.173353
0.165948
0.166217
0.164025
0.153456
0.159542
0.163454
0.159339
0.159240
0.159663
0.165623
0.156890
0.164747
0.146349
0.149666
0.151546
0.156669
0.157436
0.149584
0.154298
0.159647
0.160480
0.157987
0.147832
0.163498
0.163183
0.160383
0.163053
0.144380
0.154550
0.162079
0.155688
0.163403
0.157964
0.165300
0.157855
0.159368
0.150250
0.165177
0.156891
0.165002
0.154693
0.152946
0.162029
0.157119
0.163389
0.162717
0.154475
0.139977
0.145371
0.143977
0.154740
0.152477
0.159136
0.161146
0.158890
0.156744
0.156474
0.163104
0.159900
0.153130
0.159683
0.151159
0.149936
0.151759
0.167121
0.165920
0.162142
0.159361
0.158892
0.164225
0.161799
0.159971
0.148368
0.163662
0.157781
0.159781
0.162173
0.164954
0.160225
0.154369
0.155406
0.155423
0.163134
0.160020
0.148088
0.162777
0.154162
0.153605
0.146375
0.152149
0.148539
0.144699
0.147289
0.145546
0.150890
0.156501
0.152841
0.158607
0.155781
0.162938
0.146443
0.161061
0.156456
0.155468
0.156249
0.156564
0.154040
0.149915
0.130479
0.133394
0.142438
0.152726
0.150294
0.144813
0.140746
0.158886
0.158594
0.167042
0.149898
0.160535
0.156386
0.173051
0.168242
0.164791
0.150441
0.137852
0.151114
0.151359
0.160230
0.147799
0.160044
0.158466
0.150710
0.163341
0.152532
0.156360
0.150187
0.162932
0.159044
0.162058
0.161003
0.163420
0.169771
0.157610
0.163792
0.149621
0.153336
0.156304
0.152598
0.144275
0.145148
0.146295
0.157553
0.148741
0.147177
0.148188
0.158493
0.150161
0.149583
0.160669
0.153522
0.151944
0.143426
0.153815
0.155102
0.151228
0.143084
0.138500
0.132841
0.145870
0.145768
0.147495
0.151276
0.146368
0.137217
0.154772
0.149395
0.145501
0.148306
0.150008
0.163107
0.146136
0.152568
0.151231
0.154219
0.145944
0.148185
0.147245
0.158304
0.161364
0.148265
0.154631
0.154666
0.149582
0.154583
0.162434
0.157787
0.139253
0.152464
0.160073
0.163513
0.160756
0.150284
0.146991
0.143743
0.153786
0.158128
0.141357
0.151282
0.148042
0.154976
0.165584
0.161858
0.166313
0.160385
0.158966
0.166760
0.158872
0.159730
0.161920
0.162337
0.148946
0.158880
0.169692
0.161777
0.156655
0.161002
0.161216
0.150698
0.161519
0.152392
0.152521
0.151824
0.153032
0.149257
0.146622
0.150248
0.157942
0.162972
0.147840
0.146563
0.167873
0.159864
0.154090
0.154232
0.157611
0.149796
0.153049
0.159328
0.155533
0.153760
0.149143
0.141662
0.133577
0.137815
0.139018
0.146898
0.131874
0.142454
0.150052
0.150795
0.155274
0.159650
0.158314
0.164773
0.165114
0.161768
0.159479
0.151573
0.160735
0.152172
0.151700
0.160987
0.152545
0.157914
0.155632
0.150588
0.162441
0.151734
0.156818
0.149807
0.141701
0.155608
0.150048
0.156588
0.156631
0.144904
0.157229
0.153427
0.158984
0.155358
0.157478
0.158054
0.146442
0.159297
0.157673
0.157456
0.158477
0.156779
0.149906
0.163259
0.146856
0.155999
0.157562
0.162882
0.160269
0.167833
0.159509
0.151737
0.152712
0.152763
0.164755
0.149346
0.154255
0.150608
0.146229
0.136579
0.133063
0.142119
0.145357
0.147676
0.154322
0.156115
0.158602
0.148681
0.151705
0.140665
0.142686
0.139835
0.145048
0.149962
0.153689
0.138776
0.143922
0.136406
0.131916
0.139558
0.136135
0.138956
0.138389
0.139953
0.141153
0.152031
0.156457
0.145447
0.152774
0.151504
0.161339
0.162298
0.149375
0.152021
0.155337
0.157462
0.162850
0.159115
0.166473
0.162173
0.168282
0.166709
0.156475
0.165966
0.164748
0.162044
0.150838
0.166495
0.143070
0.153111
0.150168
0.146899
0.150430
0.142917
0.150978
0.140426
0.160661
0.152923
0.150365
0.148203
0.155827
0.147256
0.149990
0.149509
0.157650
0.161540
0.161208
0.154651
0.154773
0.150207
0.149824
0.145844
0.149835
0.159136
0.154194
0.153041
0.144146
0.158672
0.146125
0.140878
0.143838
0.144890
0.156118
0.140825
0.152811
0.155466
0.159849
0.149975
0.152113
0.157018
0.151288
0.157280
0.165470
0.152601
0.164014
0.157488
0.152691
0.151771
0.155961
0.158620
0.156965
0.149898
0.152179
0.156538
0.141827
0.150758
0.149081
0.141631
0.145907
0.147819
0.158133
0.150357
0.152212
0.146315
0.159812
0.157254
0.158382
0.145978
0.161387
0.149999
0.154345
0.159317
0.164074
0.160215
0.159472
0.158803
0.149272
0.152020
0.148000
0.155626
0.152309
0.146014
0.152878
0.151627
0.150190
0.158393
0.145198
0.150185
0.147482
0.141740
0.144444
0.152873
0.144628
0.144786
0.145084
0.154381
0.159594
0.153191
0.151670
0.148774
0.160373
0.162013
0.161383
0.154757
0.152535
0.167418
0.153168
0.148505
0.158870
0.156217
0.141614
0.149893
0.146288
0.150482
0.150735
0.147720
0.151527
0.147592
0.144962
0.154493
0.148941
0.148344
0.153120
0.141783
0.151788
0.144757
0.148982
0.152114
0.145899
0.142013
0.143577
0.150223
0.150003
0.157647
0.150610
0.150056
0.147079
0.149782
0.146547
0.143676
0.138270
0.140868
0.146468
0.148501
0.161936
0.158710
0.149954
0.148895
0.151199
0.151103
0.153065
0.150081
0.159296
0.161111
0.155984
0.161443
0.158113
0.166629
0.160854
0.166642
0.162079
0.161081
0.163639
0.158848
0.165169
0.163975
0.164364
0.166184
0.165004
0.159588
0.161391
0.157024
0.151366
0.160435
0.165161
0.165154
0.160400
0.162662
0.161945
0.163977
0.152016
0.150749
0.157829
0.161458
0.154818
0.145323
0.153439
0.145027
0.145348
0.143834
0.147562
0.152130
0.167346
0.159200
0.151159
0.153084
0.151834
0.146910
0.147497
0.153403
0.139828
0.137609
0.145188
0.144772
0.151322
0.154805
0.153403
0.155868
0.152585
0.155528
0.159430
0.156345
0.153445
0.147172
0.145211
0.156577
0.162753
0.154701
0.162368
0.161350
0.158543
0.152340
0.159567
0.160800
0.165471
0.158326
0.156922
0.153723
0.164849
0.151947
0.161817
0.133982
0.152824
0.148501
0.143784
0.146251
0.150248
0.141009
0.151112
0.151668
0.160489
0.146458
0.154277
0.144774
0.141651
0.143839
0.144187
0.140678
0.136746
0.136748
0.140043
0.137225
0.133512
0.125821
0.142669
0.150383
0.145609
0.140111
0.130704
0.143832
0.144287
0.150388
0.148714
0.149667
0.155241
0.150824
0.154176
0.150311
0.156297
0.148311
0.151885
0.157232
0.152323
0.160629
0.156810
0.160430
0.149034
0.152498
0.148540
0.152593
0.147558
0.144653
0.140877
0.148455
0.153530
0.141771
0.148529
0.138901
0.148946
0.147067
0.150471
0.149843
0.153167
0.156071
0.151347
0.154890
0.169342
0.159389
0.168449
0.156643
0.163083
0.158082
0.158039
0.144568
0.151892
0.151282
0.150463
0.146457
0.161312
0.150791
0.156322
0.140308
0.160323
0.156941
0.157619
0.147733
0.143565
0.132988
0.123922
0.129087
0.128523
0.143547
0.136034
0.138195
0.145166
0.152619
0.143177
0.147646
0.145303
0.138982
0.144436
0.131278
0.139160
0.136378
0.137783
0.143186
0.137213
0.130054
0.134862
0.135684
0.136948
0.120525
0.123796
0.127791
0.140549
0.140412
0.135657
0.131786
0.137895
0.141543
0.129973
0.141591
0.150957
0.152668
0.139076
0.147766
0.153195
0.152567
0.146213
0.142640
0.143628
0.152494
0.156093
0.151017
0.155816
0.150756
0.145324
0.149533
0.148935
0.142976
0.151523
0.150954
0.150713
0.146561
0.155999
0.150391
0.142150
0.147198
0.162252
0.159700
0.159296
0.158475
0.155495
0.154657
0.149089
0.153522
0.158481
0.156619
0.160298
0.162935
0.155786
0.157061
0.159371
0.158386
0.160990
0.149442
0.148613
0.155069
0.139164
0.140539
0.147401
0.145151
0.145971
0.152866
0.155668
0.137764
0.125971
0.126070
0.146278
0.136652
0.134894
0.147674
0.150283
0.157627
0.155597
0.151355
0.138126
0.149757
0.153849
0.144343
0.143977
0.141172
0.143083
0.152960
0.151271
0.156009
0.145032
0.137510
0.150778
0.144389
0.155160
0.148370
0.150528
0.150973
0.146059
0.146718
0.156892
0.150316
0.156705
0.160437
0.160012
0.157704
0.155501
0.159797
0.160931
0.152070
0.162107
0.154875
0.157701
0.140662
0.156384
0.154705
0.152628
0.154635
0.163105
0.156472
0.149994
0.158712
0.156125
0.160044
0.151880
0.155530
0.150773
0.151474
0.155009
0.167290
0.154798
0.159641
0.156343
0.152332
0.152943
0.161441
0.157191
0.161981
0.156724
0.160257
0.160435
0.162713
0.155306
0.159787
0.143752
0.163341
0.155249
0.150300
0.154114
0.133440
0.146678
0.159954
0.160567
0.160792
0.160078
0.163330
0.160899
0.150579
0.147535
0.153584
0.164055
0.148108
0.146418
0.137556
0.145094
0.146034
0.151334
0.150747
0.161051
0.155194
0.156734
0.147897
0.154163
0.147647
0.143229
0.143857
0.145731
0.135223
0.138386
0.143232
0.147747
0.148995
0.148504
0.159064
0.157402
0.145928
0.151911
0.147348
0.154554
0.148497
0.146955
0.147000
0.148154
0.143212
0.136240
0.144262
0.147733
0.146997
0.155702
0.149514
0.158006
0.162270
0.167702
0.158452
0.153274
0.154406
0.166806
0.150144
0.153444
0.155547
0.157726
0.150297
0.148557
0.156104
0.149369
0.146653
0.150178
0.150221
0.144261
0.140267
0.142916
0.147732
0.154319
0.147752
0.145588
0.154321
0.155407
0.153514
0.156335
0.153994
0.147412
0.151706
0.162942
0.159214
0.152100
0.156627
0.145705
0.139588
0.146923
0.142560
0.139542
0.144911
0.139160
0.140497
0.137069
0.142904
0.145645
0.140330
0.146209
0.150498
0.137935
0.148115
0.146767
0.156670
0.144861
0.150401
0.156391
0.153089
0.149164
0.144731
0.138033
0.143060
0.135871
0.144379
0.159525
0.153284
0.157727
0.162547
0.162119
0.165630
0.160272
0.165432
0.153086
0.159507
0.151927
0.140399
0.144092
0.159835
0.146959
0.147924
0.154769
0.151426
0.158674
0.154106
0.162832
0.160447
0.148983
0.141457
0.143841
0.143107
0.146215
0.157693
0.153800
0.155914
0.152195
0.155712
0.151398
0.136274
0.142565
0.132922
0.145711
0.142992
0.150584
0.144353
0.138071
0.143192
0.147055
0.152309
0.146449
0.147211
0.151367
0.144455
0.139485
0.138689
0.147196
0.147655
0.139133
0.143159
0.140564
0.139145
0.143821
0.137631
0.141624
0.134715
0.133396
0.140847
0.138346
0.146946
0.147029
0.138861
0.144157
0.144165
0.142335
0.143515
0.148739
0.151459
0.152098
0.157940
0.159915
0.163787
0.150330
0.164049
0.158420
0.150641
0.162760
0.152984
0.155881
0.157728
0.162226
0.155547
0.159299
0.166327
0.155158
0.161473
0.163230
0.168462
0.156154
0.155063
0.152757
0.149018
0.156937
0.144046
0.137322
0.150529
0.150714
0.151077
0.151130
0.147947
0.138026
0.148700
0.138608
0.133528
0.155145
0.156598
0.155789
0.144925
0.153922
0.154437
0.152147
0.147436
0.158251
0.158076
0.147243
0.151486
0.155392
0.151625
0.153321
0.160196
0.150296
0.143767
0.160805
0.155101
0.150500
0.155113
0.149710
0.154064
0.154564
0.148438
0.161506
0.161005
0.155997
0.142984
0.140761
0.142956
0.146752
0.143657
0.150897
0.147271
0.150835
0.143251
0.157270
0.159855
0.155860
0.161648
0.145819
0.147203
0.141993
0.150915
0.158622
0.160074
0.163082
0.160126
0.165157
0.161037
0.160679
0.155245
0.152402
0.156079
0.163876
0.158204
0.164299
0.152804
0.155937
0.158437
0.152734
0.156834
0.149884
0.155947
0.154896
0.156335
0.163537
0.165639
0.148653
0.157519
0.162861
0.165159
0.164841
0.149694
0.158750
0.157628
0.158962
0.158149
0.152625
0.159579
0.159157
0.162925
0.155245
0.156623
0.157987
0.156939
0.158605
0.158586
0.155665
0.157957
0.160659
0.163078
0.160591
0.152801
0.150229
0.160181
0.145891
0.151013
0.155099
0.152663
0.159228
0.152921
0.159100
0.150057
0.148766
0.153650
0.159098
0.155139
0.146916
0.158028
0.148236
0.143357
0.143445
0.142025
0.148303
0.153952
0.145378
0.145664
0.153463
0.149493
0.152858
0.146646
0.151144
0.156342
0.158335
0.155366
0.159042
0.151976
0.153605
0.143696
0.152571
0.149956
0.142393
0.142529
0.151560
0.149956
0.142564
0.144026
0.151378
0.158231
0.152064
0.154141
0.147333
0.152107
0.149044
0.151662
0.149979
0.155136
0.156121
0.138456
0.154266
0.153694
0.138040
0.156064
0.144925
0.142427
0.148192
0.143040
0.128273
0.139126
0.126377
0.133991
0.138364
0.135034
0.121105
0.139988
0.138379
0.143672
0.153908
0.153174
0.147795
0.141542
0.146435
0.145624
0.134850
0.141804
0.141707
0.149065
0.154550
0.146634
0.164967
0.154000
0.153841
0.163059
0.159506
0.149738
0.147353
0.140100
0.139739
0.136562
0.136576
0.137004
0.130408
0.144007
0.136925
0.143025
0.149398
0.149826
0.140395
0.140334
0.140943
0.157820
0.153370
0.158039
0.154952
0.159013
0.149395
0.157946
0.152322
0.145701
0.150022
0.154549
0.144127
0.155085
0.155506
0.147487
0.147755
0.152932
0.147249
0.149627
0.149019
0.140792
0.149855
0.147619
0.145334
0.148244
0.152788
0.152593
0.147203
0.147278
0.158410
0.155489
0.154572
0.156613
0.151479
0.152819
0.158595
0.147351
0.144004
0.143584
0.152754
0.143042
0.143551
0.137514
0.144593
0.151889
0.160550
0.157455
0.154309
0.156564
0.163129
0.145281
0.154220
0.149732
0.153347
0.159064
0.155829
0.151829
0.153137
0.160925
0.158680
0.167114
0.153945
0.162391
0.160434
0.157977
0.158752
0.150323
0.157739
0.149129
0.157392
0.142525
0.147483
0.143365
0.148147
0.144677
0.148886
0.161429
0.128077
0.142671
0.147798
0.146240
0.147895
0.141970
0.143268
0.148326
0.152787
0.152726
0.151784
0.157990
0.157760
0.157352
0.158560
0.147466
0.155457
0.138128
0.154012
0.148713
0.154079
0.149169
0.159811
0.156663
0.153248
0.150338
0.140747
0.151258
0.143957
0.142208
0.135065
0.145459
0.141806
0.153483
0.151956
0.150821
0.151669
0.155374
0.141855
0.141979
0.151478
0.141378
0.143037
0.154230
0.151039
0.142518
0.146557
0.145404
0.143703
0.140411
0.140506
0.145607
0.152554
0.146512
0.157642
0.153639
0.153083
0.156954
0.146671
0.142454
0.137026
0.141049
0.138248
0.146182
0.145329
0.137848
0.135932
0.137065
0.142615
0.137594
0.140377
0.143606
0.148325
0.135753
0.145893
0.133004
0.135783
0.137856
0.129767
0.136701
0.132249
0.129929
0.141743
0.144713
0.134400
0.129322
0.124263
0.136688
0.133089
0.133263
0.133475
0.135772
0.134254
0.131755
0.144105
0.126741
0.139316
0.137078
0.136815
0.141581
0.150245
0.139695
0.149081
0.143157
0.127831
0.135373
0.140378
0.143220
0.136741
0.139620
0.136061
0.145245
0.139844
0.140005
0.142337
0.141793
0.141620
0.145789
0.146486
0.142540
0.135802
0.127735
0.146141
0.141295
0.141033
0.146986
0.165483
0.167258
0.191199
0.220595
0.255418
0.267129
0.272590
0.265334
0.282451
0.278592
0.279909
0.273949
0.288249
0.278713
0.282672
0.271142
0.257934
0.272541
0.265133
0.266847
0.277111
0.252326
0.258304
0.245033
0.249222
0.248133
0.243165
0.237189
0.245344
0.257491
0.270515
0.252864
0.258135
0.262023
0.251810
0.266590
0.262740
0.265180
0.262365
0.268789
0.254061
0.250938
0.244672
0.235690
0.238356
0.253427
0.246717
0.224650
0.241192
0.237270
0.246802
0.246613
0.252946
0.252152
0.244487
0.241661
0.240300
0.241084
0.253176
0.246823
0.253816
0.249579
0.236650
0.232540
0.231456
0.220920
0.226668
0.227336
0.222492
0.218374
0.217002
0.226344
0.237518
0.209542
0.233240
0.240500
0.227190
0.226179
0.231941
0.213995
0.247652
0.222147
0.226820
0.219451
0.221711
0.207596
0.202826
0.222159
0.205015
0.208505
0.202461
0.201866
0.213734
0.203021
0.183901
0.184311
0.181782
0.178211
0.169387
0.178231
0.162040
0.173320
0.169292
0.188699
0.192510
0.197041
0.191460
0.189406
0.177520
0.183810
0.174962
0.182757
0.198814
0.198482
0.202263
0.186387
0.179187
0.184691
0.176685
0.183941
0.189584
0.172880
0.182164
0.186934
0.178870
0.185521
0.193593
0.184811
0.178952
0.174620
0.170691
0.172899
0.176011
0.162293
0.175373
0.165894
0.171724
0.179134
0.167626
0.171100
0.173809
0.186841
0.171830
0.168334
0.160798
0.167621
0.172807
0.155777
0.156736
0.151717
0.163487
0.171547
0.160522
0.156463
0.164239
0.170565
0.184790
0.169561
0.168173
0.167237
0.176862
0.171562
0.178251
0.184819
0.172749
0.166995
0.165489
0.149618
0.161572
0.138523
0.150188
0.129175
0.136743
0.147813
0.141374
0.144824
0.152981
0.140163
0.146269
0.154780
0.151093
0.152767
0.148914
0.148694
0.155429
0.148098
0.152883
0.145515
0.152871
0.149257
0.149863
0.147427
0.137582
0.148541
0.132859
0.131732
0.148475
0.135950
0.133214
0.131233
0.142788
0.143769
0.132803
0.135372
0.140614
0.137643
0.143619
0.141203
0.145931
0.141732
0.150204
0.137905
0.128108
0.139601
0.130554
0.133021
0.144782
0.151597
0.139200
0.143695
0.148162
0.135683
0.143120
0.137171
0.147304
0.145992
0.146951
0.139549
0.140229
0.145327
0.132493
0.135139
0.133760
0.126180
0.134746
0.141174
0.135218
0.133483
0.135825
0.132989
0.144054
0.136958
0.140050
0.134476
0.137905
0.142010
0.137680
0.130156
0.128216
0.137891
0.125127
0.126734
0.130019
0.130054
0.132924
0.140992
0.149251
0.158601
0.208663
0.233492
0.236146
0.244534
0.240443
0.244386
0.251557
0.255711
0.254829
0.249544
0.246338
0.251820
0.259551
0.257571
0.266709
0.260846
0.261068
0.260230
0.242093
0.246821
0.248606
0.251306
0.246489
0.244368
0.235864
0.238456
0.247047
0.261883
0.251732
0.241153
0.246931
0.246350
0.237811
0.251093
0.246903
0.249550
0.243162
0.241245
0.224585
0.228506
0.242395
0.248905
0.239046
0.238038
0.231031
0.246766
0.238047
0.250107
0.234554
0.235223
0.240390
0.241606
0.243894
0.243529
0.250307
0.245205
0.251631
0.243686
0.241785
0.234098
0.228139
0.231959
0.217427
0.216046
0.206951
0.226029
0.223227
0.219680
0.229265
0.236276
0.230179
0.246138
0.226578
0.215527
0.216843
0.210511
0.210645
0.206481
0.202525
0.196692
0.190612
0.200960
0.194527
0.199101
0.218021
0.216293
0.215930
0.210475
0.210714
0.199396
0.205877
0.204040
0.200327
0.205272
0.207971
0.213035
0.231146
0.211910
0.209844
0.210994
0.213716
0.203469
0.190253
0.200317
0.183724
0.195153
0.179793
0.171083
0.164418
0.177892
0.190270
0.195685
0.195056
0.202691
0.215863
0.199482
0.192883
0.187629
0.186980
0.171026
0.189188
0.189411
0.192981
0.187243
0.195883
0.173712
0.174532
0.168471
0.160919
0.162303
0.171687
0.170348
0.166480
0.186718
0.176893
0.180259
0.170130
0.178830
0.163722
0.152174
0.174291
0.170057
0.171031
0.162024
0.177104
0.179427
0.175784
0.171428
0.169945
0.167885
0.167610
0.167076
0.169787
0.169237
0.165729
0.174631
0.175388
0.175516
0.162881
0.164892
0.186470
0.172056
0.167225
0.174329
0.171657
0.159531
0.156443
0.152299
0.162785
0.152499
0.159572
0.164428
0.161952
0.159641
0.163092
0.161682
0.171745
0.166508
0.166166
0.162681
0.170354
0.169155
0.170121
0.173178
0.145815
0.143667
0.161440
0.178043
0.180247
0.167322
0.160805
0.171076
0.168370
0.162317
0.167309
0.170117
0.174183
0.165248
0.176639
0.173407
0.180881
0.155301
0.174986
0.165881
0.173914
0.155512
0.179222
0.168635
0.168411
0.177073
0.159365
0.158111
0.164445
0.159109
0.163910
0.158311
0.168857
0.164077
0.159328
0.156576
0.145344
0.146416
0.148871
0.149690
0.160900
0.151331
0.160767
0.164576
0.163163
0.157440
0.163585
0.164157
0.169120
0.160169
0.146074
0.151759
0.145520
0.155226
0.156047
0.153946
0.147857
0.146318
0.148305
0.159043
0.153596
0.150747
0.143177
0.155740
0.152877
0.150208
0.145912
0.141034
0.145238
0.149739
0.150731
0.146510
0.145346
0.127746
0.145565
0.135603
0.145340
0.155171
0.147466
0.147814
0.152186
0.140105
0.151671
0.150671
0.144327
0.146084
0.147918
0.138447
0.143121
0.137482
0.136030
0.133122
0.135410
0.143335
0.147298
0.139271
0.139584
0.141777
0.143442
0.140973
0.158146
0.158150
0.137400
0.145453
0.158901
0.155182
0.148032
0.154350
0.148513
0.159179
0.150448
0.155821
0.154075
0.150363
0.153267
0.146106
0.140953
0.149040
0.148513
0.152238
0.143404
0.144832
0.136231
0.139415
0.141745
0.143045
0.143745
0.148034
0.147197
0.154993
0.155144
0.147359
0.144686
0.152765
0.143178
0.141894
0.142680
0.138366
0.131814
0.145872
0.130159
0.136383
0.134326
0.138317
0.140035
0.135540
0.143906
0.133879
0.130108
0.137559
0.146000
0.137163
0.137752
0.137804
0.151237
0.142017
0.144803
0.134203
0.133486
0.134684
0.135632
0.141910
0.133305
0.138829
0.132649
0.129167
0.138439
0.132464
0.134396
0.127235
0.142780
0.138043
0.137924
0.138002
0.142161
0.135979
0.132769
0.132102
0.137311
0.138322
0.135424
0.132274
0.142471
0.141993
0.143116
0.139518
0.135254
0.140678
0.143107
0.144506
0.144708
0.142142
0.142356
0.147444
0.138940
0.144934
0.148145
0.138142
0.145924
0.146528
0.139938
0.142183
0.142086
0.139441
0.137272
0.128874
0.134248
0.136168
0.130677
0.132020
0.129168
0.133311
0.137718
0.145816
0.140522
0.142709
0.128657
0.133750
0.139602
0.135562
0.133937
0.131895
0.126397
0.133357
0.137232
0.137074
0.133831
0.133133
0.134046
0.138903
0.142759
0.141117
0.135917
0.122433
0.129327
0.128910
0.130362
0.134340
0.142142
0.133676
0.136933
0.135062
0.137750
0.137000
0.135499
0.136842
0.137228
0.142967
0.131965
0.131274
0.149317
0.146085
0.140637
0.144559
0.145648
0.140187
0.148072
0.146898
0.146568
0.132901
0.140263
0.135247
0.137761
0.132437
0.129303
0.138087
0.130860
0.121091
0.130204
0.134966
0.133269
0.137806
0.137944
0.140972
0.138950
0.144488
0.140423
0.128797
0.139387
0.141247
0.142065
0.140213
0.141703
0.138124
0.142155
0.140730
0.146437
0.138444
0.136753
0.134209
0.133448
0.139101
0.141589
0.132796
0.134251
0.126011
0.133992
0.134643
0.138653
0.138637
0.145850
0.132645
0.128202
0.135629
0.138453
0.138166
0.132753
0.128182
0.132941
0.138864
0.136760
0.137566
0.134653
0.140781
0.137057
0.144115
0.136516
0.134325
0.137600
0.133913
0.131009
0.120670
0.132303
0.127774
0.141839
0.141867
0.143908
0.135851
0.144778
0.135676
0.136057
0.143627
0.138611
0.132746
0.136478
0.133744
0.136492
0.136869
0.141778
0.145829
0.133863
0.141783
0.139955
0.127563
0.135865
0.138042
0.141948
0.135629
0.137768
0.138347
0.141620
0.128638
0.125805
0.132404
0.130117
0.125528
0.120406
0.125380
0.123926
0.129950
0.132503
0.136173
0.128706
0.118621
0.127555
0.130081
0.131148
0.132310
0.127200
0.131831
0.136939
0.130357
0.119448
0.129571
0.133727
0.123600
0.132780
0.142056
0.142738
0.140142
0.137558
0.145055
0.141759
0.128703
0.142981
0.133834
0.148064
0.139753
0.141094
0.140577
0.141852
0.140046
0.139541
0.141141
0.142699
0.143706
0.141941
0.140451
0.143232
0.128297
0.138790
0.132321
0.140889
0.141453
0.142304
0.136135
0.133784
0.132365
0.131072
0.130123
0.136871
0.120991
0.135950
0.139295
0.124765
0.135364
0.127136
0.137600
0.132497
0.130426
0.134391
0.137173
0.140619
0.135203
0.120900
0.128401
0.134296
0.127749
0.132751
0.139068
0.138882
0.118071
0.134343
0.133450
0.130178
0.128053
0.128897
0.130097
0.135957
0.139759
0.139543
0.134659
0.134631
0.133260
0.124787
0.128798
0.132161
0.128221
0.121102
0.132789
0.124845
0.122097
0.125421
0.123993
0.121541
0.116709
0.121255
0.113057
0.110476
0.121796
0.128042
0.130013
0.121394
0.129202
0.117484
0.125889
0.120392
0.117341
0.115813
0.127284
0.121529
0.122789
0.115920
0.126268
0.123491
0.115631
0.121161
0.112261
0.122682
0.115820
0.135779
0.129914
0.127418
0.119046
0.129897
0.127915
0.123411
0.125734
0.119095
0.132510
0.126374
0.127615
0.131173
0.131310
0.119938
0.110948
0.119454
0.116641
0.122794
0.118104
0.126138
0.128704
0.119070
0.123256
0.125132
0.125217
0.126288
0.122462
0.126547
0.139512
0.139214
0.129045
0.141400
0.132236
0.130948
0.124086
0.124613
0.121697
0.120876
0.136705
0.122938
0.121403
0.129499
0.126698
0.126023
0.131673
0.122932
0.123695
0.125811
0.121031
0.125542
0.128685
0.134791
0.125037
0.130204
0.134123
0.125278
0.125562
0.121679
0.133411
0.128557
0.136816
0.131854
0.128470
0.135559
0.133305
0.123247
0.120615
0.134864
0.126179
0.130594
0.120370
0.124023
0.127549
0.128895
0.125273
0.119799
0.134313
0.128094
0.114421
0.116855
0.132942
0.134813
0.137493
0.141231
0.123507
0.130665
0.134949
0.133029
0.124293
0.130905
0.130071
0.131528
0.133454
0.121373
0.125440
0.114760
0.125815
0.132677
0.124341
0.129394
0.120888
0.125890
0.118761
0.127593
0.121681
0.131031
0.130845
0.128964
0.116776
0.127015
0.132639
0.139460
0.125936
0.128332
0.119623
0.125935
0.125148
0.123870
0.124851
0.130733
0.122518
0.118139
0.120822
0.124914
0.120617
0.116319
0.128178
0.118368
0.121904
0.119112
0.119981
0.126080
0.121726
0.117298
0.118519
0.126687
0.128039
0.132015
0.124313
0.132800
0.127415
0.119227
0.114232
0.122677
0.127201
0.135857
0.135482
0.127956
0.124582
0.129317
0.133983
0.124624
0.120761
0.123908
0.112841
0.119505
0.112099
0.122156
0.127244
0.128741
0.133037
0.132830
0.127308
0.123431
0.121380
0.116411
0.115231
0.120854
0.123878
0.127101
0.130848
0.138080
0.130614
0.134709
0.120311
0.123634
0.124755
0.120919
0.131927
0.129363
0.135063
0.130969
0.124059
0.121227
0.123706
0.133473
0.121856
0.124944
0.127133
0.137322
0.136405
0.146434
0.135279
0.133625
0.137027
0.140978
0.136016
0.138684
0.135239
0.129700
0.134933
0.128194
0.130983
0.126559
0.126728
0.125780
0.131595
0.126770
0.134455
0.133303
0.138665
0.123081
0.127901
0.127119
0.140012
0.130860
0.131409
0.127857
0.134126
0.125386
0.136157
0.132261
0.126789
0.125879
0.128010
0.132714
0.118716
0.128030
0.134018
0.133896
0.124582
0.129225
0.127882
0.125471
0.114850
0.118232
0.112268
0.110918
0.123061
0.113232
0.130936
0.128220
0.126287
0.128629
0.128254
0.127468
0.124655
0.126301
0.130145
0.124598
0.131411
0.121808
0.127781
0.130231
0.129798
0.127972
0.134867
0.123643
0.130298
0.134427
0.121907
0.134138
0.127678
0.126790
0.136095
0.130869
0.132424
0.122222
0.121627
0.120869
0.124909
0.109571
0.119280
0.125387
0.123325
0.129367
0.137772
0.132724
0.127624
0.122703
0.129034
0.124824
0.126907
0.131206
0.125832
0.128519
0.121257
0.130092
0.128995
0.137036
0.131258
0.123034
0.137187
0.130938
0.133270
0.133158
0.132864
0.137856
0.123778
0.131135
0.135622
0.127220
0.133398
0.133839
0.132400
0.126546
0.121462
0.122031
0.120779
0.133578
0.125720
0.122184
0.118404
0.127055
0.125895
0.127271
0.124928
0.126122
0.126536
0.118132
0.113402
0.112129
0.122707
0.115854
0.124108
0.125091
0.122320
0.112765
0.113036
0.117794
0.123800
0.119938
0.123957
0.126855
0.120135
0.121784
0.127366
0.125459
0.123582
0.124846
0.119964
0.123413
0.129410
0.122586
0.113709
0.123599
0.120814
0.123537
0.121740
0.116098
0.125872
0.117860
0.110084
0.110080
0.122451
0.121893
0.126853
0.116902
0.120772
0.134225
0.132582
0.127722
0.130177
0.131900
0.131080
0.133444
0.127663
0.134526
0.129924
0.130604
0.123932
0.131576
0.124174
0.127847
0.123378
0.115027
0.120747
0.129466
0.120895
0.130025
0.121440
0.122293
0.121048
0.120494
0.121279
0.128220
0.121761
0.119586
0.121180
0.121938
0.116935
0.113687
0.114722
0.115734
0.119983
0.120634
0.111239
0.125477
0.127822
0.122171
0.123954
0.123274
0.128558
0.124316
0.130617
0.129156
0.123966
0.134891
0.126504
0.132007
0.122777
0.126126
0.125061
0.119091
0.121780
0.128388
0.131306
0.138944
0.131260
0.134964
0.129695
0.118826
0.121729
0.127620
0.113829
0.121490
0.124636
0.114897
0.120312
0.120756
0.124300
0.127325
0.125387
0.130687
0.119448
0.118043
0.118857
0.120021
0.123549
0.118492
0.123338
0.129309
0.122488
0.125443
0.120679
0.123577
0.125674
0.119257
0.126697
0.126535
0.126926
0.132802
0.125962
0.135324
0.132155
0.129898
0.134161
0.127920
0.134287
0.130349
0.127094
0.114511
0.123498
0.127464
0.126873
0.130976
0.130907
0.111446
0.127595
0.131887
0.127977
0.122054
0.122984
0.123870
0.126151
0.125998
0.122128
0.111698
0.124339
0.122412
0.130606
0.126124
0.122241
0.125985
0.122361
0.123447
0.122894
0.120419
0.118253
0.120910
0.124951
0.121324
0.122383
0.135704
0.133421
0.122970
0.127561
0.129843
0.120724
0.131502
0.124953
0.125811
0.127389
0.128652
0.133629
0.127444
0.130141
0.115114
0.113900
0.121940
0.117824
0.123469
0.115588
0.119791
0.117875
0.124804
0.127381
0.121340
0.122719
0.128990
0.125605
0.125333
0.135694
0.124959
0.124640
0.117556
0.124141
0.125489
0.121132
0.124981
0.121269
0.126419
0.111959
0.127208
0.126415
0.119204
0.122342
0.117197
0.110623
0.102585
0.107680
0.119196
0.109821
0.107813
0.112489
0.105107
0.105769
0.105814
0.103829
0.118331
0.119699
0.121576
0.121812
0.117337
0.122619
0.116122
0.125415
0.121417
0.126071
0.124161
0.125173
0.129154
0.130479
0.130080
0.137322
0.131823
0.124534
0.131535
0.128204
0.128698
0.135314
0.128582
0.132578
0.130511
0.131022
0.115793
0.128875
0.132244
0.121374
0.134492
0.128975
0.114988
0.119753
0.125542
0.122565
0.122134
0.128656
0.110899
0.126867
0.131745
0.135807
0.126129
0.135578
0.125538
0.119367
0.116089
0.119522
0.118067
0.118885
0.126131
0.122319
0.131529
0.124035
0.119008
0.129575
0.125261
0.119681
0.124492
0.121910
0.131740
0.135122
0.118565
0.123510
0.123255
0.107985
0.118202
0.109709
0.122854
0.109803
0.117585
0.119014
0.112442
0.114662
0.114732
0.112940
0.105480
0.109571
0.115989
0.111699
0.118843
0.110484
0.109948
0.111666
0.110740
0.106597
0.111314
0.104062
0.104058
0.092661
0.102427
0.090949
0.105881
0.099256
0.103713
0.098209
0.098878
0.099199
0.112773
0.113880
0.103876
0.110785
0.105083
0.108151
0.107777
0.119959
0.109551
0.108259
0.111927
0.110858
0.110174
0.108869
0.108763
0.115260
0.107684
0.117024
0.117462
0.111675
0.121552
0.111899
0.111491
0.108257
0.113401
0.103218
0.115423
0.112456
0.102630
0.103810
0.106780
0.094539
0.096418
0.109148
0.097213
0.096362
0.096117
0.101344
0.114074
0.096602
0.102847
0.104674
0.103726
0.112497
0.101760
0.107100
0.109245
0.109700
0.104405
0.100206
0.104515
0.102201
0.100728
0.099682
0.103721
0.097200
0.091716
0.106204
0.105610
0.107153
0.100376
0.098631
0.102845
0.104810
0.101216
0.105546
0.108082
0.112480
0.116746
0.106310
0.107538
0.114717
0.112848
0.111907
0.107392
0.107540
0.114655
0.110611
0.111922
0.108631
0.105416
0.106158
0.100947
0.111460
0.112108
0.110809
0.111927
0.106056
0.110698
0.102236
0.108046
0.104853
0.112241
0.103195
0.103805
0.107210
0.111932
0.107804
0.123358
0.118236
0.107984
0.118980
0.113621
0.114032
0.104853
0.112305
0.115250
0.115214
0.106463
0.115637
0.111279
0.105588
0.116892
0.114988
0.111503
0.116701
0.112475
0.112112
0.111173
0.102681
0.118526
0.108804
0.111448
0.106948
0.109486
0.114767
0.107748
0.117037
0.107496
0.106279
0.118263
0.101418
0.107364
0.103901
0.107813
0.099279
0.109595
0.103139
0.098425
0.098002
0.104981
0.107820
0.093816
0.100726
0.102324
0.099925
0.094116
0.086823
0.087890
0.109560
0.105407
0.109056
0.104497
0.093118
0.096798
0.099577
0.102234
0.095016
0.102388
0.109892
0.103105
0.105707
0.099742
0.101601
0.109169
0.106469
0.113378
0.110042
0.110303
0.105832
0.110727
0.111229
0.114311
0.110181
0.106483
0.119855
0.117245
0.118670
0.107088
0.105307
0.111189
0.111548
0.108408
0.117911
0.112970
0.116380
0.107035
0.099918
0.106736
0.108775
0.107505
0.108488
0.108415
0.113168
0.115816
0.115649
0.115792
0.116856
0.120912
0.119576
0.121195
0.117647
0.115599
0.116007
0.114202
0.111563
0.115004
0.110618
0.116428
0.111593
0.120669
0.117397
0.112932
0.120030
0.117949
0.118290
0.116027
0.107147
0.117284
0.115169
0.123010
0.107839
0.118461
0.112130
0.119911
0.114711
0.106665
0.115836
0.120307
0.111778
0.120554
0.115356
0.109767
0.118387
0.116638
0.116286
0.113925
0.119191
0.110900
0.123240
0.107957
0.110970
0.116644
0.112751
0.111185
0.119848
0.119436
0.118924
0.110687
0.109484
0.104782
0.107115
0.115281
0.106269
0.108919
0.113281
0.111718
0.105937
0.108662
0.114133
0.105743
0.111674
0.111525
0.111528
0.106729
0.110392
0.107193
0.106043
0.106034
0.107497
0.097032
0.102174
0.105340
0.109129
0.110773
0.099669
0.107193
0.106971
0.117631
0.105389
0.114758
0.103743
0.106941
0.105859
0.100889
0.111071
0.108427
0.114004
0.118078
0.114564
0.114507
0.121434
0.114059
0.109434
0.117062
0.096780
0.106437
0.101621
0.112159
0.106244
0.110736
0.114474
0.108364
0.106632
0.115097
0.106985
0.109437
0.111833
0.105815
0.105281
0.114033
0.113134
0.112455
0.116811
0.112598
0.109545
0.113900
0.109011
0.106002
0.106362
0.107111
0.105382
0.108704
0.106244
0.108892
0.109360
0.109095
0.113394
0.107386
0.115126
0.111238
0.109379
0.103137
0.108706
0.106705
0.114083
0.110397
0.108462
0.110050
0.110782
0.106561
0.106117
0.102880
0.106366
0.107097
0.114347
0.103890
0.108199
0.111344
0.109216
0.107338
0.102621
0.108686
0.103159
0.115357
0.111152
0.106999
0.111522
0.110287
0.113356
0.104972
0.103007
0.102180
0.101603
0.105408
0.108413
0.101451
0.104926
0.115295
0.109386
0.108596
0.106810
0.107816
0.097643
0.111805
0.112710
0.112973
0.106569
0.114184
0.122191
0.119198
0.114674
0.113389
0.108753
0.115460
0.110330
0.109528
0.103147
0.109004
0.110942
0.112683
0.101659
0.093841
0.101500
0.107382
0.102735
0.113296
0.112870
0.101839
0.111781
0.110232
0.114839
0.101309
0.114878
0.117452
0.106379
0.113464
0.109585
0.107582
0.110890
0.108795
0.114256
0.106061
0.102401
0.100624
0.100627
0.101898
0.099287
0.097862
0.098079
0.101259
0.095836
0.101064
0.098412
0.102665
0.107027
0.106326
0.101785
0.108011
0.114530
0.110854
0.114981
0.115588
0.108161
0.106103
0.102657
0.110901
0.114268
0.118111
0.116453
0.110148
0.107850
0.115641
0.100583
0.112157
0.100137
0.100157
0.112780
0.110521
0.104314
0.112095
0.114787
0.113590
0.110879
0.107946
0.107827
0.099939
0.106648
0.104879
0.111678
0.104336
0.111954
0.097511
0.105663
0.094753
0.095953
0.103063
0.103777
0.099046
0.100099
0.099591
0.104130
0.110988
0.100806
0.105995
0.099520
0.108437
0.113519
0.110047
0.093842
0.102920
0.103636
0.105808
0.104085
0.093301
0.097051
0.104648
0.104843
0.103230
0.108202
0.100922
0.117281
0.098611
0.104265
0.099605
0.101149
0.105637
0.097892
0.107113
0.101898
0.102431
0.106254
0.104985
0.113655
0.104661
0.115654
0.104261
0.106548
0.109846
0.107099
0.104386
0.109533
0.109876
0.105924
0.110841
0.106126
0.112734
0.107315
0.108681
0.109120
0.112262
0.111673
0.110301
0.117435
0.110214
0.104152
0.099432
0.116766
0.107095
0.115049
0.118131
0.099564
0.109071
0.111916
0.114133
0.108781
0.117339
0.111814
0.115012
0.103443
0.108702
0.097547
0.101278
0.107520
0.114931
0.108459
0.113283
0.117036
0.100659
0.109629
0.100007
0.105603
0.103074
0.099868
0.101257
0.104414
0.108407
0.107477
0.102217
0.103246
0.103396
0.099314
0.105981
0.100971
0.096490
0.101078
0.102221
0.111987
0.114572
0.117205
0.110832
0.105610
0.109554
0.107127
0.107214
0.110735
0.107058
0.104872
0.118750
0.110469
0.115657
0.111078
0.102991
0.111359
0.110921
0.106455
0.112733
0.112729
0.108222
0.115323
0.119590
0.108304
0.113812
0.113345
0.106741
0.107939
0.106724
0.113732
0.109196
0.116978
0.115227
0.110495
0.105057
0.113352
0.116782
0.105987
0.098526
0.114020
0.113890
0.122094
0.116929
0.105796
0.114191
0.114784
0.110801
0.114387
0.105782
0.109325
0.098668
0.101997
0.105997
0.108714
0.106879
0.097028
0.108340
0.104615
0.108879
0.099493
0.108816
0.113307
0.109493
0.101087
0.090533
0.112285
0.101055
0.105144
0.103806
0.092549
0.090424
0.102953
0.110984
0.106362
0.116280
0.108658
0.109550
0.112841
0.115483
0.110932
0.112157
0.108257
0.102387
0.112092
0.105550
0.101849
0.090267
0.112345
0.105901
0.109312
0.110174
0.104317
0.105064
0.107238
0.110810
0.097223
0.103419
0.107548
0.103379
0.115528
0.107386
0.102276
0.108363
0.092694
0.103356
0.103879
0.092428
0.103792
0.102122
0.100692
0.108644
0.105279
0.104861
0.109585
0.101271
0.105001
0.102116
0.099298
0.106397
0.101832
0.103267
0.100923
0.103004
0.094211
0.097255
0.110044
0.102315
0.108695
0.105024
0.113386
0.105323
0.118672
0.109128
0.108203
0.113250
0.107974
0.100312
0.111362
0.102991
0.102045
0.101532
0.101318
0.104267
0.101572
0.106547
0.100842
0.105564
0.099097
0.100334
0.103108
0.103880
0.107261
0.107608
0.099552
0.115749
0.116327
0.119203
0.102803
0.112857
0.098594
0.095700
0.092297
0.093348
0.100379
0.100837
0.109991
0.113788
0.104766
0.106610
0.106239
0.103943
0.106178
0.112591
0.107507
0.103486
0.107448
0.104868
0.111997
0.105857
0.103565
0.112923
0.114807
0.107061
0.110846
0.119457
0.113029
0.109057
0.109798
0.116019
0.108203
0.103203
0.101743
0.100596
0.115585
0.116112
0.110241
0.116451
0.112975
0.108554
0.115502
0.103008
0.104323
0.105921
0.105336
0.111632
0.099442
0.105659
0.109933
0.109241
0.105380
0.098740
0.105015
0.098461
0.103493
0.113196
0.112368
0.105233
0.106255
0.109240
0.099194
0.099986
0.104110
0.110226
0.113101
0.107815
0.104309
0.109665
0.108448
0.107915
0.099374
0.113415
0.106881
0.111393
0.107180
0.119288
0.109710
0.116417
0.105766
0.111745
0.111151
0.105429
0.105715
0.111739
0.111049
0.098507
0.102910
0.103564
0.104661
0.104682
0.103557
0.097170
0.103949
0.101010
0.111911
0.104595
0.101890
0.104849
0.112616
0.103899
0.107254
0.112051
0.104420
0.108687
0.114647
0.106235
0.101420
0.100428
0.103293
0.100238
0.100032
0.101523
0.109060
0.105974
0.106694
0.100170
0.109114
0.106918
0.095541
0.104109
0.103024
0.100116
0.104772
0.101506
0.110399
0.107394
0.103911
0.104296
0.101618
0.106193
0.108524
0.112740
0.106927
0.103041
0.109743
0.097119
0.100330
0.102490
0.110666
0.117744
0.107634
0.112151
0.108209
0.097605
0.104066
0.096400
0.097178
0.092727
0.092703
0.088911
0.088571
0.086949
0.090902
0.093222
0.081340
0.084141
0.085156
0.082985
0.080833
0.088258
0.083886
0.085469
0.085355
0.097534
0.094400
0.096284
0.096011
0.090797
0.098152
0.074669
0.091837
0.084327
0.094837
0.082465
0.087850
0.092180
0.090831
0.099295
0.087932
0.085842
0.093253
0.098933
0.095598
0.098651
0.095699
0.091631
0.091289
0.093196
0.094694
0.093397
0.098735
0.088882
0.084382
0.100878
0.088687
0.089260
0.088731
0.088809
0.092011
0.089369
0.095745
0.095823
0.093537
0.091934
0.091695
0.091843
0.096343
0.094918
0.087681
0.095243
0.094369
0.083757
0.091464
0.090117
0.088001
0.094498
0.095896
0.090926
0.086049
0.091148
0.096809
0.084957
0.085786
0.084188
0.088560
0.094265
0.088775
0.091615
0.090578
0.089833
0.097854
0.092890
0.095626
0.092101
0.089964
0.102393
0.092153
0.090550
0.084411
0.085950
0.092979
0.095828
0.100214
0.096795
0.092933
0.087538
0.100146
0.095292
0.095663
0.096811
0.099694
0.091758
0.090192
0.087428
0.088733
0.088808
0.091709
0.092399
0.091352
0.093281
0.086208
0.090910
0.090849
0.096730
0.087917
0.094686
0.091898
0.079987
0.089174
0.081571
0.089416
0.080136
0.095643
0.091001
0.089054
0.091172
0.090961
0.084180
0.091662
0.089856
0.085479
0.091853
0.084033
0.094621
0.087732
0.088987
0.093460
0.097407
0.085663
0.093016
0.097008
0.093578
0.092106
0.085706
0.099034
0.093510
0.087630
0.097181
0.095616
0.095791
0.092013
0.089838
0.095982
0.093098
0.093460
0.089829
0.085357
0.086284
0.090661
0.092988
0.087732
0.094422
0.091920
0.095608
0.094413
0.091223
0.094457
0.091712
0.088215
0.091577
0.094306
0.094480
0.087250
0.099329
0.087355
0.083356
0.086128
0.101148
0.092206
0.099883
0.088533
0.095756
0.096168
0.098440
0.094239
0.095732
0.091593
0.088654
0.083782
0.090879
0.098665
0.092668
0.090216
0.093709
0.096426
0.092443
0.098443
0.090099
0.093983
0.101949
0.093284
0.091715
0.091654
0.094918
0.093411
0.091875
0.089281
0.092473
0.090910
0.096125
0.098976
0.093532
0.090362
0.078213
0.086077
0.087285
0.083691
0.094395
0.091872
0.090647
0.096167
0.086603
0.097664
0.092409
0.090990
0.097684
0.089965
0.094146
0.094869
0.086087
0.094689
0.088874
0.085452
0.091201
0.090335
0.091732
0.089084
0.086874
0.094912
0.088490
0.091480
0.091600
0.094366
0.093389
0.091171
0.089579
0.086795
0.094433
0.096364
0.086240
0.094100
0.090183
0.090016
0.102199
0.096949
0.100161
0.093007
0.096612
0.095385
0.098039
0.094562
0.096703
0.098756
0.096668
0.095499
0.089193
0.094623
0.089458
0.094614
0.091735
0.094549
0.098407
0.094915
0.098530
0.093297
0.101065
0.100345
0.099146
0.090348
0.087391
0.096196
0.089598
0.091319
0.092545
0.097960
0.095467
0.090542
0.088601
0.090285
0.085310
0.092178
0.087089
0.082813
0.090352
0.088879
0.086833
0.085861
0.089958
0.087841
0.085928
0.093494
0.093673
0.086481
0.094893
0.091405
0.093009
0.097038
0.095383
0.087153
0.090115
0.094671
0.083061
0.089018
0.096182
0.093996
0.097761
0.088874
0.092675
0.094975
0.090685
0.093013
0.092951
0.092529
0.087620
0.079412
0.090667
0.084381
0.089836
0.097319
0.088119
0.095933
0.096640
0.094159
0.093371
0.096527
0.093430
0.095203
0.096531
0.097635
0.088585
0.086384
0.090164
0.098449
0.088695
0.092589
0.095394
0.094642
0.095912
0.093281
0.093079
0.084827
0.083536
0.088024
0.090048
0.092029
0.086348
0.087694
0.094990
0.100985
0.086135
0.093813
0.086874
0.087929
0.091009
0.088077
0.090007
0.088954
0.090774
0.093158
0.091268
0.091239
0.087027
0.096039
0.096998
0.099275
0.086632
0.086987
0.096390
0.082990
0.091661
0.094902
0.087395
0.095642
0.096459
0.087812
0.090973
0.093806
0.098974
0.090504
0.087987
0.093646
0.089538
0.098607
0.089181
0.088850
0.094071
0.092864
0.095176
0.093423
0.090279
0.096311
0.090469
0.095472
0.089745
0.087369
0.086573
0.091933
0.091495
0.089840
0.090634
0.090707
0.085175
0.085673
0.092588
0.090670
0.092426
0.093127
0.099624
0.095905
0.099429
0.086001
0.093602
0.081898
0.088756
0.091501
0.087300
0.093430
0.095356
0.083610
0.092617
0.095373
0.096093
0.089631
0.098167
0.089177
0.092711
0.095101
0.087782
0.085458
0.097499
0.089444
0.095968
0.092595
0.088752
0.086917
0.089194
0.088438
0.089390
0.089328
0.088743
0.085485
0.092816
0.081635
0.082488
0.085086
0.082215
0.079531
0.081474
0.082703
0.084986
0.086238
0.081408
0.089414
0.086716
0.089400
0.091144
0.089581
0.092514
0.080117
0.093467
0.096930
0.093549
0.095029
0.088885
0.098821
0.102520
0.091080
0.092319
0.088298
0.086745
0.093798
0.088603
0.093048
0.096866
0.089375
0.085573
0.095753
0.089864
0.089688
0.101311
0.091139
0.087303
0.088044
0.089596
0.085181
0.091803
0.087475
0.090876
0.090136
0.089393
0.085861
0.092197
0.083378
0.087746
0.078157
0.083641
0.091803
0.092975
0.093747
0.086551
0.085627
0.088565
0.089951
0.088182
0.092151
0.096888
0.096644
0.087212
0.098947
0.093926
0.098120
0.090327
0.095623
0.094811
0.099587
0.090285
0.096744
0.093131
0.082461
0.091208
0.093611
0.100391
0.097707
0.087077
0.098168
0.099029
0.084908
0.085745
0.081307
0.088085
0.086107
0.092859
0.081150
0.083984
0.091075
0.083285
0.096746
0.095507
0.091243
0.089328
0.094516
0.093768
0.082896
0.089492
0.094480
0.086812
0.091826
0.092703
0.089272
0.094806
0.092834
0.094668
0.098317
0.100186
0.100581
0.086685
0.089737
0.085914
0.082908
0.081733
0.096048
0.097416
0.092727
0.096148
0.092987
0.098020
0.090535
0.095483
0.093592
0.094512
0.094814
0.095948
0.088808
0.095793
0.091115
0.095530
0.096062
0.089497
0.098242
0.100235
0.091488
0.092421
0.086292
0.093156
0.089002
0.098017
0.090280
0.094084
0.090378
0.094401
0.096702
0.087848
0.087126
0.083612
0.091094
0.095922
0.091399
0.093597
0.093305
0.087832
0.093306
0.092590
0.092266
0.093393
0.098980
0.088475
0.084137
0.085523
0.100894
0.097707
0.092695
0.094101
0.090370
0.094795
0.085712
0.094541
0.096868
0.092824
0.090102
0.091929
0.096900
0.096461
0.087302
0.088916
0.091568
0.096443
0.093046
0.099423
0.091858
0.091809
0.089323
0.086787
0.092855
0.093801
0.089954
0.085365
0.089394
0.083871
0.090663
0.092003
0.093291
0.093845
0.096348
0.083600
0.091791
0.090995
0.086189
0.083850
0.085427
0.091677
0.085708
0.094753
0.089893
0.090016
0.094971
0.099926
0.095421
0.089455
0.093022
0.088759
0.080904
0.087224
0.086424
0.084219
0.094927
0.083762
0.093544
0.090562
0.078147
0.087677
0.093198
0.089553
0.090579
0.086572
0.087758
0.089176
0.086299
0.091325
0.093192
0.092254
0.097995
0.098123
0.091266
0.093322
0.097116
0.087084
0.091860
0.091132
0.096308
0.089387
0.095388
0.094195
0.091639
0.086384
0.100160
0.092705
0.095672
0.092957
0.085471
0.087948
0.088520
0.086032
0.087359
0.093319
0.091118
0.087210
0.087242
0.084600
0.087500
0.090196
0.096553
0.092743
0.088500
0.089133
0.088931
0.092757
0.087790
0.090691
0.089746
0.085286
0.094470
0.089877
0.094812
0.088443
0.087884
0.084735
0.080477
0.085152
0.088340
0.092817
0.086116
0.092595
0.085378
0.093238
0.095894
0.085447
0.088209
0.085863
0.087497
0.093061
0.094122
0.089175
0.095768
0.083635
0.087936
0.093654
0.088794
0.089316
0.091085
0.081151
0.093608
0.099910
0.088261
0.088923
0.094751
0.096015
0.092739
0.092912
0.086196
0.081365
0.092141
0.091373
0.095465
0.095196
0.090918
0.089304
0.091448
0.094306
0.090989
0.091250
0.087615
0.089117
0.081185
0.088508
0.089687
0.095129
0.092796
0.084471
0.080690
0.086991
0.090484
0.084886
0.095382
0.093570
0.088147
0.095021
0.092603
0.088645
0.096965
0.090545
0.090811
0.089427
0.093414
0.089160
0.082632
0.086409
0.081361
0.092010
0.084191
0.095264
0.083900
0.099062
0.093529
0.098492
0.086800
0.088510
0.081500
0.081143
0.087156
0.094245
0.092784
0.089346
0.092705
0.085062
0.094888
0.087787
0.088321
0.087673
0.092804
0.089114
0.088050
0.084779
0.080596
0.081404
0.087982
0.084811
0.081855
0.089375
0.094354
0.088656
0.089178
0.093034
0.088923
0.095214
0.096365
0.096121
0.089058
0.091803
0.084347
0.090556
0.094131
0.093697
0.088456
0.087890
0.096938
0.091762
0.093667
0.093910
0.088312
0.090228
0.092533
0.096045
0.087824
0.093870
0.084900
0.089411
0.092361
0.085413
0.082094
0.089056
0.089584
0.089659
0.087518
0.089650
0.088849
0.091064
0.089458
0.093956
0.089685
0.083246
0.083724
0.094541
0.095216
0.092921
0.087201
0.095959
0.091785
0.091853
0.091978
0.095922
0.089677
0.097945
0.092698
0.097690
0.092205
0.083107
0.085071
0.087920
0.094083
0.084594
0.084295
0.089338
0.099645
0.088078
0.092398
0.091949
0.087484
0.089238
0.090854
0.087176
0.090090
0.095560
0.096224
0.088696
0.092497
0.092129
0.089912
0.089434
0.088683
0.094654
0.084191
0.092878
0.088600
0.085162
0.092297
0.091472
0.097635
0.095591
0.098211
0.092706
0.090884
0.090082
0.091028
0.090086
0.089909
0.094525
0.086825
0.090056
0.082427
0.083489
0.092507
0.094208
0.082648
0.081126
0.090756
0.089235
0.095678
0.091466
0.091334
0.094426
0.089530
0.088929
0.091370
0.090612
0.095552
0.087527
0.091031
0.093219
0.088026
0.088059
0.087251
0.087924
0.093965
0.091386
0.090266
0.094303
0.088694
0.086572
0.089753
0.082176
0.085677
0.086742
0.093130
0.087208
0.093157
0.089934
0.090916
0.096165
0.090302
0.082330
0.087910
0.082698
0.087060
0.093487
0.090767
0.085569
0.088431
0.083029
0.083623
0.085289
0.090906
0.079395
0.077565
0.090234
0.087461
0.092717
0.088634
0.083843
0.089122
0.092516
0.091206
0.091110
0.095389
0.088076
0.087461
0.082584
0.092052
0.086553
0.084967
0.090479
0.089511
0.088257
0.087885
0.087958
0.087549
0.089199
0.087805
0.090349
0.094857
0.087657
0.091782
0.087371
0.088334
0.093114
0.095821
0.093333
0.085027
0.095664
0.089800
0.078752
0.089584
0.092481
0.090800
0.085522
0.092141
0.087386
0.090991
0.085191
0.083544
0.083849
0.076061
0.085124
0.087359
0.078524
0.082492
0.078668
0.083859
0.089469
0.090576
0.086225
0.082637
0.093819
0.092144
0.089625
0.087198
0.090012
0.089940
0.088819
0.089121
0.090504
0.082124
0.088674
0.089187
0.089921
0.088732
0.086905
0.096353
0.084315
0.090925
0.079606
0.092571
0.092954
0.091232
0.089591
0.078645
0.078196
0.081160
0.089220
0.084504
0.090558
0.087310
0.085582
0.088043
0.086509
0.089195
0.092409
0.087023
0.091731
0.091440
0.087793
0.086113
0.091425
0.086265
0.090906
0.093207
0.090479
0.091950
0.094731
0.092059
0.086809
0.089283
0.092604
0.088153
0.083215
0.082189
0.083662
0.088308
0.083926
0.074496
0.080292
0.084788
0.083474
0.089427
0.094913
0.092353
0.088625
0.087963
0.091776
0.084908
0.085006
0.086486
0.087450
0.085608
0.088114
0.084029
0.088913
0.089490
0.087655
0.086904
0.084862
0.083789
0.084496
0.087903
0.081286
0.084420
0.085445
0.081318
0.082657
0.079774
0.079836
0.082476
0.090835
0.089657
0.085717
0.080084
0.087633
0.089515
0.084505
0.086528
0.090481
0.089395
0.093921
0.097365
0.085005
0.092320
0.089429
0.087806
0.086602
0.089283
0.079613
0.078258
0.084340
0.084628
0.082189
0.082529
0.089578
0.082546
0.091684
0.090715
0.095884
0.085834
0.077588
0.080945
0.083793
0.091750
0.090074
0.083476
0.085675
0.086330
0.086022
0.086679
0.088357
0.081607
0.088598
0.090428
0.090255
0.083714
0.084932
0.083552
0.089020
0.083656
0.088320
0.091232
0.083307
0.089535
0.087153
0.092279
0.093344
0.084478
0.090131
0.087430
0.084579
0.092014
0.099933
0.120467
0.135239
0.161570
0.183302
0.188858
0.206302
0.225005
0.239134
0.239347
0.238516
0.238518
0.232643
0.237567
0.246217
0.253742
0.247179
0.244071
0.244372
0.241334
0.239400
0.251583
0.240639
0.233738
0.231186
0.223282
0.243466
0.240751
0.245386
0.242795
0.238604
0.235473
0.230854
0.219169
0.235215
0.234994
0.226312
0.225094
0.231048
0.221195
0.236330
0.225948
0.226818
0.232427
0.226963
0.227862
0.206684
0.218258
0.212845
0.205722
0.211878
0.217276
0.205060
0.221343
0.221393
0.215896
0.208338
0.209449
0.209833
0.203942
0.222815
0.217619
0.222945
0.225171
0.213759
0.215850
0.220716
0.202769
0.207290
0.198798
0.201054
0.201686
0.183944
0.197458
0.191318
0.204723
0.199589
0.180142
0.194155
0.199317
0.174317
0.174293
0.171372
0.185873
0.178911
0.165458
0.167659
0.178465
0.166876
0.172811
0.179749
0.177299
0.181431
0.165813
0.159788
0.162691
0.165360
0.156653
0.145943
0.157439
0.161197
0.157875
0.158101
0.157410
0.169089
0.178005
0.163626
0.181097
0.177558
0.191612
0.162545
0.172556
0.163502
0.170668
0.170353
0.153503
0.141022
0.137180
0.135572
0.132219
0.147149
0.144625
0.155609
0.147049
0.152542
0.157465
0.177196
0.159807
0.143792
0.167697
0.164749
0.156732
0.145420
0.142413
0.164301
0.151130
0.154861
0.163366
0.159538
0.142405
0.153503
0.155174
0.158493
0.164247
0.161038
0.146490
0.149177
0.149471
0.153174
0.151033
0.155934
0.139468
0.158504
0.151526
0.145294
0.167425
0.158465
0.149303
0.154664
0.148537
0.142296
0.148963
0.142621
0.126657
0.142813
0.130861
0.141962
0.136949
0.141605
0.147197
0.156128
0.147288
0.151102
0.170486
0.146534
0.144015
0.140620
0.134868
0.140539
0.141299
0.157326
0.156720
0.147769
0.138032
0.154861
0.148029
0.141651
0.142410
0.148793
0.144988
0.141969
0.124568
0.138201
0.131600
0.134142
0.140594
0.134631
0.143030
0.153116
0.134498
0.133958
0.132546
0.140539
0.130446
0.133874
0.136080
0.135511
0.133274
0.142249
0.137001
0.134650
0.132969
0.140906
0.140006
0.140233
0.137255
0.130261
0.139147
0.132033
0.127945
0.129588
0.132799
0.136996
0.146372
0.132154
0.138048
0.132220
0.127821
0.132507
0.132160
0.135418
0.122260
0.123298
0.141279
0.140874
0.134154
0.136966
0.134964
0.135306
0.133215
0.145437
0.132913
0.132167
0.136146
0.129705
0.128943
0.139798
0.132046
0.130762
0.131290
0.131113
0.117217
0.140701
0.123720
0.134149
0.133067
0.141633
0.133700
0.143892
0.145276
0.146871
0.136799
0.130783
0.124372
0.126719
0.122514
0.128693
0.130686
0.133090
0.125372
0.127280
0.128642
0.136155
0.133050
0.137634
0.136700
0.129436
0.140726
0.149182
0.144487
0.129821
0.129219
0.137208
0.126320
0.137038
0.134051
0.130406
0.126941
0.135540
0.125525
0.130880
0.126187
0.124077
0.124894
0.128300
0.134478
0.126695
0.125452
0.135114
0.138864
0.130775
0.121679
0.135452
0.133200
0.137477
0.128712
0.132210
0.131145
0.145024
0.139348
0.133800
0.133528
0.135274
0.130172
0.135257
0.127473
0.127926
0.133327
0.127348
0.134219
0.138910
0.146024
0.135751
0.131247
0.137183
0.149886
0.142803
0.147190
0.145869
0.147236
0.141376
0.145767
0.142403
0.144944
0.147208
0.138627
0.128959
0.136814
0.137465
0.130674
0.137250
0.124134
0.131281
0.115778
0.116470
0.123098
0.130380
0.120696
0.111825
0.124477
0.121439
0.131607
0.119786
0.122890
0.108259
0.115661
0.111776
0.125098
0.131709
0.123832
0.126409
0.126190
0.126680
0.131374
0.131565
0.126867
0.136252
0.132454
0.143961
0.127558
0.128078
0.130477
0.128616
0.131153
0.128108
0.135929
0.126437
0.124992
0.133878
0.132148
0.130582
0.134616
0.118944
0.125791
0.128009
0.124180
0.122853
0.120159
0.124103
0.128857
0.135912
0.132780
0.131949
0.131571
0.137949
0.136475
0.136403
0.127858
0.135192
0.135091
0.127438
0.129824
0.124237
0.129123
0.147764
0.138553
0.132766
0.132712
0.123614
0.121682
0.131685
0.124181
0.125435
0.133658
0.126676
0.126968
0.142075
0.135531
0.143522
0.142827
0.139600
0.131878
0.132373
0.139309
0.139064
0.131768
0.124789
0.131461
0.132003
0.131860
0.118291
0.124005
0.119155
0.119380
0.120999
0.127363
0.125809
0.129190
0.122552
0.125903
0.125929
0.124249
0.131687
0.130323
0.127953
0.121747
0.125896
0.127188
0.119598
0.132072
0.133890
0.133568
0.137072
0.126282
0.116993
0.126777
0.109154
0.119608
0.118779
0.128214
0.141610
0.127170
0.113270
0.117786
0.126741
0.126999
0.123929
0.128976
0.125617
0.132943
0.132714
0.130542
0.119841
0.122229
0.133351
0.133482
0.125916
0.118100
0.128909
0.127233
0.131465
0.131001
0.141752
0.141224
0.142570
0.140350
0.148106
0.135897
0.143107
0.134174
0.144880
0.147262
0.125798
0.126260
0.114896
0.130974
0.136347
0.142000
0.143933
0.131758
0.138638
0.137636
0.132724
0.134136
0.123654
0.136415
0.121296
0.131511
0.126103
0.128931
0.133008
0.136173
0.135727
0.141472
0.138142
0.142146
0.139053
0.142795
0.133072
0.124859
0.125570
0.128016
0.127304
0.135261
0.132017
0.137265
0.139814
0.136807
0.135429
0.133640
0.126335
0.126381
0.124323
0.113915
0.126312
0.128208
0.118488
0.118105
0.120219
0.118225
0.114272
0.116159
0.116969
0.115203
0.121692
0.121691
0.121219
0.132765
0.123441
0.130206
0.122941
0.115785
0.115067
0.105065
0.128972
0.128630
0.122598
0.121685
0.125359
0.120804
0.123454
0.134751
0.137693
0.136761
0.128457
0.129952
0.119745
0.118841
0.126557
0.123102
0.137674
0.129807
0.137901
0.127801
0.136617
0.136984
0.137431
0.133589
0.130315
0.130677
0.143137
0.130852
0.129275
0.127387
0.139592
0.141978
0.130373
0.134728
0.138439
0.138011
0.128320
0.128074
0.140485
0.138514
0.140335
0.136889
0.130316
0.141109
0.144814
0.135080
0.147095
0.142767
0.128778
0.112772
0.131711
0.130166
0.133628
0.131231
0.130352
0.132398
0.138648
0.124602
0.129369
0.126439
0.115788
0.125455
0.129339
0.135845
0.135647
0.136853
0.122275
0.114119
0.129515
0.124647
0.126829
0.122500
0.123434
0.133094
0.125377
0.133315
0.126627
0.132612
0.131503
0.121205
0.121705
0.118834
0.122281
0.111079
0.126042
0.115578
0.135058
0.139012
0.134490
0.129303
0.128326
0.117221
0.127022
0.120935
0.130867
0.122237
0.115942
0.123758
0.122108
0.121241
0.115089
0.128300
0.130544
0.131044
0.128779
0.123871
0.133725
0.134774
0.142920
0.135579
0.130480
0.129412
0.125321
0.129553
0.136740
0.141652
0.143022
0.129979
0.139088
0.125504
0.131377
0.132858
0.123615
0.133464
0.121769
0.137092
0.137843
0.136915
0.136075
0.126579
0.139503
0.138233
0.143973
0.147984
0.140689
0.145999
0.144768
0.140288
0.135109
0.128184
0.119392
0.125346
0.137356
0.132164
0.133774
0.141141
0.129753
0.131057
0.135477
0.131516
0.135596
0.129511
0.130696
0.123110
0.125189
0.125943
0.117724
0.120516
0.128761
0.125761
0.124617
0.122608
0.115937
0.134470
0.113612
0.118232
0.119125
0.125521
0.121283
0.115462
0.115035
0.114041
0.123168
0.129469
0.120577
0.109107
0.117003
0.112393
0.125661
0.125331
0.128050
0.128266
0.112532
0.122641
0.126281
0.130034
0.130812
0.129686
0.135144
0.143766
0.140779
0.143514
0.140487
0.131941
0.138936
0.122962
0.112916
0.122423
0.120507
0.130510
0.118817
0.123171
0.131204
0.132476
0.130796
0.131944
0.133570
0.117860
0.127144
0.119373
0.119924
0.120472
0.131127
0.122791
0.131711
0.128933
0.128311
0.129885
0.121854
0.128322
0.126517
0.125673
0.119449
0.112638
0.122214
0.132233
0.123295
0.125481
0.119987
0.127783
0.117921
0.124402
0.113797
0.117097
0.117483
0.119132
0.133177
0.129420
0.133451
0.127251
0.129711
0.126378
0.142039
0.130806
0.130023
0.130583
0.118950
0.129281
0.127064
0.110768
0.123503
0.126554
0.128138
0.123475
0.131299
0.137082
0.135324
0.128003
0.120376
0.132927
0.130816
0.131214
0.126340
0.127810
0.110750
0.120906
0.130351
0.128502
0.139257
0.126043
0.130040
0.122647
0.130409
0.124145
0.129224
0.124694
0.131530
0.116911
0.130888
0.130843
0.132535
0.137345
0.131405
0.138193
0.136231
0.127253
0.129051
0.121119
0.114379
0.131341
0.123854
0.117431
0.113622
0.118281
0.112476
0.121113
0.119604
0.118912
0.129695
0.122653
0.129357
0.120038
0.119930
0.119943
0.127108
0.120299
0.120961
0.120831
0.117729
0.121841
0.120210
0.124367
0.118170
0.120835
0.123497
0.119466
0.119509
0.124201
0.126865
0.128349
0.125087
0.111637
0.126381
0.120936
0.122257
0.123915
0.109707
0.105392
0.110787
0.117644
0.119499
0.118677
0.126671
0.124559
0.124947
0.128524
0.118249
0.123073
0.133667
0.135482
0.127078
0.124199
0.126656
0.125293
0.119859
0.124452
0.128609
0.129805
0.133808
0.125665
0.125991
0.141707
0.138530
0.137471
0.132385
0.133528
0.130079
0.124891
0.122984
0.132418
0.119311
0.134517
0.125542
0.126856
0.133452
0.119563
0.128499
0.133126
0.133635
0.135509
0.129585
0.128708
0.114245
0.118630
0.124012
0.134896
0.131124
0.135423
0.119255
0.113050
0.124702
0.125275
0.110373
0.112294
0.118359
0.119515
0.122087
0.124698
0.106822
0.126802
0.127453
0.122355
0.121347
0.121233
0.116792
0.123527
0.126359
0.123488
0.118412
0.106831
0.110714
0.124289
0.122489
0.121472
0.114723
0.133242
0.128170
0.128252
0.135161
0.128450
0.129921
0.126424
0.123322
0.132870
0.122079
0.135375
0.132128
0.123624
0.124307
0.112771
0.107414
0.111772
0.104737
0.113374
0.124916
0.114498
0.121749
0.133910
0.131604
0.123268
0.124698
0.116472
0.110938
0.111011
0.120783
0.123779
0.129151
0.133672
0.119640
0.133946
0.129599
0.119469
0.113943
0.109564
0.117915
0.122398
0.110312
0.123474
0.129348
0.125103
0.122564
0.117879
0.116733
0.118291
0.114431
0.119759
0.117677
0.109993
0.128650
0.117953
0.107351
0.117008
0.118522
0.120869
0.114055
0.108219
0.118295
0.107644
0.114778
0.106917
0.113143
0.123775
0.111626
0.128397
0.125229
0.120711
0.114330
0.111849
0.109991
0.131830
0.118123
0.107997
0.120703
0.117149
0.119926
0.130408
0.117093
0.126407
0.123792
0.116483
0.119417
0.130544
0.128839
0.120327
0.117799
0.119819
0.119014
0.126257
0.124871
0.117396
0.126387
0.128172
0.129770
0.119439
0.114880
0.126008
0.117963
0.121772
0.116948
0.118637
0.127198
0.113724
0.119973
0.123639
0.123854
0.118800
0.117321
0.118896
0.118801
0.123941
0.126899
0.125868
0.120205
0.112862
0.120062
0.129909
0.122837
0.119653
0.120969
0.124402
0.124570
0.131502
0.121270
0.118863
0.127076
0.118982
0.107365
0.117116
0.111727
0.105649
0.120811
0.112661
0.125776
0.118463
0.114819
0.123403
0.122710
0.134996
0.126000
0.127911
0.115491
0.127942
0.119113
0.121324
0.119979
0.125175
0.125484
0.126338
0.110027
0.120905
0.120339
0.116140
0.107219
0.119627
0.123418
0.125346
0.113841
0.127107
0.122037
0.119542
0.121432
0.134459
0.124804
0.129384
0.122851
0.117688
0.124534
0.119128
0.123137
0.117809
0.115820
0.102270
0.119047
0.118433
0.121333
0.115913
0.130862
0.139567
0.140592
0.125892
0.116083
0.132328
0.141873
0.131548
0.134641
0.110038
0.122289
0.130010
0.118656
0.116309
0.130349
0.124817
0.131055
0.126246
0.132687
0.127837
0.134671
0.131680
0.131017
