1.0000000000
0.9727203657
0.9370810288
0.9241659847
0.9303251013
0.9191636290
0.9078248282
0.9028635641
0.8950346269
0.8837447656
0.8831263579
0.8987583711
0.8838444494
0.8661057215
0.8816281925
0.8488174732
0.8506148708
0.8451438376
0.8338053604
0.8022710367
0.7959139326
0.8020031496
0.7927751334
0.8101613423
0.7789858301
0.7658778142
0.7503760066
0.7782277151
0.7951751903
0.7592118162
0.7731930430
0.7436680111
0.7341676371
0.7227834548
0.7514442375
0.7406961424
0.7442382213
0.7252912468
0.7215530272
0.7105837211
0.7330968914
0.7087642059
0.7346680238
0.7268518286
0.7288537851
0.7161640720
0.7204214199
0.7151938621
0.7147238909
0.7292978657
0.7362831349
0.7058797230
0.7113420405
0.7134472931
0.6808763520
0.6931327564
0.6980135434
0.6828812240
0.6842118121
0.6845916600
0.6566598569
0.6573071769
0.6656226208
0.6747736368
0.6512701515
0.6748099022
0.6487381099
0.6218311231
0.6358202766
0.6440997280
0.6228262829
0.6353359675
0.6393197946
0.6404698874
0.6338263717
0.6285522962
0.6141897538
0.6372886745
0.6271071671
0.6166666600
0.6366264328
0.6199846677
0.6142962738
0.6282199717
0.6485324124
0.6359407776
0.6202411553
0.6430891033
0.6358802819
0.6366631485
0.6555242861
0.6206966398
0.6392967701
0.6029630040
0.6060399397
0.6067639389
0.6245825154
0.6099388063
0.6016690546
0.6012390730
0.5965844041
0.5987751857
0.5763143456
0.5983085228
0.5934346593
0.5895087067
0.5689915798
0.5630372500
0.5641209585
0.5713803509
0.6052103058
0.5723236400
0.5926653043
0.5666388231
0.5576662948
0.5605163793
0.5344725031
0.5571219234
0.5604909130
0.5624245565
0.5401144631
0.5412366472
0.5559310012
0.5512578889
0.5646355615
0.5523573048
0.5529032633
0.5424777122
0.5390048993
0.5318064238
0.5235190117
0.5197303889
0.5188178678
0.5167251780
0.5170751990
0.5079583051
0.4995287915
0.5114361172
0.5121556818
0.5261722679
0.5154270643
0.5052547736
0.4968069853
0.4938756306
0.4732312507
0.5024059781
0.5078728225
0.4750169906
0.4737581929
0.4677682303
0.4550226714
0.4635349796
0.4507005589
0.4469444971
0.4382202286
0.4300786708
0.4188439828
0.4061306282
0.3935009560
0.3905888089
0.3926675437
0.3995230458
0.3969364075
0.3943097744
0.3971966059
0.4002433812
0.3871094999
0.3527864720
0.3734483184
0.3725756621
0.3600085588
0.3589508861
0.3469987219
0.3394357034
0.3323050046
0.3326819002
0.3438074513
0.3346783574
0.3302251955
0.3296329105
0.3247045493
0.3188964244
0.3018269044
0.2974257621
0.3009390435
0.2864155280
0.2928194167
0.2872753481
0.2702137146
0.2803370342
0.2803477197
0.2899384106
0.2779507995
0.2882268540
0.2839233802
0.2739786593
0.2872576343
0.2850123221
0.2814753263
0.2950589497
0.2889318300
0.2899560534
0.2761718579
0.2762472592
0.2880990935
0.2758810372
0.2629289945
0.2899611809
0.2766624081
0.2978537484
0.2781120408
0.2900201123
0.2916840000
0.2837196455
0.2718342298
0.2697080858
0.2821944588
0.2754771136
0.2745130869
0.2621242906
0.2668320095
0.2732791653
0.2739544771
0.2640188415
0.2691370949
0.2823476721
0.2862509862
0.2895842972
0.2837698069
0.2955223192
0.2803271059
0.2847703561
0.2833327953
0.2849618737
0.2723271887
0.2746980103
0.2642894624
0.2711892302
0.2685470620
0.2872195000
0.2935161604
0.2939043330
0.2969161388
0.3124374722
0.3101797816
0.3066109577
0.3036527612
0.2907880012
0.3004878502
0.2743672279
0.2696812392
0.2713983199
0.2597814393
0.2674698129
0.2704366660
0.2828774951
0.2820457714
0.2828194991
0.2832843337
0.2738118905
0.2679447117
0.2672096206
0.2826030903
0.2755128610
0.2886739107
0.2883121281
0.2957202954
0.2800506040
0.2881769604
0.2821577596
0.2755017033
0.2676211143
0.2580833306
0.2683724752
0.2841162192
0.2680347833
0.2468972656
0.2738991852
0.2667991428
0.2756266236
0.2701911299
0.2783782699
0.2796920999
0.2827126570
0.2727800430
0.2799911888
0.2791871418
0.2713792201
0.2724181732
0.2735219984
0.2815258725
0.2679381479
0.2732166879
0.2703812148
0.2652099734
0.2674580480
0.2623123801
0.2463328712
0.2526207963
0.2583169107
0.2603841636
0.2488477982
0.2507540784
0.2607561432
0.2518095765
0.2627039543
0.2593845465
0.2623850093
0.2545843476
0.2620390810
0.2584076075
0.2581377255
0.2514434262
0.2599730072
0.2702182348
0.2795482498
0.2858546603
0.2874633576
0.2746832061
0.2793350968
0.2799046687
0.2671773797
0.2643885127
0.2666767977
0.2653999908
0.2724963995
0.2646715905
0.2644314323
0.2586846742
0.2743883767
0.2649193100
0.2680172348
0.2713950867
0.2817913746
0.2836465626
0.2741363331
0.2748053816
0.2731199326
0.2707794868
0.2838905700
0.2972147387
0.2919104853
0.2873631903
0.2906898914
0.2804861152
0.2809814177
0.2814202079
0.2685241757
0.2821957235
0.2784541599
0.2664516253
0.2703700827
0.2659141750
0.2716447140
0.2729148668
0.2691148426
0.2895173821
0.2862495847
0.2934735139
0.3012307803
0.2869409230
0.2749961442
0.2722777287
0.2752738128
0.2629887028
0.2662784977
0.2568775589
0.2651959976
0.2664823705
0.2634009222
0.2569418686
0.2606559112
0.2581049473
0.2496798542
0.2620605574
0.2617084635
0.2682986908
0.2702359447
0.2774073600
0.2784739079
0.2861368744
0.2899935875
0.2882314078
0.2654608306
0.2688631235
0.2744645409
0.2688152468
0.2789159885
0.2697590921
0.2841252391
0.2736128428
0.2649273498
0.2573909375
0.2667111444
0.2743178658
0.2731783235
0.2538923276
0.2550038975
0.2524260075
0.2535190219
0.2555305335
0.2534890484
0.2630458950
0.2528774960
0.2552762424
0.2578114518
0.2587924486
0.2679104293
0.2700928646
0.2732996373
0.2760821201
0.2716853306
0.2701781664
0.2730185509
0.2617730753
0.2632826215
0.2587298384
0.2772977691
0.2650136047
0.2678634712
0.2813415429
0.2851686312
0.2986295024
0.2838982568
0.2773521008
0.2753325546
0.2758232616
0.2833687091
0.2929649223
0.2746583557
0.2728029162
0.2849084221
0.2633206612
0.2543948753
0.2609007014
0.2785486272
0.2757339002
0.2829000801
0.2897261852
0.2819205588
0.2647175371
0.2669253248
0.2690936322
0.2674237080
0.2700156256
0.2638345935
0.2745129127
0.2660057426
0.2582899923
0.2588374405
0.2773054805
0.2624865395
0.2702287625
0.2561456704
0.2614694650
0.2519946517
0.2779661932
0.2693124390
0.2676888378
0.2689959568
0.2726883530
0.2608105474
0.2597517390
0.2597083281
0.2701389771
0.2759345158
0.2655205371
0.2524478489
0.2573722068
0.2606565498
0.2634824491
0.2607321130
0.2615554877
0.2674924379
0.2599118761
0.2641494600
0.2564977139
0.2540764973
0.2556970799
0.2519189001
0.2519217775
0.2505481835
0.2519214111
0.2459614917
0.2395731013
0.2581414727
0.2543946128
0.2571878712
0.2528024341
0.2526567620
0.2575633970
0.2584302382
0.2653526450
0.2667215078
0.2642150485
0.2632677751
0.2664648576
0.2687665956
0.2696739442
0.2654436945
0.2681610039
0.2730044234
0.2840489586
0.2881173081
0.2801273962
0.2763300906
0.2640476370
0.2677647147
0.2670244845
0.2747496427
0.2606064700
0.2535740877
0.2605784025
0.2643856068
0.2740816368
0.2746056797
0.2760610707
0.2679531333
0.2622696791
0.2725407876
0.2763760640
0.2635850516
0.2560473802
0.2472869228
0.2502201889
0.2507336835
0.2593827778
0.2671493226
0.2618042206
0.2545278030
0.2543184024
0.2723118081
0.2699995562
0.2707101120
0.2733458484
0.2760002266
0.2661707852
0.2649604395
0.2668397189
0.2733659848
0.2664245492
0.2629342028
0.2633860201
0.2655114330
0.2622092574
0.2616838436
0.2628486007
0.2754678875
0.2734850338
0.2683866722
0.2601929731
0.2593799050
0.2595263280
0.2599629615
0.2538330471
0.2554829898
0.2554361696
0.2551369198
0.2639524378
0.2557888118
0.2565543375
0.2600602948
0.2683802488
0.2710949338
0.2864472629
0.2692755269
0.2726412663
0.2679357427
0.2780173366
0.2711540843
0.2807047098
0.2651135980
0.2710173330
0.2768011280
0.2662993482
0.2633759187
0.2677116238
0.2769117747
0.2708513325
0.2659854229
0.2670060037
0.2641103706
0.2779493587
0.2651381811
0.2686162047
0.2620856020
0.2623633631
0.2767679954
0.2735015414
0.2684000896
0.2576045261
0.2631934219
0.2533692203
0.2514303187
0.2582065624
0.2731959876
0.2659690815
0.2618139274
0.2619956529
0.2673653820
0.2773851287
0.2622438502
0.2687170326
0.2893772622
0.2817573456
0.2796950239
0.2767700598
0.2768327271
0.2827062541
0.2811860666
0.2802050173
0.2816939867
0.2803995361
0.2681127277
0.2697512091
0.2635645429
0.2647723015
0.2844185754
0.2772248833
0.2853290461
0.2790643744
0.2731092895
0.2743525621
0.2656288935
0.2780318303
0.2750615733
0.2777278997
0.2717858593
0.2742822634
0.2614289206
0.2757148685
0.2770347851
0.2720503346
0.2845560119
0.2738351887
0.2709208927
0.2763185408
0.2648142520
0.2570803676
0.2584319046
0.2564004395
0.2615073585
0.2495040558
0.2587510213
0.2514683292
0.2534110780
0.2612697815
0.2761237023
0.2659002700
0.2578207034
0.2686706700
0.2687675014
0.2670006393
0.2669197777
0.2561151675
0.2578340752
0.2590853133
0.2612248560
0.2838835283
0.2830929176
0.2780740293
0.2714559410
0.2705432900
0.2859049648
0.2773812302
0.2711188022
0.2756038716
0.2746896556
0.2704457425
0.2724643808
0.2758840116
0.2917582629
0.2826374106
0.2837185522
0.2913553091
0.2858998066
0.2847004755
0.2794218284
0.2873341515
0.2905237691
0.2821694139
0.2771092888
0.2714784015
0.2710063746
0.2541570540
0.2643032745
0.2678755531
0.2726176551
0.2556748927
0.2591219780
0.2473552371
0.2532930253
0.2504020996
0.2523481331
0.2531295741
0.2662188004
0.2633940471
0.2812124223
0.2717134860
0.2770248688
0.2785578091
0.2702426469
0.2761819261
0.2747727335
0.2662148944
0.2632234722
0.2665651959
0.2605152178
0.2680324261
0.2669698860
0.2696860413
0.2667859276
0.2686787393
0.2607038792
0.2699345729
0.2722010261
0.2697729602
0.2725095605
0.2909411663
0.2758605221
0.2747435619
0.2770714450
0.2721822575
0.2731670360
0.2708222730
0.2746191713
0.2726912951
0.2769813948
0.2708413923
0.2766282898
0.2839124655
0.2839202923
0.2828167498
0.2826867750
0.2808188956
0.2902312187
0.2806930030
0.2829404043
0.2870775111
0.2775409522
0.2720552298
0.2707236947
0.2841349083
0.2641462018
0.2755471400
0.2742801349
0.2721481172
0.2761073308
0.2768692744
0.2826792618
0.2734882864
0.2731913448
0.2695626795
0.2772550722
0.2800345260
0.2748986508
0.2719176362
0.2896652818
0.2867055621
0.2802838882
0.2662629485
0.2796295800
0.2768802132
0.2701390197
0.2780590561
0.2751269676
0.2665461900
0.2725426830
0.2671535386
0.2731356302
0.2609301846
0.2612285517
0.2605009683
0.2615947055
0.2684927551
0.2884542565
0.2630972249
0.2714007208
0.2773709999
0.2677827118
0.2691303502
0.2755467773
0.2733078536
0.2752946663
0.2699435786
0.2682761968
0.2733433875
0.2869086610
0.2874220140
0.2881891190
0.2877004021
0.2914794200
0.2835031024
0.2853490940
0.2732042620
0.2854866649
0.2896274934
0.2830539388
0.2933508903
0.2849775253
0.3006838309
0.3072556622
0.3046823655
0.2896335074
0.2922709437
0.2950204113
0.2883472174
0.2878239196
0.3023855160
0.2905501181
0.2917835471
0.2766034057
0.2883403133
0.2993459894
0.2960200520
0.2934052599
0.2974977339
0.2930375496
0.2916278478
0.2940735463
0.2844023584
0.2884904033
0.2826571653
0.2844932386
0.2775029586
0.2933900990
0.2882949589
0.2866980106
0.2868012214
0.2939839911
0.2934318137
0.2945262675
0.2905292447
0.2762272345
0.2689870450
0.2732566507
0.2759645252
0.2711825381
0.2776597960
0.2706216626
0.2654612478
0.2718757523
0.2740368122
0.2688919103
0.2728690150
0.2701206195
0.2750316743
0.2613207400
0.2637684152
0.2721707932
0.2665453146
0.2751426169
0.2624035843
0.2667462930
0.2686679528
0.2586190038
0.2572692568
0.2801576796
0.2784338439
0.2794548969
0.2666296279
0.2827922730
0.2922665333
0.2911072572
0.2915899714
0.2845104086
0.2979893842
0.2967516663
0.2910921732
0.2916841442
0.2918751954
0.3017989116
0.2967917999
0.2925329169
0.2912768244
0.2940693119
0.2866470084
0.2946102416
0.2901048967
0.2915498216
0.3068141112
0.2983531958
0.3002166594
0.2956166470
0.2904919497
0.2943650055
0.2767869812
0.2808157697
0.2833784544
0.2660918298
0.2610006005
0.2757269010
0.2806194349
0.2739173734
0.2718655851
0.2685764099
0.2855199654
0.3033133067
0.2835559277
0.2882034881
0.2793865364
0.2888411390
0.2951010023
0.2891805692
0.2960496715
0.2837344208
0.2814150065
0.2893044019
0.2827408428
0.2844774069
0.2804762935
0.2883858651
0.2776744531
0.2772229961
0.2732732586
0.2738463213
0.2801118180
0.2630652712
0.2653155489
0.2822379495
0.2729136674
0.2758349360
0.2640624909
0.2604907203
0.2706010324
0.2606521248
0.2739686957
0.2762891069
0.2792895825
0.2790426349
0.2803935071
0.2778340564
0.2827784858
0.2790978706
0.2773441563
0.2775563505
0.2817969103
0.2888885509
0.2865208802
0.2989399030
0.2953493425
0.3037556645
0.2920635641
0.3052290138
0.2893020471
0.2886245479
0.2849566030
0.2889634624
0.2913369732
0.2924484565
0.2869700242
0.2830304481
0.2910522819
0.2780363106
0.2782052223
0.2796987010
0.2641951393
0.2625544744
0.2702634352
0.2844438061
0.2747944607
0.2783926598
0.2725369744
0.2875288906
0.2891331701
0.2800471025
0.2875988149
0.2823927773
0.2976891849
0.2785618156
0.2794505214
0.2825123906
0.2807708648
0.2822095918
0.2713044848
0.2764906754
0.2754255769
0.2819436849
0.2824168195
0.2812897730
0.2797846169
0.2785677377
0.2707796458
0.2678840337
0.2629653834
0.2769770669
0.2699253560
0.2810309548
0.2825802253
0.2836258640
0.2774492194
0.2754613261
0.2871720754
0.2752701609
0.2683909890
0.2705516017
0.2758981213
0.2712713456
0.2741203535
0.2706975955
