1.0000000000
0.9623041739
0.9225037378
0.9145683413
0.8908975592
0.8664390553
0.8405497221
0.8450147488
0.8250255310
0.8104132966
0.8023601861
0.7978768814
0.7827610850
0.7958446142
0.7676771297
0.7646005990
0.7672854190
0.7514200509
0.7363181152
0.7228553560
0.7206721143
0.7149278997
0.7001356951
0.6737302195
0.6774343630
0.6829804723
0.6698773347
0.6556370279
0.6691716647
0.6600343875
0.6696210328
0.6469053883
0.6333740609
0.6096103858
0.6011417337
0.6059565281
0.5928976204
0.5827583023
0.5900139575
0.5756952360
0.5748807922
0.5762249815
0.5691234387
0.5579992593
0.5519447789
0.5196145620
0.5104920145
0.5118930069
0.5098508133
0.5113735259
0.5070460501
0.5247870918
0.5294620928
0.5183894838
0.5267717050
0.5221607378
0.5181809139
0.5302097114
0.5199072809
0.5281940797
0.5320874396
0.5214182789
0.5175172193
0.4978012569
0.4963542047
0.4889912774
0.4809746812
0.4881414504
0.4866478268
0.4868118129
0.4935846886
0.4945913014
0.4810799268
0.4697834680
0.4662256088
0.4652749057
0.4639247514
0.4434187253
0.4526580015
0.4644924655
0.4704546054
0.4696863748
0.4621613554
0.4612088126
0.4634842560
0.4650079819
0.4659360670
0.4631342780
0.4563593570
0.4470529442
0.4406149212
0.4308710464
0.4304698396
0.4364160807
0.4305458579
0.4371484204
0.4393040348
0.4495511938
0.4437856971
0.4509919608
0.4400267080
0.4459944574
0.4437890074
0.4366745752
0.4388579986
0.4330509215
0.4147680859
0.4141522822
0.4136399357
0.4146096656
0.4064101279
0.4146678914
0.4104174670
0.4158805798
0.4139162389
0.4198790608
0.4252514082
0.4239357435
0.4140773562
0.4154668223
0.4126242708
0.4083824984
0.4166938313
0.4083661726
0.4064908460
0.3855462914
0.3916621115
0.3891720577
0.3722868883
0.3836411532
0.3756348565
0.3651147364
0.3553201130
0.3617747380
0.3683331289
0.3737375662
0.3729346472
0.3748794067
0.3735952544
0.3847686089
0.4032183183
0.3984046946
0.3818622084
0.3704458301
0.3790066110
0.3710185874
0.3805050904
0.3553216268
0.3609510210
0.3502975630
0.3488799879
0.3395109723
0.3504911511
0.3352373456
0.3276199253
0.3281958613
0.3336924456
0.3270945728
0.3373391742
0.3290789929
0.3281060389
0.3217077959
0.3259976864
0.3371347215
0.3388271236
0.3501078348
0.3431652661
0.3324361277
0.3349824612
0.3158813769
0.3100934797
0.3104591525
0.3153706950
0.3095772843
0.3003452827
0.2982041060
0.3063476331
0.2969417424
0.2833556803
0.2885998390
0.2968016151
0.3053594902
0.2974844453
0.2997174440
0.2984984570
0.2780680562
0.2926042323
0.2939596588
0.2913704868
0.2957621890
0.3015410077
0.3001531361
0.3018374170
0.3079210951
0.2970778841
0.2827328292
0.2896233933
0.2976029815
0.3047406023
0.2924554725
0.2882307070
0.3146855449
0.3152634178
0.3164108863
0.3058229464
0.3327823272
0.3147176719
0.3201803653
0.3190360792
0.3315379755
0.3097143079
0.3136134662
0.3009911705
0.3125099959
0.3109486495
0.3275903863
0.3247043070
0.3170897133
0.3046042982
0.3074062414
0.3062837259
0.3241240395
0.3211336316
0.3206157739
0.3193841820
0.3256775328
0.3226159138
0.3237115510
0.3276963420
0.3351666505
0.3170193695
0.3224565315
0.3286982372
0.3335229996
0.3258747359
0.3347738775
0.3276738984
0.3301588761
0.3139917681
0.3010711488
0.2901398959
0.2852468645
0.2798300458
0.2782476122
0.2647454254
0.2582977290
0.2536452864
0.2616007764
0.2633568701
0.2744384341
0.2755660360
0.2835424659
0.2961424555
0.2938338197
0.2958567251
0.3020853444
0.3033906706
0.3198835131
0.3213188959
0.3274193956
0.3135933150
0.3285656404
0.3101134231
0.3225122004
0.3354924143
0.3290679673
0.3243793323
0.3087336887
0.3118167149
0.3186877431
0.3031719971
0.2992212638
0.3187081812
0.3265931813
0.3242346444
0.3259348120
0.3217524844
0.3174535552
0.3302676103
0.3361498456
0.3290947859
0.3181973358
0.3179961920
0.3128938766
0.3042961034
0.2970333296
0.2856233927
0.2756454625
0.2948132874
0.2862175832
0.2993554142
0.3016381868
0.3105263426
0.3040090923
0.2984560028
0.3000861984
0.3085557400
0.2953059776
0.2877248067
0.2850464610
0.2819741205
0.2723169151
0.2842775351
0.2724277578
0.2683506676
0.2671808572
0.2592479696
0.2549527229
0.2379442247
0.2501494494
0.2508177044
0.2474059754
0.2456995844
0.2440942496
0.2496763734
0.2603263621
0.2609964589
0.2706769764
0.2817568080
0.2941093995
0.2800403823
0.2790916947
0.2776916178
0.2794787014
0.2897526543
0.2952790301
0.3030033267
0.3130762679
0.3089908445
0.3149692341
0.3156595569
0.3109771332
0.3112821068
0.3054744904
0.3061212548
0.3142538663
0.3206745514
0.3093747726
0.2980332880
0.2904069875
0.2858987601
0.2802608405
0.2797361489
0.2707573485
0.2643043413
0.2465402166
0.2558549680
0.2564540378
0.2368047766
0.2417653703
0.2461468643
0.2490754643
0.2695484047
0.2637168852
0.2735918818
0.2722675945
0.2781211428
0.2622739868
0.2703585669
0.2879957847
0.2815406740
0.2885839811
0.2828290471
0.2803809302
0.2689421696
0.2760605115
0.2641177135
0.2716525744
0.2737736984
0.2783216783
0.2808596592
0.2852445873
0.2986724024
0.3010693088
0.2916187384
0.2919579139
0.2836766526
0.2820256449
0.2902055486
0.2935007728
0.2823808549
0.3040902434
0.2931026460
0.2851621333
0.2868711467
0.2855519703
0.2882763654
0.2872737578
0.2864360936
0.2876017195
0.2965221515
0.2870783609
0.3021718805
0.3138067515
0.3172329159
0.3183476200
0.2996059561
0.3087577580
0.2961493926
0.2877827865
0.2834944305
0.2784171657
0.2716224666
0.2906094737
0.2980067711
0.2959317788
0.2886285699
0.2658928830
0.2731630588
0.2694686458
0.2757110800
0.2686280847
0.2639848784
0.2746100832
0.2642122535
0.2691472715
0.2590936560
0.2634058967
0.2736100914
0.2733670395
0.2611816755
0.2621311519
0.2586747448
0.2584392363
0.2651328403
0.2648779198
0.2692153591
0.2660570786
0.2668554588
0.2639304600
0.2675454003
0.2688903547
0.2596934642
0.2461833065
0.2505530969
0.2524260502
0.2699842151
0.2815269228
0.2890966360
0.2834223109
0.2737069034
0.2788651392
0.2824727696
0.2887490093
0.2829440170
0.2759690689
0.2663016159
0.2682339598
0.2846559104
0.2768747432
0.2791048773
0.2697619336
0.2710468357
0.2829545006
0.2702676616
0.2757170353
0.2687916382
0.2867800826
0.2740182427
0.2870161731
0.2834837272
0.3043490096
0.3035539065
0.3003488405
0.2862589439
0.2767046202
0.2738439485
0.2647437759
0.2680143537
0.2670933610
0.2765145679
0.2713617573
0.2722110024
0.2565030500
0.2521859585
0.2472748853
0.2631425825
0.2651429750
0.2816779169
0.2651576893
0.2734656895
0.2664179081
0.2752302337
0.2782394126
0.2692401739
0.2705239931
0.2620834426
0.2583786002
0.2467874794
0.2366224942
0.2315952367
0.2602205605
0.2461537406
0.2545901069
0.2512358693
0.2579894583
0.2576551964
0.2718663998
0.2695505054
0.2769113248
0.2927424468
0.2951170485
0.2899730794
0.2887126824
0.2689333053
0.2748877735
0.2806309265
0.2730509291
0.2824857620
0.2844522071
0.2810424235
0.2806025874
0.2805896681
0.2813790912
0.3034746130
0.3018203816
0.3012059994
0.2874237460
0.2898372624
0.2781085956
0.2723705765
0.2609042867
0.2725903764
0.2676486529
0.2659343580
0.2660295407
0.2671448304
0.2667471464
0.2693211555
0.2680290541
0.2600165840
0.2628068732
0.2690200168
0.2767780298
0.2860732397
0.2751651656
0.2700226987
0.2693238377
0.2490003645
0.2602658853
0.2636319809
0.2686172279
0.2598224079
0.2504849057
0.2616249437
0.2507022103
0.2566849481
0.2531869652
0.2495401412
0.2488395743
0.2526805761
0.2626155743
0.2526772504
0.2512601043
0.2369365793
0.2320088006
0.2266092358
0.2333746831
0.2325546770
0.2370375472
0.2340059611
0.2424183429
0.2408776740
0.2557370276
0.2547178752
0.2660641220
0.2664802349
0.2822355025
0.2831498067
0.2827301269
0.2863522661
0.2937341369
0.3047699326
0.3084192886
0.2954928552
0.3101781751
0.2972453670
0.2911242397
0.2843794837
0.2724844778
0.2798169920
0.2656989715
0.2744786027
0.2732736335
0.2726179469
0.2603658482
0.2519891246
0.2471403076
0.2343848346
0.2455057840
0.2340009757
0.2469164517
0.2467814063
0.2562905507
0.2572090198
0.2449588445
0.2484915717
0.2561618309
0.2580240068
0.2469840775
0.2542926830
0.2472896099
0.2575623989
0.2587657721
0.2596104801
0.2591295218
0.2645892347
0.2539788584
0.2628523642
0.2688591178
0.2765178260
0.2663364149
0.2594095912
0.2542010040
0.2700006764
0.2757647806
0.2714330649
0.2647559935
0.2639642195
0.2534932019
0.2471319833
0.2514809884
0.2393529874
0.2321683433
0.2343054658
0.2376234983
0.2397908241
0.2356918014
0.2395659002
0.2540784067
0.2544961861
0.2529100494
0.2530454674
0.2528647922
0.2428167087
0.2504669854
0.2618257089
0.2502520106
0.2627523153
0.2841684215
0.2806131315
0.2732509194
0.2575869385
0.2657380106
0.2732652220
0.2641695784
0.2630441248
0.2538409801
0.2506356237
0.2592321104
0.2544157325
0.2563074149
0.2617587270
0.2563796076
0.2629745651
0.2603460801
0.2571403103
0.2683506085
0.2643624747
0.2588916797
0.2624500816
0.2753619007
0.2783644098
0.2648665495
0.2650858967
0.2546499245
0.2656384958
0.2658791120
0.2760930932
0.2674959451
0.2664412608
0.2606326530
0.2665130262
0.2684896451
0.2841748164
0.2838514842
0.2713553097
0.2857778032
0.2767543421
0.2707145069
0.2624873221
0.2505108499
0.2398291499
0.2418819950
0.2458260222
0.2638653437
0.2669106840
0.2647748734
0.2631430171
0.2777761315
0.2707168816
0.2854664121
0.2937812307
0.3095672113
0.3118346981
0.2962854246
0.2918599472
0.2923756368
0.2874592660
0.2777578337
0.2793452961
0.2697724931
0.2698204806
0.2629710932
0.2863672651
0.2750742590
0.2703306013
0.2756654323
0.2932598860
0.2928523855
0.2870288066
0.2872038387
0.2876529669
0.2789502664
0.2723439940
0.2856591675
0.2838191957
0.2789486297
0.2813948532
0.2652266698
0.2687941475
0.2637138801
0.2837998261
0.2630778249
0.2648466980
0.2663402051
0.2604355535
0.2506884788
0.2395865271
0.2356794369
0.2399927642
0.2509800586
0.2474093952
0.2342319174
0.2545048003
0.2619836454
0.2523239395
0.2673596701
0.2704470453
0.2642880775
0.2525166204
0.2465620757
0.2605144680
0.2661456697
0.2722864609
0.2654839423
0.2537346658
0.2623975329
0.2671922650
0.2711866383
0.2546044847
0.2522765617
0.2548686161
0.2443738759
0.2308737918
0.2238541424
0.2253886261
0.2094151199
0.1966775631
0.1965838472
0.1945768354
0.1844113248
0.1739835071
0.1672681076
0.1636611413
0.1652670599
0.1625629356
0.1665715245
0.1649152010
0.1690146969
0.1850962725
0.1740537090
0.1752918907
0.1714647176
0.1602512437
0.1703700594
0.1756087700
0.1900249708
0.2005576243
0.2038377086
0.1953766013
0.1916071661
0.2020435396
0.2186751735
0.2190985451
0.2119018373
0.2157484227
0.2059542590
0.1937692475
0.1944827661
0.1893946587
0.1929570739
0.1933195591
0.1837049976
0.1904284844
0.1842905045
0.1870311498
0.1835417704
0.1889613867
0.1843336084
0.1870338463
0.1941609329
0.1913392589
0.2017192002
0.2039551934
0.1937635892
0.1887579898
0.1928244145
0.1896358126
0.1829279684
0.1678872618
0.1715073068
0.1705311490
0.1709403701
0.1778949311
0.1731571792
0.1765159139
0.1712703883
0.1731492662
0.1788814830
0.1700126752
0.1678292788
0.1693877318
0.1716255649
0.1681223886
0.1730961139
0.1634935400
0.1665017401
0.1763509617
0.1666827058
0.1598321073
0.1621847106
0.1715338645
0.1688247233
0.1680538719
0.1732543653
0.1664449676
0.1604892861
0.1642633738
0.1589983255
0.1503022123
0.1505850996
0.1642410148
0.1615397384
0.1689640351
0.1657935605
0.1696157210
0.1736624955
0.1763441210
0.1772613937
0.1827903409
0.1953658255
0.1835533105
0.1877724125
0.1876673935
0.1908875926
0.1852463032
0.1837340121
0.1826832387
0.1872756856
0.1895325015
0.1821332654
0.1807411790
0.1719112955
0.1695579360
0.1668795728
0.1606817840
0.1616125031
0.1510049149
0.1589130164
0.1493232965
0.1498285675
0.1599530253
0.1623777075
0.1700865182
0.1646964541
0.1630228775
0.1674081235
0.1682452289
0.1635686987
0.1648569401
0.1767143050
0.1644676409
0.1646054877
0.1540575338
0.1588166043
0.1570903257
0.1591054689
0.1599623139
0.1571358966
0.1619210474
0.1585130311
0.1588196572
0.1522414509
0.1523210555
0.1533201598
0.1526846793
0.1539799209
0.1637556570
0.1667006430
0.1662798822
0.1647281105
0.1682879753
0.1735098942
0.1778418529
0.1731814674
0.1743950819
0.1742262235
0.1722674710
0.1749210950
0.1796477937
0.1774720640
0.1754644066
0.1711206391
0.1711564371
0.1760586435
0.1864658721
0.1847129056
0.1863966091
0.2001905392
0.1910636032
0.1958210376
0.1968942119
0.1993259790
0.2018879747
0.1934565818
0.2154583044
0.2088159697
0.2056831228
0.2051147767
0.1964721576
0.2013845372
0.2007761058
0.1965686679
0.1931666170
0.1790486970
0.1703784367
0.1722077190
0.1723854211
0.1697044619
0.1698978575
0.1673541784
0.1709477247
0.1752951082
0.1780225486
0.1882580953
0.1845296099
0.1898838970
0.1853536487
0.1792872473
0.1745020133
0.1720193964
0.1632784174
0.1656097623
0.1694467816
0.1638337156
0.1669009584
0.1627152630
0.1621901134
0.1559198533
0.1665796400
0.1654114525
0.1710255321
0.1705040904
0.1720222106
0.1624298607
0.1729123888
0.1693089790
0.1772912552
0.1776905441
0.1854088820
0.1892064386
0.1908458676
0.1844384573
0.1842220497
0.1762816814
0.1760311160
0.1674037068
0.1615340975
0.1615162383
0.1570729050
0.1543397902
0.1574597159
0.1586625133
0.1523153267
0.1585089177
0.1534719925
0.1575921396
0.1591683700
0.1629078000
0.1660361544
0.1600564516
0.1669961178
0.1663065218
0.1627899422
0.1594020348
0.1573982481
0.1489799389
0.1452760229
0.1517467389
0.1571238792
0.1564560936
0.1548721488
0.1590630341
0.1628884629
0.1666917218
0.1601918446
0.1629157629
0.1602466948
0.1586792931
0.1551159457
0.1527579487
0.1496011221
0.1505334079
0.1429059824
0.1394715954
0.1310244778
0.1326192067
0.1323187776
0.1308030300
0.1338965369
0.1381482873
0.1404302160
0.1374243442
0.1418560050
0.1379148609
0.1381197658
0.1471091471
0.1604111798
0.1694420476
0.1681066237
0.1696705603
0.1730309777
0.1747065235
0.1750898463
0.1745566616
0.1761996765
0.1830876797
0.1806171106
0.1844557536
0.1885746448
0.1825516770
0.1776005722
0.1723768918
0.1700140151
0.1834402861
0.1849576900
0.1854292356
0.1892032823
0.1822681209
0.1706965696
0.1631884513
0.1676255820
0.1731723531
0.1625399420
0.1627496750
0.1604765210
0.1679675031
0.1683024741
0.1646881780
0.1713265465
0.1650004145
0.1644707918
0.1483761082
0.1431343570
0.1406975983
0.1413167853
0.1336789776
0.1321485680
0.1319516483
0.1318219947
0.1370394269
0.1441484887
0.1360010600
0.1422284380
0.1408969568
0.1478502755
0.1443786972
0.1490159218
0.1556691019
0.1557031584
0.1665770900
0.1646182539
0.1632352738
0.1578517281
0.1600520039
0.1669610281
0.1701475328
0.1711151862
0.1695321858
0.1633531046
0.1636916934
0.1590620272
0.1584065260
0.1666205926
0.1667479876
0.1701056364
0.1722285516
0.1744248245
0.1580108257
0.1497244852
0.1558793418
0.1551488558
0.1513209502
0.1608697948
0.1749688953
0.1843673684
0.1896177832
0.1934588578
0.1994319510
0.2024409266
0.2048564357
0.2045308945
0.2031740479
0.1996141650
0.2025921413
0.2042889478
0.1918331555
0.1913451209
0.1847556865
0.1810341226
0.1788314531
0.1727964270
0.1668676366
0.1656793360
0.1705280341
0.1602750279
0.1625308989
0.1671023521
0.1622187467
0.1733102643
0.1710577113
0.1673920558
0.1682271219
0.1559993153
0.1595024906
0.1662778818
0.1635511961
0.1678636185
0.1683787366
0.1703522945
0.1707871712
0.1719647828
0.1693163185
0.1673777022
0.1731257587
0.1646662615
0.1674987655
0.1660072583
0.1734694902
0.1705719171
0.1821127931
0.1877930986
0.1849258342
0.1769693081
0.1706812078
0.1783629051
0.1780811935
0.1850506561
0.1890975160
0.1870896873
0.1832510658
0.1820963245
0.1685223090
0.1700341249
0.1722960026
0.1676104180
0.1691413559
0.1670197377
0.1642727990
0.1646255500
0.1643054328
0.1558217098
0.1564041434
0.1464782656
0.1519148518
0.1545060483
0.1587199024
0.1596595362
0.1604384480
0.1648424716
0.1798430387
0.1917378914
0.1829990051
0.1857428574
0.1741068918
0.1795781354
0.1721632263
0.1677245281
0.1627337722
0.1611908003
0.1531971436
0.1531913927
0.1478559990
0.1515642560
0.1611399641
0.1617496528
0.1663123069
0.1695734359
0.1639267078
0.1639841521
0.1588526819
0.1676188812
0.1644639956
0.1643543876
0.1646712648
0.1524057226
0.1530075500
0.1558804271
0.1557938448
0.1510790180
0.1597008547
0.1604167867
0.1631422278
0.1594210752
0.1559293881
0.1467619142
0.1487918834
0.1465745834
0.1462276302
0.1469230899
0.1407958217
0.1449189569
0.1464622715
0.1534097924
0.1444049697
0.1363015187
0.1397667453
0.1344301861
0.1335664859
0.1345020771
0.1355338784
0.1325156977
0.1306093758
0.1375274290
0.1450619780
0.1406389948
0.1479947401
0.1471076447
0.1499893608
0.1500218268
0.1601172586
0.1538474998
0.1549446567
0.1542761537
0.1545623190
0.1530782633
0.1516747529
0.1553657875
0.1455079743
0.1434551195
0.1433917682
0.1487993218
0.1437866372
0.1431179017
0.1395143554
0.1407808945
0.1387642314
0.1506167025
0.1514191774
0.1523309378
0.1618581909
0.1638627591
0.1655750561
0.1657500667
0.1604222057
0.1618216337
0.1536954288
0.1534426235
0.1583292007
0.1541734153
0.1579244797
0.1503358427
0.1525314061
0.1597102299
0.1614585162
0.1628899170
0.1616078716
0.1653519865
0.1626573336
0.1501123090
0.1592145076
0.1724030678
0.1749341802
0.1703735346
0.1653170674
0.1655035402
0.1702126772
0.1639138970
0.1583640619
0.1616182735
0.1564572578
0.1547418712
0.1572726057
0.1655282968
0.1688836566
0.1645944152
0.1645090650
0.1649209867
0.1587776265
0.1595328278
0.1634144160
0.1582834756
0.1608951684
0.1631312154
0.1610607226
0.1655214683
0.1581075697
0.1598875740
0.1589463218
0.1569412876
0.1544642369
0.1609575884
0.1623026280
0.1529207435
0.1580986446
0.1561394230
0.1474006677
0.1449110344
0.1431418756
0.1448979583
0.1456493993
0.1587058555
0.1579564267
0.1664743161
0.1698146377
0.1743710435
0.1676444868
0.1710424226
0.1664193040
0.1671117750
0.1631623454
0.1649355370
0.1653276680
0.1673680106
0.1754038581
0.1747573529
0.1846139678
0.1780327110
0.1748192754
0.1796553987
0.1755165773
0.1743014504
0.1780713803
0.1795691961
0.1810154573
0.1673715348
0.1603860076
0.1540662632
0.1452635949
0.1472864598
0.1465737471
0.1457370504
0.1462881580
0.1555586525
0.1575071721
0.1540654531
0.1595276026
0.1709603155
0.1659856593
0.1710314808
0.1653186363
0.1662144669
0.1700401459
0.1636446362
0.1579267612
0.1602279479
0.1628471715
0.1665248830
0.1651082514
0.1567449571
0.1664896716
0.1776068340
0.1828203878
0.1902198287
0.1908171742
0.1876497571
0.2004400577
0.2164306935
0.2151529050
0.2151633298
0.2121747171
0.2076211135
0.2114740906
0.1952730006
0.1997760504
0.1929388404
0.1812348613
0.1753841776
0.1761595232
0.1774562461
0.1802561189
0.1822674648
0.1856948873
0.1813790514
0.1892305177
0.1890001391
0.1856983253
0.1895186486
0.1838235504
0.1838130038
0.1893222487
0.1864633566
0.1794369811
0.1831063908
0.1750812421
0.1816131716
0.1822633837
0.1857539773
0.1821504090
0.1764644603
0.1847973135
0.1788249500
0.1825316197
0.1841845352
0.1899015939
0.1825966876
0.1937715786
0.1946797995
0.1891182631
0.1867323384
0.1822931674
0.1848234900
0.1750767220
0.1875790035
0.1952175185
0.1936294244
0.1817840109
0.1760074051
0.1842940158
0.1868184410
0.1869661573
0.1664248215
0.1609441739
0.1602255295
0.1631659720
0.1659469628
0.1696603665
0.1678090665
0.1690975049
0.1602680154
0.1617709576
0.1716403757
0.1691571524
0.1700902586
0.1757156993
0.1709757382
0.1706782704
0.1780587891
0.1768496354
0.1792016574
0.1801374600
0.1649762971
0.1697873717
0.1685966818
0.1665737847
0.1651309232
0.1593053680
0.1696257501
0.1697401116
0.1652507312
0.1613881293
0.1662675899
0.1751668462
0.1795257151
0.1831237027
0.1779320862
0.1673139147
0.1699487684
0.1810922570
0.1758538138
0.1596527127
0.1581969651
0.1498895354
0.1534006097
0.1532734139
0.1522262101
0.1526287361
0.1486471328
0.1449623646
0.1409061365
0.1402844584
0.1428955964
0.1522663719
0.1447487855
0.1405675999
0.1357471576
0.1354149036
0.1404222714
0.1421904449
0.1419904282
0.1460722333
0.1520195820
0.1535696133
0.1524509054
0.1564721582
0.1572606477
0.1685781504
0.1654688364
0.1642723721
0.1657370574
0.1612333315
0.1581571723
0.1520250635
0.1549933350
0.1484718214
0.1424242422
0.1482095149
0.1473762337
0.1432801730
0.1393425034
0.1410117170
0.1383104706
0.1417640665
0.1344101228
0.1371183441
0.1348949549
0.1326471607
0.1349038701
0.1374201301
0.1310429054
0.1355010046
0.1369105396
0.1353216927
0.1315039547
0.1311611942
0.1346032165
0.1340696613
0.1342934431
0.1369337287
0.1380701107
0.1444830316
0.1389028393
0.1383838028
0.1374832796
0.1464618323
0.1403997920
0.1409497851
0.1477925271
0.1476410036
0.1558240524
0.1597693349
0.1601180278
0.1630811705
0.1585418074
0.1587071150
0.1529480325
0.1481506360
0.1453902064
0.1497847150
0.1450537358
0.1457840252
0.1487781021
0.1451143200
0.1484057990
0.1490875560
0.1507590106
0.1441698620
0.1472289727
0.1450035998
0.1394840676
0.1361970109
0.1364522468
0.1382308128
0.1387611018
0.1400827937
0.1452683318
0.1410439931
0.1451499372
0.1387267476
0.1366531699
0.1348074804
0.1302108468
0.1305350119
0.1321918066
0.1445064930
0.1436382188
0.1484063197
0.1522899579
0.1512504451
0.1602996030
0.1656610962
0.1736154293
0.1723124172
0.1672104695
0.1627477884
0.1583065496
0.1577451684
0.1468437819
0.1523096803
0.1519368164
0.1442988852
0.1517544662
0.1458544117
0.1490880266
0.1422246748
0.1452714726
0.1429069166
0.1435426840
0.1402653244
0.1449093680
0.1453565789
0.1449546671
0.1446882368
0.1489750504
0.1502734714
0.1567185695
0.1566965963
0.1470759867
0.1497023075
0.1500333578
0.1453336459
0.1460575138
0.1415657544
0.1376230359
0.1384577901
0.1326608733
0.1291389375
0.1274754388
0.1248760188
0.1199925905
0.1240971182
0.1256199269
0.1323159064
0.1427886449
0.1413098652
0.1422812754
0.1414899840
0.1486613302
0.1462093414
0.1453796605
0.1370722252
0.1421881878
0.1404543964
0.1410430948
0.1378530930
0.1367746091
0.1351259056
0.1374451131
0.1298712280
0.1354527682
0.1413382905
0.1374906706
0.1376051786
0.1441036266
0.1478604529
0.1450971861
0.1412823889
0.1438758394
0.1479031400
0.1473370626
0.1494741185
0.1458737978
0.1472792471
0.1482330977
0.1475875704
0.1457936182
0.1454098518
0.1482202023
0.1465245267
0.1479812900
0.1489356534
0.1455912333
0.1545128890
0.1503101117
0.1416343343
0.1465421592
0.1402445173
0.1423871706
0.1422719271
0.1367357884
0.1458616658
0.1565316416
0.1552862494
0.1578745017
0.1553838180
0.1531183858
0.1520755964
0.1483945770
0.1467543747
0.1503637999
0.1499417922
0.1562469761
0.1451070639
0.1503337613
0.1502083167
0.1519303851
0.1572255935
0.1596556928
0.1659852309
0.1713918007
0.1666045067
0.1699406106
0.1718494591
0.1685996200
0.1697547923
0.1648321435
0.1704512540
0.1636680990
0.1649075521
0.1543900437
0.1541033509
0.1498220681
0.1483948584
0.1491775084
0.1502473996
0.1457735237
0.1472753329
0.1561314596
0.1545010579
0.1527135445
0.1580304693
0.1462826690
0.1544061216
0.1495011667
0.1467899412
0.1450872668
0.1425494760
0.1431651502
0.1441977172
0.1410613523
0.1421272841
0.1451453065
0.1472457986
0.1431153587
0.1374092721
0.1371751222
0.1398524405
0.1384469961
0.1506051972
0.1465989235
0.1500496564
0.1459089024
0.1454518595
0.1422929255
0.1435887188
0.1497288861
0.1517085896
0.1528073604
0.1560173158
0.1551176271
0.1547207789
0.1580565270
0.1551592346
0.1582352598
0.1548289141
0.1572606318
0.1601506528
0.1662140397
0.1715571157
0.1696704528
0.1705398361
0.1715152785
0.1694279464
0.1603969072
0.1651129915
0.1585703378
0.1574280231
0.1557357389
0.1499193078
0.1481089064
0.1497971206
0.1550424321
0.1498252072
0.1579984309
0.1654686178
0.1560800202
0.1580918177
0.1574716347
0.1637333896
0.1610527969
0.1616370553
0.1575712353
0.1589115647
0.1628873465
0.1637367938
0.1617639302
0.1549870634
0.1570427723
0.1556622398
0.1511848604
0.1544377951
0.1578644846
0.1505275996
0.1403573144
0.1441438396
0.1385691417
0.1388985528
0.1339939429
0.1303724439
0.1324766113
0.1262830683
0.1246993525
0.1253840037
0.1217633204
0.1226247398
0.1202434320
0.1208784157
0.1196203395
0.1167603841
0.1224245015
0.1169060432
0.1179302183
0.1177698673
0.1188148356
0.1218242576
0.1233687377
0.1257010603
0.1287971146
0.1298562839
0.1346173642
0.1337609935
0.1359029800
0.1394352607
0.1440193296
0.1505964765
0.1511579105
0.1570485170
0.1551158019
0.1555579510
0.1507052427
0.1557015475
0.1638562659
0.1510398291
0.1461994667
0.1473054093
0.1466757664
0.1461236157
0.1467260719
0.1386418986
0.1419592397
0.1380739456
0.1352646637
0.1371074593
0.1376003427
0.1346482686
0.1349908005
0.1395388809
0.1453331748
0.1510927355
0.1538364485
0.1622115143
0.1663772058
0.1732236273
0.1696155743
0.1668848006
0.1718895433
0.1658165226
0.1681833407
0.1588669148
0.1580009972
0.1592732555
0.1578550859
0.1612737125
0.1605984339
0.1482686195
0.1459625148
0.1470480972
0.1448876043
0.1460611137
0.1424725887
0.1406966295
0.1466625298
0.1441871632
0.1414221811
0.1499997137
0.1489429714
0.1461841663
0.1506274591
0.1510618959
0.1471261255
0.1462145827
0.1459404655
0.1420541464
0.1383584463
0.1416831735
0.1390652717
0.1355612688
0.1370943411
0.1400774785
0.1389100103
0.1398805245
0.1451192868
0.1440705951
0.1475369402
0.1523353604
0.1473588859
0.1512658167
0.1502671650
0.1574098288
0.1548603388
0.1486849519
0.1592898658
0.1548934188
0.1607429099
0.1623564535
0.1568944318
0.1531334576
0.1479477685
0.1496903607
0.1499064170
0.1508976066
0.1518884878
0.1535230086
0.1491667999
0.1505409185
0.1488438860
0.1457129904
0.1480655668
0.1499426814
0.1468442948
0.1443932049
0.1478668562
0.1465754022
0.1484048419
0.1459871344
0.1458756215
0.1433332444
0.1456456381
0.1473187852
0.1520979776
0.1511573820
0.1524548910
0.1504924009
0.1451734443
0.1463319658
0.1400731775
0.1346722977
0.1371471686
0.1404087772
0.1430204574
0.1429713114
0.1405297213
0.1386322599
0.1341748856
0.1344582898
0.1348511997
0.1308912880
0.1338357965
0.1295476304
0.1334039612
0.1287094356
0.1274921500
0.1262018467
0.1347307858
0.1318688234
0.1289778055
0.1271075633
0.1282841929
0.1269131612
0.1251743563
0.1214024069
0.1314698475
0.1265046474
0.1234522045
0.1251880776
0.1288484679
0.1249605691
0.1224329866
0.1244268743
0.1284270571
0.1311839944
0.1362067910
0.1409998764
0.1473425150
0.1540941684
0.1581256545
0.1570356859
0.1589443409
0.1524934871
0.1577770745
0.1494873840
0.1478229090
0.1509422797
0.1492836539
0.1424480734
0.1491855848
0.1528105445
0.1563330182
0.1578897227
0.1614346716
0.1646158285
0.1693748485
0.1823735950
0.1802267413
0.1845674725
0.1810168446
0.1767372962
0.1652746098
0.1615777498
0.1631752093
0.1539743454
0.1501814472
0.1445163592
0.1515639291
0.1515699007
0.1580310176
0.1481129167
0.1415328363
0.1486366348
0.1433629870
0.1457592562
0.1454407636
0.1496295433
0.1492714853
0.1464317790
0.1506044593
0.1420551548
0.1475737734
0.1478239443
0.1591788094
0.1592307588
0.1530346565
0.1473669054
0.1485702098
0.1509153687
0.1616192018
0.1600303148
0.1573590316
0.1616653776
0.1564493364
0.1574641988
0.1638964024
0.1633821624
0.1724600234
0.1637708904
0.1645539122
0.1663010173
0.1696376519
0.1575709388
0.1570062310
0.1545497092
0.1502827480
0.1458079810
0.1484600198
0.1439352003
0.1429326043
0.1342870300
0.1305115787
0.1281708718
0.1279442948
0.1215715641
0.1244354842
0.1255233604
0.1255793895
0.1251801653
0.1298605690
0.1311613082
0.1399254933
0.1409705408
0.1416445939
0.1468993729
0.1446539891
0.1407899189
0.1545394676
0.1479643010
0.1625936330
0.1534197927
0.1598454384
0.1579868615
0.1548831728
0.1595190251
0.1576358032
0.1591643529
0.1536765081
0.1564457148
0.1527704717
0.1481186618
0.1502433512
0.1562865069
0.1481265903
0.1518291284
0.1465739684
0.1419867051
0.1458338834
0.1402221322
0.1412122272
0.1363372488
0.1371100005
0.1359957427
0.1407673978
0.1397339713
0.1392434436
0.1446605251
0.1465379389
0.1468037412
0.1558875199
0.1569206802
0.1553309638
0.1503793773
0.1548307756
0.1492202086
0.1527812484
0.1505175844
0.1432444214
0.1496432822
0.1497533862
0.1483178474
0.1438952599
0.1427589789
0.1402113661
0.1388324759
0.1435900287
0.1455129089
0.1415426308
0.1450937726
0.1415720532
0.1417916878
0.1472182932
0.1464225989
0.1420096974
0.1418126413
0.1365055052
0.1357000222
0.1358250260
0.1358976859
0.1321981087
0.1335976432
0.1375315688
0.1337734732
0.1369068315
0.1391595035
0.1410432970
0.1428733751
0.1460911290
0.1447583092
0.1464484186
0.1462582639
0.1422604568
0.1494624216
0.1450687190
0.1440879265
0.1424769177
0.1450860585
0.1458866309
0.1423236129
0.1433591660
0.1402576919
0.1474655612
0.1460115981
0.1461002345
0.1508941677
0.1491683388
0.1521480604
0.1580011636
0.1478276188
0.1444442025
0.1453441476
0.1449512552
0.1472161624
0.1497095793
0.1469496902
0.1444420247
0.1369594039
0.1402033056
0.1407170600
0.1500020265
0.1470653890
0.1508348138
0.1463505389
0.1473902340
0.1440334719
0.1463115439
0.1460330318
0.1413360957
0.1449027447
0.1395281885
0.1405443113
0.1443555671
0.1448726841
0.1433700358
0.1447826615
0.1521265197
0.1518624068
0.1527630703
0.1605701629
0.1539437048
0.1521819424
0.1563420071
0.1623807205
0.1577423008
0.1633360033
0.1621167538
0.1695898518
0.1676250334
0.1596335929
0.1591029119
0.1612224974
0.1607540735
0.1671429692
0.1698548531
0.1691870701
0.1644527100
0.1628107272
0.1603591584
0.1632496432
0.1597274195
0.1592658617
0.1558284574
0.1535578654
0.1558018063
0.1521878902
0.1530836326
0.1446573352
0.1515392942
0.1535782833
0.1399263573
0.1423805146
0.1471528415
0.1509662631
0.1430293748
0.1428734472
0.1377468218
0.1349532412
0.1443084802
0.1464491456
0.1443865473
0.1439978781
0.1419400640
0.1432581719
0.1505722400
0.1553912198
0.1567869631
0.1615598145
0.1665119168
0.1634112454
0.1590251665
0.1536456146
0.1503798496
0.1491954619
0.1476704901
0.1516265641
0.1454907688
0.1521515651
0.1463924059
0.1520403373
0.1588638692
0.1524752035
0.1557317002
0.1614929192
0.1685267842
0.1721957657
0.1738577046
0.1789095869
0.1862553243
0.1861982785
0.1846269437
0.1758188008
0.1730344466
0.1685406017
0.1651269170
0.1588841693
0.1600543929
0.1625414547
0.1668793801
0.1647957076
0.1614386131
0.1632423142
0.1673362935
0.1686516303
0.1749819476
0.1730264347
0.1806541825
0.1770103849
0.1752527584
0.1664432964
0.1608297213
0.1624546367
0.1618269397
0.1579427265
0.1571271927
0.1594427598
0.1592085646
0.1629365409
0.1632670454
0.1637683086
0.1685354676
0.1648461653
0.1636067390
0.1600435209
0.1656040842
0.1730157743
0.1765387553
0.1708572357
0.1730196817
0.1786850950
0.1777032358
0.1715140807
0.1734250211
0.1642468477
0.1656591538
0.1679119113
0.1580298676
0.1570348310
0.1592421424
0.1494396588
0.1513561039
0.1477061633
0.1406567856
0.1392869007
0.1381812816
0.1443658425
0.1444819321
0.1449219052
0.1387997684
0.1400063572
0.1470132286
0.1434128134
0.1452458926
0.1437573466
0.1437857733
0.1474305901
0.1416428379
0.1376930467
0.1420323084
0.1396448777
0.1435147689
0.1363787717
0.1453945672
0.1424246997
0.1523460558
0.1493572006
0.1496851724
0.1505408881
0.1484937122
0.1563075702
0.1527951330
0.1603563999
0.1582220841
0.1521981616
0.1517743724
0.1524816462
0.1492859718
0.1551107591
0.1520057623
0.1503282337
0.1423204132
0.1456156694
0.1441560462
0.1479138506
0.1481682707
0.1453529198
0.1439591354
0.1396272686
0.1423008195
0.1403559265
0.1365924932
0.1407110446
0.1414595904
0.1448307873
0.1447541632
0.1466024926
0.1443772430
0.1469902967
0.1449574584
0.1532098504
0.1545800797
0.1491325706
0.1463255782
0.1442206608
0.1465469799
0.1391725907
0.1507053214
0.1493499978
0.1432020447
0.1436999234
0.1422098342
0.1435353409
0.1393687338
0.1409738554
0.1427875107
0.1431843380
0.1462311996
0.1461118123
0.1477348597
0.1477300582
0.1511038144
0.1477250781
0.1553987137
0.1590327292
0.1517886248
0.1556635830
0.1519490532
0.1567635079
0.1544776772
0.1547888792
0.1602127116
0.1500643429
0.1551867271
0.1620862805
0.1550811111
0.1533210201
0.1488427156
0.1385518654
0.1420633400
0.1405446111
0.1479160818
0.1507900282
0.1480978313
0.1466581976
0.1492326613
0.1463141969
0.1579307463
0.1606422930
0.1624123159
0.1588635674
0.1587734910
0.1514775127
0.1551923928
0.1498189306
0.1495199431
0.1475839288
0.1457775667
0.1435968304
0.1396359429
0.1463387683
0.1433675867
0.1431155423
0.1483756905
0.1468930936
0.1527425521
0.1549778681
0.1566454123
0.1558092517
0.1592744255
0.1625579943
0.1575982890
0.1626700710
0.1645768776
0.1699738177
0.1688904304
0.1745032603
0.1802815525
0.1781893956
0.1711835621
0.1722542190
0.1686969419
0.1641380608
0.1646634179
0.1670521526
0.1690808057
0.1653092018
0.1669102293
0.1621836763
0.1619088460
0.1530753926
0.1439560525
0.1545189328
0.1607143137
0.1679033204
0.1687765140
0.1636067853
0.1589936293
0.1568699593
0.1548262524
0.1535809614
0.1505645013
0.1568130594
0.1474513790
0.1502242155
0.1481587744
0.1509791844
0.1562635373
0.1556495448
0.1527187154
0.1528606580
0.1516624017
0.1506256562
0.1493476163
0.1478982175
0.1409777063
0.1416800457
0.1437598318
0.1435121953
0.1479014253
0.1443061684
0.1496361807
0.1510027720
0.1497344895
0.1542678719
0.1604469943
0.1583262086
0.1607419805
0.1676281168
0.1626778361
0.1621142856
0.1650451973
0.1659425084
0.1637575380
0.1593337368
0.1549247855
0.1486483642
0.1471688081
0.1447508739
0.1382888054
0.1415308337
0.1332587547
0.1378148250
0.1425343980
0.1373039367
0.1394369982
0.1415886055
0.1459297134
0.1467094501
0.1498246515
0.1523976091
0.1489473341
0.1533417071
0.1478267720
0.1535099444
0.1497002168
0.1442550454
0.1414285090
0.1423316870
0.1429893988
0.1478133590
0.1452967125
0.1448701894
0.1388638926
0.1389598967
0.1408333805
0.1420577486
0.1477858528
0.1436140344
0.1410412697
0.1367188383
0.1406622956
0.1480225428
0.1446030611
0.1487754278
0.1519877317
0.1541139764
0.1527469761
0.1511754920
0.1516426390
0.1472529041
0.1463286097
0.1459854166
0.1337718440
0.1350187385
0.1361336754
0.1340234276
0.1304189595
0.1321090868
0.1330000648
0.1323053085
0.1271619655
0.1265091080
0.1245558874
0.1251468131
0.1221463886
0.1322504701
0.1323368795
0.1242450189
0.1256649950
0.1280843485
0.1275362765
0.1259794155
0.1243085761
0.1220401304
0.1270741306
0.1304912532
0.1261277285
0.1231125602
0.1284346777
0.1258733053
0.1289335157
0.1339081939
0.1325818511
0.1375659254
0.1389192952
0.1385360757
0.1407372261
0.1415334531
0.1378923648
0.1360701441
0.1420554229
0.1423761532
0.1480062113
0.1434727528
0.1499187362
0.1479355097
0.1445406765
0.1494070355
0.1427771840
0.1454279971
0.1411263328
0.1400892716
0.1351752742
0.1356760805
0.1333201948
0.1337774898
0.1310840313
0.1305043851
0.1285937939
0.1295509189
0.1297972178
0.1282925195
0.1332619503
0.1332122973
0.1292499990
0.1301242417
0.1268609532
0.1342058129
0.1351675710
0.1370715027
0.1344004329
0.1390040663
0.1376259832
0.1437822734
0.1399517825
0.1398302502
0.1438688786
0.1430289127
0.1472264118
0.1499487845
0.1556510097
0.1571699965
0.1561113546
0.1546203923
0.1560348752
0.1513735979
0.1453978698
0.1518679703
0.1491858515
0.1492540832
0.1411306083
0.1420766201
0.1407894769
0.1388891802
0.1353632919
0.1318944661
0.1311520229
0.1346967441
0.1390976002
0.1428733872
0.1390447903
0.1424089614
0.1436067338
0.1435206938
0.1481319110
0.1452230063
0.1466152906
0.1501986672
0.1468157345
0.1417156309
0.1398783925
0.1394166306
0.1343078325
0.1306805058
0.1351504894
0.1373939880
0.1346776929
0.1332876317
0.1345671165
0.1403366794
0.1392316991
0.1401230009
0.1428450911
0.1397195464
0.1371127588
0.1398447785
0.1411957652
0.1490591890
0.1462669384
0.1443428532
0.1440319038
0.1461449254
0.1439301414
0.1457224323
0.1484005221
0.1460231142
0.1432518268
0.1391338396
0.1395579686
0.1442568873
0.1489121836
0.1485118697
0.1449895934
0.1457622803
0.1401836878
0.1396029414
0.1357929049
0.1405857056
0.1487929985
0.1379221236
0.1354451066
0.1353920488
0.1355027670
0.1302535151
0.1294783267
0.1247301643
0.1229220602
0.1258194657
0.1227401891
0.1225643238
0.1191210372
0.1239633726
0.1265952065
0.1273451222
0.1273795268
0.1271549238
0.1225060285
0.1199352159
0.1202815532
0.1227318052
0.1222889835
0.1237267813
0.1254069142
0.1248252766
0.1227306488
0.1232959157
0.1231277560
0.1267316963
0.1226154563
0.1284798560
0.1268995656
0.1253384869
0.1219864372
0.1206015999
0.1186892476
0.1199856214
0.1245707605
0.1260534862
0.1264679434
0.1296110727
0.1291075009
0.1349296919
0.1313139193
0.1331001804
0.1355556320
0.1376597921
0.1454019139
0.1423980755
0.1440410615
0.1364751162
0.1286323630
0.1347981367
0.1361975117
0.1375491319
0.1402832700
0.1356866643
0.1342641239
0.1357604369
0.1373111775
0.1456189789
0.1444713866
0.1481319115
0.1480948093
0.1471920029
0.1508743621
0.1466140829
0.1440008158
0.1467283330
0.1516666652
0.1536310644
0.1508221717
0.1501784208
0.1511368566
0.1488533207
0.1417170412
0.1384102176
0.1406711225
0.1394745789
0.1318072951
0.1398659636
0.1356079046
0.1318853885
0.1287394507
0.1311269041
0.1357238430
0.1312977657
0.1311561905
0.1289684017
0.1393788826
0.1333219109
0.1329350291
0.1363059313
0.1347917853
0.1347287667
0.1324424681
0.1300444026
0.1307727889
0.1370503054
0.1440893254
0.1426192811
0.1422559924
0.1458551266
0.1447557367
0.1390128917
0.1329263412
0.1345512020
0.1311163718
0.1291046501
0.1351468768
0.1330211898
0.1415906153
0.1492026861
0.1410513057
0.1568733572
0.1545311485
0.1542417571
0.1565844354
0.1581785061
0.1528049206
0.1521934738
0.1518101777
0.1512990817
0.1453346622
0.1356684581
0.1387509862
0.1392727012
0.1403524662
0.1398340515
0.1449488397
0.1388243062
0.1378063053
0.1408476216
0.1419246565
0.1423779451
0.1453392002
0.1460017955
0.1478885594
0.1503808651
0.1432647460
0.1469058036
0.1446236804
0.1456694092
0.1519435798
0.1569935593
0.1562536522
0.1460940421
0.1431586756
0.1477252248
0.1438236557
0.1408700591
0.1337684276
0.1388224774
0.1363175526
0.1380976404
0.1332408480
0.1390531987
0.1448934176
0.1419059966
0.1455198159
0.1441577736
0.1447390601
0.1520943906
0.1484475487
0.1472266861
0.1518839240
0.1464644710
0.1459863827
0.1450111687
0.1488292067
0.1473575349
0.1479067165
0.1390922599
0.1350215115
0.1353751714
0.1385088980
0.1314545915
0.1356756726
0.1378014311
0.1428687738
0.1446852189
0.1401646538
0.1400808324
0.1396320599
0.1375046959
0.1359006865
0.1432200720
0.1375969753
0.1378963476
0.1377789195
0.1351597900
0.1340508188
0.1332857728
0.1275628035
0.1298960827
0.1256849909
0.1275878730
0.1317271024
0.1363145812
0.1362641632
0.1375980100
0.1402808250
0.1423696999
0.1356533199
0.1311772034
0.1259023001
0.1276383957
0.1259664738
0.1228001941
0.1194162291
0.1239267500
0.1215152133
0.1209612603
0.1208777080
0.1196633943
0.1243771301
0.1307152050
0.1380987872
0.1393753002
0.1426649325
0.1436328864
0.1428456729
0.1417171401
0.1408720657
0.1361152391
0.1338920275
0.1331428510
0.1324008465
0.1370974293
0.1369234686
0.1371279928
0.1366489465
0.1388066548
0.1415978134
0.1376154204
0.1353087491
0.1324113330
0.1297061563
0.1256765298
0.1233052382
0.1250265965
0.1256364252
0.1339344191
0.1319788260
0.1354460337
0.1424631255
0.1425105953
0.1365473462
0.1384850861
0.1345976023
0.1346351824
0.1331094708
0.1320359022
0.1288806126
0.1308608756
0.1288996926
0.1340020162
0.1392210326
0.1419935206
0.1406281234
0.1412307897
0.1427064836
0.1464118546
0.1440373642
0.1428364759
0.1432298259
0.1455541367
0.1467638989
0.1485711067
0.1448449245
0.1420958697
0.1430395632
0.1347788560
0.1318241364
0.1302326870
0.1292810861
0.1343280354
0.1314508352
0.1275786584
0.1237625971
0.1266108372
0.1262621742
0.1229800493
0.1271547428
0.1246773350
0.1246028197
0.1210492030
0.1215372259
0.1218687049
0.1247153857
0.1228168552
0.1255828232
0.1266361246
0.1336553430
0.1348873151
0.1288270590
0.1289117857
0.1368912439
0.1375582653
0.1403150383
0.1367194512
0.1382284046
0.1326847690
0.1334093158
0.1338686580
0.1416061714
0.1399562146
0.1424854777
0.1412170798
0.1456033859
0.1397670045
0.1428916400
0.1442384459
0.1409443202
0.1399029602
0.1351687650
0.1347707094
0.1330004826
0.1352274944
0.1370515064
0.1377343944
0.1358952339
0.1381839141
0.1426135314
0.1353000168
0.1346552396
0.1338774633
0.1288500855
0.1323825051
0.1340031852
0.1308379528
0.1344700168
0.1332576092
0.1389441507
0.1345261775
0.1347338033
0.1392197338
0.1332596023
0.1323563552
0.1319761593
0.1286875939
0.1340675857
0.1308187141
0.1325727495
0.1297889073
0.1282949941
0.1228299765
0.1264935893
0.1315000127
0.1307918153
0.1318776488
0.1352925571
0.1363989454
0.1421386435
0.1447801108
0.1412845299
0.1366716255
0.1431568040
0.1458464968
0.1465863014
0.1388025407
0.1390792648
0.1349325867
0.1406921065
0.1342793384
0.1311946226
0.1309324724
0.1280409438
0.1292355028
0.1351564530
0.1395220796
0.1423748947
0.1454654115
0.1440884123
0.1383444289
0.1445784030
0.1382480715
0.1438612614
0.1418773098
0.1440103663
0.1511602973
0.1541328773
0.1521705155
0.1508468734
0.1602508287
0.1614183015
0.1530431743
0.1586744442
0.1662245783
0.1616657572
0.1661512250
0.1649532083
0.1716893579
0.1749233969
0.1696381128
0.1628151438
0.1621062359
0.1576968948
0.1560273703
0.1620943402
0.1600882592
0.1581104088
0.1516793843
0.1501683276
0.1476160988
0.1417950237
0.1402416394
0.1388985544
0.1396280959
0.1345989371
0.1345567193
0.1355746888
0.1386302988
0.1400961499
0.1376509314
0.1359686957
0.1400461373
0.1398170762
0.1374757431
0.1403127252
0.1345523395
0.1340504403
0.1344421166
0.1328065645
0.1355647883
0.1360205343
0.1354321063
0.1312436075
0.1333892625
0.1362605202
0.1380423021
0.1307803993
0.1349547026
0.1329707506
0.1275273860
0.1350297514
0.1346226585
0.1370118285
0.1428494962
0.1376206213
0.1338848644
0.1329227154
0.1297340614
0.1368422930
0.1335299979
0.1341854322
0.1398315792
0.1432815798
0.1403862444
0.1377574636
0.1361437090
0.1340123120
0.1394548110
0.1446721589
0.1492568338
0.1477754119
0.1508595447
0.1458951203
0.1502218959
0.1487301643
0.1466763290
0.1440375759
0.1459048059
0.1422689369
0.1429114182
0.1440658289
0.1432167815
0.1459667691
0.1468087844
0.1494829682
0.1512107064
0.1532818368
0.1523099750
0.1530575800
0.1566569722
0.1596882042
0.1591766458
0.1549192625
0.1570203368
0.1562698219
0.1534508744
0.1507655355
0.1492239047
0.1459477336
0.1453026766
0.1423877158
0.1406715263
0.1397031860
0.1387993081
0.1363261293
0.1350390103
0.1337285260
0.1318264220
0.1321765336
0.1358119577
0.1369724645
0.1377502947
0.1385367892
0.1397020706
0.1382431325
0.1369778428
0.1407061187
0.1409774617
0.1420834078
0.1447118278
0.1394434504
0.1451816712
0.1432649962
0.1394583880
0.1362967118
0.1419375181
0.1401024612
0.1399757705
0.1359538697
0.1319767881
0.1341024083
0.1336883533
0.1372005134
0.1345486173
0.1370583668
0.1315410516
0.1329447378
0.1275427994
0.1273980412
0.1270365479
0.1249440294
0.1304077773
0.1307610521
0.1310439690
0.1275221630
0.1304291483
0.1301621718
0.1290674991
0.1288148632
0.1305380129
0.1329213220
0.1304846712
0.1268192905
0.1295916931
0.1324779077
0.1384218682
0.1374200447
0.1346954995
0.1352578387
0.1324261475
0.1372731223
0.1310299313
0.1359886873
0.1372007776
0.1334390547
0.1368242845
0.1375002444
0.1412342063
0.1359983271
0.1369802099
0.1368997643
0.1400429109
0.1404314381
0.1459979757
0.1472530443
0.1476527415
0.1461250739
0.1439062565
0.1387620251
0.1369837172
0.1354812885
0.1420806347
0.1394685769
0.1389204180
0.1419762994
0.1344411343
0.1350319303
0.1386197358
0.1344659995
0.1314577655
0.1339238119
0.1382144735
0.1369092140
0.1424052354
0.1418325928
0.1405274462
0.1400645487
0.1360965781
0.1403062788
0.1410502674
0.1401493850
0.1440073889
0.1426945965
0.1478083371
0.1475357958
0.1533015052
0.1550476735
0.1625651412
0.1614794536
0.1632065654
0.1554615095
0.1610126564
0.1553165219
0.1555398379
0.1511712770
0.1506694402
0.1514894626
0.1467186256
0.1528375633
0.1467458645
0.1470169661
0.1452996568
0.1475263255
0.1404620484
0.1436390886
0.1463758766
0.1552500811
0.1565437919
0.1524379883
0.1491074527
0.1564447935
0.1531167609
0.1536072140
0.1568425845
0.1473081948
0.1474289105
0.1459899776
0.1477967180
0.1445185826
0.1451541586
0.1446188725
0.1426789671
0.1464858235
0.1443432699
0.1457477823
0.1447651568
0.1430283608
0.1399157284
0.1414239922
0.1417831206
0.1459125763
0.1437142177
0.1426979253
0.1409823745
0.1423969871
0.1451556162
0.1437870191
0.1482286624
0.1455275798
0.1390483071
0.1380393427
0.1344720705
0.1321755568
0.1355085329
0.1338180470
0.1366387336
0.1372878296
0.1352868033
0.1341441879
0.1319092568
0.1351519726
0.1392043975
0.1464112884
0.1372121135
0.1357567357
0.1324953056
0.1337146126
0.1365552790
0.1359059148
0.1398818583
0.1506230768
0.1546828681
0.1517332797
0.1497275281
0.1473956699
0.1497870475
0.1431213478
0.1410584641
0.1470897399
0.1513859029
0.1494725875
0.1523089132
0.1493529407
0.1455816237
0.1530037581
0.1562632603
0.1511475121
0.1484127458
0.1520624713
0.1531486961
0.1490490326
0.1528114221
0.1404963563
0.1460475346
0.1390535770
0.1430248591
0.1424673790
0.1467662839
0.1387638173
0.1423999292
0.1404026744
0.1428656393
0.1448525673
0.1455155879
0.1474429645
0.1491037050
0.1473122492
0.1467949398
0.1481519354
0.1454563569
0.1435663781
0.1391809506
0.1344468054
0.1359614502
0.1340534090
0.1340113111
0.1339226997
0.1392535697
0.1376692907
0.1394530854
0.1344423187
0.1340345119
0.1242949412
0.1278425860
0.1267657899
0.1264308627
0.1245181743
0.1254758221
0.1266483703
0.1273800165
0.1341822127
0.1350356311
0.1333247591
0.1390512816
0.1358233995
0.1358491583
0.1360254934
0.1328050174
0.1358209194
0.1402814589
0.1486703473
0.1460077436
0.1463815861
0.1499852455
0.1455986164
0.1452065758
0.1530519693
0.1550478887
0.1622664602
0.1594208987
0.1587007177
0.1553818507
0.1636833245
0.1633222232
0.1588535516
0.1554224569
0.1566930556
0.1563866113
0.1582373769
0.1563753717
0.1542720544
0.1546636797
0.1499267073
0.1505796003
0.1480223290
0.1469158219
0.1460616191
0.1431613832
0.1418947332
0.1393156066
0.1343266348
0.1412445534
0.1397022490
0.1391753559
0.1389786635
0.1371397741
0.1325960526
0.1338277063
0.1333511358
0.1350727221
0.1325310805
0.1369519678
0.1312021693
0.1316085293
0.1287220510
0.1384171948
0.1368665337
0.1390246966
0.1383176662
0.1432659357
0.1459435314
0.1369655665
0.1333201227
0.1369461699
0.1329525277
0.1281312449
0.1273237127
0.1242413410
0.1248844394
0.1228842337
0.1224433527
0.1260469942
0.1213886387
0.1224583957
0.1268392754
0.1253722642
0.1297778641
0.1284097145
0.1296992014
0.1350769024
0.1391519848
0.1370108294
0.1364518750
0.1356211054
0.1381596902
0.1327915082
0.1300319919
0.1343066868
0.1337114468
0.1342167674
0.1361662126
0.1350380179
0.1350379418
0.1401537075
0.1368423459
0.1329530660
0.1357948789
0.1333057672
0.1419725612
0.1317826475
0.1338325874
0.1314836284
0.1311588348
0.1315154030
0.1338837825
0.1350792012
0.1297848478
0.1308048114
0.1330183332
0.1354808561
0.1404891973
0.1390259600
0.1379787091
0.1378781228
0.1432753329
0.1298970531
0.1337516844
0.1378255038
0.1355632211
0.1295801781
0.1329368952
0.1321836294
0.1374608327
0.1345809554
0.1382570839
0.1380820448
0.1326337672
0.1367308307
0.1387765220
0.1353330234
0.1318294781
0.1312329978
0.1301409863
0.1267970133
0.1278301790
0.1334136999
0.1354187287
0.1325834851
0.1370024568
0.1356681711
0.1353617508
0.1360273723
0.1311426493
0.1288208489
0.1288600894
0.1309664873
0.1356351624
0.1357549527
0.1356968177
0.1359161811
0.1348718660
0.1335685775
0.1340353666
0.1373362960
0.1344913555
0.1354467454
0.1340874308
0.1362343360
0.1393641589
0.1345622498
0.1413546028
0.1393316059
0.1436995787
0.1439209416
0.1431482590
0.1372355397
0.1345455993
0.1379612402
0.1402479595
0.1380098249
0.1368134312
0.1391124012
0.1404567869
0.1399495985
0.1387302020
0.1355224098
0.1402940502
0.1409893805
0.1452319788
0.1386704825
0.1402386329
0.1345486666
0.1383286473
0.1346785355
0.1348454308
0.1383081774
0.1408054575
0.1401481455
0.1369216573
0.1309679017
0.1325337313
0.1337020579
0.1342453195
0.1346351133
0.1279415229
0.1331305258
0.1319609288
0.1326065389
0.1341993562
0.1455680573
0.1368748042
0.1438163655
0.1477134968
0.1525006697
0.1462105320
0.1520462388
0.1501537623
0.1479947117
0.1447753055
0.1442195101
0.1322455918
0.1376552078
0.1379906509
0.1384750099
0.1336453999
0.1359140096
0.1312189791
0.1302627510
0.1285278320
0.1308895772
0.1318372068
0.1297767142
0.1244530255
0.1265316024
0.1307115462
0.1352673269
0.1367850352
0.1313691986
0.1339180073
0.1334665378
0.1313834302
0.1335688226
0.1414135683
0.1413448495
0.1425865614
0.1447645069
0.1476117139
0.1515904141
0.1536048828
0.1531512874
0.1446229265
0.1453368830
0.1478294570
0.1480716277
0.1441257976
0.1416389161
0.1367398993
0.1388886412
0.1383928020
0.1456888188
0.1451650205
0.1420538595
0.1402285355
0.1413822290
0.1400088885
0.1403777665
0.1364692832
0.1405801632
0.1410639251
0.1465129390
0.1428513959
0.1424021707
0.1462929271
0.1424429908
0.1419206475
0.1385523511
0.1433848095
0.1509263451
0.1503214389
0.1562433445
0.1551305311
0.1563202988
0.1540431262
0.1569060347
0.1550571337
0.1518833305
0.1563363946
0.1445590408
0.1504027688
0.1458641256
0.1448892071
0.1465818943
0.1472848460
0.1453736320
0.1463190928
0.1435719802
0.1529351997
0.1550963537
0.1498062482
0.1485848617
0.1507871540
0.1455131496
0.1462300577
0.1438169131
0.1447793414
0.1432908796
0.1420021765
0.1443683464
0.1422838843
0.1421577781
0.1437282315
0.1447615291
0.1525969103
0.1530855882
0.1603461074
0.1533151703
0.1581757087
0.1587305141
0.1545890570
0.1593794646
0.1577571279
0.1667147132
0.1642471689
0.1706865657
0.1718833205
0.1748998805
0.1718865302
0.1744114309
0.1745715415
0.1702999754
0.1668680485
0.1622555765
0.1636436477
0.1657377590
0.1658283180
0.1623388230
0.1645516698
0.1607307598
0.1616791440
0.1578093630
0.1538646370
0.1601295065
0.1606046212
0.1682837014
0.1690578346
0.1656277270
0.1625715088
0.1639951699
0.1624083639
0.1637217616
0.1578969736
0.1577357683
0.1579181819
0.1523335015
0.1543357989
0.1568569862
0.1508368088
0.1450422370
0.1421150848
0.1411787127
0.1356908364
0.1363043028
0.1366836013
0.1361968776
0.1380697117
0.1364935442
0.1314892335
0.1325852772
0.1281886041
0.1271653784
0.1257963571
0.1280202312
0.1337074106
0.1327359131
0.1350691575
0.1404120022
0.1476371704
0.1465641306
0.1501379149
0.1490451114
0.1496076232
0.1556863427
0.1528485192
0.1502991498
0.1523765715
0.1493865676
0.1514242218
0.1546047228
0.1561343149
0.1517635936
0.1577730615
0.1478220517
0.1489869001
0.1508569246
0.1461601322
0.1459892397
0.1509824152
0.1503473704
0.1468086936
0.1477826204
0.1442923885
0.1457999892
0.1383032681
0.1346142727
0.1360732101
0.1335621643
0.1363548188
0.1372097128
0.1347958688
0.1377182091
0.1414008923
0.1352961243
0.1385544117
0.1372662749
0.1382917515
0.1374424877
0.1332784399
0.1294061907
0.1298865079
0.1314868051
0.1300069541
0.1354472569
0.1387716715
0.1361439762
0.1381142027
0.1388577867
0.1349831668
0.1351382430
0.1381618175
0.1374848095
0.1324221922
0.1354244951
0.1334669669
0.1276729391
0.1269168793
0.1261293499
0.1262051376
0.1248213374
0.1260059595
0.1264564409
0.1270581407
0.1226832607
0.1247188258
0.1229594227
0.1261647281
0.1253588976
0.1256818795
0.1224230370
0.1254345343
0.1268944902
0.1275131700
0.1310812232
0.1306414955
0.1292193719
0.1384788970
0.1320773609
0.1341930433
0.1346952482
0.1374056788
0.1413792801
0.1340196354
0.1395426196
0.1401856282
0.1377697357
0.1410879316
0.1395427665
0.1453589193
0.1401186358
0.1335263162
0.1335348844
0.1357795313
0.1391535625
0.1416682727
0.1434102991
0.1431009394
0.1468894836
0.1434593555
0.1406812173
0.1435989822
0.1475982069
0.1452639587
0.1438181669
0.1407709772
0.1387039462
0.1384277259
0.1326191239
0.1314185285
0.1355752989
0.1364995219
0.1351279181
0.1363360334
0.1297574238
0.1275980956
0.1287682890
0.1235785246
0.1246238693
0.1268760513
0.1295890388
0.1240757907
0.1232564622
0.1306284009
0.1245614211
0.1239470215
0.1253167540
0.1307527047
0.1287678760
0.1326946545
0.1329985483
0.1324854769
0.1314128129
0.1273752050
0.1281730800
0.1342236937
0.1352713520
0.1348687452
0.1380349949
0.1394354343
0.1363091534
0.1351761996
0.1387033112
0.1459591310
0.1493775036
0.1508094022
0.1496094619
0.1503703349
0.1452185645
0.1420378276
0.1390955645
0.1410312444
0.1429628114
0.1385140224
0.1415593504
0.1458799029
0.1467076909
0.1453731666
0.1408675067
0.1395853337
0.1442304299
0.1463996974
0.1423180697
0.1428793782
0.1455746613
0.1525746602
0.1427261006
0.1440288498
0.1405988323
0.1387332312
0.1403973810
0.1427502288
0.1390220821
0.1364310852
0.1385755745
0.1343344986
0.1388722814
0.1383216631
0.1342142195
0.1341666914
0.1346838531
0.1313987259
0.1377578619
0.1342980358
0.1315067721
0.1377640495
0.1382888236
0.1396851988
0.1402918110
0.1383490173
0.1373596750
0.1360202259
0.1422542900
0.1434248711
0.1456512459
0.1412115887
0.1428970123
0.1440380011
0.1453285092
0.1449222171
0.1512982399
0.1514528052
0.1454656239
0.1460535568
0.1473020037
0.1479644688
0.1430751097
0.1544256867
0.1571260618
0.1506987693
0.1541325576
0.1535075458
0.1557210890
0.1571576378
0.1608873033
0.1599995330
0.1561328521
0.1525107148
0.1499669080
0.1471071969
0.1460234617
0.1473312247
0.1451641162
0.1418386019
0.1465170740
0.1478907065
0.1489829524
0.1480325359
0.1509408047
0.1555826300
0.1534882133
0.1549083614
0.1510266310
0.1507117496
0.1558308824
0.1574307961
0.1567854491
0.1570706500
0.1609489521
0.1554270245
0.1508899785
0.1496958080
0.1512116471
0.1531956591
0.1542550422
0.1470718230
0.1446326880
0.1402685567
0.1369437915
0.1410620393
0.1386365984
0.1402912522
0.1460222251
0.1475257354
0.1541190424
0.1549638250
0.1605238822
0.1607644203
0.1550418140
0.1546291534
0.1491967132
0.1458636701
0.1490350135
0.1459713603
0.1505244515
0.1468741197
0.1485968846
0.1505645248
0.1488967701
0.1511947013
0.1400367269
0.1443288294
0.1409765336
0.1408147812
0.1391100020
0.1413451999
0.1391113443
0.1402507586
0.1442310155
0.1442015199
0.1370315698
0.1370364517
0.1358028670
0.1352528681
0.1384445421
0.1315315033
0.1304097839
0.1310696015
0.1350204918
0.1302510195
0.1280186021
0.1333282611
0.1301511807
0.1267426356
0.1313082774
0.1321202719
0.1259356295
0.1290863384
0.1275080953
0.1259098595
0.1290394938
0.1353842122
0.1353755730
0.1393560043
0.1395728775
0.1377330073
0.1327582290
0.1329044262
0.1325034268
0.1316517214
0.1339052406
0.1313910737
0.1329781074
0.1332527028
0.1307455792
0.1289595599
0.1350813060
0.1322637499
0.1333842479
0.1344906706
0.1395825777
0.1395927805
0.1391457888
0.1400519169
0.1398917645
0.1418608932
0.1437876964
0.1420365610
0.1377123384
0.1396057457
0.1387404438
0.1372317997
0.1393499494
0.1360039953
0.1368315063
0.1368162721
0.1443464222
0.1463435972
0.1433653901
0.1465067401
0.1459255368
0.1436923225
0.1473162448
0.1486749722
0.1468571921
0.1427345721
0.1406905995
0.1377385928
0.1446884974
0.1437922367
0.1387056779
0.1434159253
0.1448343500
0.1406942091
0.1430920508
0.1429992383
0.1414766921
0.1417217783
0.1389347037
0.1401186974
0.1468717960
0.1481524571
0.1538131867
0.1434051406
0.1499439835
0.1535071041
0.1568963288
0.1543256725
0.1482310255
0.1479981839
0.1479176860
0.1459045014
0.1442292628
0.1443490312
0.1435988039
0.1445258059
0.1540395264
0.1510172710
0.1577203652
0.1617301684
0.1587474296
0.1611672489
0.1564273311
0.1639693682
0.1668702011
0.1640675775
0.1677453274
0.1682573483
0.1544465663
0.1504545933
0.1506983241
0.1485891065
0.1467460193
0.1461048044
0.1475317150
0.1436147299
0.1443215462
0.1417962227
0.1410555553
0.1383355939
0.1384767090
0.1335773416
0.1319204723
0.1301221000
0.1319275227
0.1344479513
0.1296837207
0.1316461722
0.1351748074
0.1331200331
0.1339102082
0.1359002292
0.1426726951
0.1476775666
0.1451957826
0.1466335420
0.1430299405
0.1464439058
0.1496877829
0.1409241966
0.1418764906
0.1393761354
0.1425816395
0.1443025127
0.1425792703
0.1446591759
0.1415336670
0.1416365004
0.1435670412
0.1459166823
0.1459412318
0.1434115808
0.1457727278
0.1498312772
0.1454931349
0.1492064896
0.1506311008
0.1543381224
0.1569338678
0.1620948513
0.1615503510
0.1553549562
0.1572582391
0.1552300276
0.1518962646
0.1494706111
0.1529590620
0.1520147108
0.1468156740
0.1502758101
0.1507713245
0.1458576602
0.1405327995
0.1407500403
0.1452798242
0.1448093852
0.1432622909
0.1402889458
0.1379662795
0.1362184942
0.1335756984
0.1404945625
0.1426094361
0.1446851913
0.1426732722
0.1379588240
0.1397130895
0.1407642314
0.1384907272
0.1427210866
0.1383809398
0.1314131053
0.1329384099
0.1337788427
0.1327795224
0.1395442441
0.1369413872
0.1394835796
0.1481039646
0.1493563355
0.1478146079
0.1470183054
0.1463811536
0.1494696310
0.1427308784
0.1428971394
0.1397111143
0.1399397903
0.1374745669
0.1367103129
0.1379439728
0.1440152345
0.1383492484
0.1372371907
0.1366327292
0.1362202683
0.1378944069
0.1356945535
0.1425996624
0.1465142247
0.1438445723
0.1474876428
0.1508875552
0.1510226793
0.1533421128
0.1467567006
0.1514814867
0.1493825115
0.1433602782
0.1410341507
0.1426340012
0.1435380090
0.1423841433
0.1422596434
0.1401363813
0.1415837478
0.1405437554
0.1395440482
0.1432103532
0.1387610789
0.1438178087
0.1528764483
0.1478458607
0.1452177486
0.1497292759
0.1531245470
0.1496303497
0.1509808720
0.1591469010
0.1563957311
0.1563915079
0.1591537689
0.1649496550
0.1616626597
0.1586498782
0.1585860735
0.1570060828
0.1552860596
0.1550485158
0.1530243797
0.1502020828
0.1534092539
0.1520510688
0.1529725385
0.1576743849
0.1595793532
0.1556439020
0.1541322178
0.1538075468
0.1491396257
0.1470534828
0.1510348451
0.1460056668
0.1528656417
0.1623811287
0.1666143793
0.1615612283
0.1554029048
0.1641622436
0.1619402365
0.1650110494
0.1614010890
0.1633179002
0.1663787770
0.1636747417
0.1605372073
0.1549247983
0.1571488907
0.1557052555
0.1580976121
0.1554537837
0.1553893608
0.1557626172
0.1589764078
0.1541244736
0.1484093541
0.1452353524
0.1482068763
0.1478013511
0.1492069903
0.1470779036
0.1487713607
0.1480623086
0.1447232677
0.1481647885
0.1445031692
0.1546582652
0.1516125342
0.1549948902
0.1548340352
0.1584723696
0.1611695038
0.1601481876
0.1595312788
0.1589818127
0.1569435263
0.1511862257
0.1546300591
0.1515146539
0.1480314516
0.1468183002
0.1457996311
0.1509578614
0.1450442565
0.1443362269
0.1488186352
0.1487336809
0.1454971683
0.1519447662
0.1453035118
0.1508114934
0.1509653792
0.1512623159
0.1533773438
0.1547942971
0.1604939619
0.1576537183
0.1593819196
0.1577909948
0.1632063099
0.1657072430
0.1540677951
0.1511546646
0.1498850008
0.1557743588
0.1522559733
0.1529265422
0.1493576744
0.1491495113
0.1439545717
0.1448431978
0.1483346432
0.1403887498
0.1455007001
0.1437566299
0.1444603946
0.1443057007
0.1415670789
0.1475759418
0.1410502836
0.1463489761
0.1438815510
0.1458297117
0.1457800048
0.1444940799
0.1532461392
0.1567716076
0.1503340294
0.1546667920
0.1547594626
0.1596449375
0.1583888757
0.1575365395
0.1587795503
0.1585860459
0.1566012586
0.1556315224
0.1585880198
0.1577628732
0.1543572614
0.1532352904
0.1559193372
0.1556470745
0.1555010787
0.1581869554
0.1642190439
0.1648732198
0.1562319132
0.1542526790
0.1599325111
0.1514273666
0.1481820411
0.1529789177
0.1597669615
0.1549911356
0.1554652073
0.1540421701
0.1613548248
0.1550398940
0.1520625287
0.1590323049
0.1523244734
0.1544917737
0.1507074852
0.1506071260
0.1440990121
0.1456673290
0.1443794337
0.1432431998
0.1422657342
0.1398580096
0.1426485609
0.1372326553
0.1420701012
0.1425680329
0.1457014553
0.1443131710
0.1440322820
0.1419416274
0.1419203579
0.1475216017
0.1440376515
0.1472873184
0.1443186679
0.1437063258
0.1459482311
0.1472390095
0.1482780687
0.1464262551
0.1577292006
0.1658094854
0.1650258181
0.1659972205
0.1664775596
0.1740402003
0.1745412605
0.1678130451
0.1664208732
0.1638657342
0.1675077539
0.1671404174
0.1711439178
0.1670354449
0.1661272259
0.1641092057
0.1644510724
0.1606898353
0.1609450598
0.1583914867
0.1621999017
0.1556061727
0.1559855488
0.1511533555
0.1544073678
0.1576917284
0.1597659282
0.1514157341
0.1516750824
0.1498907698
0.1506937595
0.1444295536
0.1469899268
0.1460724591
0.1453075486
0.1530936667
0.1547352493
0.1575102357
0.1528178743
0.1509731207
0.1529373687
0.1490425456
0.1534737091
0.1462757711
0.1486836833
0.1493926758
0.1510787289
0.1508859205
0.1473044057
0.1511741220
0.1466955443
0.1430769909
0.1446605457
0.1491278645
0.1460300811
0.1452578734
0.1439093722
0.1424555942
0.1437666682
0.1398374144
0.1403388920
0.1348265110
0.1421890438
0.1357312605
0.1380652119
0.1370266453
0.1395634026
0.1440460825
0.1426131143
0.1450250352
0.1456316150
0.1470253633
0.1445365594
0.1449740472
0.1443048350
0.1444393512
0.1417588582
0.1449651083
0.1441834416
0.1498455718
0.1438086688
0.1450968370
0.1534363520
0.1554573862
0.1600491651
0.1640068185
0.1598333436
0.1600875987
0.1572458929
0.1548596562
0.1526022536
0.1553539295
0.1534739702
0.1540389738
0.1535113060
0.1600905297
0.1581934141
0.1594692619
0.1560204851
0.1593700939
0.1694164866
0.1662050982
0.1689874109
0.1755506936
0.1755959468
0.1765453563
0.1737198250
0.1706481068
0.1699403398
0.1696401952
0.1671667952
0.1600327527
0.1527887316
0.1565269048
0.1485941557
0.1535872942
0.1466209994
0.1479319284
0.1557355997
0.1545253326
0.1535950837
0.1513634111
0.1523109449
0.1499791794
0.1462593453
0.1539263967
0.1486111754
0.1549031798
0.1496075063
0.1484900215
0.1526989145
0.1491377915
0.1478742772
0.1467296922
0.1515390960
0.1506959228
0.1542436921
0.1522789379
0.1561409150
0.1547636458
0.1580354866
0.1569685635
0.1548721557
0.1551633394
0.1535314916
0.1555068268
0.1552925223
0.1550436681
0.1535154505
0.1566240706
0.1559793281
0.1568171596
0.1554686361
0.1550955429
0.1517936697
0.1554159133
0.1518117250
0.1503159841
0.1492206372
0.1546662839
0.1524515220
0.1513368928
0.1539354983
0.1501326435
0.1514329812
0.1563822508
0.1526485416
0.1547314116
0.1500095155
0.1517044856
0.1512420628
0.1485272509
0.1511641873
0.1559350675
0.1565740638
0.1579436034
0.1650159221
0.1591697000
0.1549989076
0.1532658035
0.1543521729
0.1516647289
0.1477955350
0.1450062795
0.1473303317
0.1461316027
0.1459468187
0.1459794960
0.1455749266
0.1484906103
0.1429943599
0.1423441312
0.1442530804
0.1464721988
0.1460476393
0.1541378479
0.1535621242
0.1506437508
0.1450561288
0.1490552712
0.1452123210
0.1426367890
0.1396870452
0.1400706704
0.1312545767
0.1403806401
0.1416846405
0.1457920568
0.1470412407
0.1521465764
0.1563857994
0.1582239741
0.1580717973
0.1619725378
0.1609304645
0.1560834141
0.1616664770
0.1610875234
0.1575172273
0.1540658857
0.1481470953
0.1508406361
0.1477575039
0.1496563101
0.1530508251
0.1495921813
0.1470699707
0.1518028024
0.1543691080
0.1548476196
0.1586909779
0.1540242597
0.1596901178
0.1540533202
0.1557671971
0.1475121745
0.1477504282
0.1477745712
0.1466945050
0.1471748321
0.1452161392
0.1477150822
0.1427453840
0.1423360097
0.1411159001
0.1398672041
0.1449935240
0.1448740473
0.1418763091
0.1415319846
0.1400796557
0.1484104522
0.1449002461
0.1462462368
0.1469366728
0.1459527719
0.1405452323
0.1464776723
0.1469968942
0.1471108832
0.1480617273
0.1459624023
0.1460624546
0.1476297327
0.1488346842
0.1434854634
0.1481893536
0.1493994234
0.1504543436
0.1505255327
0.1538834833
0.1527823291
0.1531419764
0.1559427139
0.1509643899
0.1547512191
0.1532560703
0.1510416394
0.1547394121
0.1520449491
0.1460076208
0.1432189634
0.1433005135
0.1435908996
0.1407838198
0.1445931909
0.1528205694
0.1506532863
0.1492523603
0.1537963286
0.1453516304
0.1475644462
0.1483317510
0.1507325875
0.1517623105
0.1514975341
0.1517038001
0.1523144567
0.1559680734
0.1549080401
0.1578727034
0.1533367509
0.1550411890
0.1476363899
0.1493725700
0.1486514613
0.1553696502
0.1479724558
0.1488447994
0.1432541970
0.1455780072
0.1420928092
0.1391253503
0.1413163381
0.1442701296
0.1418038192
0.1406575419
0.1427409794
0.1412101566
0.1460357257
0.1420114305
0.1473632851
0.1420783333
0.1395735935
0.1383316149
0.1433251724
0.1428037952
0.1429947703
0.1362912722
0.1453985461
0.1473969924
0.1446492680
0.1400254307
0.1382371409
0.1431299949
0.1405656814
0.1509597485
0.1459960572
0.1435943985
0.1442591144
0.1427390956
0.1423470999
0.1352709753
0.1343083872
0.1356230271
0.1338451260
0.1390762683
0.1369534744
0.1373385478
0.1377813996
0.1326486502
0.1358439727
0.1350569098
0.1368092074
0.1378413467
0.1393428287
0.1400163475
0.1350749406
0.1349989713
0.1307096683
0.1347703583
0.1337475210
0.1315363560
0.1296907000
0.1341999445
0.1367342745
0.1362328558
0.1418247306
0.1454550698
0.1478542988
0.1444675619
0.1420154261
0.1504683633
0.1455556533
0.1516577335
0.1470977085
0.1494119577
0.1515551697
0.1535902771
0.1528226566
0.1578013619
0.1541401360
0.1477938107
0.1524859072
0.1532287192
0.1555052710
0.1540892168
0.1582584762
0.1637345759
0.1620179995
0.1778162278
0.1726445939
0.1699644960
0.1705233010
0.1677552844
0.1627966827
0.1594931407
0.1572854001
0.1562118632
0.1552589606
0.1537123620
0.1540496761
0.1558238133
0.1523070991
0.1507037504
0.1545630354
0.1543413298
0.1506567198
0.1527920776
0.1495956741
0.1483427176
0.1426653743
0.1448956444
0.1435468960
0.1383537343
0.1372548201
0.1390910242
0.1440465082
0.1438539714
0.1407822630
0.1407835330
0.1387046894
0.1367310624
0.1368304567
0.1453722153
0.1397127613
0.1442505631
0.1444731576
0.1487158290
0.1497238326
0.1499827045
0.1518570006
0.1438807046
0.1478903690
0.1416998719
0.1434770157
0.1441800935
0.1426303826
0.1450479335
0.1475920063
0.1465221320
0.1418565940
0.1454447627
0.1474529419
0.1508542055
0.1516163406
0.1517130854
0.1541238767
0.1470345693
0.1501143184
0.1512561758
0.1498226596
0.1457547359
0.1458000177
0.1459476865
0.1516654346
0.1493473425
0.1559693652
0.1598550911
0.1555005915
0.1509453134
0.1533149557
0.1458259954
0.1503140190
0.1442344302
0.1523823270
0.1489834625
0.1506784091
0.1437122743
0.1487518892
0.1514237758
0.1578679026
0.1572252366
0.1508129778
0.1518894472
0.1475147805
0.1471637046
0.1486252053
0.1526326953
0.1499166714
0.1515465809
0.1559659816
0.1537793278
0.1542029314
0.1527874963
0.1490866973
0.1511531984
0.1497360209
0.1475735299
0.1530431319
0.1497824200
0.1473277084
0.1464159854
0.1510955445
0.1534626481
0.1544091903
0.1560648887
0.1610258171
0.1590447922
0.1555179652
0.1591243220
0.1574161852
0.1596936094
0.1598368230
0.1495177148
0.1565255638
0.1545026337
0.1573088860
0.1532990505
0.1560831518
0.1514355064
0.1585801735
0.1605038503
0.1667234428
