20.614588
20.567503
20.534098
20.508770
20.477747
20.445040
20.398939
20.354081
20.353191
20.301100
20.283943
20.246897
20.227108
20.197602
20.167576
20.144022
20.121587
20.081697
20.070887
20.047379
20.027482
20.024585
20.006100
19.986594
19.966679
19.966679
19.932919
19.932919
19.931308
19.926199
19.926199
19.911024
19.911024
19.880975
19.880975
19.880975
19.880975
19.880975
19.779671
19.773295
19.773295
19.741370
19.723941
19.705111
19.688541
19.651795
19.621064
19.621064
19.597509
19.597509
19.566446
19.566446
19.555183
19.530750
19.446057
19.446057
19.441952
19.413859
19.413859
19.413859
19.402416
19.402416
19.402416
19.388980
19.362069
19.350069
19.346259
19.346259
19.346259
19.325592
19.317171
19.309285
19.309285
19.309285
19.309285
19.291768
19.291084
19.282459
19.282459
19.268962
19.268962
19.268962
19.264284
19.264284
19.264284
19.264284
19.255210
19.248373
19.247029
19.219392
19.200448
19.200448
19.171214
19.171214
19.171214
19.171214
19.171214
19.160484
19.156601
19.156601
19.147206
19.146648
19.121202
19.121202
19.121202
19.031929
19.031929
19.031929
19.031929
19.024520
19.024520
18.989384
18.965354
18.965354
18.944622
18.944622
18.942914
18.936398
18.936398
18.924232
18.893159
18.882384
18.864439
18.864439
18.864439
18.860168
18.855107
18.855107
18.855107
18.855107
18.855107
18.855107
18.853715
18.843002
18.832641
18.784421
18.784421
18.774583
18.761247
18.761247
18.745518
18.745518
18.735862
18.735862
18.720823
18.719387
18.719387
18.719387
18.719387
18.708423
18.673135
18.671108
18.671108
18.630800
18.630223
18.630223
18.630223
18.591845
18.583969
18.583969
18.583969
18.583969
18.581690
18.581690
18.578788
18.578788
18.578788
18.564998
18.564998
18.560353
18.560353
18.556557
18.541330
18.531845
18.528493
18.528493
18.528493
18.528493
18.528493
18.528493
18.528493
18.528493
18.514642
18.489754
18.463606
18.444169
18.444169
18.433390
18.433390
18.433390
18.431760
18.383998
18.383707
18.378243
18.378243
18.339259
18.300793
18.282195
18.272770
18.261231
18.261231
18.253670
18.214914
18.200681
18.198117
18.196686
18.154247
18.139642
18.116372
18.116372
18.112729
18.096936
18.078970
18.069466
18.069466
18.059909
18.054556
18.045388
18.045388
18.031703
18.031703
17.997154
17.987488
17.987488
17.972881
17.972881
17.972881
17.972881
17.945166
17.945166
17.916546
17.897267
17.897267
17.831621
17.831621
17.823148
17.821791
17.821791
17.821791
17.815005
17.815001
17.805018
17.791547
17.769304
17.769304
17.769304
17.751911
17.745151
17.734188
17.734188
17.723477
17.723477
17.693203
17.671298
17.668280
17.668280
17.648912
17.627700
17.627700
17.621062
17.621062
17.613324
17.613324
17.611745
17.590503
17.590503
17.578951
17.578951
17.569447
17.566653
17.566653
17.563726
17.534386
17.528241
17.522142
17.522142
17.522142
17.522142
17.522142
17.499112
17.495578
17.488967
17.488967
17.488967
17.488967
17.461201
17.459625
17.459625
17.459625
17.458635
17.458635
17.451281
17.451281
17.442241
17.436778
17.436778
17.436778
17.436778
17.436778
17.436778
17.418428
17.418135
17.417466
17.416581
17.416581
17.405207
17.405207
17.405207
17.405207
17.405207
17.405207
17.405207
17.405207
17.405207
17.405207
17.401417
17.395796
17.395796
17.395796
17.392213
17.392213
17.368111
17.363847
17.363847
17.363847
17.360886
17.345036
17.345036
17.345036
17.342102
17.342102
17.340751
17.321518
17.321518
17.314892
17.314892
17.311254
17.311254
17.311254
17.311254
17.306572
17.301880
17.296831
17.296551
17.295355
17.295355
17.295355
17.295355
17.284937
17.284937
17.270922
17.264808
17.223515
17.204601
17.191680
17.191680
17.190038
17.190038
17.190038
17.184064
17.183784
17.183784
17.183784
17.183784
17.183784
17.183784
17.183784
17.172746
17.138255
17.120162
17.115132
17.103921
17.099260
17.099260
17.099260
17.099260
17.095222
17.095222
17.095222
17.095222
17.081429
17.081429
17.081429
17.081429
17.079560
17.067905
17.066188
17.066188
17.066188
17.066188
17.066188
17.066188
17.066188
17.066188
17.064372
17.064372
17.064372
17.064372
17.060362
17.054272
17.054272
17.052099
17.052099
17.052099
17.052099
17.049820
17.049820
17.044996
17.044634
17.034044
17.034044
17.025577
17.025577
17.021138
17.021138
16.990574
16.980799
16.980799
16.980799
16.980799
16.980799
16.980661
16.980661
16.973524
16.948073
16.948073
16.948073
16.935506
16.935500
16.935500
16.935411
16.935411
16.935411
16.924819
16.924819
16.924819
16.924819
16.924819
16.918946
16.918946
16.918946
16.918946
16.918946
16.918946
16.909522
16.908194
16.908194
16.908194
16.908194
16.908194
16.908194
16.905390
16.899794
16.891048
16.878627
16.878627
16.858100
16.858100
16.857968
16.833610
16.833610
16.833610
16.833610
16.833610
16.822779
16.822779
16.822779
16.815142
16.801548
16.801548
16.801548
16.801548
16.801548
16.801292
16.801292
16.791153
16.791153
16.783039
16.783039
16.783039
16.783039
16.783039
16.783039
16.783039
16.782102
16.782102
16.782102
16.782102
16.782102
16.778845
16.778845
16.778514
16.778514
16.777956
16.769264
16.769264
16.769264
16.768311
16.758047
16.754263
16.754263
16.736847
16.732739
16.730791
16.727779
16.727779
16.718684
16.716976
16.716976
16.705362
16.704399
16.694740
16.694740
16.694740
16.694740
16.690179
16.690179
16.673296
16.673296
16.673296
16.673296
16.671618
16.671618
16.668672
16.668672
16.668672
16.668672
16.668672
16.667533
16.667533
16.667533
16.667533
16.667533
16.663651
16.663651
16.663651
16.660790
16.655703
16.655703
16.655703
16.655703
16.655703
16.655703
16.655703
16.655703
16.655703
16.654135
16.647813
16.647813
16.647813
16.647813
16.635899
16.635899
16.635796
16.630125
16.630125
16.630125
16.630125
16.625100
16.625100
16.625100
16.616583
16.616146
16.584530
16.572220
16.570883
16.570883
16.560011
16.560011
16.541789
16.541789
16.521206
16.521206
16.521206
16.521206
16.513249
16.513249
16.511444
16.511444
16.511444
16.507972
16.494222
16.494222
16.494222
16.490177
16.490177
16.490177
16.490177
16.485793
16.481433
16.480913
16.480913
16.476079
16.476079
16.474177
16.474177
16.474177
16.474177
16.474177
16.474177
16.461764
16.459340
16.459340
16.459340
16.459340
16.459340
16.459340
16.451436
16.451436
16.450964
16.450964
16.450964
16.442393
16.442393
16.442393
16.442393
16.442393
16.442393
16.442393
16.442393
16.438956
16.436849
16.433869
16.433869
16.433869
16.433869
16.433869
16.433869
16.433869
16.433869
16.433869
16.433869
16.433869
16.432075
16.430016
16.425050
16.421642
16.421189
16.421189
16.419366
16.377837
16.377837
16.377837
16.369167
16.369167
16.359838
16.352215
16.352215
16.351602
16.351602
16.351602
16.348598
16.329781
16.329758
16.329758
16.317977
16.316116
16.316116
16.313656
16.313656
16.297357
16.297357
16.293804
16.293804
16.283109
16.283109
16.278150
16.278150
16.273828
16.273828
16.273828
16.273828
16.273828
16.273828
16.271685
16.271685
16.271685
16.271685
16.271685
16.271685
16.266062
16.266062
16.266062
16.252568
16.252568
16.252568
16.252568
16.252568
16.245545
16.245545
16.245545
16.245545
16.245545
16.245545
16.242846
16.240158
16.219473
16.219473
16.215339
16.215339
16.215339
16.215339
16.215339
16.210885
16.208399
16.180819
16.180819
16.180819
16.169869
16.169869
16.169869
16.169869
16.166765
16.166765
16.155065
16.155065
16.155065
16.155065
16.150765
16.150765
16.150765
16.150765
16.150765
16.150765
16.150765
16.150506
16.150439
16.147888
16.147888
16.147888
16.134306
16.134306
16.134306
16.134306
16.133426
16.133426
16.133426
16.133426
16.133426
16.125606
16.112082
16.108804
16.100624
16.100624
16.095531
16.094770
16.094770
16.094770
16.094770
16.086304
16.086304
16.086304
16.082108
16.082108
16.082108
16.082108
16.082108
16.082108
16.080852
16.080852
16.061347
16.061347
16.061347
16.049202
16.049202
16.049202
16.049202
16.049202
16.035790
16.035790
16.035790
16.035790
16.026079
16.026079
16.025168
16.025168
16.025168
16.025168
16.025168
16.025168
16.025168
16.025168
16.025168
16.025168
16.025168
15.995757
15.991429
15.969955
15.969955
15.969955
15.964951
15.964951
15.964951
15.964373
15.962435
15.962041
15.948912
15.948912
15.907147
15.907147
15.907147
15.893760
15.893760
15.893760
15.893760
15.884545
15.884545
15.884545
15.884545
15.884545
15.878663
15.828099
15.808406
15.808406
15.808406
15.802853
15.802853
15.794024
15.772910
15.772910
15.755324
15.743037
15.739554
15.735574
15.735574
15.735574
15.735574
15.735574
15.735574
15.734841
15.732643
15.723421
15.723421
15.714897
15.714897
15.714897
15.714897
15.714897
15.714897
15.711967
15.711967
15.711967
15.705556
15.705556
15.693739
15.683980
15.683980
15.683980
15.683980
15.683980
15.683980
15.683980
15.683980
15.683980
15.682945
15.682945
15.674546
15.674546
15.672573
15.672573
15.670720
15.663200
15.663200
15.663076
15.663076
15.653494
15.651672
15.646293
15.624178
15.623472
15.605149
15.605149
15.605149
15.605149
15.605149
15.594710
15.576552
15.576552
15.576552
15.576552
15.576552
15.576552
15.576552
15.576552
15.575841
15.575841
15.575841
15.553490
15.553490
15.553490
15.553490
15.553490
15.553490
15.553490
15.553490
15.547816
15.547816
15.547816
15.547816
15.543228
15.543228
15.537272
15.536029
15.526645
15.526645
15.517755
15.517755
15.517755
15.508231
15.505177
15.505177
15.505177
15.505177
15.505177
15.505177
15.489113
15.489113
15.489113
15.486744
15.486744
15.479964
15.472609
15.468930
15.468930
15.468930
15.468608
15.468608
15.468608
15.466978
15.466978
15.465003
15.455772
15.455772
15.455772
15.455772
15.441988
15.441988
15.441988
15.441988
15.441534
15.441534
15.435822
15.435598
15.435598
15.404236
15.404236
15.398721
15.395258
15.395258
15.395258
15.393014
15.356127
15.332121
15.332121
15.332121
15.332121
15.332121
15.305769
15.287832
15.286158
15.285458
15.285458
15.285458
15.285458
15.285458
15.285458
15.285458
15.281627
15.264121
15.250707
15.243084
15.243084
15.235935
15.235935
15.235935
15.231180
15.231180
15.231180
15.231180
15.231180
15.230049
15.230049
15.213589
15.198217
15.198217
15.198217
15.198217
15.184059
15.184059
15.184059
15.184059
15.177466
15.177466
15.169926
15.169926
15.165971
15.165971
15.150854
15.150854
15.127267
15.110203
15.110203
15.110203
15.089840
15.089840
15.088828
15.085094
15.062587
15.062587
15.062357
15.040866
15.040866
15.034788
15.027234
15.008237
14.995559
14.995275
14.995275
14.995275
14.995275
14.995275
14.995275
14.995275
14.995275
14.973034
14.973034
14.973034
14.973034
14.973034
14.959222
14.959222
14.953601
14.953601
14.949999
14.949999
14.917615
14.915686
14.915686
14.913346
14.913346
14.913346
14.913346
14.905928
14.893540
14.893540
14.867120
14.867120
14.867120
14.867120
14.867120
14.865720
14.865720
14.865720
14.865720
14.865720
14.865720
14.865720
14.865720
14.864245
14.842393
14.837579
14.837579
14.837579
14.834063
14.834063
14.834063
14.834063
14.834063
14.834063
14.834063
14.828023
14.823062
14.810068
14.810068
14.807319
14.807319
14.780390
14.780390
14.780390
14.780390
14.780047
14.766207
14.753231
14.745474
14.745474
14.745474
14.745474
14.742751
14.742751
14.742751
14.742751
14.742751
14.742751
14.740681
14.740681
14.740681
14.719277
14.719277
14.719277
14.713235
14.691274
14.691274
14.691274
14.691274
14.691274
14.684538
14.684538
14.684538
14.643220
14.631470
14.618211
14.604081
14.598927
14.595715
14.595715
14.595715
14.595715
14.574755
14.574755
14.560470
14.551937
14.551937
14.551937
14.539977
14.528613
14.528613
14.504583
14.504583
14.504583
14.504583
14.504583
14.496160
14.496160
14.493447
14.487174
14.487174
14.487174
14.486531
14.483736
14.483736
14.468373
14.467243
14.454235
14.454235
14.449512
14.403188
14.403188
14.403188
14.401162
14.392282
14.386880
14.386880
14.385363
14.381379
14.369407
14.360157
14.360157
14.360157
14.341416
14.335562
14.331963
14.286930
14.286752
14.285498
14.269540
14.248479
14.239361
14.239361
14.232620
14.232620
14.173910
14.173910
14.165887
14.137406
14.134804
14.113416
14.098996
14.098996
14.097030
14.083058
14.068058
14.050862
14.050862
14.048607
14.033712
14.033712
14.033712
14.033712
14.033712
14.029249
14.029249
14.027650
13.991878
13.991398
13.991398
13.991390
13.959360
13.941287
13.941287
13.935909
13.922055
13.862135
13.850760
13.845645
13.835917
13.833240
13.830592
13.825748
13.823310
13.800813
13.764534
13.763897
13.763897
13.755918
13.752294
13.742255
13.742255
13.741052
13.739660
13.739660
13.726993
13.726993
13.705553
13.705553
13.665528
13.661825
13.661825
13.627637
13.627637
13.622752
13.609776
13.609496
13.609496
13.606867
13.591771
13.575185
13.570669
13.566610
13.559782
13.559782
13.551601
13.551601
13.498106
13.477728
13.477728
13.459826
13.459826
13.458211
13.446680
13.446420
13.442122
13.435226
13.390946
13.385564
13.356699
13.356699
13.356699
13.353083
13.333824
13.234214
13.185484
13.164553
13.144892
13.144892
13.144892
13.112134
13.077818
13.077818
13.051617
13.051617
13.035191
13.035191
13.035191
13.031022
13.031022
13.029569
13.029569
13.019451
13.004933
12.990938
12.990938
12.990938
12.990938
12.983097
12.983097
12.961631
12.929019
12.929019
12.929019
12.888927
12.888927
12.884331
12.884331
12.884331
12.871324
12.871324
12.871324
12.868014
12.857461
12.852500
12.852500
12.845973
12.840900
12.821557
12.804285
12.760121
12.760121
12.760121
12.760121
12.760121
12.760121
12.760121
12.757188
12.721712
12.700194
12.700194
12.688779
12.688779
12.688779
12.658662
12.647185
12.647185
12.605293
12.605293
12.605293
12.595301
12.583738
12.580629
12.580629
12.574092
12.558249
12.550925
12.549845
12.533192
12.523835
12.523835
12.500278
12.499317
12.484553
12.442033
12.405977
12.402769
12.377834
12.372593
12.350363
12.333238
12.321679
12.313471
12.311561
12.310502
12.310502
12.289476
12.274313
12.245443
12.224638
12.189218
12.186341
12.186341
12.186341
12.156047
12.147325
12.124226
12.109404
12.098234
12.092989
12.090687
12.076856
12.024488
11.988148
11.977468
11.963900
11.963811
11.960940
11.960940
11.947137
11.940324
11.940324
11.934131
11.930480
11.903007
11.903007
11.894247
11.886413
11.883598
11.871933
11.842925
11.828768
11.828768
11.822931
11.822931
11.822931
11.822931
11.820991
11.819404
11.819404
11.808784
11.772365
11.755418
11.724096
11.721472
11.710787
11.685186
11.670299
11.670299
11.670299
11.662675
11.654395
11.616693
11.612826
11.612826
11.578910
11.578910
11.568548
11.543684
11.543684
11.521127
11.521127
11.473767
11.453453
11.439506
11.420282
11.376820
11.372541
11.372541
11.372541
11.372541
11.299980
11.267136
11.267136
11.267136
11.267136
11.264021
11.264021
11.264021
11.215269
11.193307
11.142647
11.116153
11.114569
11.080293
11.080293
11.075095
11.035070
11.026551
11.026551
11.009751
11.009751
11.009495
11.009495
10.959009
10.931029
10.902512
10.902512
10.899876
10.863268
10.863268
10.863268
10.863268
10.862248
10.809589
10.809589
10.807799
10.781985
10.768199
10.758953
10.758953
10.710260
10.644433
10.635675
10.588845
10.561832
10.561832
10.540604
10.540604
10.533614
10.517318
10.517318
10.517318
10.496739
10.496739
10.460118
10.460118
10.438221
10.438221
10.431088
10.428599
10.428599
10.428599
10.401695
10.401695
10.368140
10.303935
10.298028
10.298028
10.298028
10.287021
10.262183
10.262183
10.227891
10.209431
10.204409
10.202672
10.200266
10.187430
10.171265
10.154423
10.121840
10.120969
10.120969
10.076484
10.067856
10.067856
10.046238
10.034905
10.018553
10.018553
9.994995
9.994995
9.986848
9.986848
9.971346
9.960455
9.933142
9.931621
9.928554
9.928554
9.922295
9.916599
9.901611
9.901611
9.881147
9.880208
9.880208
9.880208
9.880208
9.880208
9.879094
9.874153
9.850470
9.850470
9.829952
9.827381
9.783867
9.764657
9.760072
9.760072
9.749072
9.744835
9.720522
9.720522
9.672144
9.650770
9.632856
9.569253
9.569253
9.569253
9.565576
9.565576
9.565576
9.565435
9.517386
9.505241
9.505241
9.505241
9.497742
9.492614
9.492614
9.492614
9.489704
9.489704
9.489704
9.468443
9.468443
9.468443
9.468443
9.468443
9.468443
9.465260
9.461448
9.460917
9.460917
9.460917
9.451499
9.447388
9.447388
9.447388
9.447388
9.361112
9.361112
9.361112
9.356886
9.280028
9.280028
9.280028
9.207784
9.207784
9.207784
9.207784
9.193668
9.184796
9.183381
9.177571
9.152295
9.138844
9.138844
9.131623
9.118324
9.094561
9.087210
9.048000
9.022386
9.022386
8.985670
8.982083
8.982083
8.982083
8.969947
8.960863
8.960863
8.954755
8.954755
8.954237
8.944756
8.944756
8.944756
8.944756
8.930875
8.909821
8.839394
8.803832
8.803832
8.803326
8.779747
8.773926
8.767764
8.767764
8.716663
8.701462
8.681652
8.681652
8.671283
8.667275
8.641852
8.636756
8.636756
8.636756
8.629979
8.629979
8.629979
8.624403
8.601627
8.599513
8.598479
8.592964
8.553464
8.553464
8.553464
8.551842
8.548192
8.512052
8.512052
8.505583
8.494873
8.494873
8.494873
8.474420
8.473347
8.456375
8.426940
8.426940
8.409562
8.406800
8.386958
8.386760
8.386760
8.333879
8.323161
8.323161
8.323161
8.322864
8.296667
8.296667
8.296667
8.279563
8.269749
8.254880
8.240013
8.240013
8.218651
8.193647
8.193647
8.193647
8.193647
8.191030
8.153249
8.153249
8.153249
8.126224
8.126224
8.088913
8.088913
8.082352
8.082352
8.052574
8.052574
8.052574
8.051136
8.035590
8.029639
8.015090
8.010464
8.010464
8.005960
8.005960
8.005621
8.003454
7.954929
7.908365
7.906375
7.906375
7.906375
7.898981
7.898981
7.896727
7.882441
7.868372
7.868372
7.830676
7.830676
7.811372
7.787092
7.784241
7.784241
7.777937
7.777937
7.777937
7.756767
7.726987
7.726987
7.719859
7.677480
7.677480
7.677480
7.677480
7.677480
7.651247
7.651247
7.644610
7.643409
7.633837
7.633837
7.633837
7.633837
7.633837
7.633837
7.633837
7.633837
7.633837
7.633837
7.620383
7.620383
7.619192
7.598258
7.598258
7.598258
7.596505
7.596505
7.570931
7.547614
7.485066
7.477188
7.477188
7.477188
7.477188
7.465635
7.465635
7.455502
7.455502
7.455502
7.453486
7.453486
7.453486
7.453486
7.453486
7.453486
7.443430
7.429166
7.410821
7.401884
7.399167
7.386644
7.386644
7.340522
7.340522
7.291121
7.291121
7.290616
7.262975
7.259088
7.259088
7.259088
7.229791
7.229791
7.229791
7.226874
7.226874
7.226874
7.226874
7.215000
7.208146
7.208146
7.208146
7.208146
7.195044
7.191405
7.175736
7.172964
7.172964
7.151847
7.149695
7.149695
7.149695
7.149695
7.120308
7.113126
7.096145
7.091905
7.091905
7.089548
7.089548
7.089548
7.089548
7.085680
7.085680
7.085680
7.085680
7.085680
7.085680
7.085680
7.085680
7.074510
7.074417
7.074417
7.071885
7.061993
7.061993
7.056697
7.056697
7.035345
7.035345
7.014881
6.995385
6.977154
6.962058
6.962058
6.962058
6.934298
6.920346
6.919751
6.919751
6.919751
6.919751
6.909078
6.898206
6.898206
6.898206
6.898206
6.898206
6.898206
6.883167
6.883167
6.883167
6.883167
6.862577
6.862577
6.837856
6.837856
6.837856
6.837856
6.837856
6.837856
6.818464
6.769033
6.769033
6.760223
6.747702
6.747702
6.720210
6.720210
6.720210
6.716107
6.665644
6.665644
6.665644
6.665644
6.664413
6.659655
6.659655
6.659655
6.653798
6.644875
6.644875
6.627030
6.627030
6.611888
6.611693
6.611693
6.607477
6.607477
6.607477
6.605699
6.605699
6.605699
6.602552
6.602552
6.574736
6.559021
6.556890
6.556890
6.530696
6.530696
6.530696
6.530696
6.530696
6.530696
6.513173
6.513173
6.513173
6.513173
6.488214
6.488214
6.485358
6.447492
6.447492
6.420701
6.409589
6.409589
6.409589
6.391000
6.375652
6.366717
6.322273
6.295022
6.288215
6.272607
6.272607
6.272607
6.272607
6.272607
6.272607
6.272607
6.272607
6.272607
6.272607
6.265617
6.265617
6.265617
6.265617
6.265617
6.256656
6.256656
6.237381
6.237381
6.220896
6.220896
6.220896
6.191834
6.191834
6.182490
6.182490
6.182490
6.155694
6.155694
6.155694
6.155694
6.143748
6.105327
6.104509
6.104509
6.095814
6.095814
6.095814
6.090413
6.087923
6.085288
6.074369
6.069141
6.069141
6.036102
6.036102
6.036102
6.036102
6.036102
6.036102
6.036102
6.019978
6.019978
6.019978
6.006160
6.002231
6.002231
6.002231
6.002231
6.002231
6.002231
6.001216
5.985557
5.985557
5.985557
5.985557
5.985557
5.985557
5.983323
5.983323
5.980631
5.969603
5.962717
5.962717
5.948576
5.948576
5.948576
5.890217
5.890217
5.887965
5.887965
5.887965
5.887965
5.885002
5.885002
5.885002
5.885002
5.885002
5.885002
5.872700
5.858828
5.858828
5.848870
5.848870
5.848870
5.848870
5.848870
5.845760
5.845760
5.845760
5.845760
5.845760
5.845760
5.845760
5.825323
5.825323
5.814679
5.811282
5.811282
5.811282
5.807349
5.807349
5.807349
5.793333
5.793333
5.788039
5.788039
5.788039
5.788039
5.788039
5.788039
5.788039
5.788039
5.788039
5.786364
5.786364
5.786364
5.782699
5.737243
5.736520
5.736287
5.736287
5.736287
5.736287
5.736287
5.731901
5.731901
5.716282
5.716282
5.716282
5.715225
5.715225
5.689328
5.672980
5.651232
5.651232
5.651232
5.642619
5.592890
5.592890
5.592890
5.592890
5.581216
5.579666
5.579666
5.579666
5.569958
5.569958
5.559130
5.542787
5.542787
5.542787
5.542787
5.542787
5.542787
5.542787
5.533159
5.529567
5.529567
5.529567
5.529567
5.521967
5.521967
5.521967
5.520984
5.520984
5.520984
5.502176
5.488086
5.488086
5.470203
5.470203
5.470203
5.470203
5.470203
5.470203
5.401991
5.387719
5.376683
5.370552
5.370552
5.370304
5.368041
5.346333
5.343328
5.343328
5.338829
5.321488
5.317286
5.317286
5.317286
5.317286
5.317286
5.317286
5.307274
5.298585
5.298585
5.282404
5.282404
5.282404
5.282404
5.276720
5.265118
5.242517
5.242517
5.242517
5.242517
5.242517
5.242517
5.242517
5.242517
5.242517
5.242517
5.242517
5.242119
5.224569
5.224569
5.216464
5.216464
5.185761
5.185761
5.185761
5.185761
5.185761
5.185761
5.173767
5.173767
5.157862
5.122659
5.114256
5.108852
5.108852
5.108852
5.102000
5.102000
5.102000
5.092642
5.092642
5.083275
5.083275
5.083275
5.080794
5.080794
5.080794
5.066499
5.050197
5.050197
5.050197
5.043582
5.033299
5.033299
5.011070
5.011070
5.011070
4.989740
4.984551
4.974036
4.974036
4.964686
4.961143
4.961143
4.961143
4.961143
4.959899
4.946709
4.946709
4.946709
4.946154
4.946154
4.946154
4.921724
4.921724
4.921724
4.921724
4.917338
4.908849
4.908849
4.873666
4.873666
4.873666
4.870744
4.840255
4.840255
4.840255
4.840255
4.840255
4.840255
4.836530
4.836530
4.836530
4.836530
4.836530
4.785654
4.785654
4.785654
4.785654
4.785654
4.785654
4.785654
4.785654
4.785654
4.785654
4.785654
4.785654
4.785654
4.785654
4.784914
4.784914
4.779529
4.779529
4.779529
4.757253
4.752517
4.752517
4.750640
4.750640
4.741406
4.741406
4.741406
4.736125
4.734757
4.734757
4.734757
4.734717
4.734717
4.720554
4.720554
4.698371
4.698371
4.697062
4.697062
4.680546
4.680546
4.680546
4.671884
4.671884
4.671884
4.671884
4.671884
4.671884
4.671884
4.671884
4.671884
4.671884
4.671884
4.670924
4.661967
4.661259
4.633515
4.633515
4.633515
4.633515
4.633515
4.626011
4.626011
4.626011
4.626011
4.624247
4.620089
4.611702
4.611702
4.596946
4.596946
4.596946
4.596946
4.595585
4.595585
4.595585
4.595585
4.595585
4.595585
4.595585
4.595440
4.595440
4.591638
4.591638
4.585501
4.585501
4.585501
4.572208
4.572208
4.572208
4.572208
4.572208
4.572208
4.572208
4.572208
4.572208
4.572208
4.572208
4.572208
4.572208
4.559189
4.559189
4.559189
4.559189
4.559189
4.559189
4.559189
4.558335
4.533511
4.533511
4.528817
4.528817
4.528817
4.528817
4.528638
4.504725
4.504725
4.504725
4.503427
4.495611
4.495611
4.490994
4.482690
4.482690
4.482690
4.482690
4.482690
4.482690
4.482522
4.476452
4.476452
4.467035
4.467035
4.467035
4.467035
4.467035
4.467035
4.467035
4.467035
4.467035
4.467035
4.467035
4.467035
4.467035
4.466067
4.462509
4.461542
4.461542
4.461542
4.461542
4.461542
4.461542
4.461542
4.461542
4.456046
4.456046
4.456046
4.456046
4.456046
4.456046
4.456046
4.456046
4.454861
4.454861
4.454861
4.454861
4.454861
4.410499
4.410499
4.404966
4.396968
4.388520
4.388520
4.388520
4.381205
4.381205
4.381205
4.381205
4.381205
4.363465
4.363465
4.363465
4.363465
4.362936
4.362936
4.362936
4.362936
4.362936
4.355242
4.337812
4.337812
4.337812
4.318843
4.318843
4.315839
4.315839
4.315839
4.315839
4.315839
4.297874
4.297874
4.297874
4.297874
4.297874
4.297590
4.297590
4.280452
4.280452
4.231325
4.231325
4.231325
4.212010
4.212010
4.212010
4.204163
4.196790
4.196790
4.196790
4.196790
4.196790
4.196790
4.196790
4.185148
4.185148
4.185148
4.185148
4.178975
4.178975
4.178975
4.178975
4.178975
4.171261
4.171261
4.171261
4.171261
4.098023
4.095870
4.095870
4.095870
4.094010
4.088383
4.067788
4.047167
4.042309
4.042309
4.042309
4.042309
4.042309
4.042309
4.042309
4.030800
4.030800
4.030800
4.030800
4.030800
4.010554
4.002603
3.999992
3.999992
3.999992
3.999992
3.999873
3.987977
3.961864
3.961864
3.961864
3.961864
3.923024
3.923024
3.923024
3.923024
3.923024
3.923024
3.913311
3.913311
3.913311
3.901902
3.901902
3.901902
3.901444
3.901444
3.901444
3.901444
3.901444
3.873661
3.873661
3.873661
3.873661
3.873661
3.873661
3.873661
3.873661
3.873661
3.873532
3.872643
3.862055
3.862055
3.862055
3.847777
3.846792
3.846792
3.846792
3.846792
3.846792
3.846792
3.846792
3.846792
3.838256
3.838256
3.838256
3.833360
3.828706
3.821176
3.821176
3.821176
3.821176
3.821176
3.821176
3.808422
3.808422
3.808422
3.808422
3.771965
3.766862
3.760754
3.760754
3.760754
3.760754
3.760754
3.760754
3.760754
3.760754
3.760754
3.760754
3.760754
3.760754
3.760754
3.760754
3.760754
3.760754
3.760754
3.758069
3.757010
3.749072
3.749072
3.749072
3.745261
3.741583
3.741583
3.741583
3.741583
3.741583
3.741583
3.741583
3.741583
3.741583
3.741583
3.741583
3.741583
3.741583
3.741583
3.741583
3.724226
3.724226
3.724194
3.717952
3.717952
3.696794
3.696794
3.696794
3.691639
3.691639
3.684262
3.684262
3.679294
3.679294
3.676746
3.676746
3.670933
3.670933
3.670933
3.670933
3.666163
3.664868
3.664868
3.664868
3.644126
3.643483
3.643483
3.624069
3.607642
3.607642
3.607642
3.607642
3.607642
3.607642
3.606937
3.606937
3.600307
3.573908
3.573908
3.571402
3.571402
3.571402
3.571402
3.554462
3.528566
3.521876
3.521876
3.521876
3.511221
3.511221
3.490933
3.490933
3.490933
3.490933
3.490933
3.490933
3.485467
3.485467
3.478929
3.478929
3.478929
3.478929
3.478929
3.470943
3.470943
3.470943
3.470943
3.470943
3.470943
3.470943
3.470943
3.470943
3.470943
3.461668
3.456578
3.433266
3.433266
3.425147
3.420129
3.419658
3.419658
3.417111
3.417111
3.417111
3.368992
3.368992
3.360554
3.360554
3.360554
3.360554
3.360554
3.347525
3.344028
3.341650
3.341650
3.341650
3.341650
3.337101
3.337101
3.328672
3.328672
3.328672
3.316732
3.316732
3.316732
3.316732
3.316732
3.316732
3.316732
3.316732
3.316732
3.316732
3.316732
3.316732
3.316732
3.287849
3.287849
3.274673
3.274673
3.269293
3.269293
3.242587
3.242587
3.242587
3.239170
3.239170
3.239170
3.239170
3.239170
3.222486
3.222486
3.222486
3.222486
3.222486
3.222486
3.222486
3.222486
3.222486
3.222486
3.201984
3.201984
3.201984
3.201984
3.201984
3.200337
3.200337
3.186327
3.186327
3.186327
3.186327
3.186327
3.186327
3.186327
3.186327
3.186327
3.186327
3.186327
3.186327
3.176682
3.176682
3.175992
3.175992
3.175992
3.175992
3.175992
3.175992
3.164852
3.151956
3.146005
3.140349
3.128505
3.128505
3.128505
3.128505
3.128505
3.127905
3.127905
3.127905
3.127905
3.127905
3.127905
3.127905
3.081530
3.081530
3.081530
3.074140
3.074140
3.074140
3.074140
3.074140
3.074140
3.074140
3.073502
3.073502
3.073502
3.073502
2.989063
2.989063
2.989063
2.989063
2.967148
2.967148
2.967148
2.967148
2.967057
2.967057
2.967057
2.967057
2.967057
2.963464
2.956952
2.945860
2.945860
2.944559
2.931039
2.931039
2.931039
2.931039
2.931039
2.931039
2.931039
2.930767
2.930767
2.930767
2.911782
2.911782
2.860637
2.860637
2.860637
2.858552
2.858552
2.852538
2.837230
2.837230
2.837230
2.837230
2.812874
2.812874
2.812874
2.783907
2.783907
2.783907
2.783907
2.783907
2.757306
2.757306
2.757306
2.753949
2.747081
2.739779
2.739779
2.733970
2.731789
2.731789
2.731789
2.731789
2.731789
2.731789
2.731789
2.731789
2.731789
2.731789
2.731789
2.731789
2.731789
2.731789
2.731789
2.731789
2.731789
2.727535
2.721271
2.699163
2.680020
2.680020
2.679244
2.679244
2.676920
2.676920
2.676920
2.676920
2.676920
2.667292
2.667292
2.667292
2.645153
2.633125
2.615907
2.615907
2.615907
2.606425
2.573476
2.573476
2.573476
2.573476
2.567708
2.567708
2.552638
2.534443
2.534443
2.534443
2.534443
2.534443
2.534443
2.522938
2.522938
2.522938
2.479965
2.479965
2.479965
2.464048
2.464048
2.464048
2.464048
2.464048
2.464048
2.460479
2.460479
2.437094
2.435751
2.421455
2.412532
2.412532
2.412532
2.412532
2.411869
2.394553
2.394553
2.394553
2.394553
2.394553
2.394553
2.359851
2.355052
2.355052
2.355052
2.329748
2.329748
2.328302
2.328302
2.325622
2.325085
2.325085
2.325085
2.316816
2.316816
2.316816
2.316816
2.316816
2.316816
2.316816
2.290513
2.284717
2.284717
2.284717
2.282395
2.269311
2.269311
2.269311
2.269311
2.269311
2.269311
2.269311
2.254741
2.253685
2.253685
2.182551
2.182551
2.175748
2.175748
2.175748
2.175748
2.175748
2.175748
2.175748
2.175748
2.175748
2.174382
2.174382
2.149220
2.149220
2.149220
2.144900
2.144900
2.135914
2.122700
2.122700
2.122700
2.122700
2.122700
2.120355
2.120355
2.120355
2.117870
2.117355
2.107059
2.107059
2.095637
2.095637
2.091047
2.087150
2.051828
2.034588
2.034588
2.034588
2.024973
2.024973
2.024973
2.024973
2.024973
2.024973
2.024973
2.024973
2.024973
2.024973
2.024973
2.024973
2.024973
2.024973
2.024973
2.019997
2.019997
2.019997
2.011323
2.011323
1.955734
1.955734
1.955734
1.946215
1.940695
1.940695
1.940695
1.935076
1.935076
1.935076
1.904828
1.904828
1.904828
1.904828
1.887817
1.887817
1.887817
1.887817
1.887817
1.887817
1.887817
1.887817
1.887817
1.887817
1.887817
1.886915
1.879726
1.879726
1.875471
1.875471
1.875471
1.875471
1.875471
1.875471
1.875471
1.836092
1.836092
1.836092
1.836092
1.836092
1.834021
1.834021
1.832365
1.832365
1.832365
1.832365
1.832049
1.788910
1.787429
1.760978
1.742490
1.718761
1.718761
1.718531
1.708196
1.708196
1.683449
1.682521
1.682521
1.682521
1.671974
1.632361
1.632361
1.632361
1.632361
1.632361
1.632361
1.632361
1.632361
1.632361
1.632361
1.632361
1.632361
1.632361
1.632361
1.630576
1.630576
1.619413
1.619413
1.619413
1.619413
1.619413
1.619413
1.619413
1.619413
1.619413
1.564694
1.564694
1.564694
1.564694
1.564694
1.549425
1.549425
1.539675
1.539675
1.533690
1.525629
1.525629
1.520153
1.520153
1.520153
1.497128
1.497128
1.497128
1.451751
1.451751
1.451751
1.451751
1.451751
1.451751
1.451613
1.451613
1.451613
1.451613
1.441615
1.441615
1.440804
1.440804
1.440804
1.421661
1.411593
1.411593
1.411593
1.411593
1.411593
1.411593
1.411593
1.411593
1.393304
1.393304
1.393304
1.388312
1.388312
1.388205
1.388205
1.386821
1.386821
1.386821
1.351213
1.351213
1.351213
1.322721
1.322721
1.322721
1.322721
1.317087
1.300003
1.300003
1.300003
1.300003
1.300003
1.300003
1.251675
1.251675
1.244612
1.240521
1.240521
1.240521
1.240521
1.240521
1.240521
1.240521
1.240521
1.239334
1.239334
1.236896
1.236896
1.236896
1.236896
1.236896
1.236896
1.236896
1.236896
1.236896
1.236233
1.193890
1.191620
1.191620
1.191620
1.191620
1.191620
1.191620
1.191620
1.191620
1.191620
1.191620
1.173386
1.173386
1.173386
1.173386
1.173386
1.173386
1.173352
1.173352
1.173352
1.173352
1.173352
1.173352
1.173352
1.173352
1.173352
1.173352
1.173352
1.173352
1.173352
1.173352
1.171589
1.171589
1.157334
1.138826
1.138826
1.138826
1.138826
1.138826
1.132654
1.132654
1.132654
1.132654
1.128764
1.128764
1.128764
1.128764
1.128764
1.125681
1.125681
1.125681
1.125681
1.092057
1.070992
1.070992
1.070992
1.070992
1.070992
1.070992
1.070992
1.070992
1.070992
1.070992
1.070992
1.070992
1.070992
1.070992
1.070992
1.070992
1.070992
1.070992
1.070992
1.070992
1.070992
1.070992
1.070992
1.070992
1.070992
1.070992
1.070992
1.070992
1.070992
1.070992
1.070992
1.070992
1.065503
1.065503
1.065503
1.065503
1.065503
1.056105
1.056105
1.056105
1.056105
1.056105
1.056105
1.056105
1.056105
1.056105
1.056105
1.056105
1.056105
1.056105
1.056105
1.040138
1.040138
1.035842
1.035842
1.035842
1.035842
1.035842
1.035842
1.035842
1.035842
1.035842
1.035842
1.035842
1.035842
1.035842
1.035842
1.034751
1.034751
1.034751
1.034751
1.034379
1.034379
1.028675
1.028675
1.028675
1.017361
1.017361
1.017361
1.017361
1.011923
1.011923
1.011923
1.011923
1.006024
1.006024
1.006024
1.006024
1.006024
1.006024
0.976943
0.976943
0.976943
0.976943
0.976943
0.976943
0.976943
0.976943
0.976943
0.976943
0.976943
0.976943
0.976943
0.976943
0.976943
0.976943
0.965186
0.965186
0.965186
0.965186
0.965186
0.965186
0.965029
0.965029
0.965029
0.965029
0.965029
0.965029
0.965029
0.965029
0.965029
0.965029
0.965029
0.965029
0.965029
0.965029
0.965029
0.965029
0.963535
0.963535
0.963535
0.963535
0.913612
0.913612
0.913612
0.913612
0.913612
0.913612
0.913333
0.913333
0.913333
0.913333
0.913333
0.913333
0.913333
0.913333
0.913333
0.913333
0.912770
0.899869
0.899869
0.899869
0.899869
0.899869
0.899869
0.899869
0.899869
0.899869
0.899869
0.899869
0.897879
0.895567
0.895567
0.895567
0.895567
0.871987
0.871987
0.871987
0.871987
0.871987
0.871987
0.871987
0.871987
0.870094
0.870094
0.870094
0.870094
0.870094
0.870094
0.870094
0.870094
0.870094
0.870094
0.870094
0.870094
0.856898
0.810950
0.810950
0.810950
0.800912
0.800912
0.800912
0.800912
0.800912
0.800912
0.800912
0.800912
0.800912
0.800912
0.800912
0.800912
0.780428
0.780428
0.778414
0.778414
0.778414
0.778414
0.778414
0.778309
0.778309
0.778309
0.778309
0.778309
0.778309
0.778309
0.778309
0.778309
0.778309
0.778309
0.778309
0.762162
0.762162
0.762162
0.762162
0.762162
0.762162
0.762162
0.762162
0.762162
0.762162
0.762162
0.762162
0.762162
0.762162
0.762162
0.762162
0.762162
0.762162
0.762162
0.762162
0.762162
0.762162
0.762162
0.762162
0.762162
0.762162
0.762162
0.762162
0.762162
0.762162
0.762162
0.762162
0.762162
0.760221
0.760221
0.760221
0.760221
0.760221
0.760221
0.760221
0.760221
0.760221
0.760221
0.760221
0.760221
0.760221
0.759580
0.759580
0.759580
0.759580
0.759580
0.759580
0.759580
0.759580
0.759580
0.759580
0.755711
0.755711
0.755711
0.755711
0.755711
0.755711
0.755711
0.755711
0.755711
0.755711
0.755711
0.755711
0.755711
0.755711
0.755711
0.755711
0.755711
0.752536
0.752536
0.752536
0.752536
0.752536
0.752536
0.752037
0.752037
0.752037
0.751700
0.751700
0.751700
0.751700
0.751700
0.728164
0.728164
0.728164
0.728164
0.728164
0.728164
0.728164
0.728164
0.728164
0.728164
0.728164
0.728164
0.728164
0.728164
0.728164
0.724509
0.717872
0.714064
0.714064
0.714064
0.713462
0.713462
0.713462
0.713462
0.713462
0.713462
0.713462
0.700355
0.700355
0.700355
0.700355
0.680350
0.680350
0.680350
0.680350
0.632789
0.632789
0.632789
0.632789
0.632789
0.632789
0.632789
0.623043
0.623043
0.623043
0.622439
0.622439
0.622439
0.622439
0.622439
0.622439
0.622439
0.622439
0.622439
0.622439
0.622439
0.621557
0.621557
0.621557
0.621557
0.621557
0.621557
0.621557
0.621557
0.621557
0.621557
0.621557
0.621557
0.621557
0.621557
0.621557
0.621557
0.621557
0.621557
0.621557
0.621557
0.621557
0.621557
0.621557
0.621557
0.621557
0.621557
0.621557
0.621557
0.621557
0.621557
0.621557
0.621557
0.621557
0.621557
0.621557
0.621557
0.621557
0.621557
0.621557
0.621557
0.621557
0.621557
0.621557
0.621557
0.621557
0.621557
0.621557
0.621557
0.621557
0.621557
0.621557
0.621557
0.621557
0.621557
0.621557
0.621557
0.614336
0.614336
0.614336
0.614336
0.614336
0.614336
0.614336
0.614329
0.614329
0.614329
0.614329
0.614329
0.614329
0.610649
0.610649
0.610649
0.610649
0.610649
0.610649
0.610649
0.610649
0.610649
0.610649
0.610649
0.610649
0.610649
0.597896
0.597441
0.597441
0.597441
0.597441
0.597441
0.597441
0.597441
0.597441
0.597441
0.597441
0.597441
0.597441
0.597441
0.597441
0.597441
0.597441
0.597441
0.597441
0.541184
0.541184
0.541184
0.541184
0.541184
0.541184
0.541184
0.541184
0.541184
0.541184
0.541184
0.541184
0.541184
0.541184
0.541184
0.541184
0.541184
0.541184
0.541184
0.541184
0.541184
0.541184
0.541184
0.541184
0.541184
0.541184
0.541184
0.541184
0.541184
0.541184
0.541184
0.541184
0.541184
0.541184
0.541184
0.528105
0.528105
0.528105
0.528105
0.528105
0.528105
0.528105
0.528105
0.528105
0.528105
0.528105
0.528105
0.528105
0.528105
0.528105
0.528105
0.528105
0.528105
0.519828
0.519828
0.519828
0.519828
0.519828
0.519828
0.519828
0.519828
0.519828
0.502156
0.502156
0.502156
0.502156
0.502139
0.502139
0.502139
0.502139
0.502139
0.502139
0.502139
0.502139
0.502139
0.502139
0.502139
0.502139
0.498538
0.498538
0.498538
0.498424
0.498424
0.498424
0.498424
0.489230
0.489230
0.489230
0.489230
0.489230
0.489230
0.478657
0.478657
0.478657
0.478657
0.478657
0.478657
0.478657
0.478657
0.478657
0.478657
0.478657
0.478657
0.478657
0.478657
0.478657
0.478657
0.478657
0.478657
0.478657
0.478657
0.478657
0.478236
0.478236
0.478236
0.478236
0.478236
0.478236
0.478236
0.478236
0.478236
0.478236
0.478236
0.478236
0.478236
0.478236
0.478236
0.478236
0.478236
0.474998
0.474998
0.474998
0.474998
0.474998
0.474998
0.474998
0.474998
0.474998
0.474998
0.474998
0.474998
0.474998
0.474998
0.474998
0.474998
0.474998
0.472500
0.472500
0.472500
0.472500
0.472500
0.472500
0.472500
0.472500
0.472500
0.472500
0.472500
0.472500
0.472500
0.472500
0.472500
0.472500
0.472500
0.472500
0.472500
0.472500
0.472500
0.472500
0.472500
0.472500
0.472500
0.472500
0.472500
0.472500
0.470477
0.470477
0.470477
0.469200
0.469134
0.469134
0.469134
0.469134
0.469134
0.469134
0.469134
0.469134
0.469134
0.469134
0.469134
0.469134
0.469134
0.469134
0.469134
0.469134
0.469134
0.469134
0.469134
0.469134
0.469134
0.469134
0.469134
0.469134
0.469134
0.469134
0.469134
0.469134
0.469134
0.469134
0.469134
0.469134
0.469134
0.469134
0.469134
0.469134
0.469134
0.469134
0.468574
0.468574
0.468574
0.468574
0.468574
0.468574
0.468574
0.468574
0.451856
0.451856
0.451856
0.451856
0.451856
0.451856
0.451856
0.451856
0.451856
0.451856
0.451856
0.451856
0.451856
0.451856
0.451856
0.451856
0.451856
0.451856
0.451856
0.451856
0.451856
0.451856
0.451856
0.451856
0.451856
0.451856
0.451856
0.451856
0.451739
0.451739
0.451739
0.451739
0.451739
0.451739
0.451739
0.451739
0.451739
0.451739
0.451689
0.450173
0.450173
0.450173
0.450173
0.450173
0.450173
0.450173
0.450173
0.450173
0.450173
0.443463
0.443460
0.443460
0.443460
0.443460
0.443460
0.443460
0.443460
0.443460
0.443460
0.443460
0.443460
0.443460
0.443460
0.443460
0.443460
0.443460
0.443460
0.443460
0.443460
0.443460
0.443460
0.443460
0.437613
0.437613
0.437613
0.437613
0.437613
0.437613
0.437613
0.437613
0.437613
0.437613
0.437613
0.437613
0.437613
0.437613
0.437613
0.437613
0.437613
0.437613
0.437613
0.437613
0.437613
0.437613
0.437613
0.437613
0.437613
0.437613
0.437613
0.437613
0.437613
0.437613
0.437613
0.437613
0.437613
0.437613
0.437613
0.437613
0.437613
0.437613
0.437613
0.437613
0.437613
0.437613
0.437613
0.437613
0.437613
0.437211
0.437211
0.437211
0.437211
0.437211
0.437211
0.437211
0.437211
0.437211
0.437211
0.437211
0.437211
0.437211
0.437211
0.437211
0.436257
0.436257
0.436257
0.430443
0.430443
0.430443
0.427969
0.427969
0.427969
0.427969
0.427969
0.427969
0.427969
0.427969
0.427969
0.427969
0.427969
0.427969
0.427969
0.427969
0.427969
0.427969
0.427969
0.427969
0.427969
0.427969
0.427969
0.427969
0.427969
0.427969
0.427969
0.427969
0.427969
0.427969
0.427969
0.427969
0.427969
0.427969
0.427969
0.427969
0.427969
0.427969
0.427969
0.427969
0.427969
0.427969
0.427969
0.427969
0.427969
0.427969
0.427969
0.427969
0.427969
0.427969
0.427969
0.427969
0.427969
0.427969
0.427969
0.427969
0.427969
0.427969
0.427969
0.427969
0.427969
0.427969
0.427969
0.427969
0.427969
0.427969
0.425715
0.425715
0.425715
0.425715
0.425715
0.425715
0.425715
0.425715
0.425715
0.425715
0.425715
0.425715
0.425715
0.422501
0.422501
0.422501
0.422501
0.422501
0.422501
0.422501
0.422501
0.422501
0.422501
0.422501
0.422501
0.422501
0.422501
0.422501
0.422501
0.422501
0.422501
0.422501
0.422501
0.422501
0.422501
0.422501
0.422501
0.422501
0.414048
0.414048
0.414048
0.414048
0.414048
0.414048
0.400963
0.400963
0.400963
0.400963
0.400963
0.400963
0.400963
0.400517
0.400517
0.400517
0.400517
0.400517
0.400517
0.400517
0.400517
0.400517
0.400517
0.400517
0.400517
0.400517
0.400517
0.400517
0.400517
0.400517
0.400517
0.400517
0.400517
0.400517
0.400517
0.400517
0.400517
0.400517
0.400517
0.400517
0.398902
0.398902
0.398902
0.398902
0.398902
0.398902
0.398902
0.398902
0.398902
0.398902
0.398902
0.398902
0.398902
0.398902
0.398902
0.398902
0.398902
0.398902
0.398902
0.398782
0.398782
0.398782
0.398782
0.398782
0.398782
0.398782
0.398782
0.398782
0.398782
0.398782
0.398782
0.398782
0.398782
0.398782
0.398782
0.398782
0.382275
0.372361
0.372361
0.372361
0.372361
0.372361
0.372361
0.372361
0.372361
0.372361
0.372361
0.372361
0.372361
0.372361
0.372361
0.372361
0.372361
0.372361
0.372361
0.371067
0.371067
0.371067
0.371067
0.370731
0.370731
0.370731
0.370731
0.370731
0.370731
0.370731
0.370731
0.370731
0.370731
0.370731
0.370731
0.370731
0.370731
0.370731
0.370731
0.370731
0.366740
0.366740
0.366740
0.366740
0.366740
0.366740
0.366740
0.366740
0.366740
0.366740
0.366740
0.366740
0.366740
0.366740
0.366740
0.366740
0.366740
0.366740
0.366740
0.366740
0.366740
0.366740
0.366740
0.366740
0.366740
0.366740
0.366740
0.366740
0.366740
0.366740
0.366740
0.366740
0.366740
0.366733
0.366733
0.366733
0.366733
0.365876
0.365876
0.361052
0.361052
0.361052
0.361052
0.361052
0.361052
0.361052
0.361052
0.361052
0.361052
0.361052
0.361052
0.361052
0.361052
0.361052
0.361052
0.361052
0.361052
0.361052
0.361052
0.359786
0.359786
0.359786
0.359786
0.359786
0.359786
0.359786
0.359786
0.359786
0.359786
0.359786
0.359786
0.359786
0.359786
0.359786
0.359786
0.359786
0.359786
0.359786
0.359786
0.359786
0.359786
0.359786
0.359786
0.359786
0.359786
0.359786
0.359786
0.359786
0.359786
0.359786
0.359786
0.359786
0.359786
0.359786
0.359786
0.359786
0.351577
0.351577
0.351577
0.351577
0.351577
0.351577
0.351577
0.351577
0.347356
0.347356
0.347356
0.347356
0.347356
0.347356
0.347356
0.347356
0.347356
0.347356
0.347356
0.347356
0.347356
0.347356
0.347356
0.342998
0.342998
0.342998
0.342998
0.342998
0.342998
0.342998
0.342998
0.342998
0.342998
0.342998
0.342998
0.342998
0.342998
0.342998
0.342998
0.342998
0.342998
0.342998
0.342998
0.342998
0.342998
0.342998
0.342998
0.342745
0.342745
0.342745
0.342745
0.342745
0.342745
0.342745
0.342745
0.342070
0.342070
0.342070
0.342070
0.342070
0.341772
0.341772
0.341772
0.341772
0.341772
0.341740
0.341740
0.341740
0.341740
0.341740
0.341740
0.341740
0.341740
0.341740
0.341740
0.341740
0.341740
0.341324
0.341324
0.341324
0.341324
0.341324
0.341324
0.341324
0.341324
0.340634
0.340634
0.340634
0.340634
0.340634
0.340634
0.340634
0.340634
0.340634
0.340634
0.340634
0.340634
0.340634
0.340634
0.340634
0.340634
0.340634
0.340634
0.340634
0.340634
0.340634
0.324387
0.321035
0.321035
0.321035
0.321035
0.321035
0.321035
0.321035
0.321035
0.321035
0.321035
0.321035
0.321035
0.321035
0.321035
0.321035
0.321035
0.321035
0.321035
0.321035
0.321035
0.321035
0.321035
0.321035
0.321035
0.321035
0.321035
0.321035
0.321035
0.321035
0.321035
0.321035
0.321035
0.321035
0.321035
0.321035
0.320702
0.320702
0.320702
0.320702
0.320702
0.320702
0.320702
0.320702
0.320702
0.319306
0.319306
0.311920
0.311920
0.311920
0.311920
0.311920
0.311920
0.311920
0.311542
0.305738
0.305738
0.305074
0.305074
0.305074
0.305074
0.305074
0.305074
0.305027
0.305027
0.305027
0.303928
0.303928
0.303928
0.303928
0.303928
0.303928
0.303928
0.303928
0.303928
0.303928
0.303928
0.303928
0.303928
0.303928
0.303928
0.303928
0.303928
0.303928
0.303928
0.303928
0.303928
0.303928
0.303928
0.303928
0.303928
0.303928
0.303928
0.303928
0.301660
0.301660
0.301660
0.301660
0.301660
0.301660
0.301660
0.301660
0.301660
0.301660
0.301660
0.301660
0.301660
0.301660
0.301660
0.301660
0.301660
0.301660
0.301660
0.301660
0.301660
0.301660
0.301660
0.301659
0.301659
0.301659
0.301659
0.301659
0.301659
0.301659
0.301659
0.301659
0.301659
0.301659
0.301659
0.301659
0.301659
0.301659
0.301659
0.301659
0.301659
0.301659
0.301659
0.301659
0.301659
0.301659
0.301659
0.301659
0.301659
0.301659
0.301659
0.301659
0.301659
0.301659
0.301659
0.301659
0.301659
0.301659
0.301659
0.301659
0.301659
0.301659
0.301659
0.301659
0.299570
0.299570
0.299570
0.299570
0.299570
0.299570
0.299570
0.299570
0.299570
0.299570
0.299570
0.299570
0.299570
0.299570
0.299570
0.299570
0.299570
0.299570
0.299515
0.299515
0.299515
0.299515
0.299515
0.299515
0.299515
0.299230
0.299230
0.298845
0.298845
0.298845
0.298845
0.298845
0.298845
0.298845
0.298845
0.298845
0.298845
0.298845
0.298845
0.298845
0.298845
0.298845
0.298845
0.298845
0.298845
0.298116
0.298116
0.298116
0.298116
0.298116
0.298116
0.298116
0.298116
0.298116
0.298116
0.298116
0.298116
0.298116
0.298116
0.298116
0.298116
0.298116
0.298116
0.298116
0.298116
0.298116
0.298116
0.298116
0.298116
0.298116
0.298116
0.298116
0.298116
0.298116
0.298116
0.298116
0.298116
0.298116
0.298116
0.298116
0.298116
0.298116
0.298116
0.298116
0.298116
0.298116
0.298116
0.298116
0.298116
0.298116
0.298116
0.298116
0.298116
0.298116
0.298116
0.298116
0.298116
0.298116
0.297526
0.297526
0.297526
0.297526
0.297526
0.297526
0.297526
0.297526
0.297200
0.297200
0.297200
0.297200
0.297200
0.297200
0.297200
0.297200
0.297200
0.297200
0.297200
0.297200
0.297200
0.297200
0.297200
0.295449
0.295449
0.295449
0.295449
0.295449
0.295449
0.295449
0.271449
0.271449
0.271449
0.271449
0.271449
0.271449
0.271449
0.271449
0.271449
0.271449
0.271449
0.271449
0.271449
0.271449
0.271449
0.271449
0.271449
0.271449
0.271449
0.271449
0.271449
0.271449
0.271449
0.271449
0.271449
0.271449
0.271449
0.271449
0.271449
0.271449
0.271449
0.270963
0.270963
0.270963
0.270963
0.270963
0.270963
0.270963
0.270963
0.270963
0.270963
0.270963
0.270963
0.270963
0.270963
0.270963
0.270963
0.270963
0.270963
0.270963
0.270963
0.270963
0.270963
0.270963
0.270963
0.270963
0.270963
0.270963
0.270963
0.270963
0.270963
0.270963
0.270963
0.270963
0.270963
0.270963
0.270963
0.270963
0.270963
0.270963
0.270963
0.270963
0.265672
0.265672
0.265672
0.263798
0.263798
0.263798
0.263798
0.260125
0.260125
0.260125
0.260125
0.260125
0.259480
0.259480
0.259480
0.259480
0.259480
0.259480
0.259480
0.259480
0.259480
0.259480
0.255346
0.255346
0.255346
0.255346
0.255346
0.255346
0.255346
0.255346
0.255346
0.255346
0.255346
0.255346
0.255346
0.254678
0.254678
0.254678
0.254678
0.254678
0.254618
0.254618
0.254067
0.254067
0.254067
0.254067
0.254067
0.254067
0.254067
0.254067
0.254067
0.254067
0.254067
0.254067
0.254067
0.254067
0.254067
0.254067
0.254067
0.254067
0.254067
0.254067
0.254067
0.254067
0.254067
0.254067
0.254067
0.254067
0.254067
0.254067
0.254067
0.254067
0.254067
0.254067
0.254067
0.254067
0.254067
0.254067
0.254067
0.254067
0.254067
0.254067
0.254067
0.254067
0.254067
0.250127
0.250127
0.250106
0.250106
0.250106
0.250106
0.250106
0.250106
0.250106
0.250106
0.248675
0.248675
0.248675
0.248675
0.248675
0.248675
0.248675
0.248675
0.248675
0.248675
0.248675
0.248675
0.248675
0.248675
0.248675
0.248675
0.248675
0.248675
0.248675
0.248675
0.248675
0.248675
0.248675
0.248675
0.248675
0.248675
0.247713
0.247713
0.247713
0.247713
0.247713
0.247713
0.247713
0.247713
0.247713
0.247713
0.247713
0.247713
0.247713
0.247713
0.247713
