201.777502
189.851593
188.301981
188.301981
177.017191
172.559058
166.459818
162.034991
154.106461
154.106461
154.106461
152.331744
151.203793
147.599448
147.599448
147.599448
145.463071
145.463071
139.289682
135.201622
131.469518
130.775664
128.902133
128.714154
128.714154
125.118098
122.279254
120.623790
117.869728
116.530824
115.152965
114.350943
113.892889
112.907187
112.538730
112.458667
112.334967
111.937057
110.140361
109.809814
109.170171
107.393997
106.994365
106.694543
106.694543
106.694543
105.997412
105.997412
104.735693
101.601857
101.601857
99.886960
98.738940
97.419910
95.803032
95.803032
95.436563
95.436563
95.007901
94.132878
93.429041
89.561009
89.024925
87.618459
86.239795
86.239795
86.239795
86.239795
86.064809
84.282170
82.419780
80.424142
79.595837
77.593137
75.621259
72.954797
72.954797
71.646223
70.596355
69.130224
65.207153
64.600546
64.600546
63.869716
63.055315
62.015663
59.599227
59.599227
59.599227
59.599227
59.587717
58.104589
58.104589
58.104589
57.589145
57.534290
57.534290
57.534290
57.433363
57.433363
55.608367
54.673907
54.673907
54.673907
54.673907
54.447041
54.434977
54.349435
54.349435
54.228001
53.275291
52.326561
51.313861
51.019707
50.856988
50.628694
49.924065
49.924065
49.830449
49.830449
49.830449
49.830449
49.821793
49.821793
49.821793
49.301346
49.214078
47.942981
47.942981
47.622756
47.126646
47.126646
46.843744
46.843744
46.687405
46.687405
46.658207
46.537099
45.359622
45.359622
44.026672
43.531248
43.531248
43.514695
43.292754
43.292754
43.292754
43.281147
43.281147
43.063490
43.063490
43.001899
42.446427
42.446427
42.278769
42.219578
41.765274
41.765274
41.477850
41.477850
41.477850
41.130446
41.130446
41.047260
40.559803
39.842414
39.528711
39.528711
39.527079
38.731918
38.102975
38.102975
37.963742
37.790655
37.790655
37.766195
37.641239
37.612323
37.612323
37.580610
37.381613
37.308572
37.308572
37.308572
36.372078
35.982686
35.478852
35.478852
35.192873
35.185723
34.252289
34.252289
34.118853
33.888071
33.316682
33.158417
33.158417
33.158417
32.953178
32.953178
32.079192
32.014734
31.924053
31.785094
31.229367
30.801520
30.801520
30.297942
30.297942
30.192524
30.049691
30.049691
30.049691
29.424043
29.424043
29.424043
29.387817
29.341267
29.341267
29.015183
28.695990
28.638425
28.638425
28.195533
28.195533
28.195533
28.104810
28.104810
27.751111
27.730902
27.576995
26.882061
26.882061
26.882061
26.882061
26.752580
26.752580
26.752580
26.752580
26.678748
26.678748
26.678748
26.678748
26.572696
26.266930
26.230640
26.226664
25.757107
25.757107
25.757107
25.712062
25.640684
24.816777
24.612487
24.479684
24.350821
24.350821
24.350821
24.350821
24.350821
24.350821
24.350821
24.350821
24.329901
24.329901
24.329901
23.988234
23.898177
23.898177
23.731915
23.543289
23.543289
23.362636
23.362636
23.061178
23.061178
23.061178
23.015612
22.623781
22.623781
22.623781
22.559227
22.517334
22.517334
22.517334
22.517334
22.154767
22.146799
22.146799
22.063634
22.063634
22.063634
21.866576
21.593599
21.192088
21.031993
21.031993
21.018399
20.865277
20.688361
20.327295
20.327295
20.327295
20.327295
19.973172
19.973172
19.973172
19.799850
19.799850
19.799850
19.799850
19.765979
19.765979
19.765979
19.755807
19.723258
19.416978
19.416978
19.416978
19.377808
19.377808
19.377808
19.377808
19.226794
19.179697
19.077504
19.077504
18.815230
18.815230
18.770147
18.770147
18.750991
18.558427
18.558427
18.558427
18.395257
18.256307
18.256307
18.256307
18.256307
18.256307
18.256307
18.251662
18.114601
17.808141
17.389426
16.520994
16.520994
16.271711
16.271711
16.271711
16.056059
16.056059
16.056059
16.056059
16.056059
16.056059
16.043645
16.015846
16.015846
15.839987
15.839987
15.839987
15.839987
15.748813
15.748813
15.748813
15.741409
15.660580
15.660580
15.640133
15.565070
15.565070
15.565070
15.565070
15.565070
15.565070
15.565070
15.565070
15.565070
15.545430
15.545430
15.525241
15.525241
15.525241
15.229009
15.229009
15.227582
15.227582
15.227582
15.227582
15.225684
15.225684
15.016990
15.016990
14.968067
14.968067
14.968067
14.968067
14.968067
14.968067
14.968067
14.806482
14.806482
14.806482
14.806482
14.806482
14.806482
14.695245
14.695245
14.695245
14.680279
14.680279
14.595306
14.595306
14.537980
14.537980
14.481948
14.447396
14.419509
14.381173
14.381173
14.373832
14.373832
14.373832
14.373832
14.373832
14.373832
14.178051
14.178051
14.032011
14.032011
14.032011
14.032011
14.032011
14.032011
14.032011
13.826257
13.826257
13.826257
13.826257
13.826257
13.639443
13.382586
13.382586
13.355283
13.355283
13.221648
13.142534
13.123398
13.123398
13.123398
13.123398
13.123398
13.123398
13.123398
12.998466
12.998466
12.998466
12.925781
12.925781
12.925781
12.925781
12.925781
12.925781
12.924446
12.884809
12.767808
12.767808
12.349899
12.349899
12.315854
12.315854
12.315854
12.315854
12.315854
12.315854
12.315854
12.315854
12.315854
12.199176
12.185596
12.185596
12.185596
12.185596
12.185596
12.185596
12.185596
12.166737
12.166737
12.166737
12.166737
12.155975
12.155975
12.155975
12.155975
12.135840
12.135840
12.135840
12.110330
12.110330
12.110330
12.110330
12.110330
12.110330
12.110330
12.110330
12.110330
12.110330
11.931898
11.880312
11.880312
11.712910
11.712910
11.656842
11.646066
11.646066
11.646066
11.646066
11.646066
11.646066
11.646066
11.646066
11.566651
11.566651
11.566651
11.487721
11.487721
11.487721
11.487721
11.487721
11.487721
11.487721
11.487721
11.487721
11.487721
11.487721
11.487721
11.487721
11.487721
11.487721
11.487721
11.487721
11.487721
11.487721
11.487721
11.415611
11.239799
11.239799
11.149369
11.149369
11.149369
11.149369
11.149369
11.034601
11.034601
11.034601
11.034601
11.034601
11.034601
11.034601
10.926185
10.926185
10.926185
10.926185
10.926185
10.828687
10.828687
10.828687
10.828687
10.828687
10.828687
10.828687
10.828687
10.828687
10.828687
10.828687
10.828687
10.828687
10.828687
10.828687
10.489649
10.489649
10.489649
10.489649
10.489649
10.489649
10.489649
10.489649
10.489649
10.489649
10.489649
10.489649
10.489649
10.489649
10.367688
10.360685
10.221085
10.221085
10.221085
10.221085
10.216219
10.216219
10.216219
10.216219
10.216219
10.216219
10.216219
10.216219
10.216219
10.216219
10.216219
10.216219
10.216219
10.216219
10.216219
10.216219
10.216219
10.216083
10.216083
10.216083
10.216083
10.131581
10.131581
10.131581
10.131581
10.131581
10.131581
10.131581
9.959999
9.896314
9.896314
9.896314
9.896314
9.896314
9.896314
9.896314
9.896314
9.883907
9.883907
9.883907
9.883907
9.883907
9.816119
9.816119
9.816119
9.493416
9.493416
9.493416
9.493416
9.493416
9.493416
9.493416
9.493416
9.493416
9.493416
9.493416
9.493416
9.493416
9.493416
9.493416
9.493416
9.493416
9.493416
9.493416
9.493416
9.493416
9.493416
9.493416
9.493416
9.493416
9.359022
9.359022
9.359022
9.359022
9.359022
9.359022
9.359022
9.359022
9.359022
9.359022
9.359022
9.359022
9.359022
9.351934
9.351934
9.351934
9.351934
9.156619
9.114698
9.114698
9.114698
9.114698
9.114698
9.114698
9.114698
9.050953
9.050953
9.050953
9.050953
9.050953
9.005353
9.005353
9.005353
9.005353
9.005353
9.005353
8.943625
8.943625
8.935101
8.935101
8.915889
8.915889
8.915889
8.817509
8.817509
8.740685
8.740685
8.740685
8.740685
8.740685
8.740685
8.740685
8.740685
8.740685
8.740685
8.740685
8.651276
8.651276
8.651276
8.651276
8.580417
8.580417
8.580417
8.580417
8.333985
8.333985
8.333985
8.333985
8.333985
8.333985
8.333985
8.333985
8.333985
8.333985
8.333985
8.333985
8.333985
8.292006
8.292006
8.292006
8.292006
8.292006
8.292006
8.292006
8.292006
8.292006
8.292006
8.292006
8.174850
8.174850
8.151784
8.151784
8.151784
8.151784
8.151784
8.151784
8.151784
8.130869
8.091914
8.091914
8.091914
8.091914
8.091914
8.091914
8.091914
8.091914
7.928643
7.928643
7.928643
7.928643
7.928643
7.928643
7.928643
7.928643
7.928643
7.850794
7.850794
7.850794
7.850794
7.850794
7.850794
7.850794
7.850794
7.850794
7.850794
7.850794
7.850794
7.850794
7.850794
7.850794
7.850794
7.812684
7.812684
7.812684
7.812684
7.778137
7.778137
7.778137
7.778137
7.778137
7.778137
7.778137
7.778137
7.778137
7.778137
7.778137
7.778137
7.778137
7.778137
7.778137
7.778137
7.778137
7.778137
7.778137
7.778137
7.778137
7.758711
7.758711
7.758711
7.749032
7.749032
7.749032
7.749032
7.749032
7.749032
7.749032
7.749032
7.749032
7.749032
7.749032
7.749032
7.749032
7.669353
7.669353
7.669353
7.669353
7.669353
7.669353
7.669353
7.669353
7.669353
7.669353
7.669353
7.669353
7.669353
7.669353
7.669353
7.669353
7.669353
7.669353
7.669353
7.669353
7.669353
7.521240
7.521240
7.521240
7.521240
7.521240
7.521240
7.472390
7.472390
7.472390
7.472390
7.472390
7.472390
7.472390
7.472390
7.472390
7.472390
7.472390
7.472390
7.459610
7.459610
7.459610
7.459610
7.459610
7.459610
7.450561
7.450561
7.357775
7.246835
7.246835
7.246835
7.246835
7.246835
7.246835
7.210839
7.210839
7.210839
7.210839
7.210839
7.210839
7.210839
7.210839
7.210839
7.210839
7.210839
7.210839
7.210839
7.210839
7.069583
7.069583
7.069583
7.022105
7.022105
7.022105
7.022105
7.022105
7.022105
7.022105
7.022105
7.022105
7.022105
7.022105
7.022105
7.022105
6.834723
6.834723
6.834723
6.834723
6.834723
6.834723
6.834723
6.834723
6.834723
6.834723
6.834723
6.834723
6.834723
6.834723
6.834723
6.834723
6.834723
6.795793
6.795793
6.795793
6.795793
6.717572
6.623179
6.621777
6.621777
6.621777
6.621777
6.621777
6.621777
6.621777
6.621777
6.549751
6.549751
6.549751
6.549751
6.549751
6.549751
6.549751
6.549751
6.549751
6.549751
6.534896
6.534896
6.534896
6.534896
6.534896
6.534896
6.534896
6.534896
6.534896
6.534896
6.534896
6.534896
6.534896
6.534896
6.534896
6.534896
6.534896
6.534896
6.534896
6.470210
6.470210
6.466833
6.466833
6.466833
6.466833
6.466833
6.466833
6.466833
6.466833
6.466833
6.466833
6.466833
6.466833
6.466833
6.466833
6.466833
6.466833
6.454737
6.454737
6.454737
6.445911
6.445911
6.445911
6.445911
6.445911
6.409819
6.409819
6.409819
6.409819
6.409819
6.409819
6.409819
6.409819
6.409819
6.409819
6.409819
6.409819
6.409819
6.409819
6.409819
6.409819
6.409819
6.409819
6.298503
6.298503
6.298503
6.297985
6.297985
6.297985
6.297985
6.297985
6.297985
6.297985
6.297985
6.297985
6.297985
6.297985
6.297985
6.297985
6.297985
6.297985
6.297985
6.297985
6.297985
6.297985
6.297985
6.297985
6.297985
6.297985
6.297985
6.297985
6.297722
6.235622
6.235622
6.227212
6.227212
6.227212
6.227212
6.227212
6.227212
6.227212
6.227212
6.227212
6.227212
6.227212
6.227212
6.227212
6.178917
6.178917
6.178917
6.168043
6.168043
6.168043
6.168043
6.168043
6.168043
6.168043
6.127780
6.127780
6.127780
6.112984
6.112984
6.112984
6.112984
6.112984
6.112984
6.112984
6.112984
6.112984
6.112984
6.112984
6.112984
6.112984
6.112984
6.112984
6.112984
6.090213
6.090213
6.090213
6.090213
6.090213
6.090213
6.090213
6.090213
6.034120
6.034120
6.034120
6.034120
6.034120
6.034120
6.034120
5.995899
5.995899
5.988909
5.988909
5.988909
5.988909
5.926232
5.926232
5.926232
5.926232
5.926232
5.926232
5.769938
5.769938
5.690899
5.690899
5.690899
5.690899
5.690899
5.690899
5.690899
5.690899
5.690899
5.690899
5.690899
5.690899
5.661388
5.661388
5.661388
5.661388
5.661388
5.661388
5.661388
5.661388
5.661388
5.639375
5.639375
5.639375
5.639375
5.639375
5.639375
5.639375
5.639375
5.639375
5.639375
5.639375
5.531049
5.531049
5.531049
5.478027
5.478027
5.478027
5.478027
5.478027
5.478027
5.478027
5.478027
5.478027
5.426715
5.426715
5.426715
5.426715
5.272681
5.272681
5.272681
5.272681
5.272681
5.272681
5.272681
5.272681
5.272681
5.272681
5.272681
5.272681
5.272681
5.272681
5.272681
5.272681
5.272681
5.272681
5.272681
5.272681
5.272681
5.272681
5.272681
5.272681
5.272681
5.272681
5.272681
5.272681
5.272681
5.272681
5.123711
5.123711
5.123711
5.123711
5.123711
5.123711
5.123711
5.123711
5.123711
5.123711
5.123711
5.123711
5.119615
5.119615
5.119615
5.119615
5.119615
5.119615
5.119615
5.119615
5.119615
5.109791
5.109791
5.109791
5.109791
5.106957
5.106957
5.106957
5.106957
5.106957
5.106957
5.106957
5.106957
5.106957
5.106957
5.106957
5.106957
5.106957
5.106957
5.106957
5.103285
5.103285
5.103285
5.015777
4.850995
4.723652
4.723652
4.723652
4.723652
4.723652
4.723652
4.723652
4.723652
4.723652
4.723652
4.723652
4.723652
4.723652
4.723652
4.723652
4.723652
4.703032
4.660422
4.660422
4.660422
4.660422
4.660422
4.660422
4.660422
4.660422
4.660422
4.660422
4.660422
4.660422
4.660422
4.648173
4.609409
4.609409
4.609409
4.609409
4.609409
4.609409
4.609409
4.609409
4.599087
4.553153
4.553153
4.553153
4.553153
4.553153
4.553153
4.553153
4.553153
4.553153
4.553153
4.553153
4.553153
4.553153
4.552632
4.363929
4.363929
4.363929
4.363929
4.363929
4.363929
4.363929
4.363929
4.363929
4.363929
4.363929
4.363929
4.363929
4.363929
4.363929
4.363929
4.363929
4.363929
4.363929
4.363929
4.363929
4.363929
4.363929
4.363929
4.363929
4.363929
4.363929
4.363929
4.363929
4.363929
4.359196
4.359196
4.359196
4.359196
4.359196
4.359196
4.359196
4.359196
4.359196
4.359196
4.359196
4.359196
4.359196
4.359196
4.359196
4.359196
4.359196
4.359196
4.359196
4.359196
4.359196
4.359196
4.359196
4.359196
4.359196
4.359196
4.359196
4.359196
4.359196
4.359196
4.359196
4.288000
4.288000
4.288000
4.288000
4.288000
4.288000
4.288000
4.288000
4.280073
4.280073
4.280073
4.280073
4.280073
4.280073
4.280073
4.280073
4.280073
4.280073
4.280073
4.280073
4.280073
4.280073
4.280073
4.184114
4.130096
4.130096
4.095277
4.079315
4.079315
4.079315
4.079315
4.079315
4.079315
4.079315
4.079315
4.079315
4.079315
4.052037
4.052037
4.052037
4.052037
4.052037
4.052037
4.052037
4.052037
4.052037
4.052037
4.052037
4.044233
4.044233
4.044233
4.044233
4.044233
4.044233
3.916584
3.916584
3.916584
3.916584
3.916584
3.916584
3.916584
3.916584
3.916584
3.916584
3.916081
3.916081
3.916081
3.916081
3.916081
3.916081
3.916055
3.916055
3.916055
3.916055
3.916055
3.916055
3.916055
3.916055
3.916055
3.916055
3.916055
3.916055
3.916055
3.916055
3.916055
3.916055
3.916055
3.916055
3.916055
3.916055
3.916055
3.916055
3.916055
3.916055
3.916055
3.916055
3.699382
3.696883
3.696883
3.696883
3.696883
3.696883
3.695702
3.695702
3.695702
3.695702
3.660837
3.660837
3.660837
3.660837
3.660837
3.660837
3.660837
3.660837
3.660837
3.660837
3.660837
3.660837
3.660837
3.657256
3.657256
3.657256
3.657256
3.657256
3.657256
3.657256
3.657256
3.657256
3.657256
3.657256
3.657256
3.657256
3.657256
3.657256
3.657256
3.657256
3.657256
3.657256
3.657256
3.657256
3.657256
3.657256
3.657256
3.657256
3.657256
3.657256
3.657256
3.657256
3.657256
3.657256
3.657256
3.657256
3.657256
3.657256
3.657256
3.657256
3.657256
3.657256
3.657256
3.633429
3.633429
3.633429
3.633429
3.633429
3.633429
3.633429
3.633429
3.633429
3.633429
3.633429
3.633429
3.633429
3.633429
3.633429
3.633429
3.633429
3.626299
3.626299
3.626299
3.626299
3.626299
3.626299
3.626299
3.626299
3.626299
3.626299
3.626299
3.626299
3.626299
3.626299
3.625502
3.625502
3.625502
3.625502
3.550695
3.550695
3.550695
3.550695
3.550695
3.550695
3.550695
3.544296
3.544296
3.540786
3.540786
3.540786
3.540786
3.540786
3.540786
3.540786
3.540786
3.540786
3.540786
3.540786
3.540786
3.540786
3.538068
3.538068
3.538068
3.538068
3.538068
3.538068
3.538068
3.538068
3.538068
3.538068
3.538068
3.538068
3.538068
3.538068
3.538068
3.538068
3.538068
3.538068
3.538068
3.538068
3.538068
3.538068
3.438646
3.438646
3.438646
3.438646
3.438646
3.438646
3.438646
3.438646
3.438646
3.438646
3.438646
3.438646
3.438646
3.438646
3.438646
3.438646
3.438646
3.438646
3.438646
3.438646
3.438646
3.438646
3.438646
3.438471
3.438471
3.405372
3.405372
3.405372
3.405372
3.405372
3.405372
3.405372
3.405372
3.405372
3.405372
3.405372
3.405372
3.405372
3.405372
3.385629
3.385629
3.385629
3.385629
3.385629
3.385629
3.385629
3.385629
3.385629
3.385629
3.314713
3.314713
3.314713
3.314713
3.314713
3.314713
3.314713
3.314713
3.314713
3.314713
3.314713
3.314713
3.314713
3.312656
3.312656
3.312656
3.312656
3.312656
3.312656
3.312656
3.312656
3.312656
3.311353
3.311353
3.311353
3.311353
3.311353
3.311353
3.311353
3.311353
3.215900
3.215900
3.215900
3.215900
3.215900
3.215900
3.215900
3.215900
3.215900
3.215900
3.215900
3.215900
3.215900
3.215900
3.215900
3.205153
3.205153
3.205153
3.205153
3.205153
3.205153
3.205153
3.205153
3.205153
3.205153
3.205153
3.205153
3.205153
3.205153
3.205153
3.205153
3.205153
3.205153
3.205153
3.205153
3.205153
3.205153
3.205153
3.204864
3.204864
3.204864
3.204864
3.204864
3.020554
3.020554
3.020554
3.020554
3.020554
3.020554
3.020554
3.020554
3.020554
3.020554
3.020554
3.020554
3.020554
3.020554
3.020554
3.020554
3.020554
3.020554
3.020554
3.020554
3.017091
3.017091
3.017091
3.017091
3.017091
3.017091
3.017091
3.017091
3.017091
3.017091
3.017091
3.017091
3.017091
3.017091
3.017091
3.017091
3.017091
3.017091
3.017091
3.017091
3.017091
3.017091
3.014654
3.014654
3.014654
3.014654
3.014654
3.014654
3.014654
3.014654
3.014654
3.014654
3.014654
3.014654
3.014654
3.014654
3.014654
3.014654
3.014654
3.014654
3.014566
3.014566
3.014566
3.014566
3.014566
3.014566
3.014566
3.014566
3.014566
3.014566
3.014566
3.014566
3.014566
3.005555
3.005555
3.005555
3.005555
3.005555
3.005555
3.001187
3.001187
3.001187
3.001187
3.001187
3.001187
3.001187
3.001187
3.001187
3.001187
3.001187
3.001187
3.001187
3.001187
3.001187
3.001187
3.001187
3.001187
3.001187
3.001187
3.001187
3.001187
3.001187
3.001187
3.001187
3.001187
3.001187
3.001187
3.001187
3.001187
3.001187
3.001187
3.001187
3.001187
3.001187
3.001187
3.001187
3.001187
3.001187
3.001187
3.001187
2.991705
2.991705
2.991705
2.991705
2.991705
2.991705
2.991705
2.991705
2.991705
2.991705
2.991705
2.991705
2.991705
2.991705
2.991705
2.991705
2.991705
2.991705
2.991705
2.991705
2.988400
2.988400
2.988400
2.988400
2.988400
2.988400
2.988400
2.977507
2.977507
2.977507
2.977507
2.977507
2.977507
2.977507
2.977507
2.977507
2.977507
2.977507
2.977507
2.977507
2.977507
2.977507
2.977507
2.977507
2.977507
2.977507
2.977507
2.977507
2.977507
2.977507
2.977507
2.977507
2.977507
2.977507
2.977507
2.977507
2.977507
2.977507
2.977507
2.977507
2.977507
2.949131
2.949131
2.949131
2.949131
2.949131
2.949131
2.949131
2.949131
2.949131
2.949131
2.949131
2.949131
2.949131
2.949131
2.949131
2.949131
2.949131
2.949131
2.949131
2.949131
2.949131
2.949131
2.942226
2.942226
2.942226
2.942226
2.942226
2.942226
2.942226
2.942226
2.942226
2.942226
2.942226
2.921308
2.921308
2.913523
2.913523
2.913523
2.913523
2.913523
2.913523
2.913523
2.913523
2.913523
2.913523
2.913523
2.913523
2.913523
2.913523
2.913523
2.913523
2.913523
2.913523
2.913523
2.913523
2.913523
2.913523
2.913523
2.913523
2.913523
2.913523
2.913523
2.913523
2.911896
2.911896
2.911896
2.911896
2.911896
2.911896
2.911896
2.911896
2.911896
2.911896
2.911896
2.911896
2.911896
2.911896
2.911896
2.911896
2.911896
2.911896
2.911896
2.911896
2.911896
2.911896
2.911896
2.911896
2.911896
2.911896
2.911896
2.911896
2.911896
2.911896
2.911896
2.896999
2.813109
2.813109
2.813109
2.813109
2.813109
2.813109
2.813109
2.813109
2.813109
2.813109
2.813109
2.813109
2.813109
2.813109
2.813109
2.813109
2.813109
2.813109
2.813109
2.813109
2.813109
2.813109
2.813109
2.812920
2.812920
2.812920
2.812920
2.812920
2.812920
2.812920
2.812920
2.812920
2.656770
2.639290
2.639290
2.639290
2.639290
2.639290
2.639290
2.602904
2.602904
2.602904
2.591029
2.591029
2.591029
2.496915
2.496915
2.496915
2.496915
2.496915
2.496915
2.491697
2.491697
2.491697
2.491697
2.491697
2.491697
2.491697
2.491697
2.491697
2.491697
2.491697
2.491697
2.491697
2.491697
2.491697
2.491697
2.491697
2.475737
2.475737
2.475737
2.475737
2.475737
2.425173
2.425173
2.425173
2.425173
2.425173
2.425173
2.425173
2.425173
2.425173
2.425173
2.425173
2.425173
2.425173
2.425173
2.425173
2.425173
2.425173
2.425173
2.425173
2.425173
2.425173
2.425173
2.425173
2.425173
2.425173
2.425173
2.425173
2.425173
2.425173
2.425173
2.425173
2.425173
2.425173
2.425173
2.425173
2.425173
2.425173
2.425173
2.425173
2.425173
2.425173
2.425173
2.425173
2.425173
2.425173
2.425173
2.425173
2.425173
2.425173
2.425173
2.425173
2.346832
2.346832
2.346832
2.346832
2.346832
2.346832
2.346832
2.346832
2.346832
2.346832
2.346832
2.346832
2.346832
2.346832
2.346832
2.346832
2.346832
2.346832
2.346832
2.346832
2.346832
2.346832
2.346832
2.346832
2.346832
2.346832
2.346832
2.346832
2.346832
2.346832
2.346832
2.346832
2.346832
2.346832
2.346832
2.346832
2.346832
2.346832
2.346832
2.346832
2.346832
2.346832
2.346832
2.346832
2.346832
2.333475
2.333475
2.333475
2.333475
2.333475
2.333475
2.333475
2.333475
2.333475
2.333475
2.333475
2.333475
2.333475
2.333475
2.333475
2.333475
2.333475
2.333475
2.333475
2.333475
2.333475
2.333475
2.333475
2.333475
2.303535
2.303535
2.303535
2.303535
2.303535
2.303535
2.303535
2.303535
2.303535
2.303535
2.303535
2.303535
2.303535
2.303535
2.303535
2.303535
2.303535
2.303535
2.303535
2.303535
2.303502
2.303502
2.303502
2.303502
2.303502
2.303502
2.303502
2.303502
2.303502
2.303502
2.303502
2.303502
2.303502
2.303502
2.303502
2.303502
2.303502
2.303502
2.303502
2.303502
2.303502
2.303502
2.303502
2.303502
2.303502
2.303502
2.303502
2.303502
2.303502
2.303502
2.303502
2.303502
2.303502
2.291224
2.291224
2.291224
2.291224
2.291224
2.291224
2.291224
2.291224
2.291224
2.291224
2.291224
2.291224
2.291224
2.241006
2.241006
2.241006
2.241006
2.241006
2.241006
2.241006
2.241006
2.241006
2.241006
2.241006
2.241006
2.241006
2.241006
2.241006
2.241006
2.241006
2.241006
2.241006
2.241006
2.241006
2.241006
2.241006
2.241006
2.241006
2.241006
2.241006
2.241006
2.241006
2.241006
2.241006
2.241006
2.241006
2.241006
2.241006
2.241006
2.165813
2.165813
2.165813
2.165813
2.165813
2.165813
2.165813
2.165813
2.165813
2.152495
2.130766
2.130766
2.130766
2.130766
2.130766
2.130766
2.130766
2.130766
2.100168
2.100168
2.100168
2.100168
2.100168
2.100168
2.100168
2.100168
2.100168
2.100168
2.100168
2.100168
2.100168
2.100168
2.100168
2.100168
2.100168
2.100168
2.100168
2.082935
2.082935
2.082935
2.082935
2.082935
2.074842
2.074842
2.074842
2.074842
2.074842
2.074842
2.074842
2.074842
2.074842
2.074842
2.074842
2.074842
2.074842
2.074842
2.074842
2.074842
2.074842
2.074842
2.074842
2.074842
2.074842
2.074842
2.074842
2.074842
2.074842
2.074842
2.074842
2.074842
2.074842
2.074842
2.074842
2.074842
2.074842
2.074842
2.074842
2.074842
2.074842
2.074842
2.074842
2.074842
2.074842
2.074842
2.074842
2.074842
2.074842
2.074842
2.074842
2.074842
2.074842
2.074842
2.074842
2.074842
2.074842
2.074842
2.074842
2.074842
2.074842
2.074842
2.074842
2.074842
2.074842
2.074842
2.074842
2.074842
2.074842
2.074842
2.074842
2.074842
2.074842
2.033739
2.033739
2.033739
2.033739
2.033739
2.033739
2.033739
2.033739
2.033739
2.033739
2.033739
2.033739
2.033739
2.033739
2.033739
2.033739
2.033739
2.033739
2.033739
2.033739
2.033739
2.033739
2.033739
2.033739
2.033739
2.033739
2.033739
2.033739
2.033739
2.033739
2.033739
2.033739
2.033739
2.033739
2.033739
2.033739
1.951147
1.951147
1.951147
1.951147
1.951147
1.951147
1.951147
1.951147
1.951147
1.951147
1.951147
1.951147
1.951147
1.951147
1.951147
1.951147
1.951147
1.951147
1.951147
1.951147
1.951147
1.951147
1.951147
1.951147
1.951147
1.951147
1.951147
1.951147
1.951147
1.951147
1.951147
1.951147
1.951147
1.951147
1.951147
1.951147
1.941353
1.941353
1.941353
1.941353
1.941353
1.941353
1.941353
1.941353
1.941353
1.941353
1.941353
1.941353
1.941353
1.941353
1.941353
1.941353
1.941353
1.941353
1.941353
1.941353
1.941353
1.941353
1.941353
1.941353
1.941353
1.941353
1.941353
1.941353
1.941353
1.941353
1.941353
1.941353
1.941353
1.941353
1.941353
1.941353
1.941353
1.941353
1.941353
1.938132
1.938132
1.938132
1.938132
1.938132
1.938132
1.938132
1.938132
1.938132
1.938132
1.938132
1.938132
1.938132
1.938132
1.938132
1.938132
1.938132
1.938132
1.938132
1.938132
1.938132
1.937642
1.914735
1.889371
1.889371
1.889371
1.889371
1.889371
1.889371
1.889371
1.889371
1.889371
1.889371
1.889371
1.889371
1.889371
1.889371
1.889371
1.889371
1.889371
1.889371
1.889371
1.889371
1.810368
1.791134
1.791134
1.791134
1.791134
1.791134
1.791134
1.791134
1.791134
1.790836
1.790836
1.790836
1.790836
1.790836
1.790836
1.790836
1.781291
1.781291
1.781291
1.781291
1.781291
1.781291
1.781291
1.781291
1.781291
1.781291
1.781291
1.781291
1.781291
1.781291
1.781291
1.781291
1.781291
1.759520
1.759520
1.759520
1.759520
1.759520
1.759520
1.759520
1.759520
1.759520
1.759520
1.759520
1.759520
1.759520
1.751084
1.751084
1.738319
1.738319
1.738319
1.738319
1.738319
1.738319
1.738319
1.738319
1.738319
1.738319
1.738319
1.738319
1.738319
1.738319
1.738319
1.738319
1.738319
1.738319
1.738319
1.738319
1.738319
1.738319
1.738319
1.738319
1.738319
1.738319
1.738319
1.738319
1.738319
1.738319
1.737565
1.737565
1.737565
1.737565
1.737565
1.737565
1.737565
1.737565
1.737565
1.737565
1.737565
1.737565
1.737565
1.737565
1.737565
1.737565
1.737565
1.737565
1.737565
1.737565
1.737565
1.737565
1.737565
1.737565
1.737565
1.737565
1.737565
1.737565
1.737565
1.737565
1.737565
1.737565
1.737565
1.737565
1.737565
1.737565
1.737565
1.737565
1.737565
1.737565
1.737565
1.737565
1.737565
1.737565
1.737565
1.737565
1.737565
1.737565
1.737565
1.737565
1.736307
1.736307
1.736307
1.736307
1.736307
1.736307
1.736307
1.736307
1.736307
1.736307
1.736307
1.736307
1.736307
1.736307
1.736307
1.736307
1.736307
1.736307
1.736307
1.736307
1.736307
1.736307
1.736307
1.736307
1.736307
1.736307
1.736307
1.736307
1.736307
1.736307
1.736307
1.736307
1.736307
1.736307
1.736307
1.736307
1.736307
1.736307
1.736307
1.736307
1.736307
1.736307
1.736307
1.736307
1.736307
1.736307
1.736307
1.735353
1.735353
1.735353
1.735353
1.735353
1.735353
1.735353
1.735353
1.735353
1.735353
1.735353
1.735353
1.696689
1.696689
1.696689
1.696689
1.696689
1.696689
1.696689
1.696689
1.696689
1.696689
1.696689
1.696689
1.696689
1.696689
1.696689
1.696689
1.696689
1.680209
1.680209
1.680209
1.642889
1.642889
1.642889
1.642889
1.642889
1.642889
1.642889
1.642889
1.642889
1.642889
1.642889
1.642889
1.642889
1.633785
1.633785
1.633785
1.633785
1.633785
1.633785
1.633785
1.633785
1.633785
1.633785
1.633785
1.633785
1.633785
1.633785
1.633785
1.633785
1.633785
1.633785
1.633785
1.633785
1.633785
1.633785
1.633785
1.633785
1.633785
1.633785
1.633785
1.633785
1.633785
1.633785
1.633785
1.633785
1.633785
1.633785
1.633785
1.633785
1.633785
1.633785
1.633785
1.633785
1.633785
1.633785
1.633785
1.633785
1.633785
1.633785
1.633785
1.633785
1.626193
1.626193
1.626193
1.626193
1.626193
1.626193
1.626193
1.626193
1.626193
1.626193
1.626193
1.626193
1.626193
1.626193
1.626193
1.626193
1.626193
1.626193
1.626193
1.626193
1.626193
1.626193
1.626193
1.626193
1.626193
1.626193
1.626193
1.626193
1.626193
1.626193
1.626193
1.626193
1.626193
1.626193
1.626193
1.626193
1.626193
1.626193
1.626193
1.626193
1.626193
1.626193
1.626193
1.610544
1.610544
1.610544
1.610544
1.610544
1.610544
1.610544
1.610544
1.610544
1.610544
1.610544
1.610544
1.610544
1.610544
1.590225
1.590214
1.590214
1.590214
1.590214
1.590214
1.590214
1.590214
1.590214
1.590214
1.590214
1.590214
1.590214
1.590214
1.590214
1.590214
1.590214
1.590214
1.590214
1.590214
1.590214
1.590214
1.590214
1.590214
1.590214
1.590214
1.590214
1.590214
1.590214
1.590214
1.590214
1.590214
1.590214
1.590214
1.590214
1.590214
1.590214
1.590214
1.590214
1.590214
1.590214
1.590214
1.590214
1.590214
1.575787
1.575787
1.575787
1.575787
1.575787
1.575787
1.575787
1.575787
1.575787
1.575787
1.575787
1.575787
1.575787
1.575787
1.575787
1.575709
1.575709
1.575709
1.575709
1.575709
1.575709
1.575709
1.575709
1.575709
1.575709
1.575709
1.575709
1.575709
1.575709
1.575672
1.575672
1.575672
1.575672
1.575672
1.575672
1.575672
1.575672
1.575672
1.575672
1.575672
1.575672
1.569302
1.569302
1.569302
1.569302
1.569302
1.569302
1.569302
1.569302
1.569302
1.569302
1.569302
1.568600
1.568600
1.568600
1.568600
1.568600
1.568600
1.568600
1.568600
1.568600
1.568600
1.568600
1.568600
1.568600
1.568600
1.568600
1.568600
1.568600
1.568600
1.568600
1.568600
1.568600
1.568600
1.568600
1.568600
1.568600
1.568600
1.568600
1.568600
1.568600
1.568600
1.568600
1.568600
1.568600
1.568600
1.568600
1.568600
1.568600
1.568600
1.568600
1.568600
1.568600
1.568600
1.568600
1.568600
1.568600
1.568600
1.568600
1.568600
1.568600
1.568600
1.568600
1.568600
1.568600
1.568600
1.568600
1.568600
1.568600
1.568600
1.568600
1.568600
1.568600
1.568600
1.568600
1.568600
1.568600
1.568600
1.568600
1.568600
1.568600
1.568600
1.568600
1.568600
1.568600
1.568600
1.568600
1.568600
1.568600
1.568600
1.568600
1.568600
1.568600
1.568600
1.568600
1.568600
1.568600
1.568600
1.568600
1.568600
1.568600
1.556975
1.556975
1.556975
1.556975
1.556975
1.556975
1.556975
1.556975
1.556975
1.556975
1.556975
1.556975
1.556975
1.556975
1.556975
1.556975
1.556975
1.556975
1.556975
1.556975
1.556975
1.556975
1.556975
1.556975
1.556975
1.556975
1.556975
1.556975
1.556975
1.556975
1.556975
1.556975
1.556975
1.556975
1.556975
1.556975
1.556975
1.556975
1.556975
1.556975
1.556975
1.556975
1.556975
1.556975
1.556975
1.556975
1.556975
1.556975
1.556975
1.556975
1.556975
1.556975
1.545849
1.545849
1.545849
1.545849
1.545849
1.545849
1.536714
1.536714
1.536714
1.536714
1.535406
1.535406
1.535406
1.535406
1.535406
1.535406
1.535406
1.535406
1.535406
1.535406
1.533602
1.533602
1.533602
1.533602
1.533602
1.533602
1.533602
1.533602
1.533602
1.533602
1.533602
1.533602
1.533602
1.533602
1.533602
1.533602
1.531015
1.531015
1.531015
1.531015
1.531015
1.531015
1.531015
1.531015
1.531015
1.531015
1.531015
1.531015
1.531015
1.531015
1.531015
1.531015
1.531015
1.531015
1.531015
1.531015
1.531015
1.531015
1.531015
1.531015
1.531015
1.531015
1.504342
1.504342
1.504342
1.504342
1.504342
1.504342
1.504342
1.504342
1.504342
1.504342
1.504342
1.504342
1.504342
1.504342
1.504342
1.504342
1.504342
1.504342
1.464471
1.464471
1.464471
1.464471
1.464471
1.464471
1.464471
1.464471
1.463265
1.463265
1.463265
1.460917
1.460917
1.460917
1.460917
1.460917
1.460917
1.460917
1.397502
1.397502
1.395003
1.395003
1.395003
1.395003
1.395003
1.395003
1.395003
1.395003
1.393301
1.393301
1.393301
1.393301
1.393301
1.393301
1.393301
1.393301
1.393301
1.393301
1.393301
1.393301
1.393301
1.393301
1.393301
1.393301
1.393301
1.393301
1.393301
1.393301
1.393301
1.393301
1.393301
1.372941
1.372941
1.372941
1.372941
1.372941
1.372941
1.371190
1.371190
1.370159
1.370159
1.370159
1.370159
1.370159
1.370159
1.370159
1.370159
1.370159
1.370159
1.370159
1.370159
1.369760
1.369760
1.369760
1.369760
1.369760
1.369760
1.369760
1.369760
1.369760
1.369760
1.369760
1.369760
1.369760
1.369760
1.369760
1.369760
1.369760
1.369760
1.369760
1.369760
1.369760
1.369760
1.369760
1.369760
1.369760
1.369760
1.369760
1.369760
1.369760
1.369760
1.369760
1.369760
1.369760
1.369760
1.369760
1.369760
1.340652
1.340652
1.333636
1.333636
1.333636
1.333636
1.333636
1.333636
1.333636
1.333636
1.333636
1.333636
1.333636
1.333636
1.333636
1.333636
1.333636
1.333636
1.333636
1.333636
1.319749
1.319749
1.319749
1.319749
1.319749
1.319749
1.319749
1.319749
1.319749
1.266646
1.266646
1.266646
1.266646
1.266646
1.266646
1.266646
1.266646
1.266646
1.266646
1.266646
1.266646
1.266646
1.266646
1.266646
1.266646
1.266646
1.266646
1.266646
1.266646
1.266646
1.266646
1.266646
1.266646
1.266646
1.266646
1.266646
1.266646
1.266646
1.266646
1.266646
1.266646
1.266646
1.266646
1.266646
1.266646
1.266646
1.266646
1.266646
1.266646
1.266646
1.266646
1.266646
1.266646
1.266646
1.266646
1.266646
1.266646
1.266646
1.266646
1.266646
1.266646
1.266646
1.262099
1.262099
1.262099
1.262099
1.262099
1.262099
1.262099
1.262099
1.262099
1.262099
1.262099
1.262099
1.262099
1.262099
1.262099
1.262099
1.262099
1.262099
1.262099
1.262099
1.262099
1.262099
1.262099
1.262099
1.262099
1.262099
1.262099
1.262099
1.262099
1.250053
1.247800
1.247800
1.247800
1.247800
1.247800
1.247800
1.247800
1.247800
1.247800
1.247800
1.247800
1.243433
1.243433
1.243433
1.243433
1.243433
1.243433
1.243433
1.243433
1.243433
1.243433
1.243433
1.243433
1.243433
1.243433
1.243433
1.243433
1.243433
1.243433
1.243433
1.243433
1.243433
1.243433
1.243433
1.243433
1.243433
1.243433
1.243433
1.243433
1.243433
1.243433
1.243433
1.243433
1.243433
1.243433
1.243433
1.243433
1.228920
1.228920
1.228920
1.228920
1.228920
1.228920
1.228920
1.228920
1.228920
1.228920
1.228920
1.228920
1.228920
1.228920
1.228920
1.228920
1.228920
1.228920
1.228920
1.228920
1.228920
1.228920
1.228920
1.228920
1.228920
1.228920
1.228920
1.228920
1.228920
1.228920
1.217263
1.217263
1.217263
1.217263
1.217263
1.217263
1.217263
1.217263
1.217263
1.217263
1.217263
1.217263
1.217263
1.217263
1.217263
1.217263
1.217263
1.217263
1.217263
1.217263
1.217263
1.217263
1.217263
1.217147
1.217147
1.217147
1.217147
1.217147
1.217147
1.217147
1.217147
1.217147
1.217147
1.217147
1.217147
1.217147
1.206595
1.206595
1.206595
1.206595
1.206595
1.206595
1.206595
1.179162
1.179162
1.179162
1.179162
1.179162
1.179162
1.179162
1.179162
1.169104
1.169104
1.169104
1.169104
1.169104
1.169104
1.169104
1.169104
1.156601
1.156601
1.156601
1.156601
1.156601
1.154366
1.154366
1.154366
1.154366
1.154366
1.154366
1.154366
1.154366
1.154366
1.154366
1.154323
1.154323
1.154323
1.154323
1.154323
1.154323
1.154323
1.137908
1.137908
1.137908
1.137908
1.137908
1.137908
1.137908
1.137908
1.137908
1.137908
1.137908
1.137908
1.137908
1.137908
1.137908
1.137908
1.137908
1.137908
1.137908
1.137908
1.137908
1.137908
1.137908
1.137908
1.137908
1.137908
1.137908
1.137908
1.137908
1.137908
1.137908
1.137908
1.137908
1.137908
1.137908
1.137908
1.137908
1.137908
1.137908
1.137908
1.137908
1.137908
1.137908
1.137908
1.137908
1.137908
1.137908
1.137908
1.137908
1.137908
1.137908
1.137908
1.137908
1.137908
1.137908
1.137908
1.137908
1.137908
1.137908
1.137908
1.137908
1.137908
1.137908
1.137908
1.137908
1.137908
1.137908
1.137908
1.137908
1.137908
1.137908
1.137908
1.137908
1.137908
1.137908
1.137908
1.137908
1.137908
1.137908
1.137908
1.137908
1.137908
1.137908
1.137908
1.137908
1.137908
1.137908
1.137908
1.137908
1.137908
1.137908
1.137908
1.137908
1.137908
1.137908
1.137908
1.137908
1.137908
1.137908
1.137908
1.137908
1.137908
1.137908
1.137908
1.137908
1.137908
1.137908
1.137908
1.137908
1.137908
1.137908
1.137908
1.137908
1.137908
1.137908
1.137908
1.137908
1.137908
1.137908
1.137908
1.137908
1.137908
1.137908
1.137908
1.137908
1.137908
1.137908
1.137908
1.137908
1.137908
1.137908
1.137908
1.137908
1.137908
1.137908
1.137908
1.137908
1.135815
1.135815
1.135815
1.135815
1.135815
1.135815
1.135815
1.135815
1.135815
1.135815
1.135815
1.135815
1.135815
1.135815
1.135815
1.135815
1.135815
1.135815
1.135815
1.135815
1.135815
1.135815
1.135815
1.135815
1.135815
1.135815
1.135815
1.135815
1.135815
1.135815
1.135815
1.106389
1.106389
1.106389
1.106389
1.106389
1.106389
1.106389
1.106389
1.106389
1.106389
1.106389
1.106389
1.106389
1.106389
1.106389
1.106389
1.106389
1.106389
1.106389
1.106389
1.106389
1.106389
1.106389
1.106389
1.106389
1.106389
1.106389
1.106389
1.106389
1.106389
1.106389
1.106389
1.106389
1.106389
1.106389
1.106389
1.106389
1.106389
1.106389
1.106389
1.106389
1.106389
1.106389
1.106389
1.106389
1.106389
1.106389
1.106389
1.106389
1.106389
1.106389
1.106389
1.106389
1.106389
1.106389
1.106389
1.106389
1.106389
1.106389
1.106389
1.106389
1.106389
1.106389
1.106389
1.106389
1.106389
1.106389
1.106389
1.106389
1.106389
1.106389
1.106389
1.106389
1.106389
1.106389
1.106389
1.106389
1.106389
1.106389
1.106389
1.106389
1.106389
1.106389
1.106389
1.106389
1.106389
1.106389
1.106389
1.103359
1.103359
1.103359
1.103359
1.103359
1.103359
1.103359
1.103359
1.103359
1.103359
1.103359
1.103359
1.103359
1.103359
1.103359
1.103359
1.103359
1.103359
1.103359
1.103359
1.103359
1.103359
1.103359
1.103359
1.103359
1.103359
1.103359
1.103359
1.103359
1.103359
1.103359
1.103359
1.103359
1.103359
1.103359
1.103359
1.103109
1.103109
1.103109
1.103109
1.103109
1.103109
1.103109
1.103109
1.103109
1.103109
1.103109
1.103109
1.103109
1.103109
1.103109
1.103109
1.103109
1.103109
1.103109
1.103109
1.103109
1.103109
1.103109
1.103109
1.103109
1.103109
1.103109
1.103109
1.103109
1.103109
1.103109
1.103109
1.103109
1.103109
1.103109
1.103109
1.103109
1.103109
1.103109
1.103109
1.103109
1.103109
1.103109
1.103109
1.103109
1.103109
1.103109
1.103109
1.103109
1.103109
1.103109
1.103109
1.103109
1.103109
1.103109
1.103109
1.103109
1.103109
1.103109
1.103109
1.103109
1.103109
1.103109
1.103109
1.103109
1.103109
1.103109
1.103109
1.103109
1.103109
1.103109
1.103109
1.103109
1.103109
1.103109
1.103109
1.103109
1.103109
1.103109
1.103109
1.103109
1.103109
1.103109
1.103109
1.103109
1.103109
1.103109
1.103109
1.103109
1.103109
1.103109
1.103109
1.103109
1.103109
1.103109
1.103109
1.103109
1.103109
1.103109
1.103109
1.103109
1.103109
1.103109
1.103109
1.103109
1.103109
1.091495
1.091495
1.091495
1.091495
1.091495
1.091495
1.091495
1.091495
1.091495
1.091495
1.091495
1.091495
1.091495
1.091495
1.091495
1.091495
1.091495
1.091495
1.091495
1.091495
1.091495
1.091495
1.091495
1.091495
1.091495
1.091495
1.091495
1.091495
1.091495
1.091495
1.091495
1.091495
1.091495
1.091495
1.091495
1.091495
1.091495
1.091495
1.091495
1.091495
1.091495
1.091495
1.091495
1.091495
1.091495
1.091495
1.091495
1.091495
1.091495
1.091495
1.091495
1.091495
1.091495
1.091495
1.091495
1.091495
1.091495
1.091495
1.091495
1.091495
1.091495
1.091495
1.091495
1.091495
1.091495
1.091495
1.091495
1.091495
1.091495
1.091495
1.091495
1.091495
1.091495
1.091495
1.091495
1.091495
1.091495
1.091495
1.091495
1.091495
1.091495
1.091495
1.091495
1.091495
1.091495
1.091495
1.091495
1.091495
1.091495
1.091495
1.091495
1.088881
1.088881
1.088881
1.088881
1.088881
1.088881
1.088881
1.088881
1.088881
1.088881
1.088881
1.088881
1.088881
1.088881
1.088881
1.088881
1.088881
1.088881
1.088881
1.088881
1.088881
1.088881
1.088881
1.088881
1.088881
1.088881
1.088881
1.088881
1.088881
1.088881
1.088881
1.088881
1.088881
1.088881
1.088881
1.088881
1.088881
1.088881
1.088881
1.088881
1.088881
1.088881
1.088881
1.088881
1.088881
1.088881
1.088881
1.088881
1.088881
1.088881
1.088881
1.088881
1.088881
1.088881
1.088881
1.088881
1.088881
1.088881
1.088881
1.088881
1.088881
1.088808
1.088808
1.088808
1.088808
1.088808
1.088808
1.088808
1.088808
1.088808
1.088808
1.088808
1.088808
1.088808
1.088808
1.088808
1.088808
1.088808
1.088808
1.088808
1.088808
1.088808
1.088808
1.088808
1.088808
1.088808
1.088808
1.088808
1.088808
1.088808
1.088808
1.088808
1.088808
1.088808
1.088808
1.088808
1.088808
1.088808
1.088808
1.088808
1.088808
1.088808
1.088808
1.088808
1.088808
1.088808
1.088808
1.088808
1.088808
1.088808
1.088808
1.088661
1.088661
1.088661
1.088661
1.088661
1.088661
1.088661
1.088661
1.088661
1.088661
1.088661
1.088661
1.088661
1.088661
1.088661
1.088661
1.088661
1.088661
1.088661
1.088661
1.088661
1.088661
1.088661
1.088661
1.088661
1.088661
1.088661
1.088661
1.088661
1.088661
1.088661
1.088661
1.088661
1.088661
1.088661
1.088661
1.088661
1.088661
1.088661
1.088661
1.088661
1.088661
1.088661
1.088661
1.088661
1.088661
1.088661
1.088661
1.088661
1.088661
1.088661
1.088661
1.088661
1.088661
1.088661
1.088661
1.067764
1.067764
1.067764
1.067764
1.067764
1.067764
1.067764
1.067764
1.067764
1.067764
1.067764
1.067764
1.067764
1.067764
1.067764
1.067764
1.067764
1.067764
1.067764
1.067764
1.067764
1.067764
1.067740
1.067740
1.067740
1.067740
1.067740
1.067740
1.067740
1.067740
1.067740
1.067740
1.067740
1.067740
1.067740
1.067740
1.067740
1.067740
1.067740
1.067740
1.067740
1.067740
1.067740
1.067740
1.067740
1.067740
1.067740
1.067740
1.067740
1.067740
1.067740
1.067740
1.067740
1.067740
1.067740
1.067740
1.067740
1.067740
1.067740
1.067740
1.067740
1.067151
1.067151
1.067151
1.067151
1.067151
1.067151
1.067151
1.067151
1.067151
1.067151
1.067151
1.067151
1.067151
1.067151
1.067151
1.067151
1.067151
1.067151
1.067151
1.067151
1.067151
1.067151
1.067151
1.067151
1.067151
1.067151
1.067151
1.067151
1.067151
1.067151
1.067151
1.067151
1.067151
1.067151
1.067151
1.067151
1.067151
1.067151
1.067151
1.067151
1.067151
1.067151
1.067151
1.067151
1.067151
1.067151
1.067151
1.067151
1.067151
1.067151
1.067151
1.067151
1.067151
1.067151
1.067151
1.067151
1.067151
1.067151
1.067151
1.067151
1.067151
1.067151
1.067151
1.050471
1.050471
1.050471
1.046646
1.046646
1.046646
1.046646
1.046646
1.046646
1.046646
1.046646
1.046646
1.046646
1.046646
1.046646
1.046646
1.046646
1.033823
1.033823
1.033823
1.033823
1.033823
1.033823
1.033823
1.033823
1.033823
1.033823
1.033823
1.033823
1.033823
1.033823
1.033737
1.033737
1.033737
1.033737
1.033737
1.033737
1.033737
1.030401
1.030401
1.030401
1.030401
1.030401
1.030401
1.030401
1.030401
1.030401
1.030401
1.030401
1.030401
1.030401
1.030401
1.030401
1.030401
1.030401
1.030401
1.030401
1.030401
1.030401
1.030401
1.030401
1.030401
1.030401
1.030401
1.030401
1.030401
1.030401
1.030401
1.030401
1.030401
1.030401
1.030401
1.030401
1.030401
1.030401
1.030401
1.030401
1.030401
1.030401
1.030401
1.030401
1.030401
1.030401
1.030401
1.030401
1.030401
1.030401
1.030401
1.030401
1.030401
1.030401
1.030401
1.030401
1.030401
1.030401
1.030401
1.030401
1.030401
1.030401
1.030401
1.030401
1.030401
1.030401
1.030401
1.030401
1.030401
1.030401
1.030401
1.030401
1.030401
1.030401
1.030401
1.030401
1.030401
1.030401
1.030219
1.017415
1.017415
1.017415
1.017415
1.017415
1.017415
1.017415
1.017415
1.017415
1.017415
1.017415
1.017415
1.017415
1.017415
1.017415
1.017415
1.017415
1.017415
1.017415
1.017415
1.017415
1.017415
1.017415
1.017415
1.017415
1.006895
1.006895
1.006895
1.006895
0.984386
0.984386
0.984386
0.984386
0.984386
0.984386
0.984386
0.984386
0.984386
0.973945
0.973945
0.973945
0.973945
0.973945
0.973945
0.973945
0.973945
0.973945
0.973945
0.973945
0.973945
0.973945
0.973945
0.973945
0.973945
0.973945
0.973945
0.973945
0.973945
0.973945
0.973945
0.973945
0.973945
0.973945
0.973945
0.973945
0.952566
0.952566
0.952566
0.952566
0.952566
0.952566
0.952566
0.952566
0.952566
0.952566
0.952566
0.952566
0.952566
0.952566
0.952566
0.952566
0.952566
0.952566
0.952566
0.952566
0.952566
0.952566
0.952566
0.952566
0.952566
0.952566
0.952566
0.952566
0.952566
0.952566
0.952566
0.952566
0.952566
0.952566
0.952566
0.952566
0.952566
0.952566
0.952566
0.950841
0.950841
0.950841
0.950841
0.950841
0.950841
0.950841
0.950841
0.950841
0.950841
0.950841
0.950841
0.950841
0.950841
0.950841
0.950841
0.921689
0.921689
0.921689
0.921689
0.921689
0.921689
0.921689
0.921689
0.921689
0.921689
0.921689
0.921689
0.921689
0.921689
0.921689
0.920840
0.920840
0.920840
0.920840
0.920840
0.920840
0.920840
0.920840
0.920840
0.920840
0.920840
0.920840
0.920567
0.920567
0.920567
0.920567
0.920567
0.920567
0.920567
0.920567
0.915791
0.915791
0.915791
0.915791
0.915791
0.915791
0.915791
0.915791
0.915791
0.915791
0.915791
0.915791
0.915791
0.915791
0.915791
0.915791
0.915791
0.915791
0.915791
0.915791
0.915791
0.915791
0.915791
0.915791
0.915791
0.904275
0.904275
0.904275
0.904275
0.904275
0.904275
0.904275
0.904275
0.833138
0.833138
0.833138
0.833138
0.833138
0.833138
0.833138
0.832414
0.832414
0.832414
0.832414
0.832414
0.832414
0.832414
0.832414
0.832414
0.832414
0.832414
0.832414
0.832414
0.832414
0.828899
0.828899
0.828899
0.828899
0.828899
0.828899
0.828899
0.828899
0.828899
0.828899
0.828899
0.828899
0.828899
0.828899
0.780211
0.780211
0.780211
0.780211
0.780211
0.780211
0.780211
0.780211
0.780211
0.777545
0.777545
0.777545
0.777545
0.777545
0.777545
0.777545
0.777545
0.777545
0.777545
0.777545
0.777545
0.777545
0.777545
0.777545
0.777545
0.777545
0.777545
0.777545
0.777545
0.777545
0.777545
0.777545
0.777545
0.777545
0.777545
0.777545
0.777545
0.777545
0.777545
0.777545
0.777545
0.777545
0.777545
0.777545
0.777545
0.777545
0.777545
0.777545
0.777545
0.777545
0.777545
0.777545
0.777545
0.777545
0.776342
0.776342
0.776342
0.776342
0.776342
0.776342
0.776342
0.776342
0.776342
0.776342
0.776342
0.776342
0.776342
0.776342
0.776342
0.776217
0.776217
0.776217
0.776217
0.776217
0.776217
0.776217
0.776217
0.776217
0.776217
0.776217
0.776217
0.776217
0.776217
0.776217
0.776217
0.776217
0.776217
0.776217
0.776217
0.776217
0.776217
0.776217
0.776217
0.776217
0.776217
0.776217
0.776217
0.776217
0.776217
0.776217
0.776217
0.776217
0.771076
0.771076
0.771076
0.771076
0.771076
0.771076
0.771076
0.771076
0.771076
0.771076
0.771076
0.771076
0.771076
0.771076
0.771076
0.771076
0.771076
0.771076
0.771076
0.771076
0.771076
0.771076
0.771076
0.766656
0.766656
0.766656
0.766656
0.766656
0.766656
0.766656
0.717649
0.717649
0.717649
0.717649
0.717649
0.717649
0.717649
0.717649
0.717649
0.717649
0.717649
0.717649
0.717649
0.717649
0.717649
0.717649
0.717649
0.717649
0.717649
0.717649
0.717649
0.717649
0.717649
0.717649
0.717649
0.717649
0.717649
0.717649
0.717649
0.717649
0.717649
0.717649
0.717649
0.717649
0.717649
0.717649
0.717649
0.717649
0.717649
0.717649
0.717649
0.717649
0.717649
0.717649
0.717649
0.717649
0.717649
0.717649
0.717649
0.717477
0.717477
0.717477
0.717477
0.717477
0.717477
0.717477
0.717477
0.717477
0.717477
0.717477
0.717477
0.717477
0.717477
0.717477
0.717477
0.717477
0.717477
0.658106
0.658106
0.658106
0.658106
0.658106
0.658106
0.658106
0.658106
0.658106
0.658106
0.658106
0.658106
0.658106
0.658106
0.658106
0.658106
0.658106
0.658106
0.658106
0.658106
0.658106
0.658106
0.658106
0.658106
0.658106
0.658106
0.658106
0.658106
0.658106
0.658106
0.658106
0.658106
0.658106
0.658106
0.658106
0.658106
0.658106
0.658106
0.658106
0.658106
0.658106
0.658106
0.658106
0.658106
0.658106
0.658106
0.658106
0.658106
0.658106
0.658106
0.658106
0.658106
0.658106
0.658106
0.658106
0.658106
0.658106
0.658106
0.658106
0.658106
0.658106
0.658106
0.658106
0.658106
0.658106
0.658106
0.646920
0.646920
0.646920
0.646920
0.646920
0.646920
0.646920
0.646920
0.646920
0.646920
0.646920
0.646920
0.646920
0.646920
0.646920
0.646920
0.646920
0.646920
0.646920
0.646920
0.646920
0.646920
0.646920
0.646920
0.646920
0.646920
0.646920
0.646920
0.646920
0.646920
