2256.538867
2099.586719
2053.695679
1969.001147
1969.001147
1906.063696
1906.063696
1868.857886
1850.651196
1850.651196
1742.209692
1742.209692
1742.209692
1742.209692
1742.209692
1725.369165
1725.369165
1725.369165
1637.347437
1637.347437
1637.347437
1637.347437
1637.347437
1637.347437
1601.435278
1601.435278
1601.435278
1601.435278
1503.983228
1503.983228
1503.983228
1432.254761
1432.254761
1432.254761
1393.686230
1393.686230
1368.498975
1368.498975
1368.498975
1346.417505
1346.417505
1346.417505
1346.417505
1346.417505
1346.417505
1314.385767
1294.348584
1294.348584
1294.348584
1294.348584
1248.452075
1223.044946
1223.044946
1223.044946
1210.894849
1210.894849
1190.479602
1190.479602
1190.479602
1190.479602
1190.479602
1190.479602
1190.479602
1185.992322
1185.992322
1185.992322
1185.992322
1185.992322
1185.992322
1185.992322
1185.992322
1185.992322
1185.992322
1185.992322
1185.992322
1185.992322
1185.992322
1185.992322
1133.821472
1133.821472
1111.133044
1051.270605
1051.270605
1051.270605
1051.270605
1023.847241
1023.847241
1023.847241
1017.741650
1017.741650
1010.757556
1010.757556
1010.757556
1010.757556
1010.757556
993.019458
993.019458
993.019458
955.884753
955.178467
917.633191
917.633191
917.633191
917.633191
917.633191
917.633191
897.541736
897.541736
897.541736
873.149902
873.149902
873.149902
873.149902
873.149902
873.149902
873.149902
873.149902
873.149902
873.149902
844.329419
844.329419
844.329419
823.781189
823.781189
823.781189
823.781189
823.781189
823.781189
823.781189
822.331775
822.331775
822.331775
821.394470
821.394470
821.394470
821.394470
821.394470
815.186707
815.186707
800.869775
800.869775
800.869775
800.869775
800.869775
800.592163
800.592163
786.159314
779.606116
778.891443
778.891443
778.891443
751.933411
731.314917
731.314917
715.583569
715.583569
695.476331
695.476331
695.476331
695.476331
695.476331
695.476331
695.476331
695.399438
695.399438
683.306519
683.306519
683.306519
683.306519
683.306519
681.300549
681.300549
681.300549
681.300549
681.145978
669.519067
666.657825
658.743359
651.072278
651.072278
651.072278
642.593304
637.054651
637.054651
631.544885
617.489386
617.489386
617.489386
617.489386
610.535089
603.053522
601.128888
599.899347
594.636102
594.001630
583.234723
583.234723
578.706317
566.344836
566.344836
566.344836
566.344836
566.344836
566.344836
566.344836
566.344836
566.344836
559.437189
559.338409
558.983112
558.983112
556.038092
556.038092
556.038092
549.828345
549.828345
547.786768
547.413501
547.413501
545.760748
545.760748
545.760748
537.127832
537.101160
537.101160
537.101160
528.744836
528.744836
526.463904
523.892664
514.846301
504.454767
504.454767
494.220135
494.220135
494.220135
494.220135
472.766351
470.012451
464.797778
464.797778
464.797778
464.797778
464.797778
462.573511
453.198895
453.198895
453.198895
453.198895
452.072601
452.072601
452.072601
448.243414
447.110071
447.110071
447.110071
441.382581
432.918799
431.120215
431.120215
431.120215
431.120215
431.120215
429.482568
425.424451
425.424451
415.886096
415.886096
415.886096
415.886096
415.886096
415.886096
415.548975
411.964105
406.723456
406.610864
405.149060
394.005862
394.005862
390.735867
390.735867
390.735867
386.156250
383.695255
381.735422
381.735422
381.735422
381.735422
381.735422
381.735422
381.735422
381.735422
381.735422
380.600156
380.600156
376.135507
365.461435
365.461435
363.945639
363.945639
363.945639
363.945639
363.945639
362.739731
362.739731
362.739731
362.739731
362.739731
362.739731
362.739731
361.991092
361.335114
357.735107
357.735107
353.132300
353.132300
352.880804
352.506870
346.301163
346.301163
346.301163
346.301163
346.301163
342.304581
342.304581
342.304581
341.517789
341.517789
337.665866
337.323654
337.323654
336.006161
336.006161
325.905295
325.905295
324.338388
324.338388
320.413742
320.413742
319.080795
319.080795
310.907150
306.338254
306.338254
306.338254
306.338254
305.668124
305.097946
305.097946
305.097946
305.097946
305.097946
305.097946
303.914606
303.877545
303.877545
303.877545
302.449481
302.449481
302.449481
295.193591
295.193591
294.988901
294.988901
294.988901
294.988901
294.988901
294.988901
294.988901
291.636679
291.636679
289.982700
289.982700
289.982700
289.982700
289.982700
289.982700
289.982700
289.639896
289.639896
289.639896
289.639896
287.935098
287.935098
282.835693
282.835693
279.936777
279.936777
279.936777
279.936777
278.066672
277.159601
277.159601
277.159601
276.449396
275.764053
275.764053
275.764053
275.764053
274.636133
274.636133
270.965295
268.103259
268.103259
268.103259
268.103259
268.103259
268.103259
266.830890
266.830890
251.106039
251.106039
250.616733
249.212888
243.800943
243.800943
242.869382
242.869382
242.869382
240.884802
240.884802
240.884802
240.884802
240.771790
240.771790
240.472931
240.472931
240.472931
240.472931
240.472931
240.213019
240.048434
240.048434
240.048434
239.514169
239.514169
238.906546
238.642084
238.642084
238.642084
238.642084
238.642084
238.642084
238.642084
238.638538
238.638538
238.638538
238.444925
238.444925
238.444925
238.444925
238.444925
238.444925
238.444925
238.444925
238.444925
238.444925
238.444925
238.444925
238.444925
238.444925
237.329553
237.329553
237.299194
237.299194
237.299194
237.299194
237.299194
237.299194
237.299194
237.299194
237.299194
237.222003
237.222003
237.222003
237.222003
236.053760
236.053760
232.045389
231.229184
231.229184
231.229184
231.229184
231.229184
230.064450
230.064450
229.428842
229.428842
229.328986
229.328986
229.328986
217.357703
216.966269
209.605746
209.605746
209.605746
209.280264
208.875613
208.398486
208.398486
208.398486
208.398486
208.398486
208.398486
208.398486
208.398486
208.398486
208.398486
208.398486
208.381592
208.381592
207.720636
207.720636
206.309787
206.309787
206.309787
203.510538
203.510538
199.528723
199.191577
198.994440
198.994440
197.853009
197.853009
197.853009
197.567560
197.567560
197.567560
194.562244
194.562244
192.224969
192.224969
191.830627
191.830627
191.697101
191.411148
191.411148
191.411148
191.411148
191.411148
191.411148
191.411148
191.411148
191.411148
191.411148
191.411148
191.411148
191.411148
191.411148
191.332864
191.332864
191.280508
189.179269
189.179269
189.179269
188.269180
187.286411
187.286411
187.286411
187.286411
187.286411
187.286411
187.286411
186.335382
186.335382
186.335382
186.335382
186.088794
185.125183
184.897510
183.632629
183.632629
183.112799
183.112799
182.807272
182.807272
182.807272
182.807272
182.807272
182.807272
182.807272
182.807272
182.807272
182.807272
182.807272
182.807272
182.807272
182.807272
182.807272
182.807272
182.807272
182.807272
179.580893
179.580893
179.580893
177.755374
177.755374
177.755374
175.697525
175.697525
175.697525
175.697525
175.697525
175.697525
175.697525
175.697525
175.125699
174.967807
174.967807
174.967807
174.942545
171.562100
171.562100
171.251440
169.362289
169.362289
169.362289
168.591409
168.591409
168.591409
168.408176
168.408176
168.408176
168.143536
168.143536
168.143536
167.640720
167.640720
167.640720
167.640720
167.640720
167.640720
167.640720
167.640720
167.640720
167.640720
166.214352
166.214352
166.214352
166.214352
166.214352
166.214352
166.214352
165.530609
165.530609
165.530609
165.530609
165.530609
162.465692
162.465692
162.465692
162.465692
162.465692
162.465692
160.855392
160.855392
160.855392
160.855392
160.749667
160.655835
160.655835
160.655835
160.655835
160.655835
160.655835
160.655835
160.655835
160.655835
160.655835
160.655835
160.655835
160.073737
160.073737
160.073737
160.073737
159.992227
159.992227
159.859479
159.859479
159.859479
159.859479
158.546814
158.546814
158.064871
155.038020
155.038020
155.038020
155.038020
155.038020
155.038020
155.038020
155.038020
155.038020
155.038020
153.847908
153.847908
153.343172
153.343172
153.343172
153.343172
153.343172
153.343172
153.343172
152.915880
152.790538
152.790538
152.790538
152.790538
151.955360
151.955360
151.955360
151.955360
151.955360
151.955360
151.955360
151.955360
151.955360
150.649252
150.649252
150.649252
150.649252
150.649252
150.649252
150.649252
149.762364
149.762364
149.762364
149.762364
149.762364
149.762364
149.762364
149.762364
149.762364
149.762364
149.762364
149.693794
149.693794
149.473274
149.473274
149.473274
149.473274
149.473274
149.473274
149.473274
149.473274
149.473274
149.473274
149.473274
149.473274
149.473274
149.473274
149.473274
148.146188
148.146188
148.146188
148.002193
148.002193
148.002193
148.002193
148.002193
148.002193
148.002193
148.002193
147.745006
147.745006
147.745006
147.745006
147.745006
147.745006
147.745006
147.745006
147.745006
147.745006
146.966249
146.966249
146.966249
146.966249
146.209441
146.209441
146.181458
146.181458
146.181458
146.181458
146.181458
144.431569
144.296335
144.296335
144.296335
144.296335
142.151753
141.156364
141.156364
141.156364
139.792442
139.792058
139.792058
139.792058
139.792058
139.792058
139.792058
139.792058
139.792058
139.792058
139.792058
139.792058
139.792058
139.792058
139.756313
139.085802
139.085802
139.085802
139.085802
139.085802
139.085802
139.085802
139.085802
139.085802
139.085802
139.085802
139.085802
139.085802
139.085802
139.085802
139.085802
139.085802
139.085802
139.085802
139.085802
139.085802
139.085802
139.085802
139.085802
139.085802
139.085802
138.953392
138.953392
138.953392
138.953392
138.953392
138.688403
138.688403
138.688403
138.688403
138.688403
138.208939
138.208939
137.694897
137.082788
137.082788
137.082788
137.082788
137.082788
137.082788
137.082788
137.082788
137.082788
137.082788
137.082788
137.082788
137.082788
137.082788
137.082788
137.082788
137.082788
137.082788
137.048459
137.048459
137.048459
137.048459
137.048459
137.048459
137.048459
137.048459
137.048459
137.048459
137.048459
136.450883
135.958098
134.037798
134.037798
134.037798
134.025458
134.025458
134.025458
133.640979
133.640979
133.640979
133.640979
133.640979
133.640979
133.640979
133.640979
133.640979
133.640979
133.640979
133.640979
133.640979
133.640979
133.475456
133.475456
133.475456
133.038698
133.038698
133.038698
132.584634
132.584634
132.584634
132.584634
132.584634
132.584634
132.584634
132.584634
132.584634
132.584634
132.584634
132.584634
132.584634
132.584634
132.584634
132.423692
132.423692
132.423692
132.423692
132.423692
132.423692
132.423692
132.423692
132.423692
132.423692
131.241347
131.241347
131.241347
131.241347
131.241347
131.241347
131.128293
131.128293
131.128293
131.006587
131.006587
131.006587
131.006587
131.006587
131.006587
131.006587
131.006587
131.006587
131.006587
124.494437
124.494437
124.494437
124.209741
123.998679
123.998679
123.998679
123.998679
123.998679
123.858780
123.858780
123.858780
123.858780
123.858780
123.858780
123.858780
123.858780
122.780765
122.780765
122.780765
122.780765
122.400948
122.400948
122.400948
122.400948
122.400948
122.400948
122.400948
122.400948
121.654871
121.654871
121.654871
121.654871
121.402348
121.281479
121.281479
120.867329
120.829955
120.829955
120.745061
120.745061
120.741295
120.741295
120.741295
120.741295
118.682745
118.682745
118.682745
118.682745
118.682745
118.682745
118.514171
118.514171
118.514171
118.514171
118.514171
118.514171
118.445493
118.445493
118.445493
117.623709
117.623709
117.623709
117.623709
117.623709
117.623709
117.340503
117.340503
117.059335
117.059335
117.059335
117.059335
117.059335
117.059335
114.534756
113.758527
113.758527
113.758527
113.758527
113.758527
113.758527
113.758527
113.758527
113.758527
113.758527
113.758527
113.758527
112.923381
112.923381
112.889558
112.889558
112.698973
112.361598
112.361598
112.361598
112.361598
112.361598
112.361598
112.361598
112.361598
112.361598
112.361598
112.361598
111.213158
111.213158
111.213158
111.213158
111.213158
111.213158
111.213158
111.213158
111.213158
111.213158
111.213158
111.213158
110.808260
110.746898
110.746898
109.866849
109.866849
109.866849
109.866849
109.435954
109.435954
109.435954
109.435954
109.435954
109.435954
109.435954
109.435954
109.410841
109.410841
109.410841
109.410841
109.410841
109.410841
109.410841
109.410841
109.410841
109.410841
109.410841
109.410841
109.410841
109.410841
109.410841
109.410841
109.410841
109.410841
109.410841
109.410841
109.410841
109.410841
109.410841
109.410841
109.312195
109.312195
109.312195
108.864536
108.864536
108.817419
108.817419
107.950362
107.950362
107.950362
107.361523
107.361523
107.361523
107.361523
107.361523
107.361523
107.361523
107.361523
107.361523
107.304036
107.061624
107.061624
107.061624
107.061624
107.061624
107.061624
107.061624
107.061624
107.061624
107.061624
107.061624
106.487010
106.487010
106.487010
106.487010
106.487010
106.487010
106.487010
106.487010
106.487010
106.487010
106.487010
103.408349
103.259678
103.259678
103.259678
103.259678
103.259678
103.121424
103.121424
103.121424
102.688638
102.688638
102.688638
102.688638
102.688638
102.688638
102.688638
102.688638
102.688638
102.666558
102.666558
102.666558
102.666558
102.666558
102.666558
102.666558
101.215354
101.215354
101.215354
101.215354
101.215354
101.215354
101.215354
101.215354
101.215354
101.215354
101.215354
101.057778
101.057778
101.057778
101.057778
101.057778
101.057778
101.057778
101.057778
101.057778
101.057778
101.057778
101.057778
100.943285
100.943285
100.943285
100.943285
100.602929
100.602929
100.602929
100.602929
100.602929
100.602929
100.602929
100.602929
100.602929
100.602929
100.602929
100.602929
100.560047
100.560047
100.560047
100.560047
100.560047
100.560047
100.560047
100.358631
100.358631
100.358631
100.358631
100.358631
100.358631
100.358631
100.358631
98.604819
98.604819
98.604819
98.604819
98.554280
98.554280
98.554280
98.554280
97.949721
97.949721
97.949721
97.949721
97.949721
97.949721
97.949721
97.949721
97.949721
97.949721
97.799342
97.799342
97.799342
97.799342
97.799342
97.799342
97.799342
97.799342
97.478139
97.478139
97.478139
97.478139
97.478139
97.478139
97.478139
97.478139
97.478139
97.478139
97.478139
97.478139
97.478139
97.421660
97.107587
97.107587
97.107587
97.107587
97.107587
97.107587
97.093930
97.093930
97.093930
97.093930
97.093930
97.093930
97.093930
97.093930
97.093930
97.093930
97.093930
95.967767
95.967767
95.967767
95.967767
95.967767
95.967767
95.967767
95.298331
94.367375
94.367375
94.367375
94.367375
94.367375
94.367375
94.367375
94.367375
94.367375
94.367375
94.367375
94.367375
94.367375
89.746113
89.746113
89.746113
89.746113
89.746113
89.746113
89.746113
89.746113
89.746113
89.746113
89.746113
89.746113
89.746113
89.746113
89.746113
89.746113
89.746113
89.746113
89.746113
89.746113
89.593640
89.075285
89.075285
89.075285
89.075285
89.075285
89.075285
89.075285
89.075285
88.869524
88.869524
88.869524
88.869524
88.869524
88.869524
88.869524
88.869524
88.869524
88.662222
88.662222
88.662222
88.662222
88.662222
88.662222
88.662222
88.662222
88.662222
88.662222
88.662222
88.662222
88.662222
88.662222
88.662222
88.662222
88.662222
88.662222
88.662222
88.662222
88.662222
88.662222
88.662222
88.662222
88.545454
87.362664
87.362664
87.362664
87.362664
87.362664
87.362664
87.270095
87.270095
87.270095
87.270095
87.270095
87.270095
87.270095
87.270095
87.270095
87.270095
87.270095
87.270095
87.270095
87.270095
87.270095
87.270095
87.270095
87.270095
87.270095
87.270095
87.270095
87.270095
87.270095
87.270095
87.270095
87.270095
87.270095
87.270095
87.270095
87.270095
87.270095
87.270095
87.270095
87.270095
87.270095
87.212692
87.212692
87.212692
87.212692
87.212692
87.212692
87.212692
87.127818
87.127818
87.127818
87.127818
87.127818
87.127818
87.127818
87.127818
86.807716
86.807716
86.807716
86.807716
86.807716
86.807716
86.807716
86.807716
86.699355
86.699355
86.699355
86.699355
86.699355
86.699355
86.699355
86.699355
86.699355
86.699355
86.699355
86.699355
86.699355
86.699355
86.699355
86.699355
86.699355
86.699355
86.699355
86.699355
86.699355
86.699355
86.699355
86.699355
86.699355
86.699355
86.699355
86.699355
86.699355
86.699355
86.699355
86.699355
86.699355
86.699355
86.699355
86.699355
86.699355
86.613516
86.613516
86.613516
86.613516
86.520020
86.520020
86.520020
85.825357
84.436154
84.436154
84.436154
84.436154
84.436154
84.436154
84.433428
84.396264
84.396264
83.726139
83.726139
83.726139
83.726139
83.726139
83.726139
83.726139
83.726139
83.726139
83.726139
83.726139
83.726139
83.726139
83.726139
83.726139
83.726139
83.726139
83.726139
83.726139
83.726139
83.726139
83.726139
83.726139
83.726139
83.726139
83.726139
83.726139
83.726139
83.726139
83.359393
83.359393
82.288509
82.288509
82.288509
81.984919
81.984919
81.984919
81.984919
81.984919
81.984919
81.984919
81.984919
81.901196
81.901196
81.901196
81.868371
81.868371
81.868371
81.868371
81.868371
81.187731
81.187731
81.187731
81.187731
81.187731
81.187731
81.187731
81.187731
81.187731
81.187731
81.187731
81.187731
81.187731
81.187731
81.187731
81.187731
81.187731
81.187731
81.187731
81.187731
81.187731
81.187731
81.187731
81.187731
81.187731
81.187731
81.187731
81.187731
81.187731
81.187731
81.187731
81.187731
81.187731
81.187731
81.187731
81.187731
81.187731
81.187731
81.187731
81.187731
81.187731
81.187731
81.187731
81.187731
81.187731
81.187731
81.187731
81.187731
81.187731
81.187731
81.187731
81.187731
81.187731
81.187731
81.187731
81.187731
81.187731
81.187731
81.187731
81.187731
81.187731
81.187731
81.187731
81.187731
81.126473
81.126473
81.126473
81.126473
81.126473
81.126473
81.126473
81.126473
81.126473
81.123397
81.123397
81.123397
81.123397
81.123397
81.123397
81.123397
81.123397
81.123397
81.123397
81.123397
81.123397
79.871819
79.871819
79.871819
79.871819
79.871819
79.871819
79.871819
79.871819
79.871819
79.871819
79.871819
79.871819
79.871819
79.871819
79.832986
79.832986
79.832986
79.832986
79.832986
79.832986
79.832986
79.467809
79.467809
79.467809
79.467809
79.467809
79.467809
79.467809
79.467809
78.306226
78.306226
78.306226
78.306226
77.037706
77.037706
77.037706
77.037706
77.037706
77.037706
77.037706
77.037706
77.037706
76.870409
76.870409
76.870409
76.870409
76.870409
76.846342
76.846342
76.846342
76.846342
76.846342
76.846342
76.846342
76.846342
76.846342
76.846342
76.846342
76.846342
76.846342
76.846342
76.846342
76.412855
76.412855
76.412855
76.403214
76.403214
76.403214
76.403214
76.380157
76.380157
76.224288
76.224288
76.224288
76.220465
76.220465
76.189819
75.970531
75.970531
75.970531
75.970531
75.970531
75.970531
75.970531
75.970531
75.970531
75.970531
75.970531
75.970531
75.970531
75.970531
75.970531
75.970531
75.970531
75.970531
75.970531
75.970531
75.970531
75.970531
75.970531
75.970531
75.970090
75.799558
75.799558
75.799558
75.799558
75.799558
75.799558
75.799558
75.668577
75.668577
75.668577
75.668577
75.668577
75.668577
75.668577
75.668577
75.668577
75.325327
75.325327
75.325327
75.325327
75.325327
75.325327
75.325327
75.325327
75.325327
75.325327
74.980546
74.980546
74.980546
74.670719
74.670719
74.670719
74.670719
74.670719
74.496665
74.496665
74.496665
74.496665
74.496665
74.496665
74.496665
74.329382
74.329382
74.185403
74.185403
74.171899
74.171899
74.171899
74.171899
74.171899
74.171899
74.171899
74.171899
74.171899
74.171899
74.171899
74.171899
74.171899
74.171899
74.171899
74.171899
74.171899
74.171899
74.171899
74.171899
74.171899
74.171899
74.171899
74.171899
74.171899
74.171899
74.171899
74.171899
74.171899
74.171899
74.171899
74.080576
74.080576
74.080576
74.080576
74.080576
74.080576
74.080576
74.080576
74.080576
74.080576
74.080576
73.950777
73.873126
73.873126
73.873126
73.873126
73.873126
73.873126
73.873126
73.873126
73.873126
73.873126
73.873126
73.873126
73.873126
73.873126
73.873126
73.872017
73.872017
73.872017
73.872017
73.872017
73.872017
73.872017
73.872017
73.872017
73.872017
73.872017
73.872017
73.872017
73.872017
73.872017
73.872017
73.872017
73.872017
73.872017
73.872017
73.872017
73.872017
73.872017
73.872017
73.872017
73.872017
73.872017
73.872017
73.872017
73.872017
73.872017
73.202412
73.202412
73.202412
73.202412
73.192989
73.192989
73.192989
73.192989
73.192989
73.192989
73.192989
73.192989
73.192989
73.192989
73.192989
73.192989
73.192989
73.192989
73.192989
73.192989
73.192989
73.192989
73.192989
73.192989
73.192989
73.192989
73.192989
73.192989
73.192989
73.192989
73.192989
73.192989
73.192989
73.192989
73.192989
73.192989
73.192989
73.192989
73.192989
73.192989
73.192989
72.926241
72.926241
72.926241
72.926241
72.926241
72.926241
72.926241
72.926241
72.926241
72.420554
72.420554
72.420554
72.420554
72.420554
72.420554
72.420554
72.420554
72.420554
72.420554
72.420554
72.169083
72.169083
72.169083
72.169083
72.169083
72.169083
72.169083
72.169083
72.169083
72.169083
72.169083
72.169083
72.133066
72.133066
72.133066
72.133066
72.116662
72.116662
72.116662
72.116662
72.116662
72.116662
72.116662
72.116662
72.116662
72.116662
72.116662
72.116662
72.116662
72.116662
72.116662
72.116662
72.116662
72.116662
71.754823
71.754823
71.754823
71.754823
71.754823
71.754823
71.754823
71.754823
71.754823
71.754823
71.754823
71.754823
71.754823
71.754823
71.754823
71.754823
71.754823
71.754823
71.754823
71.754823
71.754823
71.754823
71.754823
71.754823
71.754823
71.754823
71.754823
71.709923
71.517569
71.517569
71.517569
71.517569
71.517569
71.517569
71.517569
71.517569
71.517569
71.517569
71.517569
71.517569
71.517569
71.517569
71.517569
71.517569
71.517569
71.517569
71.517569
71.517569
71.517569
71.517569
71.517569
71.517569
71.517569
71.517569
71.517569
71.517569
71.517569
71.517569
71.517569
71.517569
71.517569
71.517569
71.517569
71.517569
71.366332
71.366332
71.366332
71.366332
70.845437
70.845437
70.839713
70.839713
70.839713
70.839713
70.839713
70.839713
70.839713
70.839713
70.839713
70.839713
70.839713
70.562820
70.562820
70.562820
70.551530
70.551530
70.260960
70.260960
70.260960
70.260960
70.260960
70.260960
70.260960
70.260960
70.260960
70.260960
70.260960
70.260960
70.260960
70.260960
70.260960
70.260960
70.260960
70.260960
70.260960
70.260960
70.260960
70.260960
70.260960
70.260960
70.260960
70.260960
70.260960
70.260960
70.260960
70.260960
70.260960
70.260960
70.260960
70.260960
70.260960
70.260822
70.260822
70.260822
70.260822
70.260822
70.260822
70.260822
70.260822
69.966718
69.966718
69.966718
69.966718
69.966718
69.966718
69.966718
69.966718
69.966718
69.966718
69.966718
69.966718
69.966718
69.966718
69.966718
69.966718
69.862769
69.862769
69.862769
69.862769
69.862769
69.862769
69.862769
69.862769
69.862769
69.862769
69.862769
69.862769
69.862769
69.862769
69.862769
69.862769
69.862769
69.862769
69.862769
69.862769
69.848505
69.848505
69.848505
69.848505
69.848505
69.848505
69.848505
69.848505
69.848505
69.848505
69.848505
69.698356
69.698356
69.698356
69.698356
69.698356
69.698356
69.698356
69.698356
69.698356
69.698356
69.698356
69.698356
69.698356
69.698356
69.698356
69.698356
69.698356
69.698356
69.698356
69.698356
69.698356
69.698356
69.698356
69.698356
69.698356
69.698356
69.698356
69.698356
69.619761
69.619761
69.619761
69.618854
69.618854
69.618854
69.618854
69.618854
69.618854
69.618854
69.618854
69.618854
69.618854
69.618854
69.618854
69.618854
69.618854
69.529089
69.529089
69.529089
69.529089
69.529089
69.529089
69.529089
69.529089
69.529089
69.529089
69.529089
69.529089
69.529089
69.529089
69.529089
69.529089
69.529089
69.529089
69.529089
69.529089
69.456775
69.456775
69.456775
69.456410
69.456410
69.176775
69.176775
69.176775
69.176775
69.176775
69.176775
69.176775
69.176775
69.176775
69.176775
69.176775
69.176775
69.176775
69.176775
68.579875
68.579875
68.579875
68.579875
68.579875
68.579875
68.579875
68.579875
68.569023
68.569023
68.569023
68.569023
68.569023
68.569023
68.569023
68.569023
68.569023
68.569023
68.569023
68.569023
68.569023
68.569023
68.569023
68.569023
68.569023
68.569023
68.569023
68.569023
68.569023
68.569023
68.569023
68.569023
68.569023
68.569023
68.569023
68.569023
68.569023
68.569023
68.569023
68.569023
68.569023
68.569023
68.569023
68.569023
68.442925
68.435851
68.435851
68.435851
68.435851
68.435851
68.435851
68.435851
68.435851
68.435851
68.435851
68.435851
68.435851
68.435851
68.435851
68.435851
68.435851
68.424810
68.424810
68.424810
68.424810
68.424810
68.424810
68.424810
68.424810
68.424810
68.424810
68.424810
68.424810
68.424810
68.424810
68.424810
68.424810
68.424810
68.424810
68.119768
68.119768
68.119768
68.119768
68.119768
68.119768
68.119768
68.119768
67.885547
67.885547
67.885547
67.885547
67.885547
67.885547
67.885547
67.885547
67.885547
67.885547
67.885547
67.885547
67.885547
67.885547
67.885547
67.885547
67.885547
67.856413
67.856413
67.856413
67.856413
67.856413
67.856413
67.856413
67.856413
67.856413
67.856413
67.856413
67.856413
67.856413
67.856413
67.856413
67.856413
67.856413
67.850633
67.850633
67.850633
67.850633
67.850633
67.850633
67.850633
67.850633
67.850633
67.850633
67.850633
67.850633
67.850633
67.850633
67.850633
67.850633
67.850633
67.850633
67.850633
67.850633
67.850633
67.850633
67.850633
67.850633
67.850633
67.850633
67.850633
67.850633
67.850633
67.850633
67.850633
67.850633
67.850633
67.850633
67.839455
67.839455
67.839455
67.839455
67.839455
67.839455
67.839455
67.839455
67.839455
67.810561
67.810561
67.810561
67.810561
67.810561
67.810561
67.810561
67.810561
67.810561
67.810561
67.810561
67.810561
67.810561
67.810561
67.810561
67.810561
67.810561
67.810561
67.687970
67.687970
67.687970
67.543159
67.543159
67.543159
67.543159
67.543159
67.543159
67.543159
67.543159
67.543159
67.543159
67.543159
67.543159
67.543159
67.543159
67.543159
67.543159
67.543159
67.543159
67.543159
67.543159
67.543159
67.543159
67.543159
67.543159
67.543159
67.543159
67.543159
67.543159
67.543159
67.496644
67.457448
67.457448
67.457448
67.457448
67.457448
67.457448
67.457448
67.457448
67.457448
67.457448
67.457448
67.457448
67.457448
67.457448
67.457448
67.457448
67.457448
67.195058
67.195058
67.195058
67.195058
67.195058
67.195058
67.195058
67.195058
67.195058
67.195058
67.195058
67.195058
67.195058
67.195058
67.195058
67.195058
67.195058
67.195058
67.195058
67.195058
67.195058
67.195058
67.195058
67.116185
67.047561
67.047561
67.047561
66.946761
66.946761
66.946761
66.946761
66.946761
66.946761
66.946761
66.855341
66.855341
66.855341
66.802258
66.802258
66.802258
66.802258
66.802258
66.802258
66.802258
66.802258
66.802258
66.783646
66.783646
66.783646
66.783646
66.705164
66.705164
66.705164
66.705164
66.705164
66.705164
66.705164
66.705164
66.705164
66.705164
66.705164
66.705164
66.705164
66.705164
66.704301
66.704301
66.704301
66.704301
66.704301
66.699796
66.699796
66.699796
66.699796
66.699796
66.699796
66.699796
66.699796
66.699796
66.699796
66.699796
66.699796
66.699796
66.699796
66.699796
66.134962
66.134962
66.134962
66.071879
66.071879
66.071879
66.071879
66.071879
66.071879
66.071879
66.071879
66.071879
66.071879
66.071879
65.789775
65.789775
65.789775
65.789775
65.789775
65.789775
65.789775
65.789775
65.789775
65.789775
65.789775
65.789775
65.789775
65.789775
65.789775
65.789775
65.789775
65.789775
65.789775
65.789775
65.789775
65.789775
65.789775
65.789775
65.789775
65.789775
65.789775
65.789775
65.789775
65.789775
65.789775
65.789775
65.789775
65.789775
65.789775
65.789775
65.789775
65.789775
65.789775
65.789775
65.789775
65.789775
65.789775
65.789775
65.789775
65.789775
65.789775
65.789775
65.789775
65.789775
65.789775
65.789775
65.789775
65.789775
65.789775
65.789775
65.789775
65.789775
65.789775
64.045280
64.045280
64.045280
64.045280
64.045280
64.045280
64.045280
64.045280
64.045280
64.045280
64.045280
64.045280
64.045280
64.000880
64.000880
64.000880
63.883002
63.883002
63.883002
63.883002
63.883002
63.586909
63.586909
63.586909
63.586909
63.586909
63.586909
63.586909
63.586909
63.586909
63.586909
63.586909
63.586909
63.586909
63.586909
63.586909
63.586909
63.586909
63.586909
63.586909
63.586909
63.586909
63.586909
63.586909
63.586909
63.586909
63.586909
63.586909
63.586909
63.586909
63.586909
63.586909
63.586909
63.586909
63.586909
63.548315
63.548315
63.548315
63.548315
63.548315
63.548315
63.548315
63.548315
63.548315
63.548315
63.548315
63.548315
63.548315
63.548315
63.548315
63.548315
63.548315
63.548315
63.548315
63.548315
63.548315
63.548315
63.548315
63.548315
63.548315
63.548315
63.548315
63.548315
63.548315
63.304186
63.304186
63.304186
63.304186
63.304186
63.304186
63.304186
62.883632
62.883632
62.883632
62.883632
62.883632
62.883632
62.883632
62.883632
62.883632
62.883632
62.883632
62.883632
62.883632
62.883632
62.883632
62.883632
62.883632
62.883632
62.883632
62.841062
62.841062
62.841062
62.841062
62.841062
62.841062
62.841062
62.841062
62.841062
62.841062
62.841062
62.841062
62.841062
62.841062
62.841062
62.841062
62.841062
62.841062
62.841062
62.841062
62.841062
62.841062
62.721305
62.721305
62.721305
62.721305
62.721305
62.721305
62.721305
62.721305
62.721305
62.655146
62.655146
62.655146
62.655146
62.655146
62.655146
62.655146
62.655146
62.655146
62.655146
62.655146
62.655146
62.655146
62.655146
62.655146
62.577750
62.577750
62.577750
62.577750
62.029158
62.029158
62.029158
62.029158
62.029158
62.029158
62.008094
62.008094
62.008094
62.008094
62.008094
62.008094
61.977510
61.977510
61.977510
61.977510
61.977510
61.977510
61.977510
61.977510
61.934614
61.934614
61.934614
61.934614
61.934614
61.934614
61.934614
61.934614
61.934614
61.934614
61.934614
61.934614
61.934614
61.934614
61.914982
61.914982
61.914982
61.914982
61.914982
61.914982
61.914982
61.914982
61.914982
61.914982
61.914982
61.914982
61.914982
61.914982
61.914982
61.914982
61.914982
61.914982
61.914982
61.914982
61.914982
61.914982
61.914982
61.914982
61.914982
61.914982
61.914982
61.914982
61.914982
61.914982
61.914982
61.914982
61.914982
61.914982
61.914982
61.212681
61.212681
61.212681
61.212681
61.212681
61.212681
61.212681
61.212681
61.212681
61.212681
61.212681
61.212681
61.212681
61.212681
61.212681
61.212681
61.212681
61.212681
61.212681
61.212681
61.212681
61.212681
61.212681
61.212681
61.212681
61.212681
61.212681
61.212681
61.212681
61.212681
61.212681
61.212681
61.212681
61.212681
61.212681
61.212681
61.212681
61.212681
61.212681
61.212681
61.212681
61.212681
61.212681
61.212681
61.212681
61.212681
61.212681
61.212681
61.212681
61.212681
61.212681
61.212681
61.212681
61.212681
61.212681
61.212681
61.212681
61.212681
61.212681
61.212681
61.212681
61.212681
61.212681
61.212681
61.212681
61.212681
61.133663
61.133663
61.133663
61.113229
61.113229
61.113229
61.066031
61.066031
61.048801
61.048801
61.048801
61.048801
61.048801
61.048801
61.048801
61.048801
61.048801
61.048801
61.048801
60.984505
60.984505
60.984505
60.984505
60.984505
60.984505
60.984505
60.984505
60.984505
60.984505
60.984505
60.984505
60.984505
60.984505
60.984505
60.984505
60.984505
60.984505
60.668318
60.668318
60.668318
60.668318
60.668318
60.668318
60.668318
60.668318
60.668318
60.668318
60.668318
60.668318
60.668318
60.668318
60.668318
60.668318
60.668318
60.668318
60.668318
60.668318
60.668318
60.668318
60.668318
60.668318
60.668318
60.668318
60.668318
60.668318
60.668318
60.668318
60.668318
60.668318
60.668318
60.668318
60.668318
60.668318
60.668318
60.668318
60.668318
60.668318
60.668318
60.668318
60.668318
60.668318
60.668318
60.668318
60.668318
60.668318
60.668318
60.668318
60.668318
60.658876
60.658876
60.658876
60.658876
60.644057
60.644057
60.644057
60.644057
60.644057
60.644057
60.644057
60.644057
60.644057
60.644057
60.644057
60.644057
60.644057
60.644057
60.644057
60.644057
60.644057
60.644057
60.644057
60.644057
60.644057
60.644057
60.644057
60.644057
60.644057
60.644057
60.644057
60.644057
60.644057
60.644057
60.644057
60.644057
60.644057
60.644057
60.644057
60.644057
60.644057
60.644057
60.644057
60.644057
60.644057
60.644057
60.644057
60.644057
60.543990
60.543990
60.543990
60.543990
60.483634
60.483634
60.483634
60.483634
60.470279
60.470279
60.470279
60.470279
60.470279
60.470279
60.470279
60.470279
60.470279
60.470279
60.470279
60.470279
60.470279
60.470279
60.470279
60.470279
60.250431
60.250431
60.250431
60.250431
60.250431
60.250431
60.250431
60.250431
60.250431
60.250431
60.250431
60.250431
60.250431
60.250431
60.250431
60.245935
60.245935
60.245935
60.245935
60.245935
60.245935
60.245935
60.245935
60.245935
60.245935
60.245935
60.129916
60.129916
60.129916
60.129916
60.129916
60.129916
59.971838
59.971838
59.971838
59.971838
59.971838
59.971838
59.971838
59.971838
59.971838
59.971838
59.971838
59.971838
59.971838
59.764950
59.764950
59.764950
59.764950
59.764950
59.764950
59.764950
59.764950
58.608158
58.608158
58.608158
58.608158
58.608158
58.608158
58.608158
58.608158
58.608158
58.608158
58.608158
58.608158
58.608158
58.608158
58.608158
58.608158
58.608158
58.608158
58.608158
58.608158
58.608158
58.608158
58.608158
58.608158
58.608158
58.608158
58.608158
58.608158
58.570923
58.570923
58.570923
58.570923
58.570923
58.570923
58.570923
58.570923
58.570923
58.570923
58.570923
58.570923
58.570923
58.570923
58.570923
58.570923
58.570923
58.570923
58.570923
58.570923
58.570923
58.570923
58.570923
58.570923
58.570923
58.570923
58.570923
58.570923
58.570923
58.570923
58.570923
58.570923
58.570923
58.570923
58.570923
58.570923
58.570923
58.570923
58.570923
58.570923
58.570923
58.570923
58.570923
58.570923
58.570923
58.570923
58.570923
58.570923
58.563865
58.563865
58.563865
58.563865
58.563865
58.563865
58.563865
58.563865
58.563865
58.563865
58.563865
58.563865
58.563865
58.563865
58.563865
58.563865
58.563865
58.563865
58.563865
58.563865
58.563865
58.563865
58.563865
58.563865
58.563865
58.563865
58.563865
58.563865
58.563865
58.563865
58.563865
58.563865
58.563865
58.563865
58.563865
58.563865
58.563865
58.563865
58.563865
58.563865
58.563865
58.563865
58.563865
58.563865
58.563865
58.563865
58.563865
58.563865
58.563865
58.563865
58.563865
58.563865
58.534136
58.534136
58.534136
58.534136
58.534136
58.467830
58.467830
58.467830
58.467830
58.467830
58.467830
58.467830
58.467830
58.467830
58.467830
58.467830
58.467830
58.467830
58.467830
58.467830
58.394833
58.394833
58.394833
58.394833
58.394833
58.394833
58.394833
58.394833
58.394833
58.394833
58.394833
58.394833
58.394833
58.210596
58.210596
58.210596
58.210596
58.210596
58.210596
58.210596
58.210596
58.210596
58.210596
58.210596
58.210596
58.207117
58.207117
58.207117
58.207117
58.207117
58.207117
58.207117
58.207117
58.207117
58.207117
58.182020
57.940774
57.915677
57.915677
57.915677
57.915677
57.915677
57.915677
57.915677
57.915677
57.915677
57.915677
57.915677
57.915677
57.915677
57.915677
57.915677
57.915677
57.915677
57.915677
57.915677
57.915677
57.915677
57.915677
57.915677
57.915677
57.915677
57.915677
57.915677
57.915677
57.915677
57.915677
57.829325
57.829325
57.829325
57.829325
57.829325
57.829325
57.829325
57.829325
57.820227
57.820227
57.820227
57.820227
57.820227
57.820227
57.820227
57.820227
57.820227
57.820227
57.820227
57.820227
57.820227
57.820227
57.820227
57.820227
57.820227
57.820227
57.820227
57.820227
57.820227
57.820227
57.820227
57.820227
57.820227
57.820227
57.820227
57.820227
57.819399
57.819399
57.819399
57.819399
57.819399
57.819399
57.819399
57.819399
57.819399
57.819399
57.819399
57.819399
57.819399
57.819399
57.819399
57.819399
57.819399
57.819399
57.819399
57.819399
57.819399
57.819399
57.819399
57.819399
57.819399
57.819399
57.819399
57.819399
57.819399
57.819399
57.819399
57.819399
57.819399
57.819399
57.819399
57.796209
57.796209
57.796209
57.796209
57.796209
57.796209
57.796209
57.796209
57.796209
57.793365
57.793365
57.793365
57.793365
57.793365
57.793365
57.793365
57.793365
57.793365
57.793365
57.793365
57.793365
57.793365
57.786986
57.786986
57.786986
57.786986
57.786986
57.786986
57.786986
57.786986
57.786986
57.786986
57.786986
57.786986
57.786986
57.786986
57.786986
57.786986
57.786986
57.786986
57.786986
57.786986
57.786986
57.786986
57.786986
57.786986
57.786986
57.786986
57.786986
57.786986
57.780536
57.780536
57.780536
57.780536
57.780536
57.780536
57.780536
57.780536
57.780536
57.780536
57.780536
57.767752
57.767752
57.767752
57.767752
57.767752
57.767752
57.767752
57.767752
57.767752
57.767752
57.767752
57.767752
57.767752
57.767752
57.767752
57.721429
57.721429
57.721429
57.721429
57.721429
57.721429
57.721429
57.721429
57.721429
57.721429
57.721429
57.721429
57.721429
57.721429
57.721429
57.721429
57.721429
57.721429
57.721429
57.721429
57.721429
57.721429
57.721429
57.721429
57.721429
57.721429
57.721429
57.721429
57.721429
57.721429
57.721429
57.721429
57.721429
57.721429
57.529068
57.529068
57.529068
57.529068
57.529068
57.529068
57.529068
57.529068
57.529068
57.529068
57.529068
57.529068
57.244126
57.244126
57.244126
57.244126
57.169330
57.169330
57.169330
57.169330
57.169330
57.169330
57.169330
57.169330
57.169330
57.169330
56.793686
56.793686
56.793686
56.793686
56.793686
56.793686
56.793686
56.793686
56.793686
56.793686
56.793686
56.793686
56.793686
56.793686
56.793686
56.793686
56.793686
56.793686
56.793686
56.793686
56.793686
56.793686
56.793686
56.793686
56.793686
56.793686
56.793686
56.793686
56.793686
56.793686
56.793686
56.793686
56.793686
56.793686
56.786451
56.786451
56.786451
56.786451
56.786451
56.786451
56.786451
56.786451
56.786451
56.786451
56.786451
56.786451
56.786451
56.786451
56.786451
56.786451
56.786451
56.786451
56.786451
56.786451
56.786451
56.786451
56.786451
56.786451
56.786451
56.786451
56.786451
56.786451
56.786451
56.786451
56.786451
56.786451
56.786451
56.786451
56.786451
56.786451
56.786451
56.786451
56.786451
56.786451
56.786451
56.786451
56.786451
56.786451
56.786451
56.786451
56.786451
56.786451
56.786451
56.786451
56.786451
56.786451
56.786451
56.786451
56.786451
56.786451
56.786451
56.786451
56.786451
56.786451
56.786451
56.786451
56.786451
56.786064
56.786064
56.724751
56.724751
56.724751
56.644900
56.597700
56.597700
56.597700
56.511477
56.511477
56.511477
56.511477
56.511477
56.511477
56.511477
56.511477
56.511477
56.511477
56.511477
56.511477
56.511477
56.511477
56.511477
56.511477
56.511477
56.511477
56.511477
56.511477
56.511477
56.511477
56.511477
56.511477
56.511477
56.511477
56.511477
56.511477
56.511477
56.511477
56.511477
56.511477
56.511477
56.511477
56.511477
56.511477
56.511477
56.511477
56.511477
56.511477
56.511477
56.511477
56.511477
56.511477
56.511477
56.511477
56.511477
56.511477
56.511477
56.511477
56.511477
56.511477
56.511477
56.511477
56.510839
56.510839
56.510839
56.510839
56.510839
56.510839
56.510839
56.510839
56.510839
56.510839
56.510839
56.510839
56.510839
56.510839
56.510839
56.418627
56.418627
56.418627
56.418627
56.418627
56.418627
56.418627
56.418627
56.418627
56.418627
56.418627
56.418627
56.418627
56.418627
56.418627
56.418627
56.418627
56.418627
56.418627
56.418627
56.418627
56.418627
56.418627
56.418627
56.418627
56.262981
56.262981
56.262981
56.262981
56.241336
56.241336
56.241336
56.241336
56.203656
56.203656
56.199794
56.199794
56.199794
56.199794
56.199794
56.199794
56.199794
56.199794
56.199794
56.199794
56.131210
56.131210
56.131210
56.131210
56.131210
56.131210
56.131210
56.131210
56.131210
56.131210
56.131210
56.131210
56.131210
56.131210
56.131210
56.106656
56.106656
56.106656
56.106656
56.106656
56.106656
56.106656
56.106656
56.106656
56.106656
56.106656
56.106656
56.106656
56.106656
56.106656
56.106656
56.106656
56.106656
56.106656
56.106656
56.106656
56.106656
56.106656
56.106656
56.106656
56.106656
56.106656
56.106656
56.106656
56.106656
56.106656
56.106656
56.106656
56.106656
56.106656
56.106656
56.106656
56.106656
56.106656
56.106656
56.106656
56.106656
56.106656
56.106656
56.106656
56.106656
56.106656
56.106656
56.106656
56.106656
56.106656
56.106656
56.106656
56.106656
56.106656
56.106656
56.106656
56.106656
56.106656
56.106656
56.106656
56.106656
56.106402
56.106402
56.106402
56.106402
56.106402
56.106402
56.106402
56.106402
56.106402
56.106402
56.106402
56.106402
56.106402
56.106402
56.106402
56.106402
56.106402
56.106402
56.106402
56.106402
56.106402
56.106402
56.106402
56.106402
56.106402
56.106402
56.106402
56.106402
56.106402
56.106402
56.106402
56.106402
56.106402
56.106402
56.106402
56.106402
56.106402
56.106402
56.106402
56.106402
56.106402
56.106402
56.106402
56.106402
56.106402
56.106402
56.106402
56.106402
56.106402
56.106402
56.106402
56.106402
56.106402
56.106402
56.106402
56.106402
56.106402
56.106402
56.106402
56.106402
56.106402
56.106402
56.106402
56.106402
56.098655
56.098655
56.098655
56.098655
56.098655
56.098655
56.098655
56.098655
56.098655
56.098655
56.098655
56.098655
56.098655
56.098655
56.098655
56.092419
56.092419
56.092419
56.092419
56.092419
56.092419
56.092419
56.092419
56.092419
56.092419
56.092419
56.092419
56.092419
56.092419
56.092419
56.092419
56.092419
56.092419
56.092419
56.092419
56.092419
56.092419
56.092419
56.092419
56.092419
56.092419
56.066134
56.066134
56.066134
56.066134
56.066134
56.066134
56.066134
56.066134
56.066134
56.059544
56.059544
56.059544
56.059544
56.059544
56.059544
56.059544
56.059544
56.059544
56.059544
56.059544
56.059544
56.059544
56.059544
56.059544
56.059544
56.059544
56.059544
56.059544
56.059544
56.059544
56.059544
56.059544
56.059544
56.059544
56.059544
56.059544
56.059544
56.059544
56.059544
56.059544
56.059544
56.059544
56.059544
56.059544
56.059544
56.059544
56.059544
56.059544
56.059544
56.059544
56.059544
56.059544
56.059544
56.059544
56.059544
56.059544
56.059544
56.059544
56.059544
56.059544
56.059544
56.059544
56.059544
56.059544
56.059544
56.059544
56.059544
56.059544
56.059544
56.059544
56.059544
56.059544
56.059544
56.059544
56.059544
56.059544
56.059544
56.059544
56.059544
56.059544
56.059544
56.059544
56.059544
56.059544
56.059544
56.059544
56.059544
56.059544
56.059544
56.047039
56.047039
56.047039
56.047039
56.047039
56.047039
56.047039
56.047039
56.047039
56.047039
56.047039
55.947258
55.947258
55.947258
55.947258
55.947258
55.947258
55.947258
55.947258
55.947258
55.947258
55.947258
55.947258
55.947258
55.947258
55.947258
55.947258
55.947258
55.947258
55.947258
55.947258
55.947258
55.803945
55.803945
55.803945
55.803945
55.803945
55.803945
55.803945
55.803945
55.803945
55.803945
55.803945
55.785373
55.785373
55.785373
55.785373
55.785373
55.785373
55.785373
55.785373
55.785373
55.785373
55.783570
55.783570
55.781346
55.781346
55.781346
55.781346
55.781346
55.781346
55.781346
55.781346
55.781346
55.781346
55.781346
55.781346
55.781346
55.781346
55.781346
55.781346
54.941314
54.941314
54.941314
54.941314
54.941314
54.941314
54.941314
54.941314
54.941314
54.941314
54.941314
54.941314
54.941314
54.941314
54.941314
54.941314
54.941314
54.941314
54.941314
54.941314
54.941314
54.941314
54.941314
54.941314
54.941314
54.941314
54.941314
54.941314
54.941314
54.941314
54.941314
54.904994
54.904994
54.904994
54.904994
54.904994
54.904994
54.904994
54.904994
54.904994
54.904994
54.904994
54.904994
54.904994
54.904994
54.904994
54.904994
54.904994
54.904994
54.904994
54.904994
54.904994
54.904994
54.904994
54.904994
54.904994
54.904994
54.904994
54.904994
54.904994
54.904994
54.871212
54.871212
54.871212
54.871212
54.871212
54.871212
54.871212
54.871212
54.871212
54.871212
54.871212
54.871212
54.871212
54.871212
54.871212
54.871212
54.871212
54.871212
54.871212
54.871212
54.871212
54.871212
54.871212
54.871212
54.871212
54.871212
54.871212
54.871212
54.871212
54.871212
54.871212
54.871212
54.871212
54.871212
54.871212
54.871212
54.871212
54.871212
54.871212
54.871212
54.871212
54.871212
54.871212
54.871212
54.871212
54.871212
54.871212
54.871212
54.871212
54.871212
54.871212
54.871212
54.871212
54.871212
54.753476
54.753476
54.753476
54.753476
54.753476
54.753476
54.753476
54.753476
54.753476
54.753476
54.753476
54.753476
54.753476
54.753476
54.753476
54.753476
54.753476
54.753476
54.753476
54.753476
54.753476
54.753476
54.753476
54.753476
54.753476
54.753476
54.753476
54.753476
54.753476
54.753476
54.753476
54.753476
54.753476
54.753476
54.753476
54.753476
54.753476
54.753476
54.753476
54.753476
54.753476
54.753476
54.753476
54.753476
54.753476
54.753476
54.753476
54.753476
54.753476
54.753476
54.753476
54.753476
54.753476
54.686064
54.686064
54.686064
54.686064
54.686064
54.686064
54.686064
54.686064
54.686064
54.686064
54.686064
54.686064
54.686064
54.686064
54.686064
54.686064
54.686064
54.686064
54.686064
54.686064
54.686064
54.686064
54.686064
54.686064
54.686064
54.686064
54.686064
54.686064
54.686064
54.686064
54.686064
54.686064
54.686064
54.686064
54.686064
54.686064
54.686064
54.686064
54.686064
54.686064
54.686064
54.686064
54.686064
54.686064
54.673116
54.673116
54.673116
54.673116
54.673116
54.673116
54.673116
54.673116
54.673116
54.644096
54.644096
54.644096
54.644096
54.644096
54.644096
54.644096
54.644096
54.644096
54.644096
54.644096
54.644096
54.622351
54.622351
54.622351
54.622351
54.622351
54.622351
54.622351
54.622351
54.622351
54.622351
54.622351
54.622351
54.622351
54.622351
54.622351
54.622351
54.622351
54.622351
54.622351
54.622351
54.622351
54.622351
54.622351
54.622351
54.622351
54.622351
54.622351
54.622351
54.622351
54.622351
54.622351
54.622351
54.622351
54.622351
54.622351
54.622351
54.622351
54.622351
54.622351
54.622351
54.622351
54.622351
54.622351
54.622351
54.622351
54.622351
54.622351
54.622351
54.622351
54.622351
54.622351
54.622351
54.622351
54.622351
54.622351
54.622351
54.622351
54.438829
54.438829
54.438829
54.438829
54.438829
54.438829
54.438829
54.438829
54.438829
54.438829
54.438829
54.438829
54.438829
54.438829
54.438829
54.438829
54.438829
54.438829
54.438829
54.438829
54.438829
54.438829
54.438829
54.438829
54.438829
54.438829
54.438829
54.438829
54.438829
54.438829
54.438829
54.438829
54.438829
54.438829
54.438829
54.438829
54.438829
54.438829
54.438829
54.438829
54.438829
54.438829
54.438829
54.438829
54.438829
54.438829
54.438829
54.438829
54.438829
54.438829
54.438829
54.438829
54.438829
54.438829
54.438829
54.418576
54.418576
54.418576
54.418576
54.418576
54.418576
54.418576
54.418576
54.418576
54.418576
54.418576
54.418576
54.418576
54.418576
54.418576
54.418576
54.405653
54.405653
54.405653
54.405653
54.405653
54.405653
54.405653
54.405653
54.405653
54.405653
54.405653
54.405653
54.405653
54.405653
54.405653
54.405653
54.405653
54.405653
54.405653
54.405653
54.405653
54.405653
54.405653
54.405653
54.405653
54.405653
54.405653
54.405653
54.405653
54.405653
54.405653
54.405653
54.405653
54.405653
54.405653
54.405653
54.405653
54.405653
54.405653
54.405653
54.405653
54.405653
54.405653
54.405653
54.405653
54.405653
54.392390
54.392390
54.392390
54.392390
54.392390
54.392390
54.392390
54.392390
54.392390
54.392390
54.392390
54.392390
54.392390
54.392390
54.392390
54.392390
54.392390
54.392390
54.392390
54.392390
54.392390
54.392390
54.392390
54.386031
54.386031
54.386031
54.386031
54.386031
54.386031
54.386031
54.386031
54.386031
54.386031
54.386031
54.386031
54.386031
54.386031
54.386031
54.386031
54.386031
54.386031
54.386031
54.386031
54.386031
54.386031
54.386031
54.382851
54.382851
54.382851
54.382851
54.382851
54.382851
54.382851
54.382851
54.382851
54.382851
54.382851
54.382851
54.382851
54.382851
54.382851
54.382851
54.382851
54.382851
54.382851
54.382851
54.382851
54.382851
54.382851
54.382851
54.382851
54.382851
54.382851
54.382851
54.382851
54.382851
54.382851
54.382851
54.382851
54.382851
54.382851
54.382851
54.382851
54.382851
54.382851
54.382851
54.382851
54.382851
54.382851
54.382851
54.382851
54.382851
54.382851
54.382851
54.382851
54.382851
54.382851
54.382851
54.382851
54.382851
54.382851
54.382851
54.382386
54.382386
54.382386
54.382386
54.382386
54.382386
54.382386
54.382386
54.382386
54.382386
54.382386
54.382386
54.382386
54.382386
54.382386
54.382386
54.382386
54.382386
54.382386
54.382386
54.382386
54.247412
54.247412
54.247412
54.247412
54.247412
54.247412
54.247412
54.247412
54.247412
54.247412
54.247412
54.247412
54.247412
54.247412
54.247412
54.247412
54.247412
54.247412
54.247412
54.247412
54.247412
54.247412
54.247412
54.247412
54.247412
54.247412
54.247412
54.247412
54.247412
54.247412
54.247412
54.247412
54.247412
54.247412
54.247412
54.247412
54.247412
54.247412
54.247412
54.247412
54.247412
54.247412
54.240444
54.240444
54.240444
54.240444
54.240444
54.240444
54.240444
54.240444
54.240444
54.240444
54.240444
54.240444
54.240444
54.240444
54.240444
54.240444
54.240444
54.240444
54.240444
54.240444
54.240444
54.240444
54.240444
54.240444
54.240444
54.240444
54.240444
54.240444
54.240444
54.240444
54.240444
54.240444
54.240444
54.240444
54.240444
54.240444
54.240444
54.240444
54.240444
54.240444
54.240444
54.240444
54.240444
54.240444
54.240444
54.240444
54.240444
54.240444
54.240444
54.240444
54.240444
54.240444
54.240444
54.240444
54.240444
54.240444
54.240444
54.240444
54.240444
54.240444
54.240444
54.240444
54.240444
54.240444
54.240444
54.240444
54.240444
54.240444
54.240444
54.240444
54.240444
54.240444
54.240444
54.240444
54.240444
54.219273
54.219273
54.219273
54.219273
54.219273
54.219273
54.219273
54.123944
54.123944
54.123944
54.123944
54.123944
54.123944
54.123944
54.123944
54.123944
54.123944
54.123944
54.123944
54.123944
54.123944
54.123944
54.123944
54.123944
54.123944
54.123944
54.123944
54.123944
54.123944
54.123944
54.123944
54.123944
54.123944
54.123944
54.123944
54.123944
54.123944
54.123944
54.123944
54.123944
54.123944
54.123944
54.123944
54.123944
54.123944
54.123944
54.123944
54.123944
54.123944
54.123944
54.123944
54.123944
54.123944
54.123944
54.123944
54.123944
54.123944
54.123944
54.123944
54.123944
54.123944
54.123944
54.123944
54.123944
54.106438
54.106438
54.106438
54.106438
54.106438
54.106438
54.106438
54.106438
54.106438
54.106438
54.106438
54.106438
54.106438
54.106438
54.106438
54.106438
54.106438
54.105048
54.105048
54.105048
54.105048
54.105048
54.105048
54.105048
54.105048
54.105048
54.105048
54.105048
54.105048
54.105048
54.105048
54.105048
54.105048
54.105048
54.105048
54.105048
54.105048
54.105048
54.105048
54.105048
54.105048
54.105048
54.105048
54.105048
54.105048
54.105048
54.105048
54.105048
54.105048
54.105048
54.062840
54.062840
54.062840
54.062840
54.062840
54.062840
54.062840
54.062840
54.062840
54.062840
54.062840
54.062840
54.062840
54.062840
54.062840
54.062840
54.062840
54.062840
54.062840
54.062840
54.062840
54.062840
54.062840
54.062840
54.062840
54.062840
54.062840
54.062840
54.062840
54.062840
54.062840
54.062840
54.062840
54.062840
54.062840
54.062840
54.062840
54.062840
54.062840
54.062840
54.062840
54.062840
54.062840
54.062840
54.062840
54.062840
54.062840
54.062840
54.062840
54.062840
54.062840
54.062840
54.062840
54.062840
54.062840
54.062840
54.062840
54.062840
54.062840
54.062840
54.062840
54.062840
54.062840
54.062840
54.062840
54.062840
54.062840
54.062840
54.062840
54.062840
54.062840
54.062840
54.062840
54.062840
54.062840
54.062840
54.062840
54.062840
54.062840
54.017146
54.017146
54.017146
54.017146
54.017146
54.017146
54.017146
54.017146
54.017146
54.017146
54.017146
54.017146
54.017146
54.017146
54.017146
54.017146
54.017146
54.017146
54.017146
54.017146
54.017146
53.857022
53.857022
53.857022
53.857022
53.857022
53.857022
53.857022
53.857022
53.857022
53.857022
53.857022
53.857022
53.857022
53.857022
53.857022
53.857022
53.857022
53.857022
53.857022
53.857022
53.857022
53.857022
53.857022
53.857022
53.847890
53.846466
53.846466
53.846466
53.846466
53.810593
53.810593
53.810593
53.810593
53.810593
53.810593
53.810593
53.810593
53.810593
53.810593
53.810593
53.810593
53.810593
53.810593
53.810593
53.810593
53.810593
53.810593
53.810593
53.810593
53.810593
