4903.5969482422
4726.8054687500
4433.5652587891
4433.5652587891
4249.4965576172
4249.4965576172
4145.4337158203
4117.4275634766
4037.5527343750
3954.8059326172
3939.0293701172
3906.5820068359
3893.5134521484
3804.0952880859
3793.2047607422
3771.3430175781
3751.8133300781
3628.3766601563
3628.3766601563
3625.5856445313
3582.1078613281
3582.1078613281
3582.1078613281
3556.5767089844
3534.9189697266
3507.1488037109
3495.9464111328
3448.6591552734
3447.2697998047
3340.5584716797
3329.4296142578
3246.7021972656
3243.2734375000
3236.7415039062
3236.7415039062
3183.6891601563
3179.2206054687
3151.8096191406
3145.6521728516
3122.7119140625
3088.2313476562
3070.1249267578
3056.8053710938
3001.6168945313
2966.6105957031
2901.5639160156
2901.5639160156
2901.5639160156
2889.8328613281
2889.8328613281
2848.7626220703
2834.4350097656
2739.6007080078
2739.6007080078
2703.6352050781
2703.5293701172
2703.5293701172
2688.6768798828
2688.6768798828
2677.1928466797
2588.7476806641
2553.5476806641
2553.5476806641
2542.5458251953
2525.5418579102
2505.5527221680
2505.5527221680
2482.5534057617
2482.5534057617
2482.5534057617
2482.5534057617
2469.8102172852
2390.5588989258
2379.9228393555
2376.0977783203
2356.8010498047
2339.8058715820
2335.1714721680
2286.4682495117
2286.4682495117
2272.8797241211
2226.8255615234
2225.9798095703
2200.3993896484
2195.0970458984
2170.5429687500
2163.7879394531
2141.0305419922
2141.0305419922
2141.0305419922
2135.9591430664
2098.3974853516
2066.0796264648
2056.7497680664
2040.3206909180
2039.1522827148
2021.9687133789
2004.3312011719
1976.9603027344
1976.9603027344
1976.9603027344
1951.1652954102
1945.5639282227
1945.5639282227
1916.6364013672
1916.6364013672
1900.0355346680
1900.0355346680
1873.0550170898
1869.7772094727
1866.2265747070
1846.5652709961
1817.4474121094
1816.4947875977
1806.9163330078
1802.4231445313
1789.2707275391
1750.9803588867
1737.4137329102
1737.4137329102
1732.8028198242
1690.8508300781
1690.8508300781
1671.6377197266
1671.6377197266
1649.4330200195
1614.3344848633
1604.3351806641
1595.7197143555
1560.5018676758
1557.3392578125
1531.0504028320
1528.0491333008
1504.7589233398
1453.6222351074
1453.6222351074
1430.4263977051
1407.4178527832
1401.8935607910
1400.5675720215
1385.2745178223
1351.8829772949
1351.7909118652
1336.7090270996
1302.2813049316
1296.4804992676
1296.4804992676
1295.5250061035
1275.9168151855
1267.9772521973
1267.9772521973
1260.8404418945
1260.0466552734
1255.8715087891
1255.8715087891
1235.2098327637
1223.2804443359
1221.4612548828
1218.2039550781
1218.2039550781
1218.2039550781
1208.4107666016
1208.0435302734
1191.4974731445
1190.4194152832
1154.9860656738
1106.8077575684
1106.7815795898
1087.1618835449
1072.3839660645
1062.5954162598
1022.9190795898
1022.8672485352
1022.8672485352
1008.3261047363
996.6204284668
986.2144958496
974.2323608398
963.5997253418
963.3159729004
938.7910095215
916.9754455566
898.0001220703
883.0022766113
882.0750122070
861.8904174805
854.4107177734
853.3320617676
848.3902954102
841.1937255859
832.0108642578
822.3861206055
820.5567565918
812.6308044434
812.6308044434
803.9726806641
800.3984008789
793.0831329346
789.9545379639
776.4305633545
769.4122894287
764.2043548584
753.9517852783
738.4199981689
728.3510528564
720.9137603760
707.5523925781
707.2804016113
705.3490661621
697.7606018066
695.0432312012
679.1074890137
670.5409667969
662.4792724609
660.5082061768
655.6095916748
644.0027191162
640.1980865479
637.2435272217
637.2374786377
631.3287445068
615.5019134521
613.7709808350
609.2154510498
608.4744049072
607.9002349854
606.7430847168
605.2090393066
602.2264831543
599.3580261230
593.6578125000
591.5297790527
588.7462402344
582.3714660645
576.6934265137
566.9260498047
565.8214996338
561.7736297607
553.1126007080
549.3135803223
549.3135803223
549.0427185059
549.0427185059
541.0143432617
539.1405151367
538.7318359375
533.9674194336
525.9381683350
524.6865875244
524.6865875244
524.0376800537
522.0599243164
521.0954193115
513.6641143799
509.4966339111
509.4456695557
506.0833435059
500.0385742188
498.4293029785
498.4293029785
489.3186981201
484.8676483154
481.1997070313
481.0732147217
480.5970062256
480.5970062256
477.8464599609
477.7754516602
477.7754516602
472.1227722168
470.1250610352
468.6385070801
466.5649078369
465.6422882080
462.4514221191
461.2640045166
459.6640228271
459.6033813477
458.1073791504
458.1073791504
457.0045867920
454.9757446289
454.6405029297
449.5679016113
449.3973510742
448.9821350098
445.9017303467
443.8291961670
443.5327972412
443.1738647461
442.4209045410
441.7775573730
441.5363250732
438.3612670898
438.0363662720
437.1578323364
437.1578323364
436.1735580444
435.2448593140
432.2499160767
432.2499160767
431.8986709595
431.6286087036
431.4435317993
431.4435317993
431.3791641235
431.3530746460
425.9025985718
425.9025985718
425.7922821045
425.7922821045
425.7922821045
423.1596496582
419.8196228027
418.7538421631
418.6342834473
415.0810089111
414.6356689453
413.4861083984
408.6513732910
404.2403488159
404.1260086060
402.9430465698
402.5505447388
400.8166458130
400.8166458130
398.9092330933
396.7077743530
396.5834762573
392.5660842896
385.2195785522
382.2634841919
381.0450653076
381.0450653076
381.0450653076
380.9215423584
376.0892059326
374.6890151978
371.3375198364
371.3375198364
368.4948928833
367.8197189331
363.1963699341
363.1963699341
363.1963699341
363.1963699341
361.3735763550
357.4938796997
357.4938796997
357.4938796997
356.4371963501
356.4371963501
356.2203933716
356.0989212036
354.0516403198
354.0516403198
354.0516403198
354.0516403198
354.0516403198
352.0261978149
350.5357284546
349.6810226440
349.0591506958
348.4886672974
348.4886672974
348.4815078735
347.5340316772
347.0659317017
346.9047225952
346.4379531860
346.4379531860
346.4379531860
344.6018936157
343.0598403931
342.3405868530
342.1007736206
341.0870407104
341.0870407104
341.0870407104
341.0870407104
338.8363067627
338.7435424805
338.0715393066
335.1135955811
334.1737487793
333.3104461670
332.7677139282
332.7677139282
332.7677139282
332.7677139282
332.7650741577
330.7522201538
328.1835189819
327.3914077759
326.2484603882
324.7712051392
324.7396713257
324.7396713257
324.5121032715
320.8141326904
319.9975189209
319.9975189209
319.8104339600
319.4011596680
319.1829650879
318.1805908203
317.8784637451
316.9021636963
316.7399887085
316.1638519287
316.1609863281
315.9581451416
313.2932205200
313.2932205200
310.9225540161
310.1627792358
310.1627792358
310.1627792358
309.9474014282
308.3239151001
308.2118057251
308.1684005737
303.9687515259
302.1885177612
302.1885177612
301.5381927490
301.2160324097
300.8773300171
298.9955718994
289.5417755127
289.0668579102
289.0668579102
289.0668579102
288.7941528320
288.4231445312
287.6739196777
287.6739196777
286.8089843750
285.4240631104
285.2773727417
285.2773727417
284.7545883179
284.4782363892
284.4782363892
284.4782363892
283.2845169067
282.4170303345
282.3827072144
282.3827072144
282.3827072144
282.2866928101
281.7146316528
278.9084579468
278.7984298706
277.7194473267
277.5970718384
277.2705886841
277.0627548218
276.7398513794
275.7704849243
275.7538467407
273.6621917725
273.6621917725
273.2765350342
273.1202133179
273.1202133179
271.8522811890
271.8522811890
271.5931655884
270.5794967651
270.1474014282
270.1474014282
269.7845291138
269.7845291138
269.1274642944
265.9065689087
265.7672988892
265.3210998535
263.5721847534
263.4254119873
263.1647109985
262.7483871460
262.7483871460
259.2118865967
258.8666625977
258.8666625977
257.0941024780
257.0435409546
256.8282485962
256.8221954346
256.1973083496
256.1966827393
255.0478240967
254.9858581543
254.9613128662
254.8292968750
254.4921157837
254.0113327026
252.3127731323
251.9513015747
251.5300476074
250.0193984985
250.0193984985
250.0193984985
250.0193984985
250.0091247559
249.9561676025
249.9561676025
249.9282577515
249.9282577515
249.9282577515
249.9267074585
249.9267074585
249.5628372192
249.5628372192
249.5628372192
249.5628372192
249.5628372192
249.5628372192
249.5251846313
246.0681838989
246.0681838989
245.6229705811
245.6156585693
244.7194458008
244.7194458008
243.8009521484
243.8009521484
243.6092086792
243.6092086792
243.6092086792
243.6092086792
243.6092086792
243.6092086792
243.6092086792
242.2321426392
241.1231307983
240.5880325317
240.4377868652
239.2869995117
237.9649963379
237.9649963379
237.9004394531
237.9004394531
237.9004394531
237.8723236084
237.8723236084
237.5282836914
237.5282836914
237.5151107788
236.6871047974
236.6796279907
236.1811172485
236.1811172485
236.1811172485
236.1811172485
236.1369308472
236.0616073608
236.0616073608
236.0616073608
235.8151626587
235.2770599365
235.2770599365
235.2770599365
234.8499511719
234.8499511719
234.8497177124
234.8497177124
234.7383102417
234.7383102417
234.7383102417
234.7383102417
234.6862625122
233.7868484497
233.5109420776
233.5086105347
233.5086105347
232.4309310913
232.1488937378
231.4813812256
231.4813812256
231.4813812256
231.1790237427
230.7428115845
230.6108383179
230.2296966553
230.2014724731
230.1225662231
230.1225662231
230.1225662231
229.4837844849
229.4837844849
229.2039749146
229.2039749146
229.0323348999
228.9600692749
228.4144638062
228.0427551270
228.0427551270
227.9099090576
227.5947326660
227.5947326660
227.5602523804
227.5224227905
227.5224227905
227.2377761841
226.6045875549
226.4130859375
226.4130859375
226.4130859375
226.4130859375
226.4130859375
226.2542831421
224.9082839966
224.9082839966
224.9082839966
224.3511886597
222.8388946533
221.3041259766
220.6250732422
220.2044372559
219.6856323242
219.6856323242
219.6856323242
219.3762863159
219.2112251282
219.2112251282
218.9599388123
218.9599388123
218.9599388123
218.9599388123
218.5141304016
218.2235694885
217.8016319275
217.8016319275
217.8016319275
217.7750984192
216.9384391785
216.0119270325
215.5623680115
215.2653282166
214.7938926697
214.7938926697
214.7938926697
213.0864906311
212.3115623474
212.0672019958
211.2126365662
211.1218330383
211.1218330383
211.1218330383
211.1218330383
210.8284751892
209.7713676453
209.7713676453
209.5706077576
209.5052650452
209.4753715515
209.4753715515
208.5832328796
208.5832328796
208.5832328796
208.5832328796
207.3360313416
206.7220649719
206.7220649719
206.6492713928
206.6492713928
206.6492713928
206.6013130188
205.0268928528
205.0268928528
205.0268928528
204.6055633545
204.6055633545
204.2788711548
204.0882324219
204.0882324219
203.9719612122
203.9719612122
203.5748939514
203.0227851868
203.0091209412
203.0091209412
202.7556541443
202.7556541443
202.1565605164
202.1565605164
202.0154609680
201.5920066833
200.6614784241
200.5507423401
200.5507423401
200.2171607971
200.2171607971
199.9800621033
199.7396041870
199.7396041870
199.7396041870
198.8801162720
198.8649017334
198.8649017334
198.6521469116
198.3323257446
198.3323257446
198.1803565979
197.9305244446
197.9305244446
197.9305244446
197.6237068176
197.4154319763
197.4154319763
197.4154319763
197.1954971313
196.9724884033
196.9449661255
196.7445846558
196.7445846558
196.7445846558
196.7445846558
196.7445846558
196.7445846558
196.7445846558
196.7162170410
196.7162170410
196.5267883301
196.5236442566
196.3421409607
196.2983650208
196.2983650208
196.2185295105
196.2185295105
196.2185295105
195.8126136780
195.8126136780
195.6047752380
195.6047752380
195.6047752380
195.6047752380
195.6047752380
195.6047752380
195.5808540344
195.5808540344
195.5808540344
195.5808540344
195.5808540344
195.3756782532
195.3494148254
195.3494148254
195.1166969299
195.1166969299
194.5855293274
194.5855293274
194.5855293274
194.5855293274
194.5855293274
194.5855293274
194.5855293274
193.7854103088
193.7854103088
193.7854103088
193.0954368591
193.0474906921
192.9237098694
192.7328392029
192.7328392029
192.7036170959
192.5095024109
192.5095024109
192.5095024109
192.4674385071
192.2607490540
192.2607490540
192.2607490540
191.9878501892
191.7117858887
191.6471908569
190.3582626343
189.3146881104
189.3146881104
189.1510421753
189.0020347595
188.4064483643
188.4064483643
188.4064483643
188.4064483643
188.4064483643
188.3079010010
188.1887756348
187.6715286255
187.4900268555
186.7157196045
186.6199844360
186.2022476196
186.2022476196
186.2022476196
186.2022476196
186.1413017273
185.9596046448
185.9596046448
185.9596046448
185.8393348694
185.8393348694
185.7332893372
185.5707382202
185.5707382202
185.4003684998
185.4003684998
185.3462654114
184.8130638123
184.8130638123
184.8130638123
184.8130638123
184.8130638123
184.4032920837
184.4032920837
184.4032920837
184.1977973938
184.1977973938
184.1977973938
184.1977973938
184.1977973938
184.1977973938
184.1570274353
184.0141654968
183.9001914978
183.7384414673
183.7384414673
183.7384414673
183.7384414673
183.7384414673
183.4400253296
183.4233291626
183.1794052124
183.1794052124
183.1721008301
183.1721008301
183.1721008301
182.9922607422
182.9922607422
182.9538040161
182.9538040161
182.9538040161
182.9296112061
182.7951309204
182.7951309204
182.7918457031
182.7697311401
182.7697311401
182.3928825378
181.7402320862
181.6511848450
180.9883552551
180.9883552551
180.9674873352
180.9674873352
180.6572257996
180.6572257996
180.3944389343
180.3944389343
180.1180450439
179.6777725220
179.6509231567
179.6509231567
179.4858871460
179.4858871460
179.4858871460
179.3540588379
179.2842712402
179.2842712402
179.2842712402
179.2842712402
179.2842712402
179.2842712402
179.1403411865
178.9066184998
178.9066184998
178.9066184998
178.9066184998
178.6902565002
178.6902565002
178.6902565002
178.6902565002
178.5536552429
178.5536552429
178.5334678650
178.5334678650
178.5334678650
178.5334678650
178.5334678650
176.9463500977
176.9463500977
176.6611083984
176.6117935181
176.6117935181
176.6117935181
176.6117935181
176.6117935181
176.6117935181
176.3659744263
176.3659744263
176.3659744263
176.0858345032
175.9355003357
175.8979133606
175.8821250916
175.8821250916
175.8821250916
175.2199943542
174.7160423279
174.7160423279
174.7160423279
174.5073982239
174.3089256287
174.3089256287
174.3089256287
173.6789573669
173.6265617371
173.6265617371
173.6265617371
173.6265617371
173.4779289246
173.4779289246
173.3300773621
172.6909782410
172.6909782410
172.6909782410
172.6516616821
172.6516616821
172.6516616821
172.6330932617
172.5696563721
172.5696563721
172.5696563721
172.5696563721
172.1115577698
172.1115577698
172.0576316833
172.0075775146
172.0075775146
172.0075775146
172.0072158813
171.9043807983
171.1755508423
171.1755508423
171.1755508423
171.1755508423
171.1755508423
171.1684768677
171.1382873535
171.1382873535
171.0958541870
171.0547866821
171.0547866821
170.7405227661
170.6328674316
170.3002029419
170.3002029419
169.8749786377
169.8749786377
169.8749786377
169.8749786377
169.8749786377
169.8588912964
169.5398864746
169.3989074707
169.3989074707
169.3799758911
169.3799758911
169.3799758911
169.3515792847
169.3515792847
169.3515792847
169.3225601196
169.3225601196
169.3225601196
168.9957443237
168.9957443237
168.9957443237
168.9957443237
168.9920837402
168.9429183960
168.9429183960
168.9429183960
168.9429183960
168.9429183960
168.9429183960
168.9051620483
168.6171203613
168.6171203613
168.5658248901
168.5658248901
168.5658248901
168.2951377869
168.2346183777
168.2312995911
168.2312995911
168.2312995911
168.2194358826
168.2194358826
168.2194358826
168.2194358826
168.2194358826
168.1454765320
168.1454765320
167.6214347839
167.6214347839
167.6214347839
167.6214347839
167.5942100525
167.3999244690
167.3060188293
167.3060188293
167.3060188293
167.3060188293
167.2896385193
167.2732994080
167.2422500610
167.1289352417
167.1179870605
167.1179870605
166.9468429565
166.9468429565
166.9169891357
166.7989021301
166.7989021301
166.7597717285
166.7597717285
166.7597717285
166.7597717285
166.7597717285
166.7597717285
166.4683700562
166.4683700562
166.4683700562
166.4683700562
166.0775894165
164.9121948242
164.9121948242
164.8698760986
164.3472778320
164.3472778320
164.3472778320
164.3472778320
164.0166381836
164.0072784424
164.0072784424
164.0072784424
164.0072784424
164.0072784424
164.0072784424
164.0072784424
164.0072784424
164.0072784424
164.0072784424
163.9531936646
162.9480590820
162.8572944641
162.4645881653
161.5683235168
161.5683235168
161.4586601257
161.4586601257
161.4586601257
161.4586601257
161.4586601257
161.4586601257
161.4249229431
161.4249229431
161.4156837463
161.4156837463
161.4156837463
161.4156837463
161.4156837463
161.0319343567
161.0319343567
160.9527107239
160.7907417297
160.7907417297
160.7811584473
160.7811584473
160.7811584473
160.5335525513
160.4802490234
160.4802490234
160.4802490234
160.4802490234
160.4802490234
160.4802490234
160.4802490234
160.4802490234
160.4731338501
160.3707717896
160.3707717896
160.3574523926
160.1921432495
160.1499855042
159.9641639709
159.9641639709
159.8327507019
159.8327507019
159.8327507019
159.8327507019
159.8327507019
159.8135673523
159.7781974792
159.7781974792
159.7039649963
159.7039649963
159.7039649963
159.1083183289
159.1083183289
159.1083183289
159.0359138489
159.0359138489
159.0359138489
159.0359138489
159.0359138489
159.0359138489
159.0359138489
159.0359138489
159.0253944397
159.0253944397
158.7042747498
158.7042747498
158.7042747498
158.7042747498
158.7042747498
158.7042747498
158.7042747498
158.7042747498
158.7042747498
158.7042747498
158.6282211304
158.5010833740
158.5010833740
158.5010833740
158.3536148071
158.2224411011
158.1235015869
158.1235015869
158.1208282471
158.1141983032
158.1141983032
158.1141983032
158.1141983032
158.1141983032
158.0284484863
158.0284484863
158.0284484863
157.9713302612
157.8167648315
157.7802520752
157.7802520752
157.7802520752
157.2124198914
157.2124198914
157.2124198914
157.2124198914
157.0099754333
157.0078926086
157.0078926086
156.6964164734
156.6964164734
156.4432212830
156.4432212830
156.4432212830
156.1055229187
155.8691581726
155.8691581726
155.8281547546
155.8281547546
155.7165054321
155.7165054321
155.7165054321
155.7165054321
155.6338287354
155.6338287354
155.6338287354
155.6338287354
155.6338287354
155.6338287354
155.6338287354
155.6338287354
155.6338287354
155.6338287354
155.6333564758
155.4236198425
155.4236198425
155.4236198425
155.4124504089
155.3809547424
155.3809547424
155.3809547424
155.3809547424
155.3248985291
155.3248985291
155.3248985291
155.2906959534
155.2906959534
155.2906959534
155.2906959534
155.2906959534
155.2906959534
155.2906959534
155.2906959534
155.2131660461
155.0527366638
155.0527366638
154.9498039246
154.9119773865
154.9119773865
154.9119773865
154.7411033630
154.5349601746
154.5349601746
154.5349601746
154.5349601746
154.5349601746
154.5349601746
154.4741447449
154.4160934448
154.4160934448
154.4160934448
154.4160934448
154.4160934448
154.4160934448
154.4160934448
154.4160934448
154.4153762817
154.1847457886
154.1847457886
154.1604705811
153.9080825806
153.9080825806
153.9030151367
153.5733245850
153.4914108276
153.4503860474
153.4503860474
153.3181793213
153.3181793213
153.3181793213
153.3150939941
153.3150939941
153.3150939941
153.3150939941
153.3150939941
153.3150939941
153.3150939941
153.3150939941
153.1176361084
153.1176361084
153.1176361084
152.7722930908
152.7722930908
152.7722930908
152.7722930908
152.6147277832
152.4637557983
152.4637557983
152.4637557983
152.4378250122
152.4378250122
152.4378250122
152.4070327759
152.3884185791
152.3884185791
152.1550033569
152.1550033569
152.1550033569
152.1379440308
152.1379440308
152.1379440308
152.1379440308
152.1379440308
152.1379440308
152.1379440308
152.1379440308
151.9248031616
151.9248031616
151.8043594360
151.7647750854
151.7647750854
151.7647750854
151.7092361450
151.7076828003
151.5864196777
151.5864196777
151.3394332886
151.3394332886
151.3394332886
151.2253067017
151.2253067017
151.2253067017
151.0661819458
151.0661819458
151.0661819458
151.0661819458
151.0661819458
151.0661819458
151.0646118164
151.0646118164
151.0646118164
150.1414840698
150.1414840698
150.1414840698
150.1414840698
150.1414840698
150.1414840698
150.1414840698
150.1414840698
150.0969711304
150.0969711304
150.0785453796
149.9713325500
149.9030754089
149.9030754089
149.9030754089
149.9030754089
149.9030754089
149.9030754089
149.9030754089
149.9030754089
149.7637733459
149.7637733459
149.7637733459
149.7637733459
149.7637733459
149.7637733459
149.7632209778
149.7632209778
149.7632209778
149.7632209778
149.7632209778
149.7524147034
149.7524147034
149.7524147034
149.7524147034
149.7524147034
149.7524147034
149.7524147034
149.7524147034
149.6985923767
149.6985923767
149.6985923767
149.6201866150
149.6201866150
149.6201866150
149.5957572937
149.5957572937
149.5957572937
149.5957572937
149.5957572937
149.3313896179
149.3313896179
149.3313896179
149.2765449524
149.2765449524
149.1459671021
149.1191055298
149.1191055298
149.1191055298
149.1191055298
149.1191055298
149.1191055298
149.1191055298
149.1191055298
149.1191055298
148.9184417725
148.9184417725
148.8909179687
148.8909179687
148.6760208130
148.6760208130
148.6760208130
148.6760208130
148.5959335327
148.5959335327
148.5959335327
148.5959335327
148.5959335327
148.5873687744
148.5873687744
148.5873687744
148.5873687744
148.5873687744
148.5873687744
148.5873687744
148.5873687744
148.5873687744
148.3629882813
148.3629882813
148.3629882813
148.3629882813
148.3629882813
148.3629882813
148.3629882813
148.3629882813
148.3629882813
148.3629882813
148.2692352295
148.2692352295
148.2692352295
148.2692352295
148.2692352295
148.2384033203
148.2384033203
147.7956398010
147.7956398010
147.7956398010
147.6791389465
147.6791389465
147.6791389465
147.6791389465
147.5121284485
147.4738372803
147.4738372803
147.4738372803
147.4738372803
147.4587356567
147.4587356567
147.4587356567
147.2569229126
147.1833618164
147.1833618164
147.1770957947
147.1770957947
146.1190750122
146.1190750122
146.1097946167
146.1097946167
146.1097946167
146.1097946167
146.0563232422
146.0563232422
146.0563232422
146.0563232422
146.0563232422
146.0563232422
146.0563232422
146.0563232422
146.0563232422
146.0563232422
145.9709167480
145.9709167480
145.9709167480
145.9709167480
145.9640106201
145.9640106201
145.9640106201
145.9640106201
145.9640106201
145.9640106201
145.8066902161
145.8066902161
145.8066902161
145.8066902161
145.8066902161
145.8066902161
145.8066902161
145.7536750793
145.7536750793
145.7536750793
145.6411949158
145.6411949158
145.6411949158
145.6411949158
145.6411949158
145.4678077698
145.4678077698
145.4678077698
145.4185295105
145.4185295105
145.4185295105
145.4185295105
145.4185295105
145.4185295105
145.3869003296
145.0544052124
145.0544052124
145.0544052124
145.0544052124
145.0379501343
145.0379501343
145.0379501343
145.0379501343
145.0379501343
144.9787979126
144.9787979126
144.9787979126
144.9787979126
144.9787979126
144.9787979126
144.9787979126
144.9787979126
144.9787979126
144.8047920227
144.8047920227
144.4612251282
144.4612251282
144.4612251282
144.2713462830
144.1203712463
144.1203712463
144.1203712463
144.1203712463
144.1203712463
144.1203712463
144.1203712463
144.1203712463
144.1203712463
144.1203712463
144.1203712463
144.1203712463
143.8199615479
143.5373039246
143.5146102905
143.4185516357
143.4185516357
143.0386230469
143.0386230469
143.0386230469
143.0386230469
143.0386230469
143.0386230469
143.0386230469
143.0386230469
143.0386230469
143.0255386353
143.0255386353
143.0255386353
143.0255386353
143.0255386353
142.7799545288
142.7091842651
142.6099914551
142.6099914551
142.6099914551
142.6099914551
142.6099914551
142.6099914551
142.6099914551
142.6089126587
142.6089126587
142.6089126587
142.6089126587
142.6089126587
142.4943313599
142.4600654602
142.4600654602
142.4600654602
142.3734260559
142.3734260559
142.3734260559
142.3734260559
142.3734260559
142.3734260559
142.3734260559
142.3734260559
142.3734260559
142.3734260559
142.3734260559
142.3734260559
142.3734260559
142.3734260559
142.1528522491
142.1528522491
142.1528522491
142.1528522491
142.1528522491
142.1528522491
142.1528522491
142.1528522491
142.1528522491
142.1528522491
142.1528522491
142.1528522491
142.1528522491
142.0820194244
142.0820194244
142.0820194244
142.0496402740
142.0496402740
142.0042667389
142.0042667389
141.9841480255
141.9841480255
141.8865009308
141.8865009308
141.8865009308
141.8865009308
141.8715801239
141.8481731415
141.8481731415
141.8481731415
141.8481731415
141.8481731415
141.8481731415
141.8481731415
141.7439037323
141.7439037323
141.7219974518
141.7219974518
141.7219974518
141.7219974518
141.6837528229
141.6662921906
141.6662921906
141.6662921906
141.6587192535
141.6587192535
141.6587192535
141.6351352692
141.6351352692
141.6351352692
141.6351352692
141.6351352692
141.6351352692
141.6351352692
141.6351352692
141.6351352692
141.5938404083
141.5938404083
141.4837802887
141.4837802887
141.4550556183
141.4550556183
141.4550556183
141.4519992828
141.4519992828
141.4519992828
141.4519992828
141.4519992828
141.4519992828
141.4519992828
141.4519992828
141.4519992828
141.4519992828
141.4519992828
141.4075580597
141.4075580597
141.4075580597
141.4075580597
141.4075580597
141.3957279205
141.3800754547
141.3800754547
141.3800754547
141.3800754547
141.3800754547
141.3800754547
141.3800754547
141.3800754547
141.3800754547
141.3800754547
140.9734149933
140.9734149933
140.9734149933
140.9734149933
140.8675296783
140.8323337555
140.8323337555
140.8323337555
140.8323337555
140.8009372711
140.7345569611
140.7345569611
140.7303287506
140.7303287506
140.7303287506
140.7303287506
140.7303287506
140.7303287506
140.7303287506
140.6852767944
140.6852767944
140.6852767944
140.6852767944
140.6852767944
140.6852767944
140.6852767944
140.6852767944
140.6852767944
140.6852767944
140.6557617188
140.6557617188
140.6557617188
140.6557617188
140.6551467896
140.6551467896
140.6551467896
140.4916107178
140.4153366089
140.2728347778
140.2728347778
140.2728347778
140.2728347778
140.2728347778
140.1302627563
140.1208007813
140.1208007813
140.0531478882
140.0531478882
139.9545806885
139.7456542969
139.7456542969
139.7456542969
139.7456542969
139.6470596313
139.6470596313
139.6236404419
139.6236404419
139.5070884705
139.5070884705
139.3178016663
139.3178016663
139.3178016663
139.3178016663
139.3178016663
139.2835792542
139.2835792542
139.2654747009
139.2654747009
139.2246910095
139.2246910095
139.2206336975
139.2206336975
139.2206336975
139.2206336975
139.2206336975
139.2206336975
139.2206336975
139.2206336975
139.1161201477
139.1078048706
139.1078048706
139.0996658325
139.0996658325
139.0996658325
139.0996658325
139.0996658325
139.0701354980
139.0701354980
139.0701354980
139.0701354980
139.0701354980
139.0607444763
139.0607444763
139.0607444763
138.9929206848
138.9929206848
138.9929206848
138.9678504944
138.9678504944
138.9408439636
138.6750602722
138.6750602722
138.6633201599
138.6633201599
138.6555610657
138.6555610657
138.6555610657
138.5537921906
138.4962619781
138.4962619781
138.4962619781
138.4962619781
138.4962619781
138.4962619781
138.4962619781
138.4533168793
138.4533168793
138.4258586884
138.4258586884
138.4258586884
138.4258586884
138.4258586884
138.4258586884
138.4258586884
138.4258586884
138.4209339142
138.4209339142
138.4209339142
138.4209339142
138.4209339142
138.4209339142
138.4209339142
138.4203395844
138.4203395844
138.4203395844
138.4203395844
138.4203395844
138.4203395844
138.4203395844
138.4192546844
138.3830410004
138.3830410004
138.3754207611
138.3754207611
138.3754207611
138.3754207611
138.3644145966
138.3644145966
138.3644145966
138.3644145966
138.3644145966
138.3644145966
138.3644145966
138.3644145966
138.3644145966
138.3644145966
138.3644145966
138.3270732880
138.3270732880
138.3270732880
138.3270732880
138.3270732880
138.3270732880
138.3270732880
138.3270732880
138.3270732880
138.3270732880
138.3270732880
138.3270732880
138.3270732880
138.2134311676
138.2134311676
138.2134311676
138.2134311676
138.2134311676
138.2134311676
138.2134311676
138.1904315948
138.1695865631
138.1695865631
138.1691051483
138.1691051483
138.1430614471
138.1430614471
138.1393291473
138.1263759613
138.1256740570
138.1240558624
138.1218387604
138.1218387604
138.1218387604
138.1218387604
138.1218387604
138.0821277618
138.0821277618
138.0821277618
138.0821277618
138.0821277618
138.0821277618
138.0821277618
138.0821277618
138.0821277618
138.0821277618
138.0821277618
138.0821277618
138.0703571320
138.0703571320
138.0041782379
138.0041782379
137.8748615265
137.8748615265
137.8748615265
137.8748615265
137.8748615265
137.8426548004
137.8316181183
137.8316181183
137.8316181183
137.8316181183
137.8316181183
137.8316181183
137.8316181183
137.8316181183
137.8316181183
137.8316181183
137.8316181183
137.8316181183
137.8316181183
137.8316181183
137.8316181183
137.8093784332
137.7666900635
137.7666900635
137.6490470886
137.6135765076
137.6135765076
137.6135765076
137.6135765076
137.6135765076
137.6135765076
137.6135765076
137.6135765076
137.6135765076
137.6135765076
137.5215049744
137.5215049744
137.5215049744
137.0045387268
137.0045387268
137.0045387268
136.9406578064
136.9406578064
136.9406578064
136.9406578064
136.9406578064
136.9063362122
136.9063362122
136.9063362122
136.9063362122
136.9063362122
136.9063362122
136.6773048401
136.6773048401
136.6773048401
136.6773048401
136.6668846130
136.6668846130
136.6668846130
136.6668846130
136.6289169312
136.6289169312
136.4789962769
136.4789962769
136.4018615723
136.4018615723
136.3475700378
136.3475700378
136.3400611877
136.3400611877
136.3400611877
136.3243461609
136.1339469910
136.1339469910
136.1339469910
136.1339469910
136.1339469910
136.1339469910
136.1339469910
136.1339469910
135.8117393494
135.8117393494
135.8117393494
135.8117393494
135.8117393494
135.8117393494
135.8117393494
135.8117393494
135.8117393494
135.8117393494
135.8117393494
135.8117393494
135.8117393494
135.8117393494
135.8117393494
135.8117393494
135.8117393494
135.8117393494
135.8117393494
135.8117393494
135.8117393494
135.8117393494
135.8117393494
135.8117393494
135.7947227478
135.7811912537
135.7577964783
135.7577964783
135.7577964783
135.7577964783
135.7577964783
135.7577964783
135.7577964783
135.7577964783
135.7577964783
135.7577964783
135.7577964783
135.7455497742
135.7455497742
135.7455497742
135.7455497742
135.7455497742
135.7455497742
135.7455497742
135.7455497742
135.7455497742
135.7455497742
135.7455497742
135.7455497742
135.7455497742
135.7455497742
135.7455497742
135.7455497742
135.7455497742
135.7455497742
135.7455497742
135.7455497742
135.7171928406
135.7171928406
135.6982002258
135.6818855286
135.6818855286
135.6713279724
135.6564842224
135.6564842224
135.6465507507
135.6465507507
135.6465507507
135.6465507507
135.6465507507
135.6465507507
135.6465507507
135.6465507507
135.6465507507
135.6308158875
135.6308158875
135.6308158875
135.6308158875
135.6148048401
135.5533897400
135.2890327454
135.2286384583
135.2286384583
135.2286384583
135.2286384583
135.2286384583
135.2286384583
135.2286384583
135.2072166443
135.2072166443
135.2072166443
135.2072166443
135.2072166443
135.2072166443
135.2072166443
135.2072166443
135.2072166443
135.2072166443
135.2072166443
135.2072166443
135.2072166443
135.2072166443
135.2072166443
135.2072166443
135.2072166443
135.2072166443
135.2072166443
135.2072166443
135.2042533875
135.2042533875
135.2042533875
135.2042533875
135.2042533875
135.2042533875
135.2042533875
135.1987098694
135.1987098694
135.1515464783
135.1254066467
135.1254066467
135.1254066467
135.1254066467
135.1254066467
135.1227622986
135.1208366394
135.1208366394
135.1208366394
135.1208366394
135.1208366394
135.1208366394
135.1208366394
135.1208366394
135.1208366394
135.1208366394
135.1208366394
135.1208366394
135.1208366394
135.0743171692
135.0743171692
135.0743171692
135.0743171692
135.0743171692
135.0743171692
135.0743171692
135.0743171692
135.0743171692
135.0743171692
135.0743171692
135.0727401733
134.9680419922
134.8259353638
134.6536865234
134.6536865234
134.6535614014
134.6535614014
134.6324253082
134.6324253082
134.6324253082
134.3285816193
134.3285816193
134.1914386749
134.0333580017
134.0333580017
133.4876106262
133.4856987000
133.4856987000
133.4856987000
133.4856987000
133.4480567932
133.4480567932
133.4480567932
133.4480567932
133.4480567932
133.4480567932
133.4474403381
133.4474403381
133.4474403381
133.4474403381
133.4474403381
133.4474403381
132.8921546936
132.8921546936
132.8921546936
132.8921546936
132.8921546936
132.8921546936
132.8921546936
132.8921546936
132.8921546936
132.8680587769
132.8680587769
132.8680587769
132.8680587769
132.8680587769
132.8680587769
132.8680587769
132.8680587769
132.8680587769
132.8522964478
132.8522964478
132.8522964478
132.8522964478
132.8522964478
132.8522964478
132.8420375824
132.8420375824
132.7186851501
132.7186851501
132.7186851501
132.7186851501
132.7186851501
132.7186851501
132.7186851501
132.7186851501
132.7163070679
132.7163070679
132.7163070679
132.7163070679
132.7163070679
132.6760997772
132.6760997772
132.6760997772
132.6760997772
132.6760997772
132.6735546112
132.6735546112
132.6735546112
132.6735546112
132.6735546112
132.6735546112
132.6735546112
132.6735546112
132.6735546112
132.6735546112
132.6735546112
132.6508861542
132.5959590912
132.5959590912
132.5959590912
132.5959590912
132.5959590912
132.5959590912
132.5959590912
132.5959590912
132.5959590912
132.5959590912
132.5959590912
132.5959590912
132.5959590912
132.5959590912
132.5959590912
132.5919139862
132.5919139862
132.5919139862
132.4863903046
132.4253688812
132.4253688812
132.4253688812
132.4253688812
132.4253688812
132.4253688812
132.4253688812
132.4253688812
132.4253688812
132.2549434662
132.2186550140
132.2186550140
132.2186550140
132.2186550140
132.1992328644
132.1290958405
131.5596088409
131.5596088409
131.4401004791
131.4401004791
131.4401004791
131.4401004791
131.4401004791
131.4401004791
131.4401004791
131.4401004791
131.4401004791
131.4401004791
131.4295551300
131.4295551300
131.4295551300
131.4295551300
131.1638393402
131.1638393402
131.1638393402
131.0786220551
131.0786220551
131.0786220551
131.0786220551
131.0786220551
131.0786220551
131.0786220551
131.0786220551
131.0786220551
130.9732723236
130.9732723236
130.9732723236
130.9732723236
130.9732723236
130.9732723236
130.9112957001
130.9112957001
130.9112957001
130.8856090546
130.8856090546
130.8856090546
130.8856090546
130.8856090546
130.8856090546
130.8856090546
130.8856090546
130.8856090546
130.8664455414
130.8596004486
130.8596004486
130.8596004486
130.8596004486
130.8596004486
130.8596004486
130.8596004486
130.8596004486
130.8596004486
130.8596004486
130.8596004486
130.8596004486
130.6641887665
130.6641887665
130.6641887665
130.6641887665
130.6641887665
130.6641887665
130.6641887665
130.6641887665
130.6641887665
130.6641887665
130.6641887665
130.6641887665
130.6641887665
130.6488628387
130.6488628387
130.6488628387
130.6488628387
130.6488628387
130.5616016388
130.5616016388
130.5616016388
130.5616016388
130.5616016388
130.4900943756
130.4900943756
130.4900943756
129.7693515778
129.7693515778
129.7693515778
129.7693515778
129.7693515778
129.7574100494
129.7230609894
129.7230609894
129.7060825348
129.7060825348
129.7060825348
129.7058979034
129.6804965973
129.6804965973
129.6804965973
129.6792835236
129.6792835236
129.6782169342
129.6782169342
129.6782169342
129.6782169342
129.6782169342
129.6615345001
129.6615345001
129.6615345001
129.6615345001
129.6615345001
129.6615345001
129.6615345001
129.6615345001
129.6615345001
129.6615345001
129.6615345001
129.6615345001
129.6615345001
129.6615345001
129.3095035553
129.3095035553
129.3095035553
129.3095035553
129.3090671539
129.3090671539
129.3090671539
129.3090671539
129.3090671539
129.3090671539
129.1613513947
129.0820735931
129.0820735931
128.9604946136
128.9604946136
128.9604946136
128.9604946136
128.9365871429
128.9365871429
128.9200969696
128.9200969696
128.9200969696
128.8566143036
128.8566143036
128.8566143036
128.8566143036
128.8566143036
128.7418544769
128.7418544769
128.7418544769
128.6910655975
128.6910655975
128.6910655975
128.6910655975
128.6910655975
128.6910655975
128.6910655975
128.5535907745
128.5535907745
128.5535907745
128.5535907745
128.5535907745
128.5535907745
128.5535907745
128.5535907745
128.5535907745
128.5535907745
128.5535907745
128.5535907745
128.5535907745
128.5015827179
128.5015827179
128.4591243744
128.4425838470
128.4425838470
128.4425838470
128.4366115570
128.4366115570
128.4366115570
128.4366115570
128.4366115570
128.4366115570
128.2771450043
128.2771450043
128.2538753510
128.2538753510
128.2538753510
127.9838878632
127.9838878632
127.9838878632
127.9838878632
127.9838878632
127.9838878632
127.9838878632
127.9838878632
127.9838878632
127.9838878632
127.9838878632
127.9838878632
127.9838878632
127.9814292908
127.9354103088
127.9354103088
127.9354103088
127.9354103088
127.9354103088
127.9354103088
127.9354103088
127.9354103088
127.9354103088
127.8740486145
127.8740486145
127.8740486145
127.8740486145
127.8740486145
127.8740486145
127.8679931641
127.8679931641
127.7625106812
127.7625106812
127.7625106812
127.7625106812
127.7558071136
127.7558071136
127.7270465851
127.7270465851
127.7270465851
127.7270465851
127.7270465851
127.7270465851
127.7270465851
127.7270465851
127.7270465851
127.7270465851
127.7270465851
127.7270465851
127.7270465851
127.7142108917
127.7142108917
127.7142108917
127.7142108917
127.7142108917
127.7142108917
127.7142108917
127.6389072418
127.6389072418
127.6389072418
127.6389072418
127.6389072418
127.6389072418
127.6389072418
127.6262096405
127.6262096405
127.6262096405
127.6262096405
127.5958034515
127.5958034515
127.5958034515
127.5958034515
127.5958034515
127.5958034515
126.9756771088
126.9756771088
126.9756771088
126.9756771088
126.9756771088
126.9265453339
126.9265453339
126.8445613861
126.8445613861
126.8445613861
126.8445613861
126.8445613861
126.8308765411
126.8308765411
126.8308765411
126.8308765411
126.8308765411
126.8308765411
126.8308765411
126.8308765411
126.8191303253
126.8191303253
126.8191303253
126.8191303253
126.8191303253
126.8176944733
126.7968006134
126.7968006134
126.7835712433
126.7835712433
126.7488437653
126.7488437653
126.7488437653
126.7488437653
126.7488437653
126.7488437653
126.7488437653
126.7488437653
126.7488437653
126.7488437653
126.7488437653
126.7329154968
126.7329154968
126.7329154968
126.7329154968
126.7329154968
126.7329154968
126.7329154968
126.7329154968
126.7329154968
126.7329154968
126.7329154968
126.7329154968
126.7329154968
126.7329154968
126.7329154968
126.7329154968
126.7329154968
126.7329154968
126.7329154968
126.7329154968
126.7329154968
126.7329154968
126.6559989929
126.6559989929
126.6559989929
126.6559989929
126.6559989929
126.6559989929
126.6559989929
126.6559989929
126.6559989929
126.6557128906
126.6557128906
126.6557128906
126.6557128906
126.6557128906
126.4417480469
126.4135589600
126.4116821289
126.4116821289
126.4116821289
126.4116821289
126.4116821289
126.4116821289
126.4116821289
126.4116821289
126.4116821289
126.4116821289
126.4116821289
126.4116821289
125.9364456177
125.9006317139
125.8951828003
125.8951828003
125.8951828003
125.8910903931
125.8910903931
125.8757247925
125.8757247925
125.8177261353
125.7911392212
125.7911392212
125.7722549438
125.7722549438
125.7722549438
125.7722549438
125.7722549438
125.7716392517
125.7716392517
125.7716392517
125.7716392517
125.7716392517
125.7716392517
125.7716392517
125.7716392517
125.7716392517
125.7716392517
125.7023231506
125.7023231506
125.7023231506
125.7023231506
125.7023231506
125.7023231506
125.7023231506
125.7023231506
125.7023231506
125.7023231506
125.7023231506
125.7023231506
125.7023231506
125.7023231506
125.7023231506
125.7023231506
125.7023231506
125.7023231506
125.7023231506
125.7023231506
125.7023231506
125.7023231506
125.7023231506
125.7023231506
125.7023231506
125.7023231506
125.7023231506
125.7023231506
125.7023231506
125.7023231506
125.7023231506
125.7023231506
125.7023231506
125.7023231506
125.7023231506
125.7023231506
125.6908676147
125.6908676147
125.6908676147
125.6908676147
125.6908676147
125.6908676147
125.6908676147
125.6908676147
125.6908676147
125.4664489746
125.4664489746
125.4664489746
125.4664489746
125.4664489746
125.4664489746
125.4613418579
125.4613418579
125.4613418579
125.4284080505
125.4284080505
125.3875324249
125.3875324249
125.3875324249
125.3875324249
125.3875324249
125.3875324249
125.3875324249
125.3875324249
125.3875324249
125.3875324249
125.3875324249
125.3868228912
125.3868228912
125.3868228912
125.3868228912
125.3868228912
125.3817920685
125.3487567902
125.3487567902
125.3487567902
125.3487567902
125.3487567902
125.3487567902
125.3487567902
125.3487567902
125.3487567902
125.3487567902
125.3487567902
125.3460285187
125.2955966949
125.2950588226
125.2934551239
125.2934551239
125.2934551239
125.2934551239
125.2934551239
125.2934551239
125.2934551239
125.2934551239
125.2673503876
125.2618785858
125.2618785858
125.2618785858
125.2618785858
125.2618785858
125.2618785858
125.2608760834
125.2608760834
125.2608760834
125.2608760834
125.2608760834
125.2608760834
125.2608760834
125.2608760834
125.2568386078
125.2568386078
125.2568386078
125.2568386078
125.2568386078
125.2568386078
125.2568386078
125.2568386078
125.0840572357
125.0840572357
125.0840572357
125.0840572357
125.0840572357
125.0840572357
125.0840572357
125.0840572357
125.0717830658
125.0717830658
125.0717830658
125.0717830658
125.0717830658
125.0717830658
125.0473690033
125.0473690033
124.9954357147
124.9954357147
124.9954357147
124.9280208588
124.9280208588
124.9280208588
124.9062480927
124.9062480927
124.9062480927
124.9062480927
124.9062480927
124.9062480927
124.8954280853
124.8954280853
124.6675434113
124.6620838165
124.6620838165
124.6620838165
124.6620838165
124.6620838165
124.6620838165
124.6620838165
124.6620838165
124.4165042877
124.4165042877
124.4165042877
124.4165042877
124.1059825897
124.1059825897
124.1059825897
123.9923572540
123.9923572540
123.9499774933
123.9499774933
123.9499774933
123.9499774933
123.9499774933
123.9499774933
123.9499774933
123.9499774933
123.9499774933
123.9499774933
123.9499774933
123.9499774933
123.9499774933
123.9499774933
123.9499774933
123.9499774933
123.9499774933
123.9499774933
123.9499774933
123.9499774933
123.9499774933
123.9496067047
123.9496067047
123.9496067047
123.9496067047
123.9496067047
123.9496067047
123.9496067047
123.9496067047
123.9496067047
123.9496067047
123.9496067047
123.9494831085
123.9494831085
123.9494831085
123.9494831085
123.9494831085
123.7769573212
123.7769573212
123.7769573212
123.7769573212
123.7769573212
123.7769573212
123.7541675568
123.7541675568
123.7374782562
123.7374782562
123.7374782562
123.7374782562
123.7374782562
123.6273342133
123.6273342133
123.6273342133
123.6273342133
123.6273342133
123.6273342133
123.6273342133
123.6273342133
123.6273342133
123.6273342133
123.6273342133
123.6267059326
123.6267059326
123.6223075867
123.6223075867
123.6223075867
123.6223075867
123.6223075867
123.6223075867
123.6223075867
123.6223075867
123.6223075867
123.6223075867
123.6223075867
123.6223075867
123.6223075867
123.6223075867
123.6029258728
123.6029258728
123.6029258728
123.6029258728
123.6029258728
123.6029258728
123.6029258728
123.6029258728
123.6029258728
123.6029258728
123.6012390137
123.6012390137
123.6012390137
123.6012390137
123.6012390137
123.6012390137
123.6012390137
123.6012390137
123.6012390137
123.6012390137
123.5621871948
123.5621871948
123.5621871948
123.5621871948
123.5621871948
123.5621871948
123.5621871948
123.5621871948
123.5621871948
123.5621871948
123.5621871948
123.5621871948
123.5621871948
123.5621871948
123.5252365112
123.5252365112
123.5252365112
123.5252365112
123.5252365112
123.5252365112
123.5252365112
123.5252365112
123.5123672485
123.5123672485
123.5123672485
123.4837081909
123.4837081909
123.4837081909
123.4837081909
123.4837081909
123.4837081909
123.4837081909
123.4837081909
123.4837081909
123.4837081909
123.4837081909
123.4837081909
123.4837081909
123.4837081909
123.4837081909
123.4837081909
123.4662826538
123.4662826538
123.4616142273
123.4616142273
123.4616142273
123.4616142273
123.4616142273
123.4616142273
123.4616142273
123.4616142273
123.4616142273
123.4616142273
123.4616142273
123.4616142273
123.4616142273
123.4616142273
123.4457359314
123.4261268616
123.4261268616
123.4141304016
123.4141304016
123.4141304016
123.4141304016
123.4141304016
123.4141304016
123.4141304016
123.4141304016
123.4141304016
123.4141304016
123.4135665894
123.4135665894
123.3943778992
123.1346702576
123.1346702576
123.1346702576
123.1346702576
123.1346702576
123.1346702576
123.1346702576
123.1346702576
123.1346702576
123.1346702576
123.1346702576
123.1346702576
123.1346702576
123.1346702576
123.1346702576
123.1340065002
123.1340065002
123.1340065002
123.1340065002
123.1340065002
123.1340065002
123.1107017517
123.1107017517
123.1107017517
123.1107017517
123.0905250549
123.0886863708
123.0370674133
122.9982658386
122.9982658386
122.9982658386
122.9957626343
122.9957626343
122.9957626343
122.9701004028
122.9701004028
122.9701004028
122.9701004028
122.9701004028
122.9473022461
122.9473022461
122.9424377441
122.9424377441
122.9424377441
122.9424377441
122.9424377441
122.7967552185
122.7967552185
122.6931247711
122.6931247711
122.6917953491
122.6917953491
122.6917953491
122.6917953491
122.6917953491
122.6917953491
122.6917953491
122.6917953491
122.6917953491
122.6917953491
122.6917953491
122.6917953491
122.6917953491
122.6917953491
122.6674690247
122.6674690247
122.6674690247
122.6674690247
122.6674690247
122.6674690247
122.6674690247
122.6674690247
122.6674690247
122.6674690247
122.6674690247
122.6674690247
122.6674690247
122.6674690247
122.6664527893
122.6664527893
122.6578636169
122.6578636169
122.6578636169
122.6578636169
122.6578636169
122.6578636169
122.6578636169
122.6578636169
122.6578636169
122.6578636169
122.6108215332
122.6108215332
122.4413803101
122.4413803101
122.4413803101
122.4051517487
122.4051517487
122.4051517487
122.4051517487
122.4051517487
122.4051517487
122.4051517487
122.4051517487
122.4051517487
122.4051517487
122.4051517487
122.4051517487
122.4051517487
122.4051517487
122.4051517487
122.4051517487
122.3820026398
122.3780445099
122.3780445099
122.3780445099
122.3780445099
122.3780445099
122.2717113495
122.2717113495
122.2717113495
122.2717113495
122.2717113495
122.2381191254
122.2381191254
122.2381191254
122.2381191254
122.1991359711
122.1991359711
122.1991359711
122.1991359711
122.1991359711
122.1991359711
122.1991359711
122.1991359711
122.1991359711
122.1991359711
122.1991359711
122.1991359711
122.1991359711
122.1991359711
122.1991359711
122.1991359711
122.1991359711
122.1991359711
122.1991359711
122.1991359711
122.1991359711
122.1991359711
122.1991359711
122.1991359711
122.1991359711
122.1991359711
122.1991359711
122.1991359711
122.1991359711
122.1991359711
122.1991359711
122.1991359711
122.0635372162
122.0635372162
122.0635372162
122.0635372162
122.0635372162
122.0635372162
122.0635372162
122.0635372162
122.0635372162
122.0635372162
122.0635372162
122.0635372162
122.0635372162
121.9584224701
121.9578151703
121.9578151703
121.9578151703
121.9578151703
121.7607540131
121.7607540131
121.7607540131
121.7607540131
121.7607540131
121.7607540131
121.7607540131
121.7607540131
121.7607540131
121.7607540131
121.7607540131
121.7607540131
121.7607540131
121.7607540131
121.7607540131
121.7607540131
121.7607540131
121.7607540131
121.7607540131
121.7607540131
121.7607540131
121.7607540131
121.7607540131
121.7600826263
121.7600826263
121.7600826263
121.7600826263
121.7398265839
121.7398265839
121.7398265839
121.7398265839
121.7398265839
121.7398265839
121.7398265839
121.7398265839
121.7398265839
121.7398265839
121.7398265839
121.7398265839
121.7398265839
121.7398265839
121.7398265839
121.7373302460
121.7311931610
121.7311931610
121.7311931610
121.7235000610
121.7235000610
121.7235000610
121.7235000610
121.7235000610
121.7235000610
121.7235000610
121.7165081024
121.7165081024
121.7165081024
121.7165081024
121.7165081024
121.7165081024
121.7165081024
121.7165081024
121.7165081024
121.7165081024
121.7156993866
121.7156993866
121.7156993866
121.7156993866
121.7156993866
121.7156993866
121.7156993866
121.7156993866
121.7156993866
121.7156993866
121.7089054108
121.7089054108
121.7089054108
121.7089054108
121.7089054108
121.7089054108
121.7089054108
121.7089054108
121.7089054108
121.7089054108
121.7089054108
121.7089054108
121.7089054108
121.7089054108
121.7089054108
121.7089054108
121.7089054108
121.7089054108
121.6652790070
121.6652790070
121.6652790070
121.6324542999
121.6324542999
121.6304965973
121.6304965973
121.6304965973
121.6304965973
121.6304965973
121.6304965973
121.6304965973
121.6304965973
121.6304965973
121.6304965973
121.6304965973
121.6110370636
121.6110370636
121.6110370636
121.6098468781
121.6098468781
121.6098468781
121.6098468781
121.5812915802
121.5812915802
121.5794452667
121.5751598358
121.5751598358
121.5592735291
121.5592735291
121.5592735291
121.5592735291
121.5592735291
121.5592735291
121.5592735291
121.5592735291
121.5592735291
121.5592735291
121.5592735291
121.5376792908
121.5367439270
121.5367439270
121.5367439270
121.5367439270
121.5367439270
121.5367439270
121.5367439270
121.5367439270
121.5367439270
121.5367439270
121.5328376770
121.5328376770
121.5328376770
121.5328376770
121.5328376770
121.3291267395
121.3291267395
121.3245506287
121.3245506287
121.3245506287
121.3245506287
121.3245506287
121.3245506287
121.3245506287
121.3245506287
121.3245506287
121.3245506287
121.3245506287
121.3090759277
121.3090759277
121.3090759277
121.3090759277
121.3090759277
121.2694915771
121.2694915771
121.2694915771
121.2694915771
121.2694915771
121.2653778076
121.2653778076
121.2653778076
121.2653778076
121.2653778076
121.2653778076
121.2586151123
121.2586151123
121.2586151123
121.2586151123
121.2586151123
121.2586151123
121.2586151123
121.2586151123
121.2586151123
121.2586151123
121.2586151123
121.2586151123
121.2586151123
121.2586151123
121.2586151123
121.2586151123
121.2586151123
121.2586151123
121.2586151123
121.2211898804
121.2211898804
121.1284439087
120.9947174072
120.9947174072
120.9947174072
120.9947174072
120.9947174072
120.9947174072
120.9947174072
120.9939147949
120.9939147949
120.9939147949
120.9939147949
120.9939147949
120.9939147949
120.9939147949
120.9939147949
120.9939147949
120.9939147949
120.9356185913
120.9356185913
120.9356185913
120.9356185913
120.9356185913
120.9346374512
120.9346374512
120.9346374512
120.9299507141
120.9116401672
120.9116401672
120.9116401672
120.9116401672
120.9116401672
120.9116401672
120.9116401672
120.8800117493
120.8800117493
120.8800117493
120.8800117493
120.8800117493
120.8800117493
120.8800117493
120.8506523132
120.8506523132
120.8506523132
120.8506523132
120.8506523132
120.8506523132
120.8506523132
120.8506523132
120.8506523132
120.8475624084
120.8475624084
120.8475624084
120.8475624084
120.8475624084
120.8475624084
120.8475624084
120.8475624084
120.8475624084
120.8475624084
120.8475624084
120.8331222534
120.7870391846
120.7870391846
120.7870391846
120.7870391846
120.7870391846
120.7870391846
120.7867286682
120.7867286682
120.7867286682
120.7867286682
120.7867286682
120.7867286682
120.7867286682
120.7867286682
120.7867286682
120.7867286682
120.7867286682
120.7522270203
120.7522270203
120.2903831482
120.2903831482
120.2837745667
120.2837745667
120.2837745667
120.2823829651
120.2823829651
120.2823829651
120.2736488342
120.2736488342
120.2736488342
120.2736488342
120.2736488342
120.2736488342
120.2736488342
120.2736488342
120.2736488342
120.2594902039
120.2588432312
120.2583351135
120.2583351135
120.2462833405
120.2462833405
120.2462833405
120.1762332916
120.1762332916
120.1762332916
120.1762332916
120.1756580353
120.1356304169
120.1356304169
120.1356304169
120.1356304169
120.1356304169
120.1356304169
120.1356304169
120.1296634674
120.1296634674
120.1296634674
120.1296634674
120.1296634674
120.1296634674
120.1296634674
120.1296634674
120.1296634674
120.1296634674
120.1296634674
120.1295413971
120.1295413971
120.1295413971
120.1295413971
120.1174755096
120.1126758575
120.1126758575
120.1126758575
120.1126758575
120.1126758575
120.1120265961
120.1120265961
120.1120265961
120.1120265961
120.1120265961
119.9912487030
119.9912487030
119.9912487030
119.9708503723
119.9708503723
119.9708503723
119.9708503723
119.9708503723
119.9708503723
119.9708503723
119.9708503723
119.9708503723
119.9708503723
119.9708503723
119.9708503723
119.9662757874
119.9655479431
119.9655479431
119.9655479431
119.9655479431
119.9655479431
119.9655479431
119.9655479431
119.9655479431
119.9655479431
119.9655479431
119.9051109314
119.9051109314
119.9051109314
119.9051109314
119.9022399902
119.9022399902
119.9022399902
119.8797698975
119.8797698975
119.8797698975
119.8797698975
119.8797698975
119.8797698975
119.8797698975
119.8797698975
119.8797698975
119.8797698975
119.8797698975
119.8512550354
119.8512550354
119.8500358582
119.8500358582
119.8500358582
119.8500358582
119.8500358582
119.8500358582
119.8500358582
119.8500358582
119.8500358582
119.8500358582
119.8500358582
119.8500358582
119.8500358582
119.8500358582
119.8500358582
119.8500358582
119.8500358582
119.8500358582
119.8500358582
119.8500358582
119.8500358582
119.8500358582
119.8500358582
119.8385284424
119.8347618103
119.8347618103
119.8347618103
119.8308860779
119.8308860779
119.8308860779
119.8308860779
119.8308860779
119.8308860779
119.8308860779
119.8308860779
119.8308860779
119.8308860779
119.8308860779
119.8308860779
119.8308860779
119.8308860779
119.8308860779
119.8308860779
119.8186134338
119.8139381409
119.8139381409
119.8139381409
119.8139381409
119.8139381409
119.7973487854
119.7973487854
119.7973487854
119.7973487854
119.7973487854
119.7973487854
119.7973487854
119.7973487854
119.7973487854
119.7973487854
119.7973487854
119.7973487854
119.7973487854
119.7973487854
119.7973487854
119.7973487854
119.7973487854
119.7973487854
119.7973487854
119.7973487854
119.7973487854
119.7973487854
119.7875968933
119.7875968933
119.7875968933
119.7875968933
119.7875968933
119.7875968933
119.7875968933
119.7875968933
119.7875968933
119.7875968933
119.7875968933
119.7875968933
119.7875968933
119.7875968933
119.7875968933
119.7875968933
119.7875968933
119.7875968933
119.7875968933
119.7875968933
119.7532600403
119.7532600403
119.7532600403
119.7532600403
119.7532600403
119.7498157501
119.7498157501
119.7498157501
119.7498157501
119.7498157501
119.7498157501
119.7498157501
119.7498157501
119.7498157501
119.7498157501
119.7498157501
119.7498157501
119.7498157501
119.7498157501
119.7498157501
119.7498157501
119.7466617584
119.7073688507
119.7073688507
119.7073688507
119.7073688507
119.7073688507
119.7073688507
119.7073688507
119.7073688507
119.7073688507
119.7073688507
119.7073688507
119.7073688507
119.7073688507
119.7073688507
119.7073688507
119.7073688507
119.7073688507
119.7073688507
119.7073688507
119.7073688507
119.7073688507
119.7073688507
119.7073688507
119.7073688507
119.7073688507
119.6876621246
119.6876621246
119.6876621246
119.6876621246
119.6876621246
119.6876621246
119.6876621246
119.6876621246
119.6876621246
119.6876621246
119.6876621246
119.6876621246
119.6876621246
119.6876621246
119.6876621246
119.6876621246
119.6876621246
119.6876621246
119.6876621246
119.6876621246
119.6876621246
119.6876621246
119.6876621246
119.6876621246
119.6876621246
119.6876621246
119.6876621246
119.6876621246
119.6876621246
119.6876621246
119.6876621246
119.6876621246
119.6876621246
119.6876621246
119.6876621246
119.6876621246
119.6876621246
119.6876621246
119.6876621246
119.6876621246
119.6876621246
119.6876621246
119.6876621246
119.6876621246
119.6876621246
119.6876621246
119.6876621246
119.6876621246
119.6876621246
119.6876621246
119.6876621246
119.6876621246
119.6876621246
119.6876621246
119.6876621246
119.6876621246
119.6862689972
119.6862689972
119.6862689972
119.6862689972
119.6862689972
119.6862689972
119.5951847076
119.5951847076
119.5951847076
119.5951847076
119.5951847076
119.5951847076
119.5951847076
119.5951847076
119.5951847076
119.5951847076
119.5438198090
119.5438198090
119.5438198090
119.5438198090
119.5438198090
119.5438198090
119.5438198090
119.5438198090
119.5438198090
119.5438198090
119.5438198090
119.5438198090
119.5438198090
119.5438198090
119.5438198090
119.5060451508
119.5060451508
119.5060451508
119.5060451508
119.5060451508
119.5060451508
119.5060451508
119.5060451508
119.5060451508
119.5060451508
119.5060451508
119.5060451508
119.5060451508
119.5060451508
119.5060451508
119.5060451508
119.5060451508
119.5060451508
119.5060451508
119.5060451508
119.5060451508
119.5060451508
119.4860912323
119.4790073395
119.4790073395
119.4790073395
119.4790073395
119.4790073395
119.4790073395
119.4301624298
119.4301624298
119.4301624298
119.4301624298
119.4301624298
119.4301624298
119.4301624298
119.4301624298
119.4301624298
119.4301624298
119.4301624298
119.4301624298
119.4301624298
119.4301624298
119.4301624298
119.4301624298
119.4301624298
119.4301624298
119.4301624298
119.4301624298
119.4301624298
119.4301624298
119.4301624298
119.4295139313
119.4295139313
119.4295139313
119.4295139313
119.4295139313
119.4295139313
119.4295139313
119.3844661713
119.3844661713
119.3844661713
119.3844661713
119.2524639130
119.2524639130
119.2524639130
119.2524639130
119.2524639130
119.2524639130
119.2524639130
119.2524639130
119.2524639130
119.2524639130
119.0586879730
119.0586879730
119.0586879730
119.0586879730
119.0586879730
119.0586879730
119.0586879730
119.0586879730
119.0586879730
119.0586879730
119.0586879730
119.0586879730
119.0586879730
119.0586879730
119.0586879730
119.0572574615
119.0572574615
119.0572574615
119.0572574615
119.0572574615
119.0470615387
119.0470615387
119.0470615387
119.0470615387
119.0470615387
119.0470615387
119.0470615387
118.2655094147
118.2655094147
118.2655094147
118.2578006744
118.2578006744
118.2578006744
118.2578006744
118.2578006744
118.2578006744
118.2225124359
118.2225124359
118.1535247803
118.1535247803
118.1535247803
118.1535247803
118.1535247803
118.1535247803
118.1535247803
118.1535247803
118.1310218811
118.1310218811
118.1309638977
118.1309638977
118.1309638977
118.1309638977
118.1309638977
118.1309638977
118.1309638977
118.1309638977
118.1309638977
118.1309638977
118.1309638977
118.1309638977
118.1309638977
118.1309638977
118.1309638977
118.1309638977
118.1309638977
118.1309638977
118.1309638977
118.1299903870
118.1299903870
118.1158271790
118.1158271790
118.1158271790
118.1158271790
118.1158271790
118.1158271790
118.1158271790
118.1158271790
118.0909812927
118.0909812927
118.0909812927
118.0909812927
118.0909812927
118.0909812927
118.0806900024
118.0806900024
118.0806900024
118.0806900024
118.0806900024
118.0782989502
118.0782989502
118.0782989502
118.0782989502
118.0782989502
118.0782989502
118.0782989502
118.0782989502
118.0782989502
118.0782989502
118.0782989502
118.0782989502
118.0782989502
118.0782989502
118.0782989502
118.0782989502
118.0782989502
118.0782989502
118.0782989502
118.0782989502
118.0782989502
118.0782989502
118.0782989502
118.0782989502
118.0782989502
118.0782989502
118.0782989502
118.0782989502
118.0782989502
118.0782989502
118.0782989502
118.0782989502
118.0782989502
118.0782989502
118.0782989502
118.0782989502
118.0782989502
118.0782989502
118.0745346069
118.0745346069
118.0745346069
118.0745346069
118.0745346069
118.0514480591
118.0300048828
118.0300048828
118.0300048828
118.0300048828
118.0300048828
118.0300048828
118.0300048828
118.0300048828
118.0300048828
118.0300048828
118.0300048828
118.0300048828
118.0300048828
118.0300048828
118.0300048828
118.0300048828
117.9659133911
117.9659133911
117.9476196289
117.9476196289
117.9232040405
117.9232040405
117.9232040405
117.9232040405
117.9232040405
117.9232040405
117.9232040405
117.9232040405
117.9232040405
117.9232040405
117.9232040405
117.9232040405
117.9232040405
117.9232040405
117.9232040405
117.9232040405
117.9232040405
117.8393066406
117.8355178833
117.7826065063
117.7826065063
117.7826065063
117.7826065063
117.7826065063
117.7826065063
117.7826065063
117.7826065063
117.7826065063
117.7798385620
117.7798385620
117.7798385620
117.7798385620
117.7798385620
117.7257659912
117.7257659912
117.7257659912
117.7257659912
117.7257659912
117.7257659912
117.7257659912
117.7257659912
117.7257659912
117.7257659912
117.7257659912
117.6140884399
117.6140884399
117.6140884399
117.6140884399
117.6140884399
117.6140884399
117.6140884399
117.6140884399
117.6140884399
117.6140884399
117.6140884399
117.6140884399
117.6140884399
117.6140884399
117.6140884399
117.6140884399
117.5708320618
117.5708320618
117.5708320618
117.5708320618
117.5708320618
117.5708320618
117.5708320618
117.5708320618
117.5708320618
117.5708320618
117.5679534912
117.5679534912
117.5679534912
117.5679534912
117.5679534912
117.5679534912
117.5679534912
117.5679534912
117.5679534912
117.5679534912
117.5679534912
117.5679534912
117.5679534912
117.5679534912
117.5679534912
117.5679534912
117.5679534912
117.5679534912
117.5679534912
117.5679534912
117.5679534912
117.5679534912
117.5679534912
117.5679534912
117.5679534912
117.5679534912
117.5679534912
117.5679534912
117.5072113037
117.5072113037
117.5072113037
117.5072113037
117.5072113037
117.5072113037
117.4953704834
117.4953704834
117.4953704834
117.4953704834
117.4953704834
117.4953704834
117.4953704834
117.4953704834
117.4953704834
117.4953704834
117.4953704834
117.4953704834
117.4953704834
117.4953704834
117.4953704834
117.4953704834
117.4789985657
117.4789985657
117.4789985657
117.4135116577
117.4135116577
117.4135116577
117.4135116577
117.4135116577
117.4135116577
117.4135116577
117.4135116577
117.4135116577
117.4135116577
117.4135116577
117.4135116577
117.4135116577
117.4135116577
117.4135116577
117.4135116577
117.4135116577
117.4135116577
117.4135116577
117.4135116577
117.4135116577
117.4075836182
117.4075836182
117.4075836182
117.3666717529
117.3666717529
117.3666717529
117.3662124634
117.3662124634
117.3662124634
117.3662124634
117.3662124634
117.3662124634
117.3662124634
117.3662124634
117.3661483765
117.3661483765
117.3661483765
117.3661483765
117.3661483765
117.3633949280
117.3633949280
117.3633949280
117.3595012665
117.3595012665
117.3595012665
117.3595012665
117.3595012665
117.3595012665
117.3595012665
117.3595012665
117.3595012665
117.3595012665
117.3595012665
117.3595012665
117.3595012665
117.3595012665
117.3595012665
117.3595012665
117.3595012665
117.3246955872
117.3246955872
117.3246955872
117.3246955872
117.3246955872
117.3246955872
117.3246955872
117.3246955872
117.3246955872
117.3246955872
117.3246955872
117.3246955872
117.3246955872
117.3246955872
117.3246955872
117.3246955872
117.3238639832
117.3238639832
117.3238639832
117.3238639832
117.3238639832
117.3238639832
117.3238639832
117.3238639832
117.3238639832
117.3238639832
117.3238639832
117.3238639832
117.3238639832
117.3238639832
117.3238639832
117.3238639832
117.3238639832
117.3238639832
117.3238639832
117.3238639832
117.3238639832
117.3238639832
117.3238639832
117.3238639832
117.3238639832
117.3238639832
117.3238639832
117.3238639832
117.3238639832
117.3238639832
117.3238639832
117.3238639832
117.3238639832
117.3238639832
117.3238639832
117.3238639832
117.3238639832
117.3238639832
117.3238639832
117.3238639832
117.3238639832
117.3238639832
117.3238639832
117.3238639832
117.3238639832
117.3238639832
117.3238639832
117.3238639832
117.3238639832
117.3238639832
117.3131141663
117.3131141663
117.3131141663
117.3131141663
117.3131141663
117.3131141663
117.3131141663
117.3131141663
117.3131141663
117.3131141663
117.2922092438
117.2922092438
117.2922092438
117.2922092438
117.2922092438
117.2922092438
117.2922092438
117.2922092438
117.2922092438
117.2922092438
117.2922092438
117.2922092438
117.2922092438
117.2922092438
117.2922092438
117.2922092438
117.2922092438
117.2922092438
117.2922092438
117.2922092438
117.2922092438
117.1108997345
117.1108997345
117.1108997345
117.1108997345
117.1108997345
117.1108997345
117.0502033234
116.8921001434
116.8921001434
116.8921001434
116.8921001434
116.8921001434
116.8921001434
116.8921001434
116.8921001434
116.8921001434
116.8921001434
116.8921001434
116.8921001434
116.8921001434
116.8921001434
116.8921001434
116.8921001434
116.8921001434
116.8605983734
116.8605983734
116.8605983734
116.8605983734
116.8605983734
116.8605983734
116.8605983734
116.8605983734
116.8605983734
116.8605983734
116.8605983734
116.8605983734
116.8605983734
116.8605983734
116.8605983734
116.8605983734
116.8605983734
116.8605983734
116.8605983734
116.8605983734
116.8605983734
116.8605983734
116.8605983734
116.8605983734
116.8605983734
116.8605983734
116.8605983734
116.8605983734
116.8605983734
116.8605983734
116.8605983734
116.8605983734
116.8605983734
116.8605983734
116.8605983734
116.8605983734
116.8605983734
116.8605983734
116.7560817719
116.7560817719
116.7560817719
116.7560817719
116.7560817719
116.7560817719
116.7560817719
116.7560817719
116.7560817719
116.7560817719
116.7560817719
116.7560817719
116.7560817719
116.7560817719
116.7510211945
116.7510211945
116.7510211945
116.7510211945
116.7510211945
116.7510211945
116.7510211945
116.7510211945
116.7510211945
116.7510211945
116.7510211945
116.7510211945
116.7510211945
116.7510211945
116.7510211945
116.7510211945
116.7510211945
116.7510211945
116.7510211945
116.7510211945
116.7164028168
116.7164028168
116.7164028168
116.7164028168
116.7164028168
116.7164028168
116.7164028168
116.7164028168
116.7164028168
116.7164028168
116.7164028168
116.7164028168
116.7164028168
116.7164028168
116.7164028168
116.7128520966
116.7128520966
116.7121158600
116.7121158600
116.6941951752
116.6941951752
116.6941951752
116.6941951752
116.6941951752
116.6858150482
116.6858150482
116.6858150482
116.6689250946
116.6689250946
116.6689250946
116.6689250946
116.6682247162
116.6239757538
116.6239757538
116.6239757538
116.6239757538
116.6239757538
116.6161861420
116.6161861420
116.6161861420
116.6161861420
116.6161861420
116.6161861420
116.6161861420
116.6161861420
116.6161861420
116.6161861420
116.6099781036
116.6099781036
116.6099781036
116.6099781036
116.6099781036
116.6099781036
116.6011997223
116.6011997223
116.6011997223
116.6011997223
116.6011997223
116.6000015259
116.6000015259
116.6000015259
116.6000015259
116.6000015259
116.6000015259
116.6000015259
116.6000015259
116.6000015259
116.6000015259
116.6000015259
116.5986305237
116.5986305237
116.5986305237
116.5986305237
116.5986305237
116.5986305237
116.5986305237
116.5920730591
116.5920730591
116.5920730591
116.5920730591
116.5920730591
116.5920730591
116.5620132446
116.5620132446
116.5620132446
116.5620132446
116.5620132446
116.5620132446
116.5620132446
116.5620132446
116.5620132446
116.5620132446
116.5620132446
116.5620132446
116.5620132446
116.5620132446
116.5620132446
116.5620132446
116.5620132446
116.5620132446
116.5620132446
116.5620132446
116.5620132446
116.5620132446
116.5620132446
116.5620132446
116.5620132446
116.5620132446
116.5620132446
116.5592613220
116.5592613220
116.5592613220
116.5592613220
116.5507995605
116.5462005615
116.5462005615
116.5462005615
116.5462005615
116.5356277466
116.5356277466
116.5210250854
116.5210250854
116.5210250854
116.5210250854
116.5210250854
116.5210250854
116.5154891968
116.5154891968
116.5154891968
116.5154891968
116.5154891968
116.5154891968
116.4554527283
116.4554527283
116.4554527283
116.4554527283
116.4554527283
116.4554527283
116.4554527283
116.4554527283
116.4554527283
116.4554527283
116.4554527283
116.4554527283
116.4554527283
116.4554527283
116.4263496399
116.4263496399
116.4263496399
116.4263496399
116.4263496399
116.4263496399
116.4263496399
116.4263496399
116.4263496399
116.4263496399
116.4263496399
116.4263496399
116.4263496399
116.4263496399
116.4263496399
116.4263496399
116.4263496399
116.4263496399
116.4263496399
115.6817169189
115.6817169189
115.6817169189
115.6817169189
115.6817169189
115.6817169189
115.6817169189
115.6812637329
115.6812637329
115.6812637329
115.6812637329
115.6812637329
115.6812637329
115.6812637329
115.6812637329
115.6812637329
115.6679199219
115.6679199219
115.6679199219
115.6679199219
115.6679199219
115.6671142578
115.6671142578
115.6671142578
115.6671142578
115.6671142578
115.6671142578
115.6671142578
115.6671142578
115.6657386780
115.6657386780
115.6657386780
115.6657386780
115.6657386780
115.6657386780
115.6657386780
115.6657386780
115.6657386780
115.6657386780
115.6657386780
115.6657386780
115.6657386780
115.6657386780
115.6657386780
115.6657386780
115.6657386780
115.6657386780
115.6657386780
115.6657386780
115.6657386780
115.6657386780
115.6657386780
115.6657386780
115.6657386780
115.6657386780
115.6657386780
115.6657386780
115.6657386780
115.6657386780
115.6657386780
115.6657386780
115.6657386780
115.6657386780
115.6657386780
115.6657386780
115.6657386780
115.6657386780
115.6657386780
115.6657386780
115.6622261047
115.6622261047
115.6622261047
115.6622261047
115.6622261047
115.6622261047
115.6622261047
115.6622261047
115.6622261047
115.6622261047
115.6622261047
115.6622261047
115.6622261047
115.6622261047
115.6622261047
115.6622261047
115.6622261047
115.6622261047
115.6622261047
115.6622261047
115.6619903564
115.6611469269
115.6611469269
115.6611469269
115.6611469269
115.6158329010
115.6158329010
115.6158329010
115.6158329010
115.6158329010
115.6158329010
115.6158329010
115.6158329010
115.6158329010
115.5886478424
115.5886478424
115.5886478424
115.5886478424
115.5886478424
115.5886478424
115.5886478424
115.5886478424
115.5886478424
115.5882282257
115.5882282257
115.5882282257
115.5882282257
115.5882282257
115.5882282257
115.5882282257
115.5882282257
115.5882282257
115.5882282257
115.5882282257
115.5882282257
115.5882282257
115.5882282257
115.5882282257
115.5882282257
115.5882282257
115.5882282257
115.5882282257
115.5882282257
115.5882282257
115.5882282257
115.5882282257
115.5882282257
115.5882282257
115.5882282257
115.5882282257
115.5882282257
115.5882282257
115.5882282257
115.5882282257
115.5882282257
115.5882282257
115.5882282257
115.5882282257
115.5882282257
115.5882282257
115.5882282257
115.5882282257
115.5882282257
115.5882282257
115.5882282257
115.5882282257
115.5882282257
115.5882282257
115.5841838837
115.5841838837
115.5841838837
115.5841838837
115.5841838837
115.5841838837
115.5720485687
115.5720485687
115.5720485687
115.5720485687
115.5720485687
115.5720485687
115.5720485687
115.5720485687
115.5720485687
115.5720485687
115.5720485687
115.5720485687
115.5720485687
115.5720485687
115.5720485687
115.5720485687
115.5714962006
115.5714962006
115.5714962006
115.5714962006
115.5714962006
115.5714962006
115.5714962006
115.5714962006
115.5714962006
115.5714962006
115.1444370270
115.1444370270
115.1444370270
115.1444370270
115.1444370270
115.1444370270
115.1444370270
115.1444370270
115.1444370270
115.1444370270
115.1444370270
115.1411067963
115.1411067963
115.1411067963
115.1411067963
115.1411067963
115.1407787323
115.1407787323
115.1407787323
115.1407787323
115.1407787323
115.1407787323
115.1407787323
115.1407787323
115.1407787323
115.1407787323
115.1407787323
115.1407787323
115.1407787323
115.1407787323
115.1407787323
114.8300060272
114.8300060272
114.8172389984
114.8172389984
114.8172389984
114.8172389984
114.8172389984
114.8172389984
114.8172389984
114.8172389984
114.8172389984
114.8172389984
114.8172389984
114.8172389984
114.8172389984
114.8172389984
114.8172389984
114.8172389984
114.8172389984
114.8172389984
114.8172389984
114.8172389984
114.8172389984
114.8172389984
114.8172389984
114.8172389984
114.8172389984
114.8172389984
114.8172389984
114.8172389984
114.8172389984
114.8172389984
114.8172389984
114.8172389984
114.8172389984
114.8172389984
114.8172389984
114.8172389984
114.8172389984
114.8172389984
114.8172389984
114.8172389984
114.8172389984
114.8172389984
114.8172389984
114.8172389984
114.8172389984
114.8172389984
114.8172389984
114.8172389984
114.8172389984
114.8172389984
114.8172389984
114.8172389984
114.8172389984
114.8172389984
114.8172389984
114.8172389984
114.8172389984
114.8172389984
114.8172389984
114.8114887238
114.8114887238
114.8114887238
114.8114887238
114.8114887238
114.8114887238
114.8114887238
114.8114887238
114.8114887238
114.8114887238
114.8114887238
114.8114887238
114.8114887238
114.8114887238
114.8114887238
114.8114887238
114.8114887238
114.8114887238
114.8114887238
114.8114887238
114.8114887238
114.8114887238
114.8114887238
114.8114887238
114.8114887238
114.8114887238
114.8114887238
114.8114887238
114.8114887238
114.8114887238
114.8114887238
114.8114887238
114.8114887238
114.8114887238
114.8114887238
114.8114887238
114.8114887238
114.7980747223
114.7980747223
114.7980747223
114.7980747223
114.7980747223
114.7980747223
114.7980747223
114.7980747223
114.7980747223
114.7980747223
114.7980747223
114.7980747223
114.7980747223
114.7980747223
114.7980747223
114.7980747223
114.7980747223
114.7980747223
114.7980747223
114.7980747223
114.7980747223
114.7980747223
114.7980747223
114.7980747223
114.7980747223
114.7980747223
114.7980747223
114.7980747223
114.7980747223
114.7980747223
114.7980747223
114.7980747223
114.7980747223
114.7980747223
114.7980747223
114.7980747223
114.7980747223
114.7980747223
114.7980747223
114.7980747223
114.7980747223
114.7980747223
114.7980747223
114.7980747223
114.7980747223
114.7980747223
114.7980747223
114.7980747223
114.7980747223
114.7980747223
114.7980747223
114.7980747223
114.7980747223
114.7980747223
114.7950061798
114.7950061798
114.7950061798
114.7950061798
114.7950061798
114.7950061798
114.7950061798
114.7950061798
114.7950061798
114.7950061798
114.7950061798
114.7950061798
114.7950061798
114.7950061798
114.7950061798
114.7950061798
114.7950061798
114.7950061798
114.7950061798
114.7950061798
114.7950061798
114.7950061798
114.7950061798
114.7950061798
114.7950061798
114.7950061798
114.7950061798
114.7950061798
114.7950061798
114.7950061798
114.7950061798
114.7950061798
114.7950061798
114.7950061798
114.7950061798
114.7950061798
114.7950061798
114.7909423828
114.7909423828
114.7909423828
114.7909423828
114.7909423828
114.7909423828
114.7909423828
114.7909423828
114.7909423828
114.7909423828
114.7626747131
114.7553977966
114.7553977966
114.7553977966
114.6725906372
114.6725906372
114.6725906372
114.6725906372
114.6725906372
114.6725906372
114.6725906372
114.6725906372
114.6725906372
114.6725906372
114.6725906372
114.6725906372
114.6725906372
114.6725906372
114.6725906372
114.6725906372
114.6725906372
114.6725906372
114.6725906372
114.6725906372
114.6725906372
114.6725906372
114.6725906372
114.6725906372
114.6725906372
114.6725906372
114.6725906372
114.6725906372
114.6725906372
114.6725906372
114.6725906372
114.6725906372
114.6725906372
114.6725906372
114.6725906372
114.6725906372
114.6725906372
114.6725906372
114.6725906372
114.6725906372
114.6725906372
114.6725906372
114.6725906372
114.6725906372
114.6725906372
114.6725906372
114.6725906372
114.6725906372
114.6725906372
114.6725906372
114.6725906372
114.6725906372
114.6725906372
114.6725906372
114.6725906372
114.6725906372
114.6725906372
114.6725906372
114.6725906372
114.6725906372
114.6725906372
114.6725906372
114.6725906372
114.6725906372
114.6725906372
114.6725906372
114.6725906372
114.6725906372
114.6725906372
114.6725906372
114.6725906372
114.6725906372
114.6576988220
114.6576988220
114.6576988220
114.6576988220
114.6576988220
114.6576988220
114.6576988220
114.6576988220
114.6576988220
114.6576988220
114.6576988220
114.6576988220
114.6576988220
114.6576988220
114.6576988220
114.6576988220
114.6576988220
114.6576988220
114.6576988220
114.6576988220
114.6576988220
