20.836766
20.761666
20.746467
20.720930
20.670159
20.642162
20.595493
20.535676
20.488542
20.445379
20.421746
20.401112
20.394320
20.382106
20.372636
20.300832
20.261214
20.223248
20.221161
20.175134
20.153128
20.143852
20.143852
20.054067
19.987425
19.987425
19.956195
19.948856
19.908278
19.882996
19.856805
19.851514
19.848405
19.796176
19.774759
19.757511
19.675206
19.669760
19.631583
19.621004
19.540977
19.471179
19.425774
19.421011
19.358405
19.300406
19.274897
19.274897
19.270131
19.270131
19.254810
19.250487
19.236059
19.222259
19.173157
19.068824
19.057978
18.976493
18.957168
18.931147
18.874155
18.857480
18.802906
18.800056
18.799720
18.704572
18.688547
18.683467
18.665422
18.610525
18.587280
18.511454
18.472315
18.408754
18.406260
18.404888
18.354017
18.297140
18.297140
18.297140
18.289244
18.278593
18.275896
18.275896
18.273315
18.270730
18.270730
18.213238
18.213238
18.213238
18.213238
18.195811
18.195811
18.181728
18.171803
18.150952
18.150952
18.128380
18.123499
18.123499
18.122764
18.120413
18.120413
18.095413
18.081454
18.081454
18.034402
18.034402
18.027869
18.022028
18.011792
17.985992
17.960067
17.933027
17.925006
17.902016
17.898991
17.887568
17.838404
17.831430
17.821516
17.796730
17.713160
17.694239
17.692600
17.646203
17.637451
17.637451
17.631980
17.631980
17.610694
17.610694
17.609876
17.609876
17.607997
17.594765
17.569938
17.549431
17.535202
17.535202
17.535202
17.525141
17.499882
17.478626
17.475017
17.419876
17.413932
17.401141
17.342699
17.342699
17.333177
17.333177
17.331193
17.329508
17.304691
17.304691
17.295422
17.277158
17.263173
17.237359
17.202627
17.181573
17.164558
17.161467
17.121310
17.068084
17.068084
17.068084
17.066169
17.063103
17.063103
17.059557
17.046338
17.046338
17.029990
17.013589
16.959247
16.943591
16.937370
16.937370
16.914423
16.914423
16.908702
16.892798
16.892798
16.876406
16.876406
16.862844
16.839062
16.839062
16.812731
16.803633
16.783937
16.702242
16.702242
16.680635
16.680635
16.637878
16.622609
16.620756
16.612906
16.592561
16.575042
16.539919
16.539525
16.539525
16.535449
16.506179
16.495687
16.455120
16.455120
16.411280
16.399304
16.378802
16.378802
16.378802
16.368919
16.342661
16.342661
16.338779
16.327892
16.327892
16.327892
16.327892
16.327892
16.310452
16.302021
16.298116
16.288046
16.288046
16.272482
16.268028
16.268028
16.241337
16.192737
16.175266
16.175266
16.168542
16.151216
16.151150
16.142640
16.142640
16.131988
16.129763
16.123667
16.085848
16.085848
16.085848
16.078492
16.070654
16.068082
16.068082
16.068082
16.065950
16.065950
16.065950
16.065950
16.065134
16.065134
16.055112
16.033915
16.005026
16.005026
15.984059
15.976316
15.974099
15.971220
15.932909
15.906142
15.904949
15.904949
15.900241
15.887994
15.887994
15.887994
15.871095
15.865549
15.855886
15.855886
15.845367
15.845367
15.828358
15.821304
15.820047
15.797137
15.797137
15.782446
15.780484
15.780484
15.773588
15.773588
15.748397
15.740559
15.729778
15.715575
15.706114
15.706114
15.702763
15.685985
15.683864
15.675641
15.665096
15.657186
15.656993
15.656837
15.656837
15.656837
15.645571
15.627422
15.627422
15.627422
15.616261
15.605292
15.599608
15.586030
15.547355
15.547355
15.547355
15.547355
15.547355
15.547355
15.547355
15.542389
15.542389
15.542389
15.542389
15.542389
15.542389
15.542389
15.524924
15.524924
15.512780
15.512780
15.512780
15.473134
15.458510
15.454602
15.454602
15.454602
15.442714
15.437412
15.437412
15.435408
15.427316
15.415127
15.415127
15.413551
15.413551
15.413551
15.413551
15.413551
15.413551
15.411378
15.411378
15.410503
15.410503
15.403108
15.403108
15.401445
15.397971
15.397971
15.387109
15.387109
15.387109
15.387109
15.386697
15.365686
15.356631
15.332270
15.332270
15.332270
15.291625
15.291625
15.279712
15.272116
15.272116
15.272116
15.272116
15.272116
15.272116
15.263327
15.263327
15.263327
15.263327
15.263327
15.257899
15.257899
15.255786
15.254852
15.244412
15.244412
15.233995
15.233995
15.233995
15.233995
15.212764
15.204070
15.204070
15.204070
15.204070
15.176236
15.157376
15.156020
15.155330
15.123368
15.102069
15.102069
15.102069
15.068299
15.068299
15.068299
15.068299
15.062242
15.062242
15.062242
15.062242
15.062242
15.062242
15.047437
15.047437
15.047437
15.047437
15.046880
15.024041
15.019145
15.003792
15.003502
15.003502
15.002395
15.002395
15.002395
14.977697
14.958664
14.949600
14.948124
14.948124
14.948124
14.948124
14.942494
14.942494
14.939903
14.939903
14.939105
14.929500
14.905552
14.905552
14.885185
14.885185
14.885185
14.885185
14.885185
14.868811
14.868811
14.857624
14.790152
14.787743
14.782679
14.782679
14.782679
14.782679
14.782679
14.760563
14.760563
14.760563
14.752700
14.745893
14.745893
14.735415
14.735415
14.702810
14.702810
14.702810
14.687533
14.685040
14.685040
14.685040
14.675313
14.675313
14.663375
14.651609
14.650588
14.646834
14.646834
14.636164
14.636164
14.622127
14.622127
14.618816
14.589528
14.589528
14.587725
14.587725
14.579328
14.566028
14.562339
14.561233
14.560662
14.560662
14.560662
14.543473
14.509034
14.508020
14.493509
14.493509
14.493509
14.490383
14.490383
14.490383
14.481285
14.472872
14.472872
14.472037
14.449096
14.449096
14.441650
14.441650
14.434352
14.428406
14.428406
14.428406
14.410398
14.410398
14.410398
14.388541
14.383751
14.383751
14.345742
14.345742
14.345742
14.340646
14.340646
14.328327
14.308458
14.308458
14.308458
14.287837
14.287837
14.258065
14.258065
14.243897
14.243382
14.243382
14.243382
14.243382
14.220617
14.215552
14.215552
14.215552
14.215552
14.193900
14.192281
14.184417
14.164045
14.164045
14.164045
14.164045
14.161097
14.117008
14.114498
14.114498
14.114498
14.095509
14.082729
14.061976
14.056751
14.056751
14.056163
14.055043
14.055043
14.045884
14.037585
14.013027
14.013027
14.013027
14.013027
14.010568
13.969626
13.963151
13.959697
13.946233
13.946233
13.915698
13.906823
13.906823
13.906823
13.886295
13.886295
13.871638
13.871638
13.871638
13.863923
13.851036
13.851036
13.851036
13.851036
13.851036
13.840998
13.840998
13.836648
13.836648
13.834072
13.833379
13.815509
13.814448
13.811391
13.793753
13.793753
13.771248
13.763126
13.759817
13.742688
13.726710
13.717948
13.717948
13.710464
13.707519
13.703380
13.690656
13.651345
13.640220
13.630081
13.625913
13.620842
13.599261
13.595877
13.567708
13.566808
13.548629
13.504655
13.488911
13.453073
13.398360
13.398360
13.371154
13.361619
13.361619
13.361619
13.328578
13.299125
13.239063
13.239063
13.239063
13.235084
13.194527
13.187457
13.187457
13.185527
13.167239
13.143567
13.120964
13.120964
13.120964
13.120964
13.120964
13.119312
13.119312
13.115708
13.102549
13.098565
13.098565
13.097987
13.094225
13.061700
13.055596
13.021927
13.002487
13.002487
12.999232
12.995847
12.995847
12.994786
12.994786
12.994786
12.980792
12.980792
12.960095
12.960095
12.960095
12.938733
12.883584
12.875682
12.875682
12.875682
12.875682
12.844928
12.844928
12.833931
12.833529
12.833529
12.823810
12.808441
12.796736
12.796736
12.793460
12.793460
12.769107
12.769107
12.769107
12.762191
12.759912
12.743895
12.743895
12.743895
12.743895
12.737112
12.737112
12.696673
12.696673
12.692207
12.678566
12.678566
12.671623
12.671623
12.671623
12.671623
12.670391
12.669656
12.669656
12.669465
12.668413
12.652178
12.652178
12.652009
12.652009
12.650605
12.650605
12.650605
12.650605
12.650605
12.650605
12.650605
12.626059
12.626059
12.626059
12.617540
12.617540
12.617540
12.617540
12.614463
12.614463
12.614463
12.603690
12.575707
12.575707
12.575707
12.575160
12.575160
12.575160
12.563846
12.550185
12.537974
12.537974
12.537974
12.494829
12.460228
12.451952
12.447658
12.437430
12.375546
12.368706
12.368706
12.364763
12.364763
12.364763
12.364647
12.364647
12.348663
12.348663
12.348663
12.348663
12.344076
12.344076
12.335909
12.335909
12.315244
12.309357
12.309262
12.309262
12.295571
12.295571
12.295571
12.282987
12.282987
12.282987
12.267615
12.267615
12.266834
12.254086
12.254086
12.242923
12.218288
12.200386
12.200386
12.200386
12.200386
12.200386
12.192316
12.192316
12.182356
12.181010
12.160219
12.160219
12.160219
12.136444
12.136444
12.125297
12.123218
12.117314
12.100981
12.100981
12.054563
12.054563
12.048335
12.040240
12.028992
12.028992
12.028992
12.014612
12.011172
12.007378
11.997176
11.991135
11.986538
11.986538
11.986538
11.980599
11.962878
11.962878
11.960395
11.955424
11.955424
11.952499
11.935983
11.926512
11.882486
11.882486
11.882486
11.882486
11.861565
11.853914
11.847934
11.824779
11.824779
11.824779
11.824779
11.824779
11.824779
11.824779
11.795335
11.783253
11.768431
11.768431
11.766917
11.766917
11.766917
11.766917
11.749658
11.739401
11.739401
11.726988
11.682575
11.679248
11.670847
11.666417
11.603886
11.597756
11.563303
11.558708
11.554600
11.538771
11.532277
11.531517
11.531517
11.527848
11.527848
11.524503
11.524157
11.524157
11.511132
11.509238
11.509238
11.509238
11.459671
11.453586
11.450606
11.416995
11.392268
11.392268
11.370786
11.365966
11.342020
11.325652
11.292306
11.273557
11.273557
11.273557
11.240342
11.240342
11.240342
11.240342
11.240342
11.205792
11.202197
11.196386
11.196386
11.196386
11.196386
11.164866
11.131181
11.131181
11.131181
11.120168
11.114857
11.110203
11.067088
11.058069
11.048685
11.048685
11.036167
11.036167
10.994010
10.994010
10.994010
10.994010
10.994010
10.994010
10.994010
10.994010
10.994010
10.994010
10.982760
10.981862
10.981264
10.929388
10.929388
10.929388
10.902729
10.899513
10.899513
10.896226
10.886649
10.879511
10.790949
10.782604
10.782604
10.769215
10.752613
10.752613
10.749269
10.749269
10.735404
10.731248
10.692879
10.692879
10.692879
10.692879
10.678958
10.677175
10.669741
10.669741
10.655864
10.655864
10.655864
10.655864
10.651064
10.626425
10.584504
10.584504
10.583813
10.583813
10.583813
10.583813
10.572620
10.565631
10.561231
10.548703
10.548703
10.548703
10.546783
10.476877
10.476877
10.476877
10.475150
10.458172
10.458172
10.455251
10.442737
10.430033
10.430033
10.430033
10.430033
10.410777
10.406582
10.379575
10.379575
10.373902
10.373902
10.373902
10.371175
10.357983
10.328914
10.327796
10.323262
10.323262
10.323262
10.307112
10.307112
10.236969
10.236969
10.236969
10.235304
10.235304
10.235304
10.207318
10.198417
10.198417
10.177980
10.161924
10.161924
10.148716
10.143769
10.124646
10.120879
10.120352
10.120352
10.120352
10.101363
10.084382
10.084382
10.070281
10.064675
10.064675
10.033895
10.033469
10.033469
10.024971
10.024971
10.024971
10.024971
10.024971
10.010196
9.994573
9.985201
9.981733
9.973495
9.961142
9.941893
9.941893
9.878576
9.865236
9.865236
9.865236
9.865236
9.864539
9.858355
9.844826
9.840514
9.826669
9.826669
9.826669
9.826669
9.826669
9.826669
9.823206
9.793370
9.793370
9.781527
9.781527
9.778386
9.768036
9.757588
9.737203
9.737203
9.737203
9.737203
9.721604
9.698865
9.698865
9.698865
9.677294
9.676723
9.674002
9.663647
9.652610
9.634044
9.634044
9.632131
9.631694
9.631694
9.596195
9.580108
9.578856
9.577084
9.577084
9.577084
9.577084
9.577084
9.577084
9.563599
9.560167
9.560167
9.501861
9.496607
9.496530
9.456294
9.455682
9.455682
9.448902
9.448902
9.448902
9.448902
9.448902
9.448902
9.448902
9.448902
9.448902
9.444353
9.440830
9.440830
9.440830
9.440830
9.440830
9.428174
9.426060
9.426060
9.426060
9.426060
9.415640
9.415640
9.406672
9.406672
9.406672
9.391401
9.391401
9.386694
9.386694
9.358333
9.353408
9.353408
9.353408
9.341608
9.341608
9.341608
9.326790
9.325467
9.268412
9.229953
9.229953
9.221167
9.213661
9.213644
9.209501
9.204645
9.200046
9.200046
9.200046
9.200046
9.200046
9.200046
9.200046
9.186251
9.177147
9.173768
9.172430
9.162888
9.162888
9.158346
9.136201
9.136201
9.136201
9.130665
9.121759
9.121759
9.116911
9.113550
9.113550
9.113086
9.111660
9.110622
9.097114
9.076343
9.076343
9.076343
9.053321
9.053321
9.052629
9.045872
9.034239
9.031248
9.023631
9.012176
9.011742
9.011742
9.010716
8.976052
8.972831
8.972053
8.956512
8.956512
8.955511
8.913017
8.897565
8.863834
8.863834
8.863834
8.863834
8.863834
8.859115
8.859115
8.854995
8.854995
8.852145
8.852145
8.844285
8.829864
8.817211
8.817211
8.814311
8.811497
8.807205
8.750560
8.725926
8.718400
8.713556
8.713556
8.709118
8.697565
8.697565
8.690206
8.690206
8.672872
8.672872
8.646771
8.637051
8.637051
8.637051
8.637051
8.637051
8.627763
8.563233
8.563233
8.563233
8.549595
8.529669
8.529669
8.529669
8.520999
8.520999
8.518065
8.512318
8.512318
8.502322
8.477143
8.463013
8.463013
8.444496
8.405922
8.391838
8.339347
8.339347
8.339267
8.339267
8.339267
8.311263
8.298131
8.298131
8.298131
8.291207
8.259703
8.259703
8.259703
8.250933
8.250933
8.250933
8.222571
8.193452
8.175304
8.167894
8.142562
8.137762
8.126055
8.097791
8.091082
8.091082
8.091082
8.057339
8.039188
8.039188
8.034689
8.024781
8.024781
8.022482
8.022482
8.017293
8.011973
8.011973
8.011973
8.007628
7.989106
7.986500
7.975808
7.975808
7.971213
7.953709
7.903724
7.879434
7.879434
7.837841
7.837841
7.836581
7.792203
7.792203
7.745883
7.734592
7.709918
7.709918
7.693948
7.693948
7.693948
7.693948
7.693948
7.693740
7.693740
7.690941
7.690941
7.690941
7.690941
7.685724
7.685724
7.685724
7.685724
7.685724
7.685724
7.663662
7.663662
7.663277
7.663277
7.661424
7.639081
7.612569
7.584728
7.551693
7.548219
7.548219
7.547973
7.539532
7.524655
7.519756
7.515905
7.507274
7.463952
7.463952
7.450732
7.437181
7.437181
7.435525
7.427128
7.424846
7.416504
7.413099
7.405204
7.402193
7.402193
7.396517
7.396091
7.376222
7.352315
7.323008
7.316531
7.314969
7.311239
7.295311
7.271959
7.268321
7.262236
7.255796
7.221672
7.179463
7.175980
7.175980
7.175120
7.169724
7.169724
7.160060
7.160060
7.128418
7.110633
7.108018
7.102613
7.092804
7.092804
7.081548
7.012350
7.012350
7.012350
6.985101
6.985101
6.974455
6.973075
6.970924
6.968763
6.968763
6.921248
6.921248
6.896597
6.896597
6.888216
6.888216
6.865690
6.865690
6.865690
6.865690
6.863040
6.838610
6.819843
6.819843
6.775072
6.775072
6.772128
6.742766
6.700550
6.689398
6.682857
6.682857
6.682857
6.682857
6.682857
6.682857
6.681254
6.678510
6.645030
6.631832
6.631832
6.629849
6.629849
6.597426
6.589307
6.585901
6.547477
6.545201
6.481346
6.481346
6.480383
6.462111
6.458612
6.453392
6.453392
6.451844
6.450337
6.401180
6.401180
6.338366
6.315884
6.297094
6.288344
6.288344
6.283706
6.263056
6.263056
6.240277
6.237826
6.237723
6.237723
6.237723
6.219816
6.185123
6.158285
6.158285
6.158285
6.149625
6.149625
6.109484
6.058307
6.011436
6.005626
6.005626
6.005626
6.005626
5.958538
5.958538
5.958538
5.940654
5.936303
5.896573
5.896573
5.889478
5.880031
5.880031
5.870302
5.855079
5.831562
5.822548
5.784197
5.777297
5.770185
5.770185
5.770185
5.762609
5.762609
5.718080
5.691315
5.691315
5.691315
5.691315
5.681800
5.661309
5.661309
5.629006
5.629006
5.629006
5.625765
5.616545
5.610852
5.590536
5.562897
5.527115
5.527115
5.510336
5.510336
5.510336
5.508278
5.471554
5.471554
5.471554
5.470740
5.470740
5.447909
5.440239
5.440239
5.417662
5.411269
5.396440
5.395554
5.395554
5.393472
5.360074
5.332073
5.332073
5.304598
5.290155
5.284043
5.274904
5.274904
5.271722
5.271722
5.247037
5.235899
5.167840
5.167840
5.143953
5.141433
5.099717
5.092693
5.000664
4.984004
4.953619
4.953619
4.946243
4.946243
4.944331
4.944331
4.940840
4.892611
4.892611
4.892611
4.892611
4.863940
4.859935
4.803975
4.763923
4.763923
4.763923
4.749296
4.736273
4.736273
4.724087
4.713360
4.653234
4.653234
4.653234
4.652059
4.635665
4.635665
4.635665
4.635665
4.583254
4.566426
4.566426
4.566426
4.566426
4.552639
4.528947
4.516018
4.516018
4.516018
4.471808
4.471808
4.452737
4.445345
4.445345
4.445345
4.435437
4.425253
4.425253
4.425253
4.425253
4.425253
4.379634
4.366418
4.353427
4.346731
4.346731
4.340245
4.335412
4.316021
4.305830
4.227920
4.220713
4.213096
4.213096
4.204629
4.202616
4.202616
4.199030
4.160399
4.140614
4.136150
4.105514
4.105514
4.104882
4.104882
4.063462
4.063462
4.063462
4.043766
4.038538
4.038538
4.032587
4.032587
4.032587
4.032587
4.016543
3.991421
3.991421
3.976522
3.976522
3.976522
3.976522
3.976522
3.972403
3.962522
3.962522
3.952794
3.936057
3.914217
3.891788
3.891788
3.860564
3.838766
3.838766
3.830632
3.830632
3.830632
3.827555
3.827555
3.827555
3.827555
3.827555
3.827555
3.827555
3.827555
3.813582
3.803017
3.803017
3.803017
3.803017
3.803017
3.803017
3.803017
3.758155
3.758155
3.756807
3.704815
3.704815
3.704815
3.684368
3.679669
3.679669
3.679669
3.679669
3.679669
3.615986
3.615986
3.615986
3.615986
3.615986
3.615986
3.615986
3.615986
3.615986
3.615986
3.615986
3.615986
3.585063
3.585063
3.577477
3.577477
3.528436
3.517719
3.517719
3.502566
3.502566
3.502566
3.502566
3.499647
3.497692
3.497692
3.497692
3.497692
3.497692
3.497692
3.497692
3.493607
3.493607
3.490206
3.488220
3.488220
3.478668
3.478668
3.478668
3.469709
3.469709
3.461084
3.461084
3.450632
3.448776
3.448776
3.448776
3.448776
3.448776
3.448776
3.448776
3.448776
3.448776
3.448776
3.448776
3.448776
3.448776
3.448776
3.448776
3.448776
3.448776
3.444121
3.443001
3.443001
3.443001
3.443001
3.422725
3.422725
3.422725
3.422725
3.422725
3.422725
3.422725
3.422725
3.422725
3.418125
3.418125
3.408419
3.408419
3.402969
3.402969
3.398532
3.398099
3.393839
3.393839
3.376646
3.362597
3.362597
3.362597
3.362597
3.362597
3.353621
3.319236
3.319236
3.318165
3.318165
3.318165
3.318165
3.318165
3.312525
3.312525
3.312525
3.312525
3.305061
3.305061
3.305061
3.305061
3.299824
3.299824
3.298448
3.285966
3.284137
3.277435
3.277435
3.277435
3.277435
3.277435
3.263916
3.263916
3.236019
3.236019
3.236019
3.222609
3.222609
3.220625
3.166409
3.166409
3.166409
3.148453
3.148453
3.143808
3.101317
3.101317
3.101317
3.093217
3.092333
3.082723
3.082723
3.082223
3.082223
3.082223
3.081494
3.062369
3.060297
3.052021
3.046316
3.046316
3.046316
3.046316
3.019893
3.010465
3.010465
3.010465
3.010465
3.010465
3.010465
3.010465
3.010465
2.994265
2.994265
2.989172
2.985497
2.961014
2.952097
2.952097
2.928068
2.928068
2.928068
2.928068
2.923678
2.886900
2.886900
2.886900
2.886900
2.886900
2.886900
2.886900
2.886900
2.886900
2.886900
2.886900
2.886900
2.883992
2.883992
2.883992
2.883992
2.883992
2.883992
2.864863
2.852283
2.852283
2.845607
2.845607
2.845607
2.845607
2.845607
2.845607
2.845607
2.845607
2.845607
2.845607
2.845607
2.845607
2.845607
2.840935
2.835628
2.835628
2.835628
2.835628
2.811164
2.797010
2.795548
2.795548
2.790236
2.778386
2.778386
2.746297
2.746297
2.742343
2.724952
2.724952
2.717984
2.717984
2.715095
2.708209
2.708209
2.708209
2.708209
2.708209
2.708209
2.708209
2.708209
2.708209
2.708209
2.690283
2.690283
2.690283
2.675936
2.674442
2.660799
2.657296
2.657296
2.655041
2.655041
2.655041
2.655041
2.655041
2.653681
2.653681
2.653681
2.653681
2.653681
2.650284
2.650284
2.647203
2.642284
2.641889
2.629551
2.622003
2.622003
2.622003
2.620742
2.587361
2.587361
2.587361
2.579133
2.579133
2.575106
2.575106
2.575106
2.575106
2.573404
2.573404
2.573404
2.570735
2.570735
2.564921
2.560637
2.550431
2.550431
2.550431
2.548372
2.535070
2.535070
2.535070
2.535070
2.533493
2.504446
2.501059
2.499805
2.495302
2.495302
2.495302
2.495302
2.495302
2.495302
2.481798
2.475656
2.475521
2.472080
2.472080
2.472080
2.472080
2.472080
2.467732
2.467732
2.467732
2.467732
2.466243
2.446991
2.446991
2.443562
2.443562
2.443562
2.443562
2.442513
2.414399
2.414399
2.414399
2.414399
2.414399
2.411347
2.399963
2.378527
2.378527
2.378527
2.352091
2.352091
2.352091
2.352091
2.352091
2.337637
2.337637
2.337637
2.332102
2.329398
2.329398
2.329398
2.329398
2.329398
2.329398
2.329398
2.329398
2.329398
2.329398
2.325652
2.325652
2.323329
2.323329
2.323329
2.323329
2.300930
2.300930
2.300930
2.300930
2.300930
2.300930
2.300930
2.300930
2.300930
2.300930
2.299757
2.282007
2.282007
2.282007
2.281941
2.281941
2.262174
2.262174
2.262174
2.262174
2.262174
2.262174
2.262174
2.262174
2.261399
2.261399
2.261399
2.253799
2.253799
2.253799
2.253799
2.253799
2.253799
2.253799
2.253799
2.253799
2.253799
2.253799
2.235431
2.235431
2.235431
2.235431
2.235431
2.235431
2.235431
2.223805
2.223805
2.223805
2.223805
2.223805
2.223805
2.222105
2.222105
2.222105
2.222105
2.221643
2.221643
2.221643
2.221643
2.221643
2.221640
2.221640
2.221640
2.221640
2.221640
2.214754
2.214754
2.214754
2.214754
2.214754
2.214754
2.214754
2.214754
2.214754
2.212826
2.212826
2.212826
2.204425
2.204425
2.177899
2.177899
2.177899
2.177899
2.177899
2.177899
2.160050
2.160050
2.160050
2.160050
2.143832
2.143832
2.143832
2.143832
2.143832
2.143832
2.143832
2.143832
2.143832
2.143832
2.143832
2.143832
2.120815
2.120815
2.115194
2.115194
2.115194
2.115194
2.115194
2.115194
2.115194
2.115194
2.115194
2.115194
2.115194
2.115194
2.115194
2.115194
2.115194
2.115194
2.115194
2.115194
2.115194
2.100957
2.100957
2.100957
2.100957
2.100957
2.100957
2.100957
2.092458
2.092458
2.092458
2.092458
2.083758
2.083758
2.083758
2.073939
2.061649
2.056959
2.056959
2.056959
2.056959
2.056959
2.056959
2.056959
2.056959
2.056959
2.056959
2.056959
2.056959
2.056959
2.056959
2.056959
2.056375
2.056375
2.056375
2.056375
2.056375
2.056375
2.056375
2.056375
2.056375
2.056375
2.056375
2.056375
2.056375
2.051569
2.051569
2.043639
2.043639
2.043639
2.043639
2.025914
2.025914
2.025914
2.025914
2.025914
2.025914
2.025914
2.025914
2.025914
2.025914
2.025914
2.025914
2.025914
2.025914
2.025914
2.025914
2.022506
2.022506
2.015723
2.015723
2.015723
2.015723
2.015723
2.015723
2.015723
2.015723
2.015723
2.015723
2.015723
2.015723
2.015723
2.015723
2.015723
2.015723
2.015723
2.009246
2.009246
2.009246
2.009246
2.004508
2.004508
2.004508
1.991593
1.991593
1.991593
1.991593
1.991593
1.991593
1.991593
1.991593
1.991593
1.969689
1.969689
1.969689
1.969689
1.969689
1.969689
1.969689
1.969689
1.961532
1.961532
1.961532
1.961532
1.960292
1.960292
1.960292
1.960292
1.960292
1.960292
1.960292
1.960292
1.960292
1.960292
1.953072
1.953072
1.953072
1.953072
1.953072
1.953072
1.953072
1.953072
1.953072
1.953072
1.953072
1.953072
1.953072
1.953072
1.953072
1.953072
1.953072
1.953072
1.953072
1.953072
1.953072
1.953072
1.953072
1.953072
1.953072
1.953072
1.953072
1.953072
1.953072
1.953072
1.953072
1.953072
1.953072
1.953072
1.931823
1.931823
1.931823
1.931823
1.931823
1.931823
1.931823
1.931823
1.931823
1.931823
1.931823
1.931823
1.926426
1.926426
1.926426
1.926426
1.923290
1.899551
1.899551
1.899551
1.899551
1.899551
1.899551
1.899551
1.899551
1.899551
1.899551
1.899551
1.899551
1.899551
1.899551
1.887119
1.887119
1.887119
1.887119
1.887119
1.887119
1.887119
1.887119
1.887119
1.887119
1.873607
1.873607
1.856835
1.856835
1.856835
1.856835
1.856835
1.851123
1.851123
1.847339
1.847339
1.845484
1.845484
1.845484
1.845484
1.845484
1.845484
1.845484
1.845484
1.845484
1.845484
1.845484
1.845484
1.845484
1.845484
1.843040
1.826693
1.826693
1.826693
1.826693
1.826693
1.826693
1.826693
1.826693
1.815646
1.815646
1.815646
1.815646
1.815646
1.815646
1.815646
1.812254
1.812254
1.809870
1.809870
1.809870
1.809870
1.809870
1.809870
1.809870
1.807803
1.807803
1.807803
1.807803
1.804306
1.804306
1.804306
1.804306
1.804306
1.804306
1.804306
1.804306
1.804306
1.804306
1.804306
1.804306
1.804306
1.804306
1.804306
1.804306
1.796432
1.796432
1.796432
1.796432
1.796432
1.796432
1.796432
1.796432
1.796432
1.796432
1.796432
1.796432
1.796432
1.796432
1.796432
1.796432
1.796432
1.796432
1.796432
1.796432
1.796432
1.796432
1.796432
1.796432
1.781083
1.781083
1.781083
1.770262
1.770262
1.770262
1.770262
1.770262
1.770262
1.770262
1.770262
1.770262
1.770262
1.770262
1.770262
1.770262
1.770262
1.770262
1.768339
1.768339
1.728093
1.728093
1.728093
1.728093
1.728093
1.728093
1.728093
1.728093
1.728093
1.728093
1.728093
1.728093
1.728093
1.726653
1.726653
1.722503
1.722503
1.722503
1.722503
1.722503
1.722503
1.722503
1.722503
1.722503
1.722114
1.722114
1.722114
1.722114
1.722114
1.722114
1.722114
1.722114
1.722114
1.722114
1.721763
1.721763
1.721763
1.721763
1.721763
1.721763
1.721763
1.721763
1.721763
1.721763
1.721763
1.717370
1.717370
1.717370
1.717370
1.717370
1.706140
1.706140
1.706140
1.696270
1.696270
1.696270
1.696270
1.696270
1.696270
1.696270
1.696270
1.696270
1.696270
1.696270
1.696270
1.696270
1.696270
1.696270
1.696270
1.681738
1.681738
1.681738
1.681738
1.681738
1.681738
1.678471
1.678471
1.678471
1.678471
1.678471
1.678471
1.678471
1.676333
1.676333
1.676333
1.676251
1.676251
1.676251
1.676251
1.676251
1.676251
1.676251
1.676251
1.676251
1.676251
1.676251
1.676251
1.676251
1.676251
1.676251
1.676251
1.676251
1.675287
1.675287
1.652595
1.652595
1.652595
1.652595
1.652496
1.652496
1.652496
1.652496
1.652496
1.652496
1.652496
1.652496
1.629462
1.629462
1.629462
1.629462
1.629462
1.629462
1.629462
1.629462
1.629462
1.629462
1.629462
1.629462
1.629462
1.629462
1.629462
1.629462
1.629462
1.629462
1.629462
1.629462
1.629462
1.629462
1.629462
1.629462
1.629462
1.629462
1.629462
1.629462
1.629462
1.627810
1.627810
1.627810
1.627810
1.627810
1.627810
1.627810
1.627804
1.627804
1.627804
1.627804
1.627804
1.627804
1.627804
1.627804
1.627804
1.627804
1.627804
1.627804
1.627804
1.627804
1.627804
1.627804
1.627804
1.627804
1.627804
1.627804
1.592429
1.592429
1.592429
1.592429
1.592429
1.592429
1.592429
1.592429
1.592429
1.592429
1.592429
1.592429
1.592429
1.592429
1.592429
1.592429
1.592429
1.587335
1.587335
1.587335
1.562042
1.562042
1.562042
1.562042
1.562042
1.562042
1.562042
1.562042
1.562042
1.562042
1.562042
1.562042
1.562042
1.562042
1.562042
1.562042
1.562042
1.562042
1.562042
1.562042
1.559165
1.559165
1.559165
1.559165
1.559165
1.559165
1.559165
1.555007
1.555007
1.555007
1.555007
1.555007
1.555007
1.555007
1.555007
1.555007
1.555007
1.554830
1.554830
1.554830
1.554830
1.554830
1.554830
1.554830
1.554830
1.554830
1.554830
1.554830
1.554830
1.554830
1.554830
1.554830
1.554830
1.554830
1.554830
1.554830
1.554830
1.554830
1.554830
1.554549
1.554549
1.554549
1.554549
1.554549
1.554549
1.554549
1.554549
1.554549
1.554549
1.531502
1.531502
1.531502
1.531502
1.531502
1.531502
1.531502
1.531502
1.531502
1.531502
1.531502
1.531502
1.531502
1.531502
1.531502
1.527794
1.527794
1.527794
1.527794
1.527794
1.527794
1.527794
1.527794
1.527794
1.527794
1.527794
1.527794
1.527794
1.527794
1.527794
1.527794
1.527794
1.527794
1.526283
1.526283
1.526283
1.526283
1.526283
1.526283
1.526283
1.526283
1.526092
1.526092
1.526092
1.526092
1.526092
1.526092
1.526092
1.526092
1.523944
1.523944
1.518346
1.518346
1.518346
1.518346
1.518346
1.518346
1.518346
1.518346
1.518346
1.518346
1.518346
1.518337
1.518337
1.517464
1.517464
1.517464
1.517464
1.517464
1.517464
1.511126
1.511126
1.511126
1.511126
1.511126
1.511126
1.511126
1.511126
1.511126
1.511126
1.511126
1.511126
1.511126
1.511126
1.511126
1.511126
1.511126
1.511126
1.511126
1.511126
1.511126
1.511126
1.511126
1.511126
1.511126
1.511126
1.511126
1.511126
1.511126
1.511126
1.511126
1.510838
1.510838
1.510838
1.510838
1.510838
1.507093
1.507093
1.507093
1.507093
1.507093
1.507093
1.507093
1.507093
1.507093
1.507093
1.507093
1.507093
1.507093
1.507093
1.507093
1.507093
1.507093
1.507093
1.507093
1.507093
1.507093
1.507093
1.507093
1.507093
1.507093
1.507093
1.507093
1.507093
1.507093
1.507093
1.507093
1.507093
1.507093
1.507093
1.507093
1.507093
1.507093
1.507093
1.507093
1.507093
1.507093
1.507093
1.507093
1.507093
1.507093
1.507093
1.507093
1.507093
1.507093
1.507093
1.507093
1.504101
1.504101
1.504101
1.504101
1.504101
1.504101
1.504101
1.497876
1.492548
1.492548
1.492548
1.492548
1.492548
1.492548
1.492548
1.492548
1.492548
1.492548
1.492548
1.492548
1.492548
1.492548
1.492548
1.492548
1.492548
1.492548
1.492548
1.492548
1.492548
1.492548
1.492548
1.492548
1.492548
1.492548
1.492548
1.492548
1.492548
1.492548
1.492548
1.492548
1.492548
1.486031
1.486031
1.486031
1.486031
1.486031
1.486031
1.486031
1.486031
1.483764
1.483764
1.483504
1.483504
1.483504
1.483504
1.483504
1.483504
1.483504
1.483504
1.483504
1.483504
1.483504
1.483504
1.483504
1.483504
1.483504
1.483504
1.483504
1.479174
1.479174
1.479174
1.479174
1.479174
1.479174
1.479174
1.479174
1.479174
1.479174
1.479174
1.479174
1.479174
1.479174
1.479174
1.479174
1.479174
1.479174
1.479174
1.479174
1.479174
1.479174
1.479174
1.479174
1.479174
1.479174
1.479174
1.479174
1.479174
1.479174
1.479174
1.479174
1.479174
1.479174
1.479174
1.479174
1.479174
1.479174
1.479174
1.457757
1.457757
1.457757
1.456448
1.451403
1.451403
1.451403
1.451403
1.451403
1.451403
1.451403
1.451403
1.451403
1.451403
1.451403
1.451403
1.451403
1.451403
1.444034
1.444034
1.444034
1.444034
1.444034
1.444034
1.440352
1.440352
1.440352
1.440352
1.440352
1.440352
1.440352
1.440352
1.440352
1.440352
1.440352
1.440352
1.440352
1.440352
1.440352
1.440352
1.440352
1.440352
1.440352
1.440352
1.440352
1.440352
1.440352
1.440352
1.440352
1.440352
1.437789
1.436877
1.425139
1.425139
1.425139
1.425139
1.425139
1.425139
1.425139
1.421143
1.421143
1.421143
1.421143
1.421143
1.421143
1.421143
1.421143
1.421143
1.421143
1.421143
1.421101
1.421101
1.421101
1.421101
1.421101
1.421101
1.421101
1.421101
1.421101
1.421101
1.421101
1.421101
1.421101
1.421101
1.421101
1.421101
1.421101
1.421101
1.420599
1.404295
1.404295
1.404295
1.404295
1.404295
1.404295
1.404295
1.390602
1.383235
1.383235
1.383235
1.383235
1.383235
1.383235
1.383235
1.383235
1.383235
1.383235
1.383235
1.383235
1.383235
1.383128
1.383128
1.383128
1.383128
1.383128
1.383128
1.383128
1.383128
1.383128
1.383128
1.383128
1.383128
1.383128
1.383128
1.383128
1.383128
1.383128
1.383128
1.383128
1.383128
1.383128
1.383128
1.383128
1.383128
1.383128
1.383128
1.383128
1.383128
1.383128
1.383128
1.383128
1.383128
1.383128
1.383128
1.383128
1.383128
1.383128
1.383128
1.383128
1.383128
1.383128
1.383128
1.383128
1.383128
1.383128
1.383128
1.383128
1.383128
1.383128
1.383128
1.383128
1.383128
1.383128
1.383128
1.383128
1.380929
1.380929
1.378161
1.378161
1.378161
1.378161
1.370595
1.370595
1.370595
1.364933
1.364933
1.364933
1.364933
1.364933
1.364933
1.364933
1.364933
1.364933
1.364933
1.364933
1.364933
1.364933
1.364933
1.352305
1.352305
1.352305
1.352305
1.352305
1.348065
1.348065
1.346800
1.346800
1.346800
1.346800
1.346800
1.346800
1.346800
1.346800
1.346800
1.346800
1.346800
1.346800
1.346800
1.346800
1.346800
1.346800
1.346800
1.346800
1.346800
1.346800
1.346800
1.336871
1.336871
1.336871
1.336871
1.336871
1.320249
1.320249
1.320249
1.320249
1.320249
1.317310
1.317310
1.317310
1.317310
1.317310
1.317310
1.317310
1.317310
1.317310
1.317310
1.317310
1.317310
1.317310
1.317310
1.317310
1.317310
1.317310
1.299705
1.299705
1.299705
1.299705
1.299705
1.299705
1.299705
1.299705
1.299705
1.299705
1.296338
1.296338
1.296338
1.296338
1.296338
1.282089
1.282089
1.282089
1.282089
1.282089
1.282089
1.282089
1.282089
1.282089
1.278838
1.278416
1.278416
1.278416
1.278416
1.278416
1.278416
1.278416
1.278416
1.278416
1.278416
1.278416
1.278416
1.278416
1.278416
1.278416
1.278416
1.278416
1.278416
1.278416
1.278309
1.278309
1.278309
1.278309
1.278309
1.278309
1.278309
1.278309
1.278309
1.278309
1.278309
1.274999
1.274999
1.274999
1.271781
1.271781
1.271781
1.271781
1.271781
1.271781
1.271781
1.271781
1.265563
1.265563
1.265563
1.264118
1.264118
1.264118
1.264118
1.264118
1.264118
1.264118
1.264118
1.264118
1.264118
1.264118
1.264118
1.264118
1.264118
1.264118
1.264118
1.264118
1.264118
1.264118
1.264118
1.264118
1.264118
1.264118
1.264118
1.264118
1.264118
1.264118
1.264118
1.264118
1.264118
1.264118
1.264118
1.241820
1.241820
1.241820
1.241820
1.241820
1.241820
1.241820
1.241820
1.238900
1.238900
1.238900
1.238900
1.238900
1.238900
1.238713
1.225724
1.225724
1.225724
1.225724
1.225724
1.225724
1.225724
1.225724
1.225724
1.225724
1.224271
1.224271
1.224271
1.224271
1.224271
1.224271
1.224271
1.224271
1.224271
1.224271
1.224271
1.224271
1.224271
1.224271
1.224271
1.224271
1.215815
1.215815
1.215815
1.215815
1.215815
1.215815
1.215815
1.215815
1.215815
1.215815
1.215815
1.215815
1.215815
1.215815
1.215815
1.215815
1.215815
1.215815
1.215815
1.215815
1.215815
1.215815
1.215815
1.215815
1.215815
1.215815
1.215815
1.215815
1.215815
1.215815
1.215815
1.215815
1.215815
1.215815
1.215815
1.215815
1.215815
1.215815
1.215815
1.215815
1.215815
1.215815
1.215815
1.215815
1.215815
1.215815
1.215815
1.215815
1.215815
1.215815
1.215815
1.215815
1.215815
1.215815
1.215815
1.215815
1.215815
1.215815
1.215815
1.215815
1.215815
1.215815
1.215815
1.215815
1.215815
1.215815
1.215815
1.172094
1.172094
1.172094
1.172094
1.172094
1.172094
1.172094
1.172094
1.172094
1.172094
1.172094
1.172094
1.172094
1.172094
1.172094
1.172094
1.172094
1.172094
1.172094
1.172094
1.172094
1.172094
1.172094
1.172094
1.172094
1.172094
1.172094
1.172094
1.172094
1.172094
1.172094
1.172094
1.172094
1.172094
1.172094
1.172094
1.172094
1.172094
1.172094
1.172094
1.172094
1.172094
1.172094
1.172094
1.172094
1.172094
1.172094
1.172094
1.172094
1.172094
1.172094
1.172094
1.172094
1.161048
1.161048
1.161048
1.161048
1.161048
1.161048
1.161048
1.161048
1.161048
1.161048
1.161048
1.161048
1.161048
1.161048
1.161048
1.155277
1.155277
1.155277
1.155277
1.155277
1.155277
1.155277
1.155277
1.155277
1.155277
1.142279
1.142279
1.142279
1.141432
1.141432
1.141432
1.141432
1.141432
1.141432
1.141432
1.141432
1.141432
1.141432
1.141432
1.141432
1.141432
1.141432
1.141432
1.141432
1.141432
1.141432
1.141432
1.141432
1.141432
1.141432
1.141432
1.141209
1.140304
1.140304
1.140304
1.140304
1.140304
1.140146
1.140146
1.140146
1.140146
1.140146
1.140146
1.140146
1.140146
1.140146
1.140146
1.140146
1.140146
1.140146
1.140146
1.140146
1.140146
1.140146
1.140146
1.140146
1.140146
1.140146
1.140146
1.140146
1.140146
1.140146
1.140146
1.138575
1.137640
1.137640
1.137640
1.137640
1.117659
1.117659
1.117659
1.117659
1.117659
1.117659
1.117659
1.117659
1.117659
1.117659
1.117659
1.117659
1.117659
1.117659
1.117659
1.117659
1.117659
1.117659
1.117659
1.117659
1.117659
1.117659
1.117659
1.117659
1.117659
1.117659
1.117575
1.117575
1.105614
1.105614
1.105614
1.105614
1.105614
1.105614
1.105614
1.105614
1.105614
1.105614
1.105614
1.105614
1.105614
1.105614
1.105614
1.105614
1.105614
1.105614
1.105614
1.105614
1.105614
1.105614
1.105614
1.105614
1.105614
1.105614
1.105614
1.105614
1.105614
1.105614
1.105614
1.105614
1.105614
1.105614
1.105614
1.105614
1.105614
1.105614
1.105614
1.105614
1.105614
1.105614
1.105614
1.105614
1.105614
1.103322
1.103322
1.103322
1.103322
1.103322
1.103322
1.103322
1.103322
1.103322
1.103322
1.103322
1.103322
1.103322
1.103322
1.103322
1.103322
1.103322
1.103322
1.103322
1.103322
1.103322
1.103322
1.103322
1.103322
1.103322
1.103322
1.103322
1.097228
1.097228
1.097228
1.096721
1.076516
1.076516
1.076516
1.076516
1.076516
1.076516
1.076516
1.076516
1.076516
1.076516
1.076516
1.076516
1.076455
1.076455
1.076455
1.076455
1.054447
1.054447
1.054447
1.054447
1.054447
1.054447
1.054447
1.054447
1.054447
1.054422
1.051171
1.044597
1.044597
1.044597
1.044597
1.044597
1.044597
1.044597
1.044597
1.044597
1.044597
1.044597
1.044597
1.044597
1.044597
1.043716
1.043716
1.043716
1.043716
1.034075
1.034075
1.034075
1.034075
1.034075
1.034075
1.034075
1.034075
1.034075
1.034075
1.034075
1.034075
1.034075
1.034075
1.034075
1.034075
1.034075
1.034075
1.034075
1.034075
1.034075
1.034075
1.034075
1.034075
1.034075
1.034075
1.034075
1.034075
1.034075
1.034075
1.034075
1.034075
1.034075
1.034075
1.034075
1.034075
1.034075
1.034075
1.034075
1.034075
1.034075
1.034075
1.034075
1.034075
1.034075
1.034075
1.034075
1.034075
1.026387
1.026387
1.026387
1.026387
1.024269
1.024269
1.024269
1.024269
1.024269
1.024269
1.024269
1.024269
1.024269
1.024269
1.024269
1.024269
1.024269
1.024269
1.024269
1.024269
1.024269
1.024269
1.024269
1.024269
1.024269
1.024269
1.024269
1.024269
1.024269
1.024269
1.024269
1.024269
1.024269
1.024269
1.024269
1.024269
1.024269
1.024269
1.024269
1.024269
1.024269
1.024269
1.024269
1.024269
1.024269
1.024269
1.024269
1.024269
1.024269
1.024269
1.024269
1.024269
1.024269
1.024269
1.024269
1.024269
1.024269
1.024269
1.024269
1.024269
1.024269
1.024269
1.024269
1.024269
1.024269
1.024269
1.024269
1.021989
1.021989
1.021989
1.021989
1.021989
1.021989
1.021989
1.021989
1.021989
1.021989
1.021989
1.021989
1.021989
1.021989
1.021989
1.021989
1.021989
1.021989
1.021989
1.021989
1.021989
1.021989
1.021989
1.021989
1.021989
1.021989
1.021989
1.021989
1.021989
1.021989
1.021989
1.021989
1.021989
1.021989
1.021989
1.021989
1.021989
1.021989
1.021989
1.021989
1.021989
1.021989
1.021989
1.021989
1.021989
1.021989
1.021989
1.021989
1.018899
1.018899
1.018899
1.018899
1.018899
1.018899
1.018899
1.018899
1.018899
1.018899
1.018181
1.003446
1.003446
1.003446
1.003446
1.001740
1.001740
1.001740
1.001740
1.001740
1.001740
1.001740
1.001740
1.001740
1.001740
1.001740
1.001740
1.001740
1.001740
1.001740
1.001740
1.001740
1.001740
1.001740
1.001740
1.001740
1.001740
1.001740
1.001740
1.001740
1.001740
1.001740
1.001740
1.001740
1.001740
1.001740
1.001740
1.001740
1.001740
1.001740
1.001740
1.001740
1.001740
1.001740
1.001740
1.001740
1.001740
1.001740
1.001740
1.001740
1.001740
1.001740
1.001740
0.994394
0.994394
0.994394
0.994394
0.994394
0.994394
0.994394
0.994394
0.994394
0.994394
0.994394
0.994394
0.994394
0.994394
0.994394
0.994394
0.994394
0.994394
0.994394
0.994394
0.994394
0.994394
0.994394
0.994394
0.991344
0.991344
0.991344
0.991344
0.991344
0.991344
0.991344
0.989119
0.989119
0.989119
0.989119
0.989119
0.989119
0.989119
0.989119
0.989119
0.989119
0.989119
0.989119
0.989119
0.989119
0.989119
0.989119
0.989119
0.989119
0.989119
0.989119
0.986206
0.986206
0.986206
0.986206
0.986206
0.986206
0.986206
0.986206
0.986206
0.986206
0.986206
0.986206
0.986206
0.986206
0.986206
0.984167
0.984167
0.984167
0.984167
0.984167
0.983491
0.983491
0.983491
0.983491
0.983491
0.983491
0.983491
0.983491
0.983491
0.982507
0.982507
0.982507
0.977354
0.977354
0.977354
0.977354
0.977354
0.977354
0.977354
0.977354
0.977354
0.977354
0.975273
0.975273
0.975273
0.975273
0.975273
0.975273
0.975273
0.975273
0.975273
0.975273
0.975273
0.975273
0.975273
0.975273
0.975273
0.975273
0.975273
0.975273
0.975273
0.975273
0.975273
0.975273
0.975273
0.975273
0.975273
0.975273
0.975273
0.975273
0.975273
0.975273
0.975273
0.975273
0.975273
0.975273
0.975273
0.975273
0.969877
0.969877
0.969877
0.969877
0.969877
0.969877
0.969877
0.969877
0.969877
0.969877
0.969877
0.969877
0.969877
0.969877
0.943203
0.943203
0.943203
0.940673
0.940673
0.940673
0.940673
0.940673
0.940673
0.940673
0.940673
0.940673
0.940673
0.940673
0.940673
0.940673
0.940673
0.940673
0.940673
0.940673
0.938814
0.938814
0.938814
0.938814
0.938351
0.938351
0.938351
0.938351
0.938351
0.938351
0.938351
0.938351
0.938351
0.938351
0.938351
0.938351
0.938351
0.938351
0.938351
0.938351
0.938351
0.938351
0.938351
0.938351
0.938351
0.938351
0.938351
0.938351
0.938351
0.938054
0.938054
0.938054
0.938054
0.938054
0.938054
0.937048
0.937048
0.937048
0.937048
0.937048
0.937048
0.937048
0.937048
0.937048
0.937048
0.937048
0.937048
0.937048
0.937048
0.937048
0.937048
0.937048
0.937048
0.937048
0.937048
0.937048
0.937048
0.935289
0.935289
0.935289
0.935289
0.935289
0.935289
0.935289
0.928246
0.915943
0.915943
0.915943
0.915943
0.915943
0.915943
0.915943
0.915943
0.915943
0.915943
0.915943
0.915943
0.915943
0.915943
0.915943
0.915943
0.915943
0.915943
0.915943
0.915943
0.915943
0.915943
0.915943
0.915943
0.915943
0.915943
0.915943
0.915943
0.915943
0.915943
0.915943
0.915943
0.915943
0.915943
0.913244
0.913244
0.913244
0.913244
0.913244
0.913244
0.913244
0.913244
0.913244
0.913244
0.913244
0.913244
0.913244
0.913244
0.913244
0.913244
0.913244
0.913244
0.913244
0.886756
0.886756
0.886756
0.886756
0.886756
0.886756
0.885314
0.885314
0.885314
0.883238
0.883238
0.883238
0.883238
0.883238
0.883238
0.883238
0.883238
0.883238
0.883238
0.883238
0.883238
0.883238
0.883238
0.883238
0.883238
0.883238
0.883238
0.883238
0.883238
0.883238
0.883238
0.883238
0.876570
0.876570
0.876570
0.876570
0.876570
0.876570
0.876570
0.876570
0.876570
0.876570
0.876570
0.876570
0.875446
0.875446
0.875446
0.875446
0.875446
0.875446
0.875446
0.875446
0.875446
0.875446
0.875446
0.875446
0.875446
0.875446
0.875446
0.875446
0.875446
0.875446
0.875446
0.875446
0.875446
0.875446
0.875446
0.875446
0.875446
0.875446
0.875446
0.875446
0.875446
0.875446
0.875446
0.875446
0.875446
0.875446
0.875446
0.875446
0.875446
0.875446
0.875446
0.875446
0.875446
0.875446
0.875446
0.875446
0.875446
0.872589
0.872589
0.872589
0.872589
0.872589
0.872589
0.872589
0.872589
0.872589
0.872589
0.872589
0.872589
0.872589
0.872589
0.872589
0.872589
0.872589
0.872589
0.872589
0.872589
0.872589
0.872589
0.872589
0.872589
0.872589
0.872589
0.872589
0.872589
0.872589
0.872589
0.872589
0.872589
0.872589
0.872589
0.872589
0.872589
0.872589
0.872589
0.872589
0.872589
0.872589
0.872589
0.872589
0.872589
0.872589
0.872589
0.872589
0.872589
0.872589
0.872589
0.872589
0.872589
0.872589
0.872589
0.872589
0.872589
0.867322
0.867322
0.867322
0.867322
0.867322
0.867322
0.867322
0.867322
0.867322
0.867322
0.867322
0.867322
0.867322
0.867322
0.867322
0.867322
0.867322
0.867322
0.867322
0.867322
0.867322
0.867322
0.867322
0.867322
0.867322
0.867322
0.867322
0.867322
0.867322
0.867322
0.867322
0.867322
0.867322
0.867322
0.867322
0.867322
0.867322
0.867322
0.867322
0.863254
0.863254
0.863254
0.863254
0.863254
0.863254
0.863254
0.863254
0.863254
0.863254
0.863254
0.863254
0.863254
0.863254
0.863254
0.858774
0.858774
0.858774
0.858774
0.858774
0.858774
0.858774
0.858774
0.858774
0.858774
0.858774
0.856989
0.856989
0.856989
0.856989
0.856989
0.856989
0.856989
0.856989
0.856989
0.856989
0.856989
0.856989
0.856989
0.856989
0.856989
0.856989
0.856989
0.856989
0.856989
0.856989
0.856989
0.856989
0.856989
0.856989
0.856989
0.856989
0.856989
0.856989
0.856989
0.856989
0.856989
0.856989
0.856989
0.856989
0.856989
0.856989
0.856989
0.856989
0.856989
0.856989
0.856989
0.856989
0.856989
0.856989
0.856989
0.856989
0.856989
0.856989
0.856989
0.856989
0.856989
0.856989
0.856989
0.856989
0.856989
0.856989
0.856989
0.856989
0.856989
0.856989
0.856989
0.856989
0.856989
0.856989
0.856989
0.856989
0.856989
0.856989
0.856989
0.856989
0.856989
0.856989
0.856989
0.856989
0.856989
0.856989
0.856989
0.856989
0.856989
0.856989
0.856989
0.856989
0.856989
0.856989
0.856989
0.856989
0.856989
0.856989
0.856989
0.856989
0.856989
0.856989
0.856989
0.856989
0.856989
0.856989
0.855975
0.855975
0.855975
0.855975
0.855975
0.855975
0.855975
0.855975
0.855975
0.855975
0.853655
0.853655
0.853655
0.853655
0.853655
0.853655
0.853655
0.853655
0.853655
0.853655
0.853655
0.853655
0.853655
0.853655
0.853655
0.853655
0.853655
0.853655
0.853655
0.853655
0.853655
0.853655
0.853655
0.853655
0.853655
0.853655
0.853655
0.853655
0.853655
0.853655
0.853655
0.853655
0.853655
0.853655
0.853655
0.853655
0.853655
0.853655
0.853655
0.853655
0.853655
0.853655
0.853655
0.853655
0.853655
0.852338
0.852338
0.852338
0.852338
0.852338
0.852338
0.852338
0.852338
0.852338
0.852338
0.852338
0.852338
0.852338
0.852338
0.849870
0.849870
0.849870
0.849870
0.849870
0.849870
0.849870
0.849870
0.849870
0.849870
0.849870
0.849870
0.849870
0.849870
0.849870
0.849870
0.849870
0.849870
0.849870
0.849870
0.849870
0.849870
0.849870
0.849870
0.849870
0.849870
0.849870
0.849870
0.849870
0.849870
0.849870
0.849870
0.849870
0.849870
0.849870
0.849870
0.849870
0.849870
0.849870
0.849870
0.849870
0.849870
0.849452
0.849452
0.849452
0.849452
0.849452
0.849452
0.849452
0.849452
0.849452
0.845636
0.845636
0.845636
0.832070
0.832070
0.832070
0.832070
0.832070
0.832070
0.832070
0.832070
0.832070
0.832070
0.832070
0.832070
0.832070
0.832070
0.826554
0.826554
0.826554
0.826554
0.826554
0.826554
0.826554
0.826554
0.826554
0.826554
0.826554
0.826554
0.826554
0.826554
0.826554
0.826554
0.826554
0.826554
0.826554
0.826554
0.826464
0.826464
0.826464
0.826464
0.826464
0.826464
0.826464
0.826464
0.826464
0.826464
0.826464
0.826464
0.826464
0.826464
0.826464
0.826464
0.826464
0.826464
0.826464
0.826464
0.826464
0.826464
0.826464
0.826464
0.826464
0.826464
0.826464
0.826464
0.826464
0.826464
0.826464
0.826464
0.826464
0.826464
0.826464
0.826464
0.826464
0.826464
0.826464
0.826464
0.826464
0.826464
0.826464
0.826464
0.826464
0.826464
0.826464
0.826464
0.823867
0.823867
0.823867
0.823867
0.823867
0.823867
0.823867
0.823867
0.823867
0.823867
0.823867
0.810624
0.810624
0.810624
0.810624
0.810624
0.810624
0.810624
0.810624
0.810624
0.810624
0.810624
0.810624
0.808991
0.808991
0.808991
0.808991
0.808991
0.808991
0.808991
0.808991
0.808991
0.808991
0.808991
0.808991
0.808991
0.808991
0.808991
0.808991
0.808991
0.808991
0.808991
0.808991
0.808991
0.808991
0.808991
0.808991
0.808991
0.808991
0.808991
0.808991
0.808991
0.808991
0.808991
0.808991
0.808991
0.808991
0.808991
0.808991
0.808991
0.808991
0.808991
0.808991
0.808991
0.808991
0.803218
0.803218
0.803218
0.803169
0.803169
0.803169
0.803169
0.803169
0.803169
0.803169
0.803169
0.803169
0.803169
0.803169
0.797800
0.797800
0.797800
0.797800
0.797800
0.797800
0.797800
0.797800
0.797800
0.797800
0.797800
0.797800
0.797800
0.797800
0.797800
0.797800
0.797800
0.797800
0.797800
0.797800
0.797800
0.797800
0.797800
0.797800
0.797800
0.797800
0.797800
0.797800
0.797800
0.797800
0.797800
0.797800
0.797800
0.797800
0.797800
0.797800
0.797800
0.797800
0.762385
0.762385
0.762385
0.762385
0.762385
0.762366
0.762366
0.762366
0.762366
0.762366
0.762366
0.762366
0.762366
0.762366
0.762366
0.762366
0.762366
0.762366
0.762366
0.762366
0.762366
0.762366
0.762366
0.762366
0.762366
0.762366
0.762366
0.762366
0.762366
0.762366
0.760798
0.754629
0.754629
0.752156
0.752156
0.752156
0.752156
0.752156
0.752156
0.752156
0.752156
0.752156
0.752156
0.752156
0.752156
0.752156
0.752156
0.752156
0.752156
0.752156
0.752156
0.752156
0.752156
0.752156
0.752156
0.752156
0.752156
0.752156
0.752156
0.752156
0.752156
0.752156
0.752156
0.752156
0.752156
0.752156
0.752156
0.752156
0.752156
0.752156
0.752156
0.752156
0.752156
0.752156
0.752156
0.752156
0.752156
0.752156
0.752156
0.752156
0.746286
0.746286
0.746286
0.746286
0.746286
0.746286
0.746286
0.746286
0.746286
0.746286
0.746286
0.746286
0.746286
0.746286
0.746286
0.746286
0.746286
0.746286
0.746286
0.746286
0.746286
0.746286
0.746286
0.746286
0.746286
0.746286
0.746286
0.746286
0.746286
0.746286
0.746286
0.746286
0.746286
0.746286
0.746286
0.746286
0.746286
0.746286
0.746286
0.746286
0.746286
0.746286
0.746286
0.746286
0.746286
0.746286
0.746286
0.746286
0.746286
0.746286
0.746286
0.746286
0.746286
0.746286
0.746286
0.746286
0.746286
0.746286
0.746286
0.746286
0.746286
0.746286
0.746286
0.746286
0.746286
0.746286
0.746286
0.746286
0.746286
0.746286
0.746286
0.746286
0.746286
0.746286
0.746286
0.746286
0.746286
0.746286
0.746286
0.746286
0.743204
0.743204
0.743204
0.743204
0.736818
0.727308
0.727308
0.727308
0.727308
0.727308
0.726777
0.726777
0.726777
0.726777
0.726777
0.726777
0.726777
0.726777
0.726777
0.726777
0.726777
0.726777
0.726777
0.726777
0.726777
0.726777
0.726777
0.726777
0.726777
0.726777
0.726777
0.726777
0.726777
0.726777
0.712845
0.712845
0.712845
0.712845
0.712845
0.712845
0.712845
0.712845
0.712845
0.712845
0.712845
0.712845
0.712845
0.712845
0.712845
0.712845
0.712845
0.712845
0.712845
0.712845
0.712845
0.712845
0.712845
0.712845
0.712845
0.712845
0.712845
0.712845
0.712845
0.712845
0.712845
0.712845
0.712845
0.712845
0.712845
0.711760
0.711760
0.711760
0.711760
0.711760
0.711760
0.711760
0.711760
0.711760
0.711760
0.711760
0.711760
0.711760
0.711760
0.708914
0.708914
0.708914
0.708914
0.708914
0.708914
0.708914
0.708914
0.708914
0.708914
0.708914
0.708914
0.708914
0.708914
0.708914
0.708914
0.708914
0.708914
0.708914
0.708914
0.708914
0.708914
0.708914
0.708914
0.708914
0.708914
0.708914
0.708914
0.708914
0.708914
0.708914
0.708914
0.708914
0.705075
0.705075
0.705075
0.705075
0.705075
0.705075
0.705075
0.705075
0.705075
0.705075
0.705075
0.705075
0.705075
0.705075
0.705075
0.705075
0.705075
0.705075
0.705075
0.705075
0.705075
0.705075
0.705075
0.705075
0.705075
0.705075
0.705075
0.705075
0.705075
0.705075
0.699664
0.699664
0.699664
0.699664
0.699664
0.699664
0.699664
0.699664
0.699664
0.699664
0.699664
0.699664
0.699664
0.699664
0.699664
0.699664
0.699664
0.699664
0.699664
0.699664
0.699664
0.699664
0.699664
0.699664
0.699664
0.699664
0.699664
0.699664
0.699664
0.699664
0.699664
0.699664
0.693554
0.693554
0.693554
0.693554
0.693554
0.693554
0.693554
0.693554
0.693554
0.693554
0.693554
0.693554
0.693554
0.693554
0.693554
0.693554
0.693554
0.684947
0.684947
0.684947
0.684947
0.684947
0.684947
0.684947
0.684947
0.684947
0.684947
0.684947
0.684947
0.684947
0.684947
0.684947
0.684947
0.684237
0.684237
0.684237
0.684237
0.684237
0.683904
0.683904
0.683904
0.683904
0.683904
0.683904
0.683904
0.683904
0.683904
0.683904
0.683904
0.683904
0.683904
0.683904
0.683904
0.683904
0.683904
0.683134
0.683134
0.683134
0.683134
0.683134
0.683134
0.683134
0.683134
0.683134
0.683134
0.683134
0.683134
0.683134
0.683134
0.683134
0.683134
0.683134
0.683134
0.683134
0.683134
0.683134
0.683134
0.683134
0.683134
0.683134
0.683134
0.683134
0.683134
0.683134
0.683134
0.683134
0.683134
0.683134
0.683134
0.683134
0.683134
0.683134
0.683134
0.683134
0.683134
0.683134
0.681828
0.681828
0.681828
0.681828
0.681828
0.681828
0.681828
0.681828
0.681828
0.681828
0.681828
0.681828
0.681828
0.681828
0.681828
0.681828
0.681828
0.681828
0.681828
0.681828
0.681828
0.681828
0.681828
0.681828
0.681828
0.681828
0.681828
0.681828
0.681828
0.681828
0.670193
0.670193
0.670193
0.670193
0.670193
0.670193
0.670193
0.668257
0.668257
0.668257
0.668257
0.668257
0.668257
0.667255
0.667255
0.667255
0.667255
0.667255
0.667255
0.667255
0.667255
0.667255
0.667255
0.667255
0.667255
0.667255
0.667255
0.667255
0.667255
0.667255
0.667255
0.667255
0.667255
0.667255
0.667255
0.667255
0.667255
0.667255
0.667255
0.667255
0.667255
0.667255
0.667255
0.667255
0.667255
0.667255
0.667255
0.667255
0.667255
0.667255
0.667255
0.667255
0.667255
0.667255
0.667255
0.667255
0.667255
0.667255
0.667255
0.667255
0.667255
0.667255
0.667255
0.667255
0.667255
0.667255
0.667255
0.667255
0.667255
0.666353
0.666353
0.666353
0.666353
0.666353
0.666353
0.666353
0.666353
0.666353
0.666353
0.666353
0.666353
0.666353
0.666353
0.666353
0.666353
0.666353
0.666353
0.666353
0.666353
0.666353
0.666353
0.666353
0.666353
0.666353
0.666353
0.666353
0.666353
0.666353
0.666353
0.666353
0.666353
0.666353
0.666353
0.666353
0.666353
0.666353
0.666353
0.666353
0.666353
0.666353
0.666353
0.666353
0.666353
0.666353
0.666353
0.666353
0.666353
0.666353
0.666353
0.666353
0.666353
0.666353
0.666353
0.666353
0.666353
0.666353
0.666353
0.666353
0.666353
0.666353
0.666353
0.666353
0.666353
0.666353
0.666353
0.666353
0.666353
0.666353
0.666353
0.666353
0.666353
0.666353
0.666353
0.666353
0.666353
0.666353
0.666353
0.666353
0.666353
0.666353
0.666353
0.666353
0.666353
0.666353
0.666353
0.666353
0.666353
0.666353
0.666353
0.666353
0.666353
0.666353
0.666353
0.666353
0.666353
0.666353
0.666353
0.666353
0.666353
0.666353
0.666353
0.666353
0.666353
0.666353
0.666353
0.666353
0.666353
0.666353
0.666353
0.666353
0.666353
0.666353
0.666302
0.666302
0.666302
0.666302
0.666302
0.666302
0.666302
0.666302
0.666302
0.666302
0.666302
0.666302
0.666302
0.666302
0.666302
0.666302
0.666302
0.666302
0.666302
0.666302
0.666302
0.666302
0.666302
0.666302
0.666302
0.666302
0.666302
0.666302
0.666302
0.666302
0.666302
0.666302
0.666302
0.666302
0.666302
0.666302
0.666302
0.666302
0.666302
0.666302
0.666302
0.666302
0.666302
0.666302
0.666302
0.666302
0.666302
0.666302
0.666302
0.666302
0.666302
0.666302
0.666302
0.666302
0.666248
0.666248
0.666248
0.666248
0.666248
0.666248
0.666248
0.666248
0.666248
0.666248
0.666248
0.666248
0.666248
0.666248
0.666248
0.628054
0.628054
0.628054
0.628054
0.628054
0.628054
0.628054
0.628054
0.628054
0.628054
0.628054
0.628054
0.628054
0.628054
0.628054
0.628054
0.628054
0.628054
0.628054
0.628054
0.628054
0.628054
0.628054
0.628054
0.628054
0.628054
0.628054
0.628054
0.628054
0.628054
0.628054
0.628054
0.628054
0.628054
0.628054
0.628054
0.628054
0.628054
0.628054
0.628054
0.628054
0.620263
0.620263
0.620263
0.620263
0.620263
0.620263
0.620263
0.620263
0.620263
0.618065
0.618065
0.617893
0.617893
0.617893
0.617893
0.617893
0.617893
0.611125
0.611125
0.611125
0.611125
0.611125
0.611125
0.611125
0.611125
0.611125
0.611125
0.611125
0.611125
0.611125
0.611125
0.611125
0.611125
0.611125
0.611125
0.611125
0.611125
0.611125
0.611125
0.611125
0.611125
0.611125
0.607435
0.607435
0.607435
0.607435
0.607435
0.607435
0.607435
0.607435
0.607435
0.607435
0.607435
0.607435
0.607435
0.607435
0.607435
0.607435
0.607435
0.607435
0.607435
0.607435
0.607435
0.607435
0.607435
0.607435
0.607435
0.607435
0.607435
0.607435
0.607435
0.607435
0.607435
0.607435
0.607435
0.607435
0.607435
0.607435
0.607435
0.607435
0.607435
0.607435
0.607435
0.607435
0.607435
0.601522
0.601522
0.601522
0.601522
0.597005
0.597005
0.597005
0.597005
0.597005
0.597005
0.597005
0.597005
0.597005
0.597005
0.597005
0.597005
0.597005
0.597005
0.597005
0.597005
0.597005
0.597005
0.597005
0.597005
0.597005
0.597005
0.597005
0.597005
0.597005
0.597005
0.597005
0.597005
0.597005
0.597005
0.597005
0.597005
0.597005
0.597005
0.597005
0.597005
0.597005
0.597005
0.595997
0.595997
0.595997
0.595997
0.595997
0.595997
0.595997
0.595997
0.595997
0.595997
0.595997
0.595997
0.595997
0.595997
0.595997
0.595997
0.595997
0.595918
0.595918
0.595918
0.595918
0.595918
0.595918
0.595918
0.595918
0.595918
0.595918
0.595918
0.595918
0.595918
0.595918
0.595918
0.595918
0.595918
0.595918
0.595918
0.595918
0.595918
0.595918
0.595918
0.595667
0.595667
0.595667
0.595667
0.595667
0.595667
0.595667
0.595667
0.595667
0.595667
0.588061
0.588061
0.588061
0.588061
0.588061
0.588061
0.588061
0.588061
0.588061
0.588061
0.588061
0.588061
0.588061
0.588061
0.588061
0.588061
0.588061
0.588061
0.588061
0.588061
0.588061
0.588061
0.588061
0.588017
0.588017
0.588017
0.588017
0.588017
0.588017
0.588017
0.588017
0.588017
0.588017
0.588017
0.585796
0.585796
0.585176
0.585176
0.585176
0.584640
0.584640
0.584640
0.584640
0.584640
0.584640
0.584640
0.584640
0.584640
0.584640
0.584640
0.584640
0.584640
0.584640
0.584640
0.584640
0.584640
0.583347
0.583347
0.583347
0.583347
0.583347
0.583347
0.583347
0.583347
0.583347
0.583347
0.583347
0.583347
0.583347
0.583347
0.583347
0.583347
0.583347
0.583347
0.583347
0.583347
0.583347
0.583347
0.583347
0.583347
0.583347
0.583347
0.583347
0.583347
0.583347
0.583347
0.583347
0.579746
0.579746
0.579746
0.579746
0.579746
0.579746
0.579746
0.579746
0.579746
0.579746
0.579746
0.579746
0.579746
0.579746
0.579746
0.579746
0.579746
0.579746
0.579746
0.579746
0.579746
0.579746
0.579746
0.579746
0.579746
0.579746
0.579746
0.579746
0.579746
0.579746
0.579746
0.579746
0.579746
0.579746
0.579746
0.579746
0.579746
0.579746
0.579746
0.579746
0.579746
0.579746
0.579746
0.579746
0.579746
0.579746
0.579746
0.577274
0.577274
0.577274
0.577274
0.577274
0.577274
0.577274
0.577274
0.577274
0.577274
0.577274
0.577274
0.577274
0.577274
0.577274
0.577274
0.577274
0.577274
0.577274
0.577274
0.577274
0.577274
0.577274
0.577274
0.577274
0.577274
0.577274
0.577274
0.577274
0.577274
0.577274
0.577274
0.577274
0.577274
0.577274
0.577274
0.577274
0.577274
0.577274
0.576865
0.576865
0.576865
0.576865
0.576865
0.576865
0.576865
0.576865
0.576865
0.576865
0.576865
0.576865
0.576865
0.576865
0.576865
0.576865
0.576865
0.576865
0.576865
0.576865
0.576865
0.576865
0.576865
0.576865
0.576865
0.576865
0.576865
0.576865
0.576865
0.576865
0.576865
0.576865
0.576865
0.576865
0.576865
0.576865
0.576865
0.576865
0.576865
0.576865
0.576865
0.576865
0.576865
0.576865
0.576865
0.576865
0.576865
0.576865
0.576865
0.576865
0.576865
0.576865
0.576865
0.576865
0.576865
0.576865
0.575184
0.575184
0.575184
0.575184
0.575184
0.575184
0.575184
0.575184
0.575184
0.575184
0.575184
0.575184
0.575184
0.575184
0.575184
0.575184
0.575184
0.575184
0.575184
0.574639
0.574639
0.574639
0.573747
0.573747
0.573747
0.573747
0.573747
0.573747
0.573747
0.573747
0.573747
0.573747
0.573747
0.573747
0.573747
0.573747
0.573747
0.573747
0.573747
0.573747
0.573747
0.573747
0.573747
0.573747
0.573747
0.573747
0.573747
0.573747
0.573747
0.573747
0.573747
0.573747
0.573747
0.573747
0.573747
0.573747
0.573747
0.573747
0.573747
0.573747
0.573747
0.573747
0.573747
0.573747
0.573747
0.573747
0.573747
0.573747
0.573747
0.573747
0.573747
0.573747
0.573747
0.573747
0.573747
0.573747
0.573747
0.573747
0.573747
0.573747
0.573747
0.573747
0.573747
0.573747
0.573747
0.573747
0.573747
0.573747
0.573747
0.573747
0.573747
0.573747
0.573747
0.573747
0.573747
0.573747
0.573747
0.573747
0.573747
0.573747
0.573747
0.573747
0.573747
0.573747
0.573747
0.573747
0.573747
0.573747
0.573747
0.573747
0.573747
0.573747
0.573747
0.573747
0.573747
0.573747
0.573747
0.573747
0.573747
0.573747
0.573747
0.573747
0.569254
0.569254
0.569254
0.569254
0.569254
0.569254
0.569254
0.569254
0.569254
0.569254
0.569254
0.569254
0.569254
0.569254
0.569254
0.569254
0.569254
0.569254
0.569254
0.569254
0.569254
0.569254
0.569254
0.569254
0.569254
0.569254
0.569254
0.569254
0.568803
0.568803
0.568803
0.568803
0.568803
0.568803
0.568803
0.568803
0.568803
0.564950
0.563703
0.563703
0.563703
0.563703
0.563703
0.563703
0.563119
0.563119
0.563119
0.563119
0.563119
0.563119
0.563119
0.563119
0.563119
0.563119
0.563119
0.563119
0.563119
0.563119
0.563119
0.563119
0.563119
0.563119
0.563119
0.563119
0.563119
0.563119
0.563119
0.563119
0.563119
0.563119
0.563119
0.563119
0.557152
0.557152
0.557152
0.557152
0.557152
0.557152
0.557152
0.557152
0.557152
0.557152
0.557152
0.557152
0.557152
0.557152
0.557152
0.557152
0.557152
0.557152
0.557152
0.557152
0.557152
0.557152
0.557152
0.557152
0.557152
0.557152
0.557152
0.557152
0.554602
0.554602
0.554602
0.554602
0.554602
0.554602
0.554602
0.554602
0.554602
0.554602
0.554602
0.554602
0.554602
0.554602
0.554602
0.554602
0.554602
0.554602
0.554536
0.554536
0.554536
0.554536
0.554536
0.554536
0.554536
0.554536
0.554536
0.554536
0.554536
0.554536
0.554536
0.554536
0.554536
0.554536
0.554536
0.554536
0.554536
0.554536
0.554536
0.554536
0.554536
0.554536
0.554536
0.554536
0.554536
0.554536
0.554536
0.554536
0.554536
0.554536
0.554536
0.554536
0.554536
0.554536
0.554536
0.554536
0.554536
0.554536
0.554536
0.554536
0.554536
0.554536
0.554536
0.554536
0.554536
0.554536
0.554536
0.554536
0.554536
0.554536
0.554536
0.554536
0.554536
0.554536
0.554536
0.554536
0.554536
0.554536
0.554536
0.554536
0.554536
0.554536
0.554536
0.554536
0.554536
0.554536
0.554536
0.554536
0.554536
0.554536
0.554536
0.554536
0.554536
0.554536
0.554536
0.554536
0.554536
0.554536
0.554536
0.554536
0.554536
0.554536
0.554536
0.554536
0.549774
0.540321
0.540321
0.536199
0.536199
0.536199
0.536199
0.536199
0.536199
0.536199
0.536199
0.536199
0.536199
0.536199
0.536199
0.536199
0.536199
0.536199
0.536199
0.536199
0.536199
0.536199
0.536199
0.536199
0.536199
0.536199
0.536199
0.536199
0.536199
0.535927
0.535927
0.535927
0.535927
0.535927
0.535927
0.535927
0.535927
0.535927
0.535927
0.535927
0.535927
0.535927
0.535927
0.535927
0.535927
0.535927
0.535927
0.535927
0.535927
0.535927
0.535927
0.535927
0.535927
0.535927
0.535927
0.535927
0.535927
0.535698
0.535698
0.535698
0.535698
0.535698
0.535698
0.535698
0.535698
0.535698
0.535698
0.535698
0.535698
0.535698
0.535698
0.535698
0.535698
0.535698
0.535698
0.535698
0.535698
0.535698
0.535698
0.535698
0.535698
0.535698
0.535698
0.532651
0.532651
0.532651
0.532651
0.532651
0.532651
0.532651
0.532651
0.532651
0.532651
0.532651
0.532651
0.532651
0.532651
0.532651
0.532651
0.532651
0.532651
0.532651
0.532651
0.532651
0.532651
0.532651
0.532651
0.532651
0.532651
0.532651
0.532651
0.532651
0.532651
0.532651
0.532651
0.532651
0.532651
0.532651
0.532651
0.532651
0.532651
0.532651
0.532651
0.532651
0.532651
0.532651
0.532651
0.532651
0.532651
0.532651
0.532651
0.532651
0.532651
0.532651
0.532651
0.532651
0.531322
0.531322
0.531322
0.531322
0.531322
0.531115
0.531115
0.531115
0.531115
0.531115
0.531115
0.531115
0.531115
0.531115
0.531115
0.531115
0.531115
0.531115
0.531115
0.531115
0.531115
0.531115
0.531115
0.531115
0.531115
0.531115
0.531115
0.530719
0.530719
0.530719
0.530719
0.518840
0.518840
0.518840
0.518840
0.518840
0.518840
0.518840
0.518840
0.518840
0.518840
0.518840
0.518840
0.518840
0.518840
0.518840
0.518840
0.518840
0.518840
0.518840
0.518840
0.518840
0.518840
0.518840
0.518840
0.518840
0.518840
0.518840
0.518840
0.518840
0.518840
0.518840
0.518840
0.518840
0.518840
0.518840
0.518840
0.518840
0.518840
0.518840
0.518840
0.518840
0.518840
0.518840
0.518840
0.518840
0.518840
0.518840
0.518840
0.518840
0.518840
0.518840
0.518840
0.518840
0.518821
0.518821
0.518821
0.518821
0.518821
0.518821
0.518821
0.518821
0.518821
0.518821
0.518821
0.518821
0.518821
0.518821
0.518821
0.518821
0.518821
0.518821
0.518821
0.518821
0.518821
0.518821
0.518821
0.518821
0.518821
0.518821
0.513774
0.513488
0.513488
0.513243
0.513243
0.513243
0.513243
0.513243
0.513243
0.513243
0.513243
0.513243
0.513243
0.513243
0.513243
0.513243
0.513243
0.513243
0.513243
0.513243
0.513243
0.513243
0.505222
0.505222
0.505222
0.505222
0.505222
0.505222
0.505222
0.505222
0.505222
0.505222
0.505222
0.505222
0.505222
0.505222
0.505222
0.505222
0.505222
0.505222
0.505222
0.505222
0.505222
0.505222
0.505222
0.501253
0.501253
0.501253
0.501253
0.501253
0.501253
0.501253
0.501253
0.501253
0.501253
0.501253
0.501253
0.501253
0.501253
0.501253
0.501253
0.501253
0.501253
0.501253
0.501253
0.501253
0.501253
0.501253
0.501253
0.501253
0.501253
0.501253
0.501253
0.501253
0.501253
0.501253
0.501253
0.501253
0.501253
0.501253
0.501253
0.501253
0.501253
0.501253
0.501253
0.501253
0.501253
0.501253
0.501253
0.501253
0.501253
0.501253
0.501253
0.501253
0.501253
0.501253
0.501253
0.501253
0.501253
0.501253
0.501253
0.501253
0.501253
0.501253
0.501253
0.501253
0.501253
0.501253
0.501253
0.501253
0.501253
0.501253
0.501253
0.501253
0.501253
0.501253
0.499035
0.499035
0.499035
0.499035
0.499035
0.499035
0.499035
0.499035
0.499035
0.499035
0.499035
0.499035
0.499035
0.499035
0.499035
0.499035
0.499035
0.499035
0.499035
0.499035
0.499035
0.499035
0.499035
0.499035
0.499035
0.499035
0.499035
0.499035
0.499035
0.499035
0.499035
0.499035
0.499035
0.499035
0.499035
0.499035
0.499035
0.499035
0.499035
0.499035
0.499035
0.499035
0.499035
0.499035
0.499035
0.499035
0.499035
0.499035
0.499035
0.499035
0.499035
0.499035
0.499035
0.499035
0.499035
0.499035
0.498393
0.498393
0.498393
0.498393
0.498393
0.498393
0.498393
0.498393
0.498393
0.498393
0.498393
0.498393
0.498393
0.498393
0.497343
0.497343
0.497343
0.497343
0.497343
0.497343
0.497343
0.497343
0.497343
0.497343
0.497343
0.497343
0.496286
0.496286
0.496286
0.496286
0.496286
0.496286
0.496286
0.494222
0.494222
0.494142
0.494142
0.494142
0.494142
0.494142
0.494142
0.494142
0.494142
0.494142
0.494142
0.494142
0.494142
0.494142
0.494142
0.494142
0.494142
0.494142
0.494142
0.494142
0.494142
0.494142
0.494142
0.494142
0.494142
0.494142
0.494142
0.494142
0.494142
0.494142
0.494142
0.494142
0.494142
0.494142
0.494142
0.494142
0.494142
0.494142
0.494142
0.494142
0.494142
0.494142
0.494142
0.494142
0.494142
0.494142
0.494142
0.494142
0.494142
0.494142
0.494142
0.494142
0.494142
0.494142
0.494142
0.494142
0.494142
0.494142
0.494142
0.494142
0.494142
0.494142
0.494142
0.494142
0.494142
0.494142
0.494142
0.494142
0.494142
0.494142
0.494142
0.494142
0.494142
0.494142
0.494142
0.494142
0.494142
0.494142
0.494142
0.494142
0.494142
0.494142
0.494142
0.494142
0.494142
0.494114
0.494114
0.494114
0.494114
0.493511
0.493511
0.493511
0.493511
0.493511
0.493511
0.493511
0.493511
0.493511
0.493511
0.493511
0.493511
0.493511
0.493511
0.493511
0.493511
0.493511
0.493511
0.493511
0.493511
0.493511
0.493511
0.493511
0.493511
0.493511
0.493511
0.493511
0.493511
0.493511
0.493511
0.493511
0.493511
0.493511
0.493511
0.493511
0.493511
0.493511
0.493511
0.493511
0.493511
0.493511
0.493511
0.493511
0.493511
0.493511
0.493511
0.493511
0.493511
0.493511
0.493511
0.493511
0.493511
0.493511
0.493511
0.493511
0.493511
0.493511
0.493511
0.493511
0.493511
0.493511
0.493511
0.493511
0.493511
0.493511
0.493511
0.493511
0.493511
0.493511
0.493511
0.493511
0.493511
0.493511
0.493511
0.493511
0.493511
0.493511
0.493511
0.493511
0.493511
0.493511
0.493511
0.493511
0.493511
0.493511
0.493511
0.493511
0.493511
0.493511
0.493511
0.493511
0.493511
0.493511
0.493511
0.493511
0.493511
0.493511
0.493511
0.493511
0.493511
0.492792
0.492792
0.492792
0.492792
0.492792
0.492792
0.492792
0.492792
0.492792
0.492792
0.492792
0.492792
0.492792
0.492792
0.492792
0.492792
0.492792
0.492792
0.492792
0.492792
0.492792
0.492792
0.492792
0.492792
0.492792
0.492792
0.492792
0.492792
0.492792
0.492792
0.492792
0.492792
0.492728
0.492728
0.492728
0.492728
0.492728
0.492728
0.492728
0.492728
0.492728
0.492728
0.492728
0.492728
0.492728
0.492728
0.492728
0.492728
0.492728
0.492728
0.492728
0.492600
0.492600
0.492600
0.492600
0.492600
0.492600
0.492600
0.492600
0.492600
0.492600
0.492600
0.492600
0.492600
0.492600
0.492600
0.492600
0.492600
0.492600
0.491762
0.491762
0.491762
0.491762
0.491762
0.491762
0.491762
0.491762
0.491762
0.491762
0.491762
0.491762
0.491762
0.491762
0.491762
0.491762
0.491762
0.491762
0.491762
0.491762
0.491762
0.491762
0.491762
0.491762
0.491762
0.491762
0.491762
0.491762
0.491762
0.491762
0.491762
0.491762
0.491762
0.491762
0.491762
0.491762
0.491762
0.491762
0.491762
0.491762
0.491762
0.491762
0.491762
0.491762
0.491762
0.491762
0.491762
0.491762
0.491762
0.491762
0.491762
0.491762
0.491762
0.491762
0.491339
0.491339
0.491339
0.491339
0.491339
0.491339
0.491339
0.491339
0.491339
0.491339
0.491339
0.491339
0.491339
0.491339
0.491339
0.491339
0.491332
0.491332
0.491332
0.491332
0.491332
0.491332
0.491332
0.491332
0.491332
0.491332
0.491332
0.491332
0.491332
0.491332
0.491332
0.491332
0.491332
0.491332
0.491332
0.491332
0.491332
0.491332
0.491332
0.491332
0.491332
0.491332
0.487420
0.487420
0.487420
0.487420
0.487420
0.487420
0.487420
0.487420
0.487420
0.487420
0.487420
0.487420
0.487420
0.487420
0.487420
0.487420
0.487420
0.487420
0.484947
0.484947
0.484947
0.484947
0.484947
0.484947
0.484947
0.484947
0.484947
0.484947
0.484947
0.484947
0.484947
0.484947
0.484947
0.484947
0.484947
0.484947
0.484947
0.484947
0.484947
0.484947
0.484947
0.484947
0.484947
0.484947
0.484947
0.484947
0.484878
0.484878
0.484878
0.484878
0.484878
0.484878
0.484878
0.484878
0.484878
0.484878
0.484878
0.484878
0.484878
0.484878
0.484878
0.484878
0.484878
0.484878
0.484878
0.484878
0.484878
0.484878
0.484878
0.484878
0.484878
0.484878
0.483910
0.483910
0.483910
0.483910
0.483910
0.483910
0.483910
0.483910
0.483910
0.483910
0.483910
0.483910
0.483910
0.483910
0.483910
0.483910
0.483910
0.483910
0.483910
0.483910
0.483910
0.483910
0.483910
0.483910
0.483910
0.483910
0.483910
0.483910
0.483910
0.483910
0.483910
0.483910
0.483910
0.483910
0.483910
0.483910
0.483910
0.483910
0.483910
0.483910
0.483910
0.483910
0.483910
0.483910
0.483910
0.483910
0.483910
0.483910
0.483910
0.483910
0.483910
0.483910
0.483910
0.483910
0.483910
0.483910
0.483910
0.483910
0.483910
0.483910
0.483910
0.483910
0.483910
0.483910
0.483910
0.483910
0.483910
0.483910
0.483910
0.483910
0.483910
0.483910
0.483910
0.483910
0.483910
0.483910
0.483910
0.483910
0.483910
0.483910
0.483910
0.483910
0.483910
0.483910
0.483910
0.483910
0.483910
0.483910
0.483910
0.483910
0.483910
0.483910
0.483910
0.483910
0.483910
0.483910
0.483910
0.483910
0.483910
0.483910
0.483910
0.483910
0.483910
0.483910
0.483910
0.483910
0.483910
0.483910
0.483910
0.483910
0.483910
0.483910
0.483910
0.483910
0.483910
0.483910
0.483910
0.483910
0.483910
0.483910
0.483910
0.483910
0.483910
0.483910
0.483910
0.483910
0.483910
0.483910
0.483910
0.483910
0.483910
0.483910
0.483910
0.483910
0.483910
0.482816
0.482816
0.482816
0.482816
0.482816
0.482816
0.482816
0.482816
0.482816
0.482816
0.482816
0.482816
0.482816
0.482816
0.482816
0.482816
0.482816
0.482816
0.482816
0.482816
0.482816
0.482816
0.482816
0.482816
0.482816
0.482816
0.482816
0.482816
0.482816
0.482816
0.482816
0.482816
0.482816
0.482816
0.482816
0.482816
0.482816
0.482816
0.482816
0.482816
0.482816
0.482816
0.482816
0.482816
0.482816
0.482816
0.482816
0.482816
0.482816
0.482816
0.482816
0.482816
0.482816
0.482816
0.482816
0.482816
0.482816
0.482816
0.482816
0.482816
0.482816
0.482816
0.482816
0.482816
0.482816
0.482816
0.482816
0.482816
0.482816
0.482816
0.482816
0.482816
0.482816
0.482816
0.482816
0.482816
0.482816
0.482816
0.482816
0.482816
0.482816
0.482816
0.482816
0.482816
0.482816
0.482816
0.482816
0.482816
0.482816
0.482816
0.482816
0.482816
0.482816
0.482816
0.482816
0.482816
0.482816
0.482816
0.482816
0.482816
0.482816
0.482816
0.482816
0.482816
0.482816
0.482816
0.482816
0.482816
0.482816
0.482816
0.482816
0.482816
0.482816
0.482816
0.482816
0.482816
0.482816
0.482816
0.482816
0.482816
0.482816
0.482816
0.482816
0.482816
0.482816
0.482816
0.482816
0.482816
0.482816
0.482816
0.482816
0.482816
0.482816
0.482816
0.482816
0.482816
0.482816
0.482816
0.482816
0.482816
0.482816
0.482816
0.482816
0.482816
0.482816
0.482816
0.482816
0.482816
0.482816
0.482816
0.482816
0.482816
0.482816
0.482816
0.482816
0.482816
0.482816
0.482816
0.482816
0.482816
0.482816
0.482816
0.482816
0.482816
0.482816
0.482816
0.482816
0.482816
0.482816
0.482816
0.482816
0.482816
0.482816
0.482816
0.482816
0.482816
0.482816
0.482816
0.482816
0.482816
0.482816
0.482816
0.482816
0.482816
0.482816
0.482816
0.482816
0.482816
0.482816
0.482816
0.482816
0.482816
0.482816
0.482816
0.482816
0.482816
0.482816
0.482619
0.482619
0.482619
0.482619
0.482619
0.482619
0.482619
0.482619
0.482619
0.482619
0.482619
0.482619
0.482619
0.482619
0.482619
0.482619
0.482619
0.482619
0.482619
0.482619
0.482619
0.482619
0.482619
0.481145
0.481145
0.481145
0.481145
0.481145
0.481145
0.481145
0.481145
0.481145
0.481145
0.481145
0.481145
0.481145
0.481145
0.481145
0.481145
0.481145
0.481145
0.481145
0.481145
0.481145
0.481145
0.481145
0.481145
0.481145
0.481145
0.481145
0.481145
0.481145
0.481145
0.481145
0.481145
0.481145
0.480315
0.480315
0.480315
0.480315
0.480315
0.480315
0.480315
0.480315
0.480315
0.480315
0.480315
0.480315
0.480315
0.480315
0.480315
0.480315
0.480315
0.480315
0.480315
0.480315
0.480315
0.480315
0.480315
0.480315
0.480315
0.480315
0.480315
0.480315
0.480315
0.480315
0.480315
0.480315
0.477924
0.477924
0.477924
0.477924
0.477924
0.477924
0.477924
0.477924
0.477924
0.477924
0.477924
0.477924
0.477924
0.477924
0.477924
0.477924
0.477924
0.477924
0.477924
0.477924
0.477924
0.477924
0.477924
0.477924
0.477924
0.477924
0.477924
0.477924
0.477924
0.477924
0.477924
0.477924
0.477924
0.477924
0.477924
0.477924
0.477924
0.477924
0.477924
0.477924
0.477924
0.477924
0.477924
0.477924
0.477924
0.477924
0.477924
0.477924
0.477924
0.477924
0.477924
0.477924
0.477924
0.477924
0.477924
0.477924
0.477924
0.477924
0.477924
0.477924
0.477924
0.477924
0.477924
0.477924
0.477924
0.477924
0.477924
0.477924
0.477924
0.477924
0.477924
0.477924
0.477924
0.477924
0.477924
0.477924
0.477924
0.477924
0.477924
0.477924
0.477924
0.477924
0.477924
0.477924
0.477924
0.477924
0.477924
0.477924
0.477924
0.477924
0.477924
0.477924
0.477924
0.474496
0.474496
0.474496
0.474496
0.474496
0.474496
0.474496
0.474496
0.474496
0.474496
0.474496
0.474496
0.474496
0.474496
0.474496
0.474496
0.474496
0.474496
0.474496
0.474496
0.474496
0.474496
0.474496
0.474496
0.474496
0.474496
0.474496
0.474496
0.474496
0.474496
0.474496
0.474496
0.474496
0.474496
0.474496
0.474496
0.474496
0.474496
0.474496
0.474496
0.474496
0.474496
0.474496
0.474496
0.474496
0.474496
0.474496
0.474496
0.474496
0.474496
0.474496
0.474496
0.474496
0.474496
0.474496
0.474496
0.474496
0.474496
0.474496
0.474335
0.474335
0.474335
0.474335
0.474335
0.474335
0.474335
0.474335
0.474335
0.474335
0.474335
0.474335
0.474335
0.474335
0.474335
0.474335
0.474335
0.474335
0.474335
0.473689
0.473689
0.473689
0.473689
0.473689
0.473689
0.473689
0.473689
0.473689
0.473689
0.473689
0.473689
0.473689
0.473689
0.473689
0.473689
0.473689
0.473689
0.473689
0.473689
0.473689
0.473689
0.473689
0.473689
0.473689
0.473689
0.473689
0.473689
0.473689
0.473689
0.473689
0.473689
0.473689
0.473689
0.473689
0.473689
0.473689
0.473689
0.473689
0.473172
0.473172
0.473172
0.472415
0.472415
0.472415
0.472415
0.472415
0.472415
0.472415
0.472415
0.472415
0.472415
0.472415
0.472415
0.472415
0.472415
0.472415
0.472415
0.472415
0.472415
0.472415
0.472415
0.472415
0.472415
0.469625
0.469625
0.469625
0.469625
0.467993
0.467993
0.467993
0.467993
0.467993
0.467993
0.467993
0.467993
0.467993
0.467993
0.467993
0.467993
0.467993
0.467993
0.467993
0.467993
0.467993
0.467993
0.467993
0.467993
0.467892
0.467892
0.467892
0.467892
0.467892
0.467892
0.467892
0.467892
0.467892
0.467892
0.467892
0.467892
0.467892
0.467892
0.467892
0.467892
0.467892
0.467892
0.467892
0.467892
0.467892
0.467892
0.467892
0.467892
0.467892
0.467892
0.467892
0.467892
0.467892
0.467892
0.467892
0.467892
0.467892
0.467892
0.467892
0.467892
0.467892
0.467892
0.467892
0.467892
0.467892
0.466589
0.466589
0.466589
0.466589
0.466589
0.466589
0.466589
0.466589
0.466589
0.466589
0.466589
0.466589
0.466589
0.466589
0.466589
0.466589
0.466589
0.466589
0.466589
0.466589
0.466589
0.466589
0.466589
0.466589
0.466589
0.466589
0.466589
0.466589
0.466589
0.466589
0.466589
0.466589
0.466589
0.466589
0.466589
0.466589
0.466589
0.465057
0.465057
0.465057
0.465057
0.465057
0.465057
0.465057
0.465057
0.465057
0.465057
0.465057
0.465057
0.465057
0.464904
0.464904
0.464904
0.464904
0.464904
0.464904
0.464904
0.464904
0.464904
0.464904
0.464904
0.464904
0.464904
0.464904
0.464904
0.464904
0.464904
0.464904
0.464904
0.464904
0.464904
0.464904
0.464904
0.464904
0.464904
0.464904
0.464904
0.464904
0.464904
0.464904
0.464904
0.464904
0.464904
0.464904
0.464904
0.464904
0.464904
0.464904
0.464904
0.464904
0.464904
0.464904
0.464904
0.464904
0.464904
0.464904
0.464904
0.464904
0.464904
0.464904
0.464904
0.464904
0.464904
0.464904
0.464904
0.464904
0.464904
0.464904
0.464904
0.464904
0.464904
0.464904
0.464904
0.464904
0.464904
0.464904
0.464904
0.464904
0.464573
0.464573
0.464573
0.464573
0.464573
0.464573
0.464573
0.464573
0.464573
0.464573
0.464573
0.464573
0.464573
0.464573
0.464573
0.464573
0.464573
0.464573
0.464573
0.464573
0.464573
0.464573
0.464573
0.464573
0.464573
0.464573
0.464573
0.464573
0.464573
0.464573
0.463458
0.463458
0.463458
0.463458
0.463458
0.463458
0.463458
0.463458
0.463458
0.463458
0.463458
0.463458
0.463458
0.463458
0.463458
0.463458
0.463458
0.463458
0.463458
0.463458
0.463458
0.463458
0.463458
0.463458
0.463458
0.463458
0.463458
0.463458
0.463458
0.463458
0.463458
0.463458
0.463458
0.463458
0.463458
0.463458
0.463458
0.463458
0.463458
0.463458
0.463458
0.463458
0.463458
0.463458
0.463458
0.463458
0.463458
0.463458
0.463458
0.463458
0.463458
0.463458
0.463458
0.463458
0.463458
0.463458
0.463458
0.463458
0.463458
0.463458
0.463458
0.463458
0.463458
0.463458
0.463458
0.463458
0.463458
0.463458
0.463458
0.463458
0.463458
0.463458
0.463458
0.463458
0.463458
0.463458
0.463458
0.463300
0.463300
0.463300
0.463300
0.463300
0.463300
0.463300
0.462844
0.462844
0.462844
0.462844
0.462844
0.462844
0.459723
0.459723
0.459723
0.459723
0.459723
0.459723
0.459723
0.459723
0.459723
0.459723
0.459723
0.459723
0.459723
0.459723
0.459723
0.459723
0.458386
0.458386
0.458386
0.458386
0.458386
0.458386
0.458386
0.458386
0.458386
0.458386
0.458386
0.458386
0.458386
0.458386
0.458386
0.458386
0.458386
0.458386
0.458386
0.458386
0.458386
0.458386
0.458386
0.458386
0.458386
0.458386
0.454917
0.454917
0.454917
0.454917
0.454917
0.454917
0.454917
0.454917
0.454917
0.454917
0.454917
0.454917
0.454698
0.454698
0.454698
0.454698
0.454698
0.454698
0.454698
0.454698
0.454698
0.454405
0.454405
0.454405
0.450414
0.450414
0.450414
0.450414
0.449984
0.449984
0.449984
0.449984
0.449984
0.449984
0.449984
0.449984
0.449984
0.449984
0.449984
0.449984
0.449984
0.449984
0.449984
0.449984
0.449984
0.449984
0.449984
0.449984
0.449984
0.449984
0.449984
0.449984
0.449984
0.449984
0.449984
0.449984
0.449984
0.449984
0.449984
0.449984
0.449984
0.449984
0.449984
0.449984
0.449897
0.449897
0.449897
0.449897
0.449897
0.449897
0.449897
0.449897
0.449897
0.449897
0.449897
0.449897
0.449897
0.449897
0.449897
0.449897
0.449897
0.449897
0.449897
0.449897
0.449897
0.449897
0.449897
0.449897
0.449897
0.449897
0.449897
0.449897
0.449897
0.449897
0.448706
0.448706
0.448706
0.448706
0.448706
0.448706
0.448706
0.448706
0.448706
0.448706
0.448706
0.448706
0.448706
0.448706
0.448706
0.448706
0.448706
0.448706
0.448706
0.448706
0.448706
0.448706
0.448706
0.448706
0.448706
0.448706
0.448706
0.448706
0.448706
0.448706
0.448706
0.448706
0.448706
0.448706
0.448706
0.448706
0.448706
0.448706
0.448706
0.448706
0.448706
0.448706
0.448706
0.448706
0.448706
0.448706
0.448706
0.448706
0.448706
0.448706
0.439063
0.439063
0.439063
0.436338
0.436338
0.436338
0.436338
0.436338
0.436338
0.436338
0.436338
0.436338
0.436338
0.436338
0.436338
0.436338
0.436338
0.435280
0.435280
0.435280
0.435280
0.435280
0.435280
0.435280
0.435280
0.435280
0.435280
0.435280
0.434976
0.434976
0.434976
0.434976
0.434976
0.434976
0.434976
0.434976
0.434976
0.434976
0.434976
0.434976
0.434976
0.434976
0.434976
0.434976
0.434976
0.434976
0.434976
0.434918
0.434918
0.434918
0.434918
0.434918
0.434918
0.434918
0.434918
0.434918
0.434918
0.434918
0.434918
0.434918
0.434918
0.434918
0.434434
0.434434
0.434434
0.434434
0.434434
0.434434
0.434434
0.434434
0.434434
0.434434
0.434434
0.434434
0.434434
0.434434
0.434434
0.434434
0.434434
0.434434
0.434434
0.434434
0.434434
0.434434
0.434434
0.434434
0.434434
0.434434
0.434434
0.434434
0.434434
0.434434
0.434434
0.434434
0.434434
0.434434
0.434434
0.434434
0.434434
0.434434
0.434434
0.434434
0.434434
0.434434
0.434434
0.434434
0.434434
0.434434
0.434434
0.434434
0.434434
0.434434
0.434434
0.434434
0.434434
0.434434
0.434434
0.434434
0.434434
0.434434
0.434434
0.434434
0.434434
0.434434
0.434434
0.434434
0.434434
0.434434
0.434434
0.434434
0.434434
0.434434
0.434434
0.434434
0.434434
0.434434
0.434434
0.434434
0.434434
0.434434
0.434434
0.434434
0.434434
0.434434
0.434434
0.434434
0.434434
0.434434
0.434434
0.434434
0.434434
0.434434
0.434434
0.434434
0.434434
0.434434
0.434434
0.434434
0.434434
0.434434
0.434434
0.434434
0.434434
0.434434
0.434434
0.434434
0.434434
0.434434
0.434434
0.434434
0.429729
0.429729
0.429729
0.428501
0.428501
0.428501
0.428501
0.428501
0.428501
0.428501
0.428501
0.428501
0.428501
0.428501
0.428501
0.428501
0.428501
0.428501
0.428501
0.428501
0.428501
0.428501
0.428501
0.428501
0.428501
0.428501
0.428501
0.428501
0.428501
0.428501
0.428501
0.428501
0.428501
0.428501
0.428501
0.428501
0.428501
0.428501
0.428501
0.428501
0.428501
0.428501
0.428501
0.428501
0.428501
0.428501
0.428501
0.428501
0.428501
0.428501
0.428501
0.428501
0.428501
0.428501
0.428501
0.428501
0.428501
0.428501
0.428501
0.428501
0.428501
0.428501
0.428501
0.428501
0.428501
0.428501
0.428501
0.428501
0.428501
0.428501
0.428501
0.428501
0.428501
0.428501
0.428501
0.428501
0.428501
0.428501
0.428501
0.428501
0.428501
0.428501
0.428501
0.428501
0.428501
0.428501
0.428501
0.428501
0.428501
0.428501
0.428501
0.428501
0.428501
0.428501
0.428501
0.428501
0.428501
0.428501
0.428501
0.428501
0.428501
0.428501
0.428501
0.428501
0.428501
0.428501
0.428501
0.428501
0.428501
0.428501
0.428501
0.428501
0.428501
0.428501
0.428501
0.428183
0.428183
0.428183
0.428183
0.428183
0.428183
0.428183
0.428183
0.428183
0.428183
0.428183
0.428183
0.428183
0.428183
0.428183
0.428183
0.428183
0.428183
0.428183
0.428183
0.428183
0.428183
0.428183
0.428183
0.428183
0.428183
0.428183
0.428183
0.428183
0.428183
0.428183
0.428183
0.428183
0.428183
0.428183
0.428183
0.428183
0.428183
0.428183
0.428183
0.428183
0.428183
0.428183
0.428183
0.428183
0.427910
0.427910
0.427910
0.427910
0.423355
0.423355
0.423355
0.423355
0.423355
0.423355
0.423355
0.423355
0.423355
0.423355
0.423355
0.423355
0.423355
0.423355
0.423355
0.423355
0.423355
0.423355
0.423355
0.423355
0.423355
0.423355
0.423355
0.423355
0.423355
0.423355
0.423355
0.423355
0.423355
0.423355
0.423355
0.423355
0.423355
0.423355
0.423355
0.423355
0.423355
0.423355
0.423355
0.423355
0.423355
0.423355
0.423355
0.423355
0.423355
0.423355
0.423355
0.423355
0.423355
0.423355
0.423355
0.423355
0.423355
0.423355
0.423355
0.423355
0.423355
0.423355
0.423355
0.413791
0.413791
0.413791
0.413791
0.413791
0.413791
0.413791
0.413791
0.413791
0.413791
0.413791
0.412209
0.412209
0.412209
0.412209
0.412209
0.412209
0.412209
0.412209
0.412209
0.412209
0.412209
0.412209
0.412209
0.412209
0.412209
0.412209
0.412209
0.412209
0.412209
0.412209
0.412209
0.412209
0.412209
0.412209
0.412209
0.412209
0.412209
0.412209
0.412209
0.412209
0.412209
0.412209
0.412209
0.412209
0.412209
0.412209
0.412209
0.412209
0.412209
0.412209
0.412209
0.412209
0.412209
0.412209
0.412209
0.412209
0.412209
0.412209
0.412209
0.412209
0.412209
0.412209
0.412209
0.412209
0.412209
0.412209
0.412209
0.412209
0.412209
0.412209
0.412209
0.412209
0.412209
0.412209
0.412209
0.412209
0.412209
0.412209
0.412209
0.412209
0.412209
0.412209
0.412209
0.412209
0.412209
0.412209
0.412209
0.412209
0.412209
0.412209
0.412209
0.412209
0.412209
0.412209
0.412209
0.412209
0.412209
0.412209
0.412209
0.412209
0.412209
0.412209
0.412209
0.412209
0.412209
0.412209
0.412209
0.412209
0.412209
0.412209
0.412209
0.412209
0.412209
0.412209
0.412209
0.412209
0.412209
0.412209
0.412209
0.412209
0.412209
0.412209
0.412209
0.412209
0.412209
0.412209
0.412209
0.412209
0.412209
0.412209
0.411421
0.411421
0.411421
0.411421
0.411421
0.411421
0.411421
0.411421
0.411421
0.411421
0.411421
0.411421
0.411421
0.411421
0.411421
0.411421
0.411421
0.411421
0.411421
0.411421
0.411421
0.411421
0.411421
0.411421
0.411421
0.411421
0.411421
0.411421
0.411421
0.411421
0.411421
0.411421
0.411421
0.411421
0.411421
0.411421
0.411421
0.411421
0.411421
0.411421
0.411421
0.411421
0.411421
0.411421
0.411421
0.411421
0.411421
0.411421
0.411421
0.411421
0.411421
0.411421
0.411421
0.411421
0.411421
0.411421
0.411421
0.411421
0.411421
0.411421
0.411421
0.411421
0.411421
0.411421
0.411421
0.411421
0.411421
0.411421
0.411421
0.411421
0.411421
0.411421
0.411421
0.411421
0.411421
0.408297
0.408297
0.408297
0.408297
0.408297
0.408297
0.408297
0.408297
0.408297
0.408297
0.407581
0.407581
0.407581
0.407581
0.407581
0.407581
0.407581
0.407581
0.407581
0.407581
0.407581
0.407581
0.407581
0.407581
0.405088
0.405088
0.405088
0.405088
0.405088
0.405088
0.405088
0.405088
0.405088
0.405088
0.405088
0.405088
0.405088
0.405088
0.405088
0.405088
0.405088
0.405088
0.405088
0.405088
0.405088
0.405088
0.405088
0.405088
0.405088
0.405088
0.405088
0.405088
0.405088
0.405088
0.405088
0.405088
0.405088
0.405088
0.405088
0.405088
0.405088
0.405088
0.405088
0.405088
0.405088
0.405088
0.405088
0.390439
0.390439
0.390439
0.390439
0.390439
0.390439
0.390439
0.390439
0.390439
0.390439
0.390439
0.390101
0.390101
0.390101
0.390101
0.390101
0.390101
0.390101
0.390101
0.390101
0.390101
0.390101
0.390101
0.390101
0.390101
0.390101
0.390101
0.390101
0.390101
0.390101
0.390101
0.390101
0.390101
0.390101
0.390101
0.390101
0.390101
0.390101
0.390101
0.390101
0.390101
0.390101
0.390101
0.390101
0.390101
0.390101
0.390101
0.390101
0.390101
0.384961
0.384961
0.384961
0.384961
0.384961
0.384961
0.384961
0.384961
0.384961
0.384961
0.384961
0.384961
0.384961
0.384961
0.384961
0.384961
0.384961
0.384961
0.384961
0.384961
0.384961
0.384961
0.384961
0.384961
0.384961
0.384961
0.384961
0.384961
0.384961
0.384961
0.384961
0.384961
0.384961
0.384961
0.384961
0.384961
0.384961
0.384961
0.384961
0.384961
0.384961
0.384961
0.384961
0.384961
0.384961
0.384961
0.384961
0.384961
0.384961
0.384961
0.384961
0.384961
0.384961
0.384961
0.384961
0.384961
0.384961
0.384961
0.384961
0.384961
0.384961
0.384961
0.384961
0.384961
0.384961
0.384961
0.384961
0.384961
0.384961
0.384961
0.384961
0.384961
0.384961
0.384961
0.384961
0.384961
0.384961
0.384961
0.384961
0.384961
0.384625
0.384625
0.384625
0.384625
0.384625
0.382853
0.382853
0.382853
0.382853
0.382853
0.382853
0.382853
0.382815
0.382815
0.382815
0.382815
0.382815
0.382815
0.382815
0.382815
0.382815
0.382815
0.382815
0.382815
0.382815
0.382815
0.382815
0.382815
0.382815
0.382815
0.382815
0.382815
0.382815
0.382815
0.382815
0.382815
0.382815
0.382815
0.382815
0.382815
0.382815
0.382815
0.382815
0.382815
0.382815
0.382815
0.382815
0.382815
0.382815
0.382815
0.382815
0.382815
0.382763
0.382763
0.382763
0.382763
0.382763
0.382763
0.382763
0.382763
0.382763
0.382763
0.382763
0.382763
0.382763
0.382763
0.382763
0.382763
0.382763
0.382763
0.382763
0.382763
0.382763
0.382763
0.382763
0.382763
0.382763
0.382763
0.382763
0.382763
0.382763
0.382763
0.382763
0.382763
0.382763
0.382763
0.382763
0.382763
0.382763
0.382763
0.382763
0.382763
0.382763
0.382763
0.382763
0.382763
0.382763
0.382763
0.382763
0.382763
0.382763
0.382763
0.382763
0.382763
0.382763
0.382763
0.382763
0.382763
0.382763
0.382763
0.382763
0.382763
0.382763
0.382763
0.382763
0.382763
0.382763
0.382763
0.382763
0.382763
0.382763
0.382763
0.382763
0.382763
0.382763
0.382763
0.382763
0.382763
0.382763
0.382763
0.382763
0.382763
0.382763
0.382763
0.382763
0.382763
0.382763
0.382763
0.382763
0.382763
0.382763
0.382763
0.382763
0.382763
0.382763
0.382763
0.382763
0.382763
0.382763
0.382763
0.382763
0.382763
0.382763
0.382763
0.382763
0.382763
0.382763
0.382763
0.382763
0.382763
0.382763
0.382763
0.382763
0.382763
0.382763
0.382763
0.382763
0.382763
0.382763
0.382763
0.382763
0.382763
0.382763
0.382763
0.382763
0.382763
0.382763
0.382763
0.382763
0.382674
0.382674
0.382674
0.382674
0.382674
0.382674
0.382674
0.382674
0.382674
0.382674
0.382674
0.382674
0.382674
0.382674
0.382674
0.382674
0.382674
0.382674
0.382674
0.382674
0.382674
0.382674
0.382674
0.382674
0.382674
0.382674
0.382674
0.382674
0.382674
0.382674
0.382674
0.382674
0.382674
0.382674
0.382674
0.382674
0.382674
0.382674
0.382674
0.382674
0.382674
0.382674
0.382674
0.382674
0.382674
0.382674
0.382674
0.382674
0.382674
0.382674
0.382674
0.382674
0.382674
0.382674
0.382674
0.382674
0.381798
0.381798
0.381798
0.381798
0.378412
0.378412
0.378412
0.378412
0.378412
0.378412
0.378412
0.378412
0.378412
0.378412
0.378412
0.378412
0.378412
0.378412
0.378412
0.378412
0.378412
0.378412
0.378412
0.378412
0.378412
0.378412
0.378412
0.378412
0.378412
0.378412
0.378412
0.378412
0.378412
0.378412
0.378412
0.378412
0.378412
0.378412
0.378412
0.378412
0.378412
0.378412
0.378412
0.378412
0.378412
0.378412
0.378412
0.378412
0.378412
0.378412
0.378412
0.378412
0.378412
0.378412
0.378412
0.378412
0.378412
0.378412
0.378412
0.378412
0.378412
0.378412
0.378412
0.378412
0.378412
0.378412
0.378412
0.378412
0.378412
0.378412
0.378412
0.378412
0.378412
0.378412
0.378412
0.378412
0.378412
0.378412
0.378412
0.378412
0.378412
0.378412
0.378412
0.378412
0.378412
0.378412
0.378412
0.378412
0.378412
0.378412
0.378412
0.378412
0.378412
0.378412
0.378412
0.378412
0.378412
0.378412
0.378412
0.378412
0.378412
0.378412
0.378412
0.378412
0.378412
0.378412
0.378412
0.378412
0.378412
0.378412
0.378412
0.378412
0.378412
0.378412
0.378412
0.378412
0.378412
0.378412
0.378412
0.378412
0.378412
0.378412
0.378412
0.378412
0.378412
0.378412
0.378412
0.378412
0.378412
0.378412
0.378412
0.378412
0.378412
0.378412
0.378412
0.378412
0.378412
0.378412
0.378412
0.378412
0.378412
0.378412
0.378412
0.378412
0.378412
0.378412
0.378412
0.378412
0.378412
0.378412
0.378412
0.378412
0.378412
0.378412
0.378412
0.378412
0.378412
0.378412
0.378412
0.378412
0.378412
0.378412
0.378412
0.378412
0.378412
0.378412
0.378412
0.378412
0.378412
0.378412
0.378412
0.378412
0.378412
0.378412
0.378412
0.378412
0.378412
0.378412
0.378412
0.378412
0.378412
0.378412
0.378412
0.378412
0.378412
0.378412
0.378412
0.378412
0.378412
0.378412
0.378412
0.378412
0.378412
0.378412
0.378412
0.375516
0.375516
0.375516
0.375516
0.375516
0.375516
0.375516
0.375516
0.375516
0.375516
0.375516
0.375516
0.375516
0.375516
0.375516
0.375516
0.375516
0.375516
0.375516
0.375516
0.375516
0.375516
0.375516
0.375516
0.375516
0.375516
0.375516
0.375516
0.375516
0.375516
0.375516
0.375516
0.375516
0.375516
0.375516
0.375516
0.375516
0.375516
0.375516
0.375516
0.375516
0.375516
0.375516
0.375516
0.375516
0.375516
0.375516
0.375516
0.375516
0.375516
0.375516
0.375516
0.375516
0.375516
0.375516
0.375516
0.375516
0.375516
0.375516
0.375516
0.375516
0.375516
0.375516
0.375516
0.375516
0.375516
0.375516
0.375516
0.375516
0.375516
0.375516
0.375516
0.375516
0.375516
0.375516
0.375516
0.375516
0.375516
0.375516
0.375516
0.375516
0.375516
0.375516
0.375516
0.375516
0.375516
0.375516
0.375516
0.375516
0.375516
0.375516
0.375516
0.375516
0.375516
0.375516
0.375516
0.375516
0.375516
0.375516
0.375516
0.375516
0.375516
0.375516
0.375516
0.375516
0.375516
0.375516
0.375516
0.375516
0.375516
0.375516
0.375439
0.375439
0.375439
0.375439
0.375439
0.375439
0.375439
0.375439
0.375439
0.375439
0.375439
0.375439
0.375439
0.375439
0.375439
0.375439
0.375439
0.375439
0.375439
0.375439
0.375439
0.375439
0.375439
0.375439
0.375439
0.375439
0.375439
0.375439
0.375439
0.375439
0.375439
0.375439
0.375439
0.375439
0.375439
0.375027
0.375027
0.375027
0.375027
0.375027
0.375027
0.375027
0.375027
0.375027
0.375027
0.375027
0.375027
0.375027
0.375027
0.375027
0.375027
0.375027
0.375027
0.375027
0.375027
0.375027
0.375027
0.375027
0.375027
0.375027
0.375027
0.375027
0.375027
0.375027
0.375027
0.375027
0.375027
0.375027
0.375027
0.375027
0.375027
0.375027
0.375027
0.375027
0.375027
0.375027
0.375027
0.375027
0.375027
0.375027
0.375027
0.375027
0.375027
0.375027
0.375027
0.375027
0.375027
0.375027
0.375027
0.375027
0.375027
0.375027
0.375027
0.374888
0.374888
0.374888
0.374888
0.374888
0.374888
0.374888
0.374888
0.374888
0.374888
0.374888
0.374888
0.374888
0.374888
0.374888
0.374888
0.374888
0.374888
0.374888
0.374888
0.374888
0.374888
0.374888
0.374888
0.374888
0.374888
0.374888
0.374888
0.374888
0.374888
0.374888
0.372873
0.372873
0.372873
0.372873
0.372873
0.372873
0.372873
0.372873
0.372873
0.372873
0.372873
0.372873
0.372873
0.372873
0.372873
0.372873
0.372873
0.372873
0.372873
0.372873
0.372873
0.372873
0.372873
0.372873
0.372873
0.372873
0.372873
0.372873
0.372873
0.372873
0.372873
0.372873
0.372873
0.372873
0.372873
0.372873
0.372873
0.372873
0.372873
0.372873
0.372873
0.372873
0.372873
0.372873
0.372873
0.372873
0.372873
0.372873
0.372873
0.372873
0.371107
0.371107
0.371107
0.371107
0.371107
0.371107
0.371107
0.371107
0.371107
0.371107
0.371107
0.371107
0.371107
0.371107
0.371107
0.371107
0.371107
0.371107
0.371107
0.371107
0.371107
0.371107
0.371107
0.371107
0.371107
0.371107
0.371107
0.371107
0.371107
0.371107
0.371107
0.371107
0.371107
0.371107
0.371107
0.371107
0.371107
0.371107
0.371107
0.371107
0.371107
0.371107
0.370625
0.370625
0.370625
0.370625
0.367946
0.367946
0.367946
0.367946
0.367946
0.367946
0.367946
0.367946
0.367946
0.367946
0.367946
0.367946
0.367946
0.367946
0.367946
0.367946
0.367946
0.367946
0.367946
0.367946
0.367946
0.367946
0.367946
0.367946
0.367946
0.367657
0.367657
0.367657
0.367657
0.367657
0.367657
0.367657
0.367657
0.367657
0.367657
0.367657
0.367657
0.367657
0.367657
0.367657
0.367657
0.367657
0.367657
0.367657
0.367657
0.367657
0.367657
0.367657
0.367657
0.367657
0.367657
0.367657
0.367657
0.367657
0.367657
0.367657
