374.870813
368.081110
365.487268
358.546893
351.925726
346.860577
339.115552
328.810333
323.781189
321.888000
315.467310
309.432629
308.923602
306.154773
301.227289
297.087598
293.406885
289.839178
289.839178
286.574573
282.799960
277.525415
270.380627
268.963611
265.493225
264.788916
261.691428
258.404016
258.092706
258.092706
256.686697
256.686697
252.789615
251.808334
250.434848
249.722379
248.547269
246.494919
242.610794
241.522095
239.206531
235.816534
235.151514
232.189600
229.424042
226.657675
224.355890
219.526746
217.719391
216.963440
212.762955
212.514575
212.295224
210.700693
210.700693
210.700693
210.700693
210.429791
199.604147
198.652618
196.946176
193.610309
190.857800
189.313434
188.756445
187.079358
184.935522
183.952939
181.347363
181.155917
180.320242
180.320242
180.320242
180.064902
180.064902
177.401740
177.401740
175.346603
175.253036
171.967990
170.707196
166.358760
165.016148
165.016148
164.843718
162.397606
160.429057
160.429057
158.445567
157.265541
156.955391
156.955391
156.955391
156.955391
156.658372
156.190459
156.190459
156.190459
155.206834
153.907707
152.461366
151.556119
148.583723
147.161147
147.161147
146.608659
145.608723
141.426927
139.066278
138.452623
136.760704
136.184032
135.383839
134.829396
134.326955
132.445776
132.441141
131.420740
131.258975
130.298476
129.489159
128.440448
128.039880
126.398007
125.932820
125.884177
124.381076
123.285698
122.805304
122.361591
122.179837
121.150635
121.150635
119.761841
118.578600
116.957140
116.383017
115.513843
114.562178
114.562178
113.650490
112.951210
112.594742
111.576306
111.576306
110.578435
109.797542
108.171895
107.779022
107.779022
107.111038
105.194916
105.035619
102.585112
102.405785
102.114809
101.694572
101.694572
101.694572
101.694572
101.694572
99.756978
99.503192
98.549632
98.549632
97.760310
95.643279
95.248796
94.908681
94.577820
94.348726
94.133159
93.979031
93.586661
93.586661
93.134082
93.021010
90.257481
90.257481
88.752257
88.512721
88.483199
87.517583
87.517583
87.174675
87.047955
86.301611
85.314226
85.150662
85.131503
85.079443
84.386539
84.249649
84.000844
82.725415
82.220813
81.619531
81.514444
80.459412
80.459412
80.459412
80.037413
79.849260
79.665877
79.436400
78.494739
78.494739
78.266293
77.734982
77.734982
77.615082
77.161908
76.022426
76.022426
76.022426
75.200621
75.192184
75.167488
75.154674
74.735963
74.676266
73.529686
73.016583
71.399531
70.928298
70.231113
70.231113
69.881824
69.881824
69.881824
69.881824
68.241393
68.241393
67.756342
67.756342
67.693155
67.395194
67.166123
66.418133
66.272771
65.431663
65.372244
64.921791
64.921791
64.921791
64.921791
64.921791
64.856673
64.454184
64.454184
64.181002
64.003380
63.407964
63.385218
63.385218
63.133298
62.489517
62.444575
62.285311
62.285311
62.285311
62.030003
61.692017
61.631422
61.143025
61.143025
60.805326
60.547203
60.341911
59.555107
59.282787
58.953442
58.593062
58.548569
58.548569
58.478976
58.407825
58.196332
57.865189
57.475806
57.475806
56.988441
56.739030
56.215623
55.762545
55.523940
54.812645
54.812645
54.584306
54.584306
54.584306
54.196123
53.307028
53.307028
53.016638
52.961642
52.961642
52.961642
52.653580
52.568340
52.568340
52.568340
52.191553
52.191553
52.121556
51.886309
51.886309
51.886309
51.886309
51.840981
51.298662
51.288099
50.909332
50.909332
50.909332
50.909332
50.909332
50.909332
50.909332
50.909332
50.400885
50.182535
50.138596
50.138596
49.758327
49.710249
49.710249
49.583842
49.496786
49.183324
48.147003
48.147003
48.147003
47.658492
47.557993
47.484296
47.484296
47.484296
46.633649
46.633649
46.633649
46.633649
46.317012
46.266660
46.266660
46.266660
46.266660
46.266660
46.247370
45.963518
45.908556
45.601654
45.601654
45.540692
45.540692
45.303087
45.178606
44.281271
43.883632
43.556711
43.556711
43.536981
43.430846
43.358315
43.246571
42.736380
42.417542
42.055467
42.055467
42.055467
42.002087
42.002087
41.764998
41.753463
41.562870
41.121127
41.121127
41.064463
41.064463
40.557480
40.221656
39.871182
39.871182
39.871182
39.871182
39.811504
39.601917
39.601917
39.601917
39.293873
38.896751
38.755328
38.755328
38.755328
38.755328
38.755328
38.755328
38.693397
38.662814
38.662814
38.559521
38.523445
38.523445
38.523445
38.523445
38.523445
38.397182
38.397182
38.144900
38.144900
37.955952
37.527722
37.521428
37.521428
37.516639
37.453611
37.453611
37.443448
37.265708
37.005345
36.956187
36.949677
36.763605
36.510141
36.510141
36.463998
36.463998
36.426695
36.301662
36.301662
36.118042
36.118042
36.118042
35.830359
35.708428
35.301729
35.301729
35.301729
35.301729
35.112077
35.055711
35.055711
35.055711
34.910301
34.910301
34.691256
34.299927
34.299927
34.299927
34.299927
34.299927
34.299927
34.299927
34.236121
34.002166
34.002166
33.978426
33.978426
33.978426
33.978426
33.962915
33.815628
33.165435
33.165435
33.165435
33.165435
33.165435
33.115344
33.115344
33.103781
33.103781
33.058206
32.938826
32.848997
32.505137
32.505137
32.505137
32.505137
32.310423
32.310423
32.227360
32.227360
32.227360
32.107814
31.908180
31.587925
31.399905
31.347871
31.347871
31.261680
31.261680
31.261680
30.929600
30.929600
30.853846
30.786495
30.786495
30.786495
30.786495
30.786495
30.786495
30.786495
30.786495
30.633711
30.628419
30.628419
30.628419
30.628419
30.628419
30.628419
30.479660
30.479660
30.479660
30.479660
30.463263
30.463263
30.463263
30.463263
30.463263
30.384613
30.166831
30.166831
30.166831
30.166831
29.929520
29.929520
29.809602
29.809602
29.718830
29.718830
29.718830
29.718830
29.600590
29.600590
29.558181
29.558181
29.557508
29.350415
29.350415
29.326986
29.162794
29.089360
29.089360
29.063885
29.063885
29.044157
29.044157
29.044157
29.044157
28.826820
28.672764
28.672764
28.663596
28.379319
28.379319
28.379319
28.379319
28.312207
28.040157
28.040157
28.040157
28.040157
28.040157
27.701899
27.701899
27.701899
27.701899
27.701899
27.584728
27.300133
27.300133
27.200955
27.200955
27.200955
27.180397
27.180397
27.180397
27.180397
27.162355
27.097004
27.097004
27.097004
27.036986
27.036986
27.036986
26.864943
26.864943
26.692599
26.692599
26.692599
26.692599
26.651161
26.651161
26.651161
26.528292
26.528292
26.453995
26.331045
26.331045
26.331045
26.331045
26.331045
26.331045
26.198128
26.067611
25.942491
25.898402
25.577278
25.389198
25.389198
25.389198
25.389198
25.237537
25.237537
25.237537
25.237537
25.237537
24.960691
24.720928
24.493504
24.493504
24.427266
24.427266
24.427266
24.427266
24.427266
24.416323
24.416323
24.416323
24.416323
24.416323
24.416323
24.416323
24.416323
24.416323
24.416323
24.416323
24.416323
24.337990
24.337990
24.337990
24.149809
24.149809
24.149809
24.126081
24.126081
24.126081
24.097548
24.096101
24.096101
24.092110
24.092110
24.077359
24.077359
24.032758
24.032758
24.032758
24.032758
24.032758
24.032758
24.028589
24.028589
24.028589
24.028589
23.872416
23.872416
23.872416
23.674215
23.435513
23.428535
23.428535
23.428535
23.428535
23.428535
23.428535
23.428535
23.428535
23.404300
23.404300
23.404300
23.404300
23.404300
23.223100
23.223100
23.081667
23.081667
23.033026
23.000510
23.000510
23.000510
22.853705
22.853705
22.853705
22.853705
22.853705
22.853705
22.853705
22.853705
22.853705
22.853705
22.825046
22.737436
22.679958
22.679958
22.679958
22.623082
22.623082
22.535828
22.535828
22.268569
22.159133
22.159133
22.159133
22.159133
22.159133
22.159133
22.159133
22.003396
22.003396
22.003396
22.003396
22.003396
21.890862
21.890862
21.890862
21.890862
21.890862
21.811084
21.811084
21.811084
21.811084
21.811084
21.744553
21.744553
21.744553
21.744553
21.744553
21.744553
21.618488
21.603599
21.578470
21.578470
21.578470
21.578470
21.578470
21.578470
21.578470
21.537396
21.515768
21.515768
21.515768
21.449130
21.449130
21.449130
21.431991
21.374861
21.259815
21.259815
21.259815
21.246240
21.176848
21.176848
21.176848
21.103589
21.103589
21.103589
21.095076
21.074095
21.072572
20.966737
20.966737
20.857959
20.857959
20.857671
20.857671
20.705552
20.705552
20.705552
20.705552
20.705552
20.705552
20.663667
20.663667
20.663667
20.663667
20.504116
20.504116
20.504116
20.504116
20.504116
20.156067
20.156067
20.156067
20.156067
20.156067
20.156067
20.156067
20.156027
20.053955
20.053955
20.053955
20.053955
20.053955
20.053955
20.035937
20.035937
20.035937
20.035937
20.035937
20.035937
20.035937
20.035937
20.035937
20.035937
20.035937
20.035937
20.035937
20.035937
20.035937
20.035937
20.035937
20.035937
20.035937
20.035937
20.035937
19.893172
19.893172
19.893172
19.720046
19.706614
19.684237
19.684237
19.684237
19.684006
19.684006
19.523170
19.523170
19.303883
19.303883
19.303883
19.273344
19.273344
19.273344
19.273344
19.273344
19.273344
19.211401
18.946062
18.946062
18.946062
18.946062
18.946062
18.946062
18.946062
18.946062
18.946062
18.946062
18.946062
18.946062
18.946062
18.946062
18.946062
18.946062
18.946062
18.946062
18.900995
18.900995
18.900995
18.783349
18.783349
18.783349
18.783349
18.685838
18.685838
18.685838
18.685838
18.683697
18.683697
18.600646
18.600646
18.600646
18.345918
18.345918
18.345918
18.345918
18.345918
18.288503
18.237255
18.122940
18.122940
18.122940
18.122940
18.122940
18.122940
18.122940
18.122940
18.122940
18.122940
18.122940
18.122940
18.119439
18.119439
18.119439
18.119439
18.119439
18.119439
18.119439
18.119439
18.119439
18.119439
18.110676
18.110676
18.037131
18.037131
18.037131
18.037131
18.037131
18.037131
18.037131
18.037131
18.037131
18.037131
18.037131
18.037131
18.037131
18.037131
18.037131
18.037131
18.037131
18.016533
18.015415
17.847109
17.816861
17.816861
17.816861
17.816861
17.816861
17.816861
17.737723
17.737723
17.737723
17.737723
17.737723
17.737723
17.664479
17.664479
17.664479
17.664479
17.581120
17.575060
17.575060
17.549881
17.544180
17.544180
17.532442
17.532442
17.496506
17.496506
17.496506
17.496506
17.496506
17.441245
17.441245
17.441245
17.441245
17.306342
17.306342
17.306342
17.306342
17.211160
17.182593
17.182593
17.013626
17.013626
17.013626
16.854160
16.854160
16.679942
16.679942
16.623709
16.563275
16.563275
16.559071
16.559071
16.559071
16.545288
16.545288
16.545288
16.545288
16.545288
16.545288
16.417528
16.417528
16.417528
16.294097
16.229893
16.229893
16.087074
16.087074
16.074901
16.074901
15.998618
15.998618
15.725491
15.725491
15.725491
15.669599
15.669599
15.628980
15.628980
15.612302
15.612302
15.612302
15.612302
15.612302
15.612302
15.612302
15.612302
15.557670
15.557670
15.557670
15.557670
15.557670
15.557670
15.440639
15.440639
15.440639
15.440639
15.440639
15.440639
15.440639
15.440639
15.440639
15.440639
15.440639
15.386143
15.386143
15.386143
15.386143
15.386143
15.386143
15.332206
15.167605
15.167605
15.167605
15.167605
15.167605
15.167605
15.167605
15.167605
15.020902
15.020902
15.020902
14.968156
14.968156
14.968156
14.968156
14.961562
14.961562
14.961562
14.961562
14.856543
14.713589
14.713589
14.713589
14.713589
14.713589
14.713589
14.713589
14.713589
14.713589
14.713589
14.713589
14.713589
14.713589
14.713589
14.625566
14.625566
14.625566
14.625566
14.625566
14.566212
14.493993
14.493993
14.493993
14.493993
14.491867
14.491867
14.491867
14.491867
14.491867
14.491867
14.491867
14.491867
14.491867
14.491867
14.491867
14.491867
14.423314
14.329253
14.329253
14.329253
14.329253
14.329253
14.329253
14.329253
14.329253
14.329253
14.329253
14.329253
14.329253
14.329253
14.329253
14.329253
14.329253
14.329253
14.329253
14.329253
14.329253
14.329253
14.329253
14.329253
14.329253
14.329253
14.189440
14.189440
14.189440
14.189440
14.189440
14.181910
14.181910
14.181910
14.181910
14.181910
14.131380
14.131380
14.131380
14.131380
14.131380
14.131380
14.131380
14.131380
14.131380
14.131380
14.131380
14.131380
14.131380
14.072817
14.072817
14.072817
14.072817
14.072817
14.072817
14.072817
14.072817
14.055054
13.836492
13.836492
13.836492
13.792004
13.792004
13.691024
13.691024
13.691024
13.691024
13.691024
13.691024
13.691024
13.691024
13.691024
13.691024
13.650239
13.650239
13.650239
13.650239
13.650239
13.650239
13.650239
13.650239
13.650239
13.650239
13.650239
13.650239
13.650239
13.650239
13.650239
13.650239
13.648681
13.646295
13.646295
13.646295
13.646295
13.646295
13.646295
13.646295
13.641087
13.641087
13.641087
13.641087
13.641087
13.641087
13.641087
13.641087
13.625995
13.625995
13.622823
13.622823
13.622823
13.622823
13.622823
13.622823
13.622823
13.622823
13.622823
13.622823
13.622823
13.622823
13.622823
13.622823
13.622823
13.622823
13.600101
13.600101
13.600101
13.600101
13.600101
13.600101
13.600101
13.600101
13.600101
13.574069
13.574069
13.574069
13.574069
13.574069
13.574069
13.574069
13.574069
13.574069
13.574069
13.574069
13.513824
13.326432
13.326432
13.326432
13.326432
13.326432
13.326432
13.326432
13.326432
13.326432
13.326432
13.326432
13.326432
13.326432
13.326432
13.326432
13.326432
13.326432
13.326432
13.326432
13.326432
13.326432
13.326432
13.326432
13.326432
13.326432
13.326432
13.326432
13.326432
13.326432
13.326432
13.326432
13.326432
13.326432
13.131170
13.125168
13.125168
13.125168
13.125168
13.103971
13.103971
12.913708
12.913708
12.913708
12.913708
12.913708
12.913708
12.912989
12.912989
12.912989
12.912989
12.912989
12.912989
12.912989
12.912989
12.912989
12.912989
12.733491
12.618920
12.618920
12.618920
12.618920
12.618920
12.618920
12.618920
12.618920
12.618920
12.605062
12.504883
12.504883
12.504883
12.504883
12.504883
12.390900
12.390900
12.390900
12.390900
12.390900
12.379297
12.379297
12.379297
12.305891
12.298757
12.298619
12.298619
12.298619
12.298619
12.298619
12.298619
12.298619
12.298619
12.298619
12.298619
12.298619
12.298619
12.298619
12.298619
12.298619
12.199724
12.018892
12.018892
12.018892
12.018892
12.018892
12.018892
12.018892
12.018892
12.018892
12.018892
12.018892
12.018892
12.018892
12.018892
12.018892
12.018892
12.018892
12.018892
12.018892
12.018892
12.018892
12.018892
12.018892
12.018892
12.018892
12.018892
12.018892
12.018892
12.018892
12.018892
12.018892
12.018892
12.018892
12.018892
12.018892
12.018892
12.018892
12.018892
12.018892
12.018892
12.018892
12.018892
12.018892
12.018892
11.985562
11.985562
11.985562
11.985562
11.985562
11.985562
11.985562
11.985562
11.985562
11.985562
11.985562
11.985562
11.985562
11.985562
11.802907
11.802907
11.802907
11.516554
11.516554
11.516554
11.516554
11.516554
11.406782
11.371829
11.371829
11.371829
11.371829
11.371829
11.371829
11.371829
11.371829
11.371829
11.371829
11.371829
11.371829
11.371829
11.371829
11.371829
11.371829
11.371829
11.371829
11.371829
11.371829
11.368521
11.368521
11.368521
11.368521
11.368521
11.368521
11.344453
11.344453
11.344453
11.344453
11.344453
11.344453
11.318921
11.318921
11.318921
11.318921
11.318921
11.318921
11.318921
11.318921
11.318921
11.318921
11.318921
11.318921
11.318921
11.289397
11.285644
11.285644
11.285644
11.285644
11.285644
11.251078
11.158555
11.157987
11.157987
11.157987
11.157987
11.148036
11.148036
11.148036
11.148036
11.148036
11.148036
11.148036
11.006231
11.006231
10.932568
10.932568
10.926577
10.926577
10.926577
10.926577
10.926577
10.926577
10.906171
10.906171
10.906171
10.906171
10.906171
10.906171
10.906171
10.906171
10.906171
10.734289
10.734289
10.734289
10.668284
10.666044
10.666044
10.666044
10.666044
10.666044
10.666044
10.666044
10.666044
10.666044
10.666044
10.666044
10.666044
10.666044
10.666044
10.666044
10.663474
10.663474
10.663474
10.663474
10.663474
10.635119
10.635119
10.635119
10.507436
10.507436
10.507436
10.507436
10.507436
10.507436
10.507436
10.507436
10.507436
10.507436
10.507436
10.457152
10.457152
10.457152
10.457152
10.457152
10.457152
10.457152
10.457152
10.457152
10.457152
10.408766
10.234113
10.234113
10.234113
10.166202
10.166202
10.166202
10.166202
10.166202
10.166202
10.166202
10.166202
10.166202
9.968004
9.968004
9.968004
9.968004
9.968004
9.968004
9.968004
9.968004
9.917223
9.917223
9.917223
9.917223
9.908728
9.908728
9.851239
9.833851
9.833851
9.833851
9.798089
9.798089
9.798089
9.798089
9.798089
9.712970
9.712970
9.712970
9.712970
9.711295
9.650362
9.650362
9.650362
9.650362
9.650362
9.650362
9.650362
9.650362
9.650362
9.512934
9.512934
9.512934
9.512934
9.512934
9.512934
9.512934
9.512934
9.512934
9.366749
9.366749
9.366749
9.366749
9.366749
9.366749
9.362221
9.361277
9.361277
9.361277
9.361277
9.361277
9.361277
9.361277
9.361277
9.361277
9.361277
9.361277
9.361277
9.361277
9.356774
9.356774
9.356774
9.356774
9.356774
9.349697
9.349697
9.342939
9.342939
9.342939
9.312728
9.312728
9.312728
9.312728
9.312728
9.312728
9.312728
9.312728
9.312728
9.312728
9.312728
9.282367
9.282367
9.282367
9.282367
9.226495
9.226495
9.226495
9.226495
9.226495
9.226495
9.226495
9.226495
9.226495
9.190308
9.190308
9.190308
9.190308
9.190308
9.166756
9.166756
9.166756
9.166756
9.166756
9.166756
9.166756
9.166756
9.166756
9.075870
9.075870
9.075870
9.075870
8.979555
8.979555
8.979555
8.979555
8.979555
8.979555
8.856870
8.856870
8.856870
8.856870
8.856870
8.781712
8.779990
8.779990
8.779990
8.779990
8.779990
8.779990
8.779990
8.702841
8.702841
8.702841
8.702841
8.702841
8.702841
8.702841
8.628734
8.628734
8.628734
8.628734
8.628734
8.628734
8.628734
8.628734
8.628734
8.628734
8.628734
8.628734
8.506878
8.506878
8.506878
8.506878
8.506878
8.506878
8.506878
8.505116
8.454679
8.454679
8.454679
8.454679
8.454679
8.454679
8.454679
8.454679
8.454679
8.454679
8.454679
8.454679
8.454679
8.277789
8.246857
8.246857
8.246857
8.246857
8.201027
8.201027
8.201027
8.201027
8.201027
8.201027
8.201027
8.201027
8.201027
8.201027
8.201027
8.201027
8.201027
8.201027
8.201027
8.201027
8.201027
8.201027
8.201027
8.201027
8.201027
8.201027
8.201027
8.201027
8.102071
8.102071
8.099989
8.099989
8.099989
8.099989
8.099989
8.099989
8.099989
8.099989
8.099989
8.099989
8.098757
8.098757
8.098757
8.098757
8.098757
8.098757
8.098757
8.098757
8.098757
8.094978
8.094978
8.094978
8.068929
8.068929
8.068929
8.068929
8.068929
8.068929
8.068929
8.061466
8.061466
8.061466
8.061466
8.061466
8.061466
8.061466
8.061466
8.061466
8.061466
8.061466
8.061466
8.061466
8.032244
8.032244
8.032244
8.032244
8.032244
8.032244
8.032244
8.032244
8.032244
8.032244
8.032244
8.032244
8.032244
8.032244
8.032244
8.032244
8.032244
7.974533
7.974533
7.974533
7.974533
7.974533
7.974533
7.974533
7.974533
7.974533
7.974533
7.974533
7.962827
7.962827
7.962827
7.876514
7.876514
7.741583
7.741583
7.741583
7.741583
7.741583
7.741583
7.741583
7.736064
7.736064
7.736064
7.736064
7.736064
7.736064
7.736064
7.736064
7.736064
7.736064
7.736064
7.736064
7.736064
7.736064
7.736064
7.736064
7.729096
7.729096
7.729096
7.729096
7.729096
7.729096
7.729096
7.729096
7.729096
7.729096
7.729096
7.729096
7.729096
7.729096
7.729096
7.729096
7.729096
7.729096
7.729096
7.729096
7.729096
7.729096
7.729096
7.729096
7.729096
7.666491
7.571775
7.571775
7.571775
7.571775
7.571775
7.571775
7.571775
7.571775
7.571775
7.571775
7.571775
7.499316
7.499316
7.499316
7.499316
7.499316
7.499316
7.499316
7.499316
7.499316
7.499316
7.499316
7.499316
7.499316
7.499316
7.458775
7.444020
7.444020
7.444020
7.444020
7.444020
7.444020
7.444020
7.444020
7.444020
7.444020
7.444020
7.444020
7.444020
7.444020
7.444020
7.394285
7.394285
7.394285
7.394285
7.394285
7.390583
7.390583
7.390583
7.117589
7.117589
7.117589
7.117589
7.117589
7.117589
7.117589
7.117589
7.081357
7.081357
7.081357
7.081357
7.081357
7.081357
7.081357
7.081357
7.081357
7.081357
7.081357
6.965097
6.829785
6.829785
6.829785
6.829785
6.829785
6.829785
6.829545
6.829545
6.829545
6.829545
6.829545
6.829545
6.597451
6.597451
6.597451
6.597451
6.578826
6.578826
6.578826
6.578826
6.559878
6.559878
6.559878
6.559878
6.559878
6.559878
6.559878
6.559878
6.559878
6.559878
6.559878
6.537494
6.537494
6.537494
6.480879
6.480879
6.480879
6.480879
6.480879
6.480879
6.480879
6.480879
6.480879
6.480879
6.480879
6.480879
6.480879
6.480879
6.480879
6.480879
6.480879
6.480879
6.480879
6.480879
6.480879
6.480879
6.480879
6.480879
6.459631
6.459631
6.446029
6.298047
6.298047
6.298047
6.298047
6.297730
6.297730
6.297730
6.297730
6.297730
6.297730
6.297730
6.297730
6.297730
6.297730
6.297730
6.297730
6.297730
6.297730
6.297730
6.297730
6.297730
6.297730
6.297730
6.297730
6.297730
6.297730
6.297730
6.297730
6.297730
6.297730
6.297730
6.297730
6.297730
6.297730
6.297730
6.297730
6.297730
6.297730
6.297730
6.297730
6.297730
6.297730
6.297730
6.297730
6.297730
6.297730
6.297730
6.297730
6.297730
6.297730
6.297730
6.297730
6.297730
6.297730
6.295469
6.295469
6.295469
6.295469
6.295469
6.295469
6.295469
6.295469
6.295469
6.295469
6.295469
6.287606
6.287606
6.287606
6.287606
6.287606
6.287606
6.287606
6.287606
6.287606
6.287606
6.117054
6.117054
6.117054
6.117054
6.117054
6.117054
6.117054
6.117054
6.117054
6.110309
6.110309
6.110309
6.110309
6.110309
6.093066
6.093066
6.093066
6.093066
6.093066
6.093066
6.093066
6.093066
6.093066
6.093066
6.093066
6.093066
6.093066
6.093066
6.076420
6.054749
6.054749
6.054749
6.054749
6.054749
6.029511
6.029511
6.029511
6.029511
6.029511
6.029511
6.029511
6.029511
6.029511
6.029511
6.029511
6.029511
6.029511
6.029511
6.029511
6.029511
6.029511
6.029511
6.029511
6.029511
6.029511
6.029511
6.029511
6.023301
6.023301
6.023301
6.023301
6.023301
6.023301
6.023301
6.023301
6.023301
6.023301
6.023301
6.023301
6.023301
6.023301
6.023301
6.023301
6.023301
6.023301
5.980043
5.980043
5.980043
5.980043
5.897904
5.897904
5.897904
5.897904
5.893812
5.893812
5.893812
5.880992
5.880992
5.880992
5.880992
5.880992
5.880992
5.880992
5.840509
5.840509
5.840509
5.840509
5.840509
5.840509
5.822987
5.822987
5.822987
5.822987
5.822987
5.822987
5.822987
5.822987
5.822987
5.822987
5.822169
5.822169
5.822169
5.745056
5.742848
5.742848
5.742848
5.742848
5.742848
5.742848
5.742848
5.742848
5.742848
5.742848
5.742848
5.742848
5.742848
5.742848
5.742848
5.742848
5.742848
5.742848
5.742848
5.742848
5.742848
5.742848
5.742848
5.742848
5.742848
5.742848
5.742848
5.641720
5.641720
5.641720
5.641720
5.641720
5.641720
5.641720
5.641720
5.641720
5.531009
5.531009
5.531009
5.531009
5.531009
5.531009
5.531009
5.531009
5.531009
5.531009
5.430888
5.430888
5.430888
5.430888
5.430888
5.430888
5.430888
5.430888
5.430888
5.430888
5.430888
5.430888
5.430888
5.430888
5.430888
5.430888
5.430888
5.430888
5.342232
5.342232
5.342232
5.342232
5.342232
5.342232
5.342232
5.342232
5.342232
5.342232
5.342232
5.342232
5.342232
5.342232
5.342232
5.342232
5.153907
5.128577
5.128577
5.128577
5.128577
5.128577
5.128577
5.128577
5.122160
5.122160
5.122160
5.122160
5.122160
5.118915
5.118915
5.118915
5.118915
5.118915
5.118915
5.084934
5.084934
5.066357
5.066357
5.066357
5.066357
5.066357
5.066357
5.066357
5.066357
5.066357
5.066357
5.066357
5.066357
5.065222
5.065222
5.065222
5.065222
5.065222
5.065222
5.065222
5.065222
5.065222
5.030937
5.030937
5.030937
5.030937
5.030937
5.030937
5.030937
5.030937
5.030937
5.030937
5.030937
5.030937
4.995147
4.995147
4.995147
4.978560
4.978560
4.978560
4.978560
4.978560
4.978560
4.978560
4.978560
4.978560
4.978560
4.978560
4.978560
4.978560
4.978560
4.978560
4.978560
4.978560
4.961853
4.961853
4.961853
4.961853
4.961853
4.961853
4.961853
4.961853
4.864055
4.864055
4.864055
4.864055
4.864055
4.864055
4.864055
4.864055
4.864055
4.864055
4.864055
4.864055
4.864055
4.864055
4.864055
4.864055
4.864055
4.864055
4.864055
4.864055
4.864055
4.864055
4.864055
4.864055
4.864055
4.864055
4.864055
4.792798
4.792798
4.782161
4.782161
4.782161
4.782161
4.782161
4.782161
4.782161
4.782161
4.782161
4.765726
4.765726
4.765726
4.765726
4.753226
4.753226
4.753226
4.753226
4.734142
4.712985
4.712985
4.712985
4.712985
4.712985
4.712985
4.712985
4.712985
4.698898
4.698898
4.698898
4.698898
4.698898
4.698898
4.698898
4.698898
4.698898
4.698898
4.698898
4.698898
4.698898
4.663301
4.588693
4.588693
4.588693
4.588693
4.588693
4.588693
4.588693
4.588693
4.588693
4.588693
4.588623
4.588623
4.588623
4.588623
4.546695
4.546695
4.532702
4.532702
4.532702
4.532702
4.532702
4.532702
4.532702
4.532702
4.532702
4.532702
4.518415
4.518415
4.518415
4.518415
4.518415
4.518415
4.518415
4.518415
4.518415
4.518415
4.518415
4.518415
4.518415
4.518415
4.518415
4.518415
4.518415
4.518415
4.482261
4.482261
4.482261
4.482261
4.482261
4.482261
4.482261
4.482261
4.482261
4.482261
4.482261
4.482261
4.482261
4.482261
4.482261
4.482261
4.482261
4.465329
4.465329
4.465329
4.427205
4.427205
4.427205
4.427205
4.427205
4.427205
4.427205
4.427205
4.427205
4.427205
4.427205
4.427205
4.427205
4.427205
4.402662
4.402662
4.402662
4.402662
4.402662
4.402662
4.402662
4.402662
4.402662
4.402662
4.402662
4.402662
4.402662
4.402662
4.402662
4.402662
4.402662
4.402662
4.402662
4.402662
4.402662
4.402662
4.402662
4.402662
4.402662
4.402662
4.402662
4.399909
4.399909
4.399909
4.399909
4.399909
4.399909
4.399909
4.399909
4.399909
4.376913
4.376913
4.376913
4.376913
4.376913
4.362225
4.362225
4.362225
4.362225
4.362225
4.362225
4.362225
4.362225
4.362225
4.362225
4.362225
4.362225
4.362225
4.362002
4.362002
4.362002
4.331051
4.331051
4.331051
4.330389
4.328003
4.328003
4.328003
4.328003
4.328003
4.328003
4.328003
4.328003
4.328003
4.328003
4.328003
4.328003
4.328003
4.328003
4.328003
4.328003
4.203453
4.203453
4.203453
4.203453
4.203453
4.203453
4.203453
4.183251
4.183251
4.183251
4.183251
4.183251
4.183251
4.183251
4.183251
4.182862
4.182862
4.182862
4.182862
4.182862
4.182862
4.182862
4.182862
4.182862
4.182862
4.182862
4.182862
4.182862
4.182862
4.182862
4.182862
4.182862
4.182862
4.172048
4.172048
4.172048
4.172048
4.164733
4.164733
4.164733
4.164733
4.164733
4.164733
4.164733
4.164733
4.164733
4.164733
4.164733
4.164733
4.164733
4.164733
4.164733
4.164733
4.067842
4.067842
4.067842
4.067842
4.067842
4.067842
4.067842
4.067842
4.067842
4.067842
4.067842
4.066443
4.066443
4.066443
4.066443
4.066443
4.066443
4.066443
4.066443
4.066443
4.066443
4.066443
4.066443
4.066443
4.066443
4.066443
4.066443
4.066443
4.033328
4.033328
4.033328
4.033328
4.033328
4.033328
4.033328
4.033328
4.033328
4.033328
4.033328
4.033328
4.033328
4.033328
4.033328
4.033328
4.033328
4.033328
4.033328
4.033328
4.033328
4.033328
4.033328
4.033328
4.033328
4.033328
4.033328
4.033328
4.033328
4.033328
4.033328
4.029325
4.029325
4.029325
4.029325
4.029325
4.029325
4.029325
4.029325
4.029325
4.029325
4.029325
4.029325
4.029325
4.029325
4.029325
4.029325
4.029325
4.029325
4.029325
4.029325
4.029325
4.029325
4.029325
4.027031
3.994909
3.993116
3.993116
3.993116
3.993116
3.993116
3.993116
3.993116
3.993116
3.993116
3.933071
3.933071
3.933071
3.933071
3.933071
3.933071
3.933071
3.933071
3.933071
3.933071
3.933071
3.886934
3.886934
3.886934
3.886934
3.886934
3.886934
3.886934
3.886934
3.886934
3.886934
3.886934
3.886934
3.698528
3.698528
3.698528
3.698528
3.698528
3.577965
3.577965
3.577965
3.577965
3.577965
3.568486
3.568486
3.568486
3.568486
3.568486
3.568486
3.568486
3.568486
3.568486
3.568486
3.568486
3.568486
3.568486
3.568486
3.568486
3.568486
3.568486
3.568486
3.558844
3.558844
3.558844
3.558844
3.558844
3.558844
3.558844
3.558844
3.558844
3.534409
3.534409
3.534409
3.534409
3.534409
3.533554
3.533554
3.533554
3.533554
3.533554
3.533554
3.533554
3.533554
3.533554
3.533554
3.533554
3.533554
3.533554
3.533554
3.533554
3.533554
3.533554
3.533554
3.533554
3.533554
3.533554
3.533554
3.533554
3.533554
3.488362
3.488362
3.488362
3.488362
3.488362
3.488362
3.378270
3.378270
3.378270
3.378270
3.378270
3.378270
3.378270
3.378270
3.378270
3.378270
3.378270
3.378270
3.378270
3.378270
3.378270
3.378270
3.378270
3.378270
3.378270
3.378270
3.378270
3.367463
3.367463
3.367463
3.367463
3.367463
3.367463
3.367463
3.367463
3.367463
3.367463
3.367463
3.367463
3.367463
3.367463
3.367463
3.367463
3.367463
3.367463
3.355663
3.355663
3.355663
3.355663
3.355663
3.355663
3.355663
3.355663
3.355663
3.355663
3.355663
3.355663
3.355663
3.355663
3.355663
3.355663
3.355663
3.355663
3.355663
3.355663
3.355663
3.355663
3.355663
3.355663
3.355663
3.355663
3.355663
3.355663
3.355663
3.355663
3.355663
3.355663
3.355663
3.355663
3.355663
3.355663
3.355663
3.355663
3.355663
3.355663
3.355663
3.355663
3.355663
3.355663
3.355663
3.355663
3.355663
3.355663
3.355663
3.355663
3.355663
3.355663
3.355663
3.355663
3.355663
3.355663
3.355663
3.355663
3.276909
3.276909
3.264072
3.264072
3.264072
3.264072
3.255079
3.255079
3.255079
3.255079
3.255079
3.255079
3.255079
3.255079
3.255079
3.255079
3.237897
3.237897
3.237897
3.237897
3.237897
3.227363
3.227363
3.227363
3.227363
3.227363
3.227363
3.227363
3.227363
3.227363
3.227363
3.227363
3.227363
3.227363
3.227363
3.227363
3.227363
3.227363
3.227363
3.227363
3.227363
3.227363
3.227363
3.227363
3.227363
3.227363
3.227363
3.227363
3.227363
3.227363
3.227363
3.227363
3.215483
3.215483
3.215483
3.215483
3.215483
3.127040
3.125725
3.125725
3.125725
3.125725
3.125725
3.125725
3.124996
3.124996
3.124996
3.124996
3.124996
3.124996
3.124996
3.124996
3.124996
3.124996
3.124996
3.124996
3.082836
3.082836
3.082836
3.082836
3.082836
3.082836
3.082836
3.082836
3.082836
3.082836
3.082836
3.082836
3.082836
3.082836
3.082836
3.082836
3.071737
3.071737
3.071737
3.071737
3.071737
3.071737
3.071737
3.071737
3.071737
3.030295
3.030295
3.030295
3.030295
3.030295
3.030295
3.030295
3.030295
3.014780
3.014780
3.014780
3.014780
3.014780
3.014780
3.014780
3.014780
3.014780
3.014780
3.014780
3.014780
3.014780
3.014780
3.012386
3.012386
3.012386
3.012386
3.012386
3.012386
3.012386
3.012386
3.012386
3.012386
3.012386
3.012386
3.012386
3.012386
3.012386
3.012386
3.012386
2.996552
2.996552
2.996552
2.996552
2.996552
2.996552
2.996552
2.996552
2.996552
2.996552
2.996552
2.996552
2.996552
2.996552
2.996552
2.996552
2.996552
2.996552
2.996552
2.996552
2.996552
2.996552
2.996552
2.996552
2.971336
2.971336
2.971336
2.971336
2.971336
2.971336
2.971336
2.971336
2.971336
2.971336
2.971336
2.971336
2.971336
2.971336
2.971336
2.971336
2.971336
2.971336
2.971336
2.971336
2.971336
2.971336
2.971336
2.971336
2.971336
2.971336
2.971336
2.971336
2.971336
2.971336
2.971336
2.971336
2.971336
2.971336
2.971336
2.971336
2.971336
2.971336
2.971336
2.971336
2.971336
2.971336
2.971336
2.971336
2.971336
2.971336
2.971336
2.971336
2.971336
2.971336
2.971336
2.971336
2.971336
2.971336
2.971336
2.971336
2.971336
2.971336
2.971336
2.971336
2.971336
2.971336
2.971336
2.971336
2.971336
2.971336
2.971336
2.971336
2.969035
2.969035
2.969035
2.969035
2.969035
2.969035
2.969035
2.969035
2.969035
2.948724
2.948724
2.948724
2.948724
2.948724
2.948724
2.948724
2.948724
2.948724
2.948724
2.948724
2.948724
2.948724
2.948724
2.948724
2.948724
2.948724
2.948724
2.948724
2.948724
2.948724
2.948724
2.948724
2.948724
2.948724
2.948724
2.948724
2.948724
2.948724
2.948724
2.948724
2.948724
2.948724
2.948724
2.948724
2.942739
2.942739
2.942739
2.942739
2.942739
2.942739
2.942739
2.942739
2.942739
2.942739
2.942739
2.942739
2.942739
2.942739
2.942739
2.942739
2.942739
2.942739
2.934694
2.934694
2.934694
2.934694
2.934694
2.934694
2.934694
2.934694
2.934694
2.934694
2.934694
2.934694
2.934694
2.934694
2.934694
2.934694
2.918704
2.918704
2.918704
2.918704
2.918704
2.918704
2.914850
2.914850
2.914850
2.914850
2.914850
2.914850
2.914850
2.914850
2.914850
2.914850
2.914803
2.914803
2.914803
2.914803
2.914803
2.914803
2.914803
2.914803
2.914803
2.914803
2.914803
2.914803
2.914803
2.914803
2.914803
2.914803
2.914803
2.914803
2.914803
2.914803
2.886126
2.886126
2.851383
2.845324
2.845324
2.845324
2.845324
2.845324
2.845324
2.845324
2.845324
2.845324
2.845324
2.845324
2.845324
2.845324
2.845324
2.845324
2.845324
2.845324
2.845324
2.845324
2.845324
2.845324
2.833863
2.833863
2.833863
2.833863
2.833863
2.833863
2.833863
2.833863
2.833863
2.833863
2.833863
2.833863
2.833863
2.833863
2.833863
2.808357
2.808357
2.760639
2.757525
2.757525
2.757525
2.757525
2.757525
2.757212
2.757212
2.757212
2.757212
2.757212
2.757212
2.757212
2.757212
2.757212
2.752217
2.752217
2.752217
2.752217
2.752217
2.752217
2.752217
2.752217
2.752217
2.752217
2.743522
2.743522
2.743522
2.743522
2.743522
2.743522
2.743522
2.743522
2.743522
2.743522
2.743522
2.743522
2.743522
2.743522
2.743522
2.743522
2.743522
2.743522
2.743522
2.743522
2.743522
2.734001
2.734001
2.718589
2.718589
2.718589
2.718589
2.718589
2.718589
2.718589
2.718589
2.718589
2.718589
2.718589
2.718589
2.718589
2.718589
2.718589
2.718589
2.718589
2.718589
2.718589
2.718589
2.718589
2.718589
2.718589
2.718589
2.718589
2.718589
2.718589
2.718589
2.718589
2.718589
2.718589
2.683223
2.683223
2.683223
2.683223
2.683223
2.683223
2.683223
2.683223
2.683223
2.683223
2.683223
2.683223
2.683223
2.683223
2.683223
2.683223
2.683223
2.683223
2.683223
2.683223
2.683223
2.683223
2.683223
2.683223
2.683223
2.683223
2.683223
2.683223
2.671075
2.651136
2.651136
2.651136
2.651136
2.651136
2.651136
2.651136
2.651136
2.651136
2.651136
2.651136
2.618031
2.618031
2.618031
2.618031
2.618031
2.618031
2.618031
2.618031
2.618031
2.580424
2.580424
2.580424
2.580424
2.580424
2.580424
2.580424
2.580424
2.580424
2.580424
2.580424
2.580424
2.580424
2.580424
2.580424
2.580424
2.580424
2.580424
2.580424
2.580424
2.580424
2.580424
2.580424
2.580424
2.580424
2.580424
2.580424
2.580424
2.580424
2.580424
2.580424
2.580424
2.580424
2.580424
2.580424
2.580424
2.580424
2.580424
2.580424
2.580424
2.580424
2.580424
2.580424
2.580424
2.580424
2.580424
2.580424
2.580424
2.580424
2.580424
2.580424
2.580424
2.580424
2.580424
2.580424
2.580424
2.580424
2.580424
2.580424
2.580424
2.580424
2.580424
2.580424
2.580424
2.580424
2.580424
2.580424
2.580424
2.580424
2.580424
2.580424
2.580424
2.575600
2.575600
2.575600
2.575600
2.575600
2.575600
2.575600
2.575600
2.575600
2.575600
2.575600
2.575600
2.575600
2.575600
2.549305
2.549305
2.475858
2.475858
2.428458
2.428458
2.428458
2.428458
2.428458
2.428458
2.428458
2.395697
2.395697
2.395697
2.395697
2.395697
2.395697
2.395697
2.395697
2.395697
2.395697
2.395697
2.395697
2.395697
2.389011
2.389011
2.389011
2.389011
2.389011
2.358294
2.358294
2.358294
2.358294
2.358294
2.358294
2.358294
2.358294
2.358294
2.358294
2.358294
2.358294
2.358294
2.358294
2.358294
2.358294
2.358294
2.358294
2.358294
2.358294
2.358294
2.358294
2.358294
2.358294
2.358294
2.358294
2.358294
2.356871
2.356871
2.356871
2.356871
2.356871
2.356871
2.356871
2.356871
2.329369
2.329369
2.329369
2.329369
2.329369
2.324556
2.324556
2.324556
2.324556
2.324556
2.324556
2.324556
2.324556
2.324556
2.324556
2.324556
2.324556
2.324556
2.324556
2.324556
2.324556
2.324556
2.324556
2.324556
2.321026
2.321026
2.321026
2.321026
2.321026
2.321026
2.321026
2.321026
2.321026
2.321026
2.321026
2.321026
2.321026
2.321026
2.321026
2.321026
2.321026
2.315589
2.315589
2.315589
2.315589
2.315589
2.315589
2.315589
2.315589
2.315589
2.315589
2.315589
2.315589
2.241433
2.241433
2.241433
2.241433
2.241433
2.241433
2.241433
2.241433
2.241433
2.241433
2.241433
2.241433
2.241433
2.241433
2.241433
2.241433
2.241433
2.241433
2.241433
2.241433
2.241433
2.241433
2.241433
2.241433
2.241433
2.241433
2.241433
2.241433
2.241433
2.241433
2.240162
2.240162
2.240162
2.236333
2.236333
2.236333
2.236333
2.236333
2.236333
2.236333
2.236333
2.236333
2.236333
2.236333
2.236333
2.236333
2.236333
2.236333
2.236333
2.236333
2.236333
2.236333
2.236333
2.236333
2.236333
2.236333
2.236333
2.236333
2.236333
2.236333
2.236333
2.236333
2.236333
2.236333
2.236333
2.236333
2.236333
2.236333
2.236333
2.236333
2.236333
2.232102
2.226678
2.226678
2.226678
2.226678
2.226678
2.226678
2.226678
2.226678
2.226678
2.226678
2.226678
2.226678
2.226678
2.226678
2.226678
2.226678
2.226678
2.226678
2.226678
2.226678
2.226678
2.226678
2.226678
2.226678
2.226678
2.226678
2.226678
2.226678
2.226678
2.226678
2.226678
2.226678
2.226678
2.226678
2.226678
2.226678
2.226678
2.226678
2.226678
2.226678
2.226678
2.226678
2.226678
2.226678
2.226678
2.226678
2.226678
2.226678
2.226678
2.226678
2.226678
2.226678
2.226678
2.226678
2.226678
2.226678
2.226678
2.226678
2.226678
2.226678
2.226678
2.226678
2.226678
2.226678
2.226678
2.226678
2.226678
2.226678
2.226678
2.226678
2.226678
2.226678
2.226678
2.226678
2.226678
2.226678
2.226678
2.226678
2.226678
2.226678
2.226678
2.226678
2.226678
2.226678
2.226678
2.226678
2.226678
2.226678
2.226678
2.226678
2.226678
2.226678
2.226678
2.226678
2.226678
2.226678
2.226678
2.226678
2.226678
2.226678
2.226678
2.226678
2.226678
2.226678
2.226678
2.226678
2.226678
2.226678
2.226678
2.226678
2.226678
2.226678
2.226678
2.226678
2.226678
2.226678
2.226678
2.226678
2.226678
2.226678
2.226678
2.226678
2.226678
2.226678
2.226678
2.226678
2.226678
2.226678
2.226678
2.226678
2.226678
2.226678
2.226678
2.226678
2.226678
2.226678
2.226678
2.226678
2.226678
2.226613
2.211806
2.211806
2.211806
2.211806
2.211806
2.211806
2.211806
2.211806
2.211806
2.204508
2.204508
2.204508
2.204508
2.204508
2.204508
2.204508
2.204508
2.204508
2.204508
2.204508
2.204508
2.204508
2.204508
2.204508
2.204508
2.204508
2.204508
2.204508
2.204508
2.204508
2.204508
2.204508
2.204508
2.204508
2.204508
2.204508
2.204508
2.204508
2.204508
2.204508
2.204508
2.204508
2.204508
2.204508
2.204508
2.204508
2.204508
2.204508
2.204508
2.204508
2.204508
2.204508
2.191831
2.191831
2.191831
2.191831
2.191831
2.191831
2.191831
2.191831
2.191831
2.191831
2.191831
2.191831
2.191831
2.191831
2.191831
2.191831
2.191831
2.159347
2.159347
2.159347
2.159347
2.159347
2.159347
2.159347
2.159347
2.159347
2.159347
2.159347
2.159347
2.159347
2.159347
2.159347
2.159347
2.159347
2.159347
2.159347
2.159347
2.159347
2.159347
2.159347
2.159347
2.159347
2.159347
2.159347
2.159347
2.159347
2.159347
2.159347
2.159347
2.159347
2.159347
2.159347
2.159347
2.159347
2.159347
2.159347
2.159347
2.159347
2.159347
2.159347
2.159347
2.159347
2.159347
2.159347
2.159347
2.159347
2.159347
2.159347
2.159347
2.159347
2.159347
2.159347
2.159347
2.159347
2.159347
2.159347
2.159347
2.159347
2.159347
2.159347
2.159347
2.159347
2.159347
2.129038
2.129038
2.129038
2.129038
2.129038
2.129038
2.129038
2.129038
1.961036
1.961036
1.961036
1.961036
1.961036
1.961036
1.961036
1.961036
1.939706
1.939706
1.939706
1.939706
1.939706
1.939706
1.939706
1.939706
1.939706
1.939706
1.939706
1.939706
1.939706
1.939706
1.939706
1.939706
1.939706
1.939706
1.939706
1.939706
1.939706
1.939706
1.939706
1.939706
1.939706
1.939706
1.939706
1.939706
1.939706
1.939706
1.939706
1.939706
1.939706
1.939706
1.939706
1.939706
1.938010
1.938010
1.938010
1.938010
1.910934
1.910934
1.910934
1.910934
1.910934
1.890186
1.890186
1.875579
1.875579
1.875579
1.875579
1.875579
1.875579
1.875579
1.875579
1.875579
1.875579
1.875579
1.875579
1.875579
1.875579
1.875579
1.875579
1.864005
1.864005
1.864005
1.864005
1.864005
1.863978
1.863978
1.863978
1.863978
1.863978
1.863978
1.863978
1.863978
1.863978
1.863978
1.863978
1.863978
1.863978
1.863978
1.863978
1.863978
1.863978
1.863978
1.863978
1.863978
1.863978
1.863978
1.863978
1.863978
1.863978
1.863978
1.863978
1.863978
1.863978
1.847856
1.847856
1.847856
1.847856
1.847856
1.847856
1.847466
1.847466
1.847466
1.847466
1.847466
1.847466
1.847466
1.847466
1.847466
1.847466
1.847466
1.847466
1.847466
1.847466
1.847466
1.847466
1.847466
1.847466
1.847466
1.847466
1.847466
1.847466
1.847466
1.847466
1.847466
1.847466
1.847466
1.847466
1.847466
1.847466
1.847466
1.847466
1.847466
1.847466
1.847466
1.847466
1.847466
1.847466
1.847466
1.847466
1.847466
1.847466
1.847466
1.847466
1.847466
1.847466
1.847466
1.847466
1.847466
1.847466
1.847466
1.847466
1.847466
1.847466
1.847466
1.847466
1.847466
1.847466
1.847466
1.847466
1.847466
1.847466
1.847466
1.847466
1.847466
1.847466
1.847466
1.847466
1.847466
1.847466
1.847466
1.847466
1.847466
1.847466
1.847466
1.847466
1.847466
1.847466
1.847466
1.847466
1.847466
1.847466
1.847466
1.847466
1.847466
1.847466
1.847466
1.847466
1.847466
1.847466
1.847466
1.847466
1.847466
1.847466
1.847466
1.847466
1.847466
1.847466
1.847466
1.847466
1.847466
1.847466
1.847466
1.847466
1.847466
1.847466
1.847466
1.847466
1.847466
1.847466
1.847466
1.847466
1.847466
1.847466
1.847466
1.847466
1.847466
1.847466
1.847466
1.847466
1.846791
1.846791
1.846791
1.846791
1.846791
1.846791
1.846791
1.846791
1.846791
1.846791
1.846791
1.846791
1.846791
1.846791
1.846791
1.846791
1.846791
1.846791
1.846268
1.846268
1.846268
1.842616
1.842616
1.842616
1.842616
1.842616
1.842616
1.842616
1.842616
1.842616
1.842616
1.842616
1.842616
1.842616
1.842616
1.842616
1.833453
1.833453
1.833453
1.833453
1.833453
1.833453
1.833453
1.833453
1.833453
1.833453
1.833453
1.833453
1.833453
1.833453
1.833453
1.833453
1.833453
1.833453
1.833453
1.833453
1.833453
1.812514
1.812514
1.812514
1.810024
1.810024
1.810024
1.810024
1.810024
1.810024
1.810024
1.810024
1.810024
1.810024
1.810024
1.810024
1.810024
1.810024
1.810024
1.808137
1.808137
1.808137
1.808137
1.808137
1.808137
1.804615
1.804615
1.804615
1.804615
1.804615
1.804615
1.804615
1.804615
1.804615
1.804615
1.804615
1.804615
1.804615
1.804615
1.804615
1.804615
1.804615
1.804615
1.804615
1.804615
1.804615
1.804615
1.804615
1.804615
1.804615
1.804615
1.804615
1.804615
1.804615
1.803663
1.803663
1.803663
1.803663
1.803663
1.803663
1.803663
1.803663
1.802472
1.802472
1.802472
1.802472
1.802472
1.802472
1.802472
1.802472
1.802472
1.791286
1.791286
1.791286
1.791286
1.791286
1.791286
1.791286
1.791286
1.791286
1.791286
1.791286
1.791286
1.791286
1.791286
1.791286
1.791286
1.791286
1.791286
1.791286
1.791286
1.791286
1.791286
1.791286
1.786110
1.786110
1.786110
1.786110
1.786110
1.786110
1.786110
1.786110
1.786110
1.786110
1.786110
1.786110
1.786110
1.786110
1.786110
1.786110
1.786110
1.786110
1.786110
1.786110
1.786110
1.786110
1.786110
1.786110
1.786110
1.786110
1.786110
1.786110
1.786110
1.761482
1.761482
1.761482
1.761482
1.761482
1.761482
1.761482
1.761482
1.761482
1.761482
1.761482
1.761482
1.761482
1.761482
1.761482
1.761482
1.761482
1.761482
1.761482
1.761482
1.761482
1.761482
1.761482
1.761482
1.761482
1.761482
1.761482
1.761482
1.761482
1.761482
1.761482
1.761482
1.761482
1.756585
1.756585
1.756585
1.756585
1.756585
1.756585
1.756585
1.756585
1.756585
1.756585
1.756585
1.756585
1.756585
1.756585
1.756585
1.756585
1.756585
1.756585
1.752253
1.752253
1.752253
1.752253
1.752253
1.752253
1.752253
1.752253
1.752253
1.752253
1.752253
1.752253
1.752253
1.752253
1.752253
1.752253
1.752253
1.752253
1.752253
1.752253
1.752253
1.609013
1.609013
1.609013
1.609013
1.609013
1.609013
1.609013
1.609013
1.609013
1.609013
1.609013
1.609013
1.609013
1.609013
1.609013
1.609013
1.609013
1.609013
1.609013
1.609013
1.609013
1.609013
1.609013
1.609013
1.609013
1.609013
1.609013
1.609013
1.609013
1.609013
1.609013
1.609013
1.609013
1.609013
1.609013
1.609013
1.609013
1.609013
1.609013
1.609013
1.609013
1.609013
1.609013
1.609013
1.609013
1.609013
1.609013
1.609013
1.609013
1.609013
1.609013
1.609013
1.609013
1.609013
1.609013
1.609013
1.609013
1.609013
1.609013
1.609013
1.609013
1.609013
1.609013
1.609013
1.609013
1.609013
1.609013
1.609013
1.609013
1.609013
1.609013
1.609013
1.609013
1.609013
1.609013
1.609013
1.609013
1.609013
1.609013
1.609013
1.609013
1.609013
1.609013
1.608593
1.608593
1.606539
1.606539
1.606539
1.606539
1.606539
1.606539
1.606539
1.606539
1.606539
1.606539
1.606539
1.606539
1.606539
1.606539
1.606539
1.606539
1.606539
1.606539
1.606539
1.606539
1.606539
1.606539
1.606539
1.606539
1.606539
1.606539
1.606539
1.606539
1.606539
1.606539
1.595179
1.595179
1.595179
1.595179
1.595179
1.595179
1.595179
1.595179
1.595179
1.595179
1.595179
1.592443
1.592443
1.592443
1.592443
1.591906
1.591906
1.591906
1.591906
1.591906
1.591906
1.561913
1.561913
1.561913
1.561913
1.561913
1.561913
1.561913
1.561913
1.561913
1.561913
1.561913
1.561913
1.561913
1.561913
1.561913
1.561913
1.561913
1.561913
1.561913
1.541996
1.541996
1.541996
1.541996
1.541996
1.541996
1.541996
1.541996
1.541996
1.541996
1.541996
1.541996
1.541996
1.541996
1.541996
1.501457
1.501457
1.501457
1.501457
1.501457
1.497902
1.497902
1.497902
1.497902
1.497902
1.497902
1.497902
1.497902
1.497902
1.497902
1.497902
1.497902
1.497902
1.497902
1.497902
1.497902
1.497902
1.497902
1.497902
1.497902
1.497902
1.497902
1.497902
1.497902
1.497902
1.497902
1.497902
1.497902
1.497902
1.497902
1.497902
1.497902
1.497902
1.497902
1.497902
1.497741
1.497741
1.497741
1.497741
1.497741
1.497741
1.497741
1.497741
1.497741
1.497741
1.497741
1.497741
1.497741
1.497741
1.497741
1.497741
1.497741
1.497741
1.497741
1.497741
1.497741
1.497741
1.497741
1.497523
1.497523
1.497523
1.497523
1.497523
1.497523
1.489134
1.489134
1.489134
1.489134
1.489134
1.489134
1.480333
1.480333
1.480333
1.480333
1.480333
1.480333
1.480333
1.480333
1.480333
1.480333
1.480333
1.480333
1.480333
1.480333
1.468181
1.468181
1.468181
1.468181
1.468181
1.468181
1.463846
1.463846
1.463846
1.463846
1.463846
1.463846
1.463846
1.463846
1.463846
1.463846
1.463846
1.463846
1.463846
1.463846
1.463846
1.463846
1.463846
1.463846
1.463846
1.463846
1.463846
1.463846
1.463846
1.463846
1.463846
1.463846
1.463846
1.463846
1.463846
1.463846
1.463846
1.463846
1.463846
1.463475
1.463475
1.463475
1.463475
1.463475
1.463475
1.463475
1.463475
1.463475
1.463475
1.463475
1.463475
1.463475
1.463475
1.463475
1.463475
1.463475
1.463475
1.463475
1.463475
1.463475
1.463475
1.463475
1.463475
1.463475
1.463475
1.463475
1.463475
1.463475
1.463475
1.463475
1.463475
1.463475
1.463475
1.463475
1.463475
1.463475
1.463475
1.463475
1.463475
1.463475
1.463475
1.463475
1.463475
1.463475
1.463475
1.463475
1.463475
1.463475
1.463475
1.463475
1.463475
1.463475
1.463475
1.463475
1.463475
1.463475
1.463475
1.463475
1.463475
1.463475
1.463475
1.463475
1.463475
1.459531
1.459531
1.459531
1.459531
1.459531
1.459531
1.459531
1.459531
1.459531
1.459531
1.459531
1.459531
1.459531
1.459531
1.459531
1.459531
1.459531
1.458697
1.458697
1.458697
1.458697
1.458697
1.458697
1.458697
1.458697
1.458697
1.458697
1.458697
1.458697
1.458697
1.458697
1.458697
1.458697
1.458697
1.458697
1.458697
1.458697
1.458697
1.458697
1.458697
1.458697
1.458697
1.458697
1.458697
1.458697
1.443637
1.443637
1.443637
1.443637
1.443637
1.443637
1.442791
1.442791
1.442791
1.442791
1.442791
1.442791
1.442791
1.442791
1.442791
1.442791
1.442791
1.442791
1.442791
1.442791
1.442791
1.442791
1.442791
1.442791
1.442791
1.442791
1.442791
1.442791
1.442791
1.442791
1.442791
1.442791
1.442791
1.442791
1.442791
1.442791
1.442791
1.439559
1.439559
1.439559
1.439559
1.439559
1.439559
1.439559
1.439559
1.439559
1.439559
1.439559
1.439440
1.439440
1.439440
1.439440
1.439440
1.439440
1.439440
1.439440
1.439440
1.439440
1.439440
1.439440
1.439440
1.439440
1.439440
1.439440
1.439440
1.439440
1.439440
1.439440
1.439440
1.439440
1.439440
1.439440
1.439440
1.439440
1.439440
1.399409
1.399409
1.399409
1.399409
1.399409
1.399409
1.399409
1.399409
1.399409
1.399409
1.399409
1.399409
1.399409
1.399409
1.399409
1.399409
1.399409
1.399409
1.399409
1.399409
1.399409
1.399409
1.399409
1.399409
1.399409
1.399409
1.399409
1.399409
1.399409
1.399409
1.399409
1.399409
1.399409
1.399409
1.399409
1.399409
1.399409
1.399409
1.399409
1.396191
1.396191
1.396191
1.396191
1.396191
1.396191
1.396191
1.396191
1.396191
1.396191
1.396191
1.396191
1.396191
1.396191
1.396191
1.396191
1.396191
1.396191
1.396191
1.396191
1.396191
1.396191
1.396191
1.396191
1.396191
1.396191
1.396191
1.396191
1.396191
1.396191
1.396191
1.396191
1.393796
1.393796
1.393796
1.393796
1.393796
1.393796
1.393796
1.393796
1.393796
1.393796
1.393796
1.393796
1.393796
1.393796
1.393796
1.393796
1.393796
1.393796
1.393796
1.393796
1.393796
1.393796
1.393796
1.393796
1.393796
1.393796
1.393796
1.393796
1.393796
1.393796
1.393796
1.393796
1.393796
1.393796
1.393796
1.393796
1.393796
1.393796
1.393796
1.393796
1.393796
1.393796
1.393796
1.393796
1.393796
1.393796
1.393796
1.393796
1.393796
1.393796
1.393796
1.393796
1.393796
1.393796
1.393796
1.393796
1.393796
1.392585
1.392585
1.392585
1.392585
1.392585
1.392585
1.390875
1.390875
1.390875
1.390875
1.390875
1.390875
1.390875
1.390875
1.390875
1.390875
1.390875
1.390050
1.390050
1.390050
1.390050
1.390050
1.390050
1.390050
1.390050
1.390050
1.390050
1.390050
1.390050
1.390050
1.390050
1.390050
1.390050
1.390050
1.390050
1.390050
1.381598
1.381598
1.381598
1.381598
1.381598
1.381598
1.381598
1.381598
1.381598
1.381598
1.381598
1.381598
1.381598
1.381598
1.381598
1.381598
1.381598
1.381598
1.381598
1.381598
1.381598
1.381598
1.381598
1.381598
1.381598
1.381598
1.381598
1.381598
1.381598
1.381598
1.381598
1.381598
1.381598
1.381598
1.381598
1.381598
1.381598
1.381598
1.381598
1.381598
1.381598
1.381598
1.381598
1.381598
1.381598
1.378156
1.378156
1.378156
1.378156
1.378156
1.378156
1.378156
1.378156
1.378156
1.378156
1.378156
1.378156
1.378156
1.378156
1.378156
1.378156
1.378156
1.378156
1.378156
1.378156
1.378156
1.378156
1.378156
1.378156
1.378156
1.378156
1.378156
1.378156
1.378156
1.378156
1.378156
1.378156
1.378156
1.378156
1.378156
1.378156
1.378156
1.378156
1.378156
1.378156
1.378156
1.378156
1.378156
1.378156
1.378156
1.378156
1.378156
1.378156
1.378156
1.378156
1.378156
1.378156
1.378156
1.378156
1.378156
1.378156
1.378156
1.378156
1.378156
1.378156
1.378156
1.378156
1.378156
1.378156
1.378156
1.378156
1.378156
1.378156
1.378156
1.378156
1.378156
1.378156
1.378156
1.378156
1.378156
1.378156
1.378156
1.378156
1.378156
1.378156
1.378156
1.378156
1.378156
1.378156
1.378156
1.378156
1.378156
1.378156
1.378156
1.378156
1.378156
1.378156
1.378156
1.378156
1.378156
1.378156
1.378156
1.378156
1.378156
1.378156
1.378156
1.378156
1.378156
1.378156
1.378156
1.376875
1.376875
1.376875
1.376875
1.376875
1.376875
1.376875
1.376875
1.376875
1.376875
1.376875
1.376875
1.376875
1.376339
1.376339
1.376339
1.376339
1.376339
1.376339
1.376339
1.376339
1.376339
1.376339
1.376339
1.375303
1.375303
1.375303
1.375303
1.375303
1.375303
1.375303
1.375303
1.375303
1.375303
1.375303
1.375303
1.375303
1.375303
1.375303
1.375303
1.375303
1.315992
1.315992
1.315992
1.315992
1.315992
1.315992
1.315992
1.315992
1.315992
1.315992
1.315992
1.315992
1.315992
1.315992
1.315992
1.315992
1.315992
1.315992
1.315992
1.306960
1.306960
1.306960
1.306960
1.306960
1.306960
1.306960
1.306960
1.306960
1.306960
1.306960
1.306960
1.306960
1.306960
1.306960
1.306960
1.306960
1.306960
1.306960
1.306960
1.306960
1.306960
1.306960
1.306960
1.306960
1.306960
1.306960
1.306960
1.306960
1.306960
1.306960
1.306960
1.306960
1.306960
1.306960
1.306960
1.306960
1.305805
1.305805
1.305805
1.305805
1.305805
1.305805
1.305805
1.305805
1.305805
1.305805
1.305805
1.305805
1.305805
1.305805
1.305805
1.305805
1.305805
1.305805
1.305805
1.305805
1.305805
1.305805
1.305805
1.305805
1.305805
1.305805
1.305805
1.305805
1.305805
1.305805
1.305805
1.305805
1.305805
1.305805
1.305805
1.305805
1.305805
1.305805
1.305805
1.305805
1.305805
1.305805
1.305805
1.305805
1.305805
1.305805
1.305805
1.305805
1.305805
1.305805
1.305805
1.305805
1.305805
1.305805
1.305805
1.305805
1.305805
1.305805
1.305805
1.305805
1.305805
1.305805
1.305805
1.305805
1.305805
1.305805
1.305805
1.305805
1.305805
1.305805
1.305805
1.305805
1.305805
1.305805
1.305805
1.305805
1.305805
1.305805
1.305805
1.305805
1.305805
1.305805
1.305805
1.305805
1.305805
1.305805
1.305805
1.305805
1.305805
1.305805
1.305805
1.305805
1.305805
1.305805
1.305805
1.305805
1.305805
1.305805
1.305805
1.305805
1.305805
1.305805
1.305805
1.305805
1.305805
1.305805
1.305805
1.305805
1.305805
1.305805
1.305805
1.305805
1.305805
1.305805
1.305805
1.305805
1.305805
1.305805
1.305805
1.303926
1.303926
1.303926
1.303926
1.303926
1.303926
1.303926
1.303926
1.303926
1.303926
1.303926
1.303926
1.300457
1.300457
1.300457
1.300457
1.300457
1.300457
1.300457
1.300457
1.300457
1.300457
1.300457
1.300457
1.300457
1.300457
1.300457
1.300457
1.300457
1.300457
1.300457
1.300457
1.300457
1.300457
1.300457
1.300457
1.300457
1.300457
1.300457
1.300457
1.300457
1.299612
1.299612
1.299612
1.299612
1.299612
1.299612
1.299612
1.299612
1.299612
1.299583
1.299583
1.297219
1.297219
1.297219
1.297219
1.297219
1.294522
1.294522
1.294522
1.294522
1.294522
1.294522
1.294007
1.294007
1.294007
1.294007
1.294007
1.286762
1.286762
1.286762
1.286762
1.286762
1.286762
1.286762
1.286762
1.286762
1.286762
1.286762
1.286762
1.286762
1.286762
1.286762
1.286762
1.286762
1.286762
1.286762
1.286762
1.286762
1.286762
1.286762
1.286762
1.286762
1.286762
1.286762
1.286762
1.286762
1.286762
1.286762
1.286762
1.286762
1.286762
1.286762
1.286762
1.286762
1.286762
1.259067
1.240371
1.240371
1.240371
1.240371
1.240371
1.240371
1.240371
1.240371
1.240371
1.240371
1.240371
1.240371
1.240371
1.240371
1.240371
1.240362
1.240362
1.240362
1.240362
1.240362
1.240362
1.240362
1.240362
1.240362
1.240362
1.240362
1.240362
1.240362
1.220719
1.220719
1.220719
1.220719
1.220719
1.183262
1.183262
1.183262
1.183262
1.183262
1.183262
1.183262
1.183262
1.183262
1.183262
1.183262
1.183262
1.183262
1.183262
1.183262
1.183262
1.183262
1.183262
1.183262
1.177536
1.177536
1.177536
1.177536
1.177536
1.177536
1.177536
1.177536
1.177536
1.177246
1.177246
1.177246
1.176915
1.176915
1.176915
1.176915
1.176915
1.176915
1.176915
1.176915
1.176915
1.176915
1.155521
1.155521
1.155521
1.155521
1.155521
1.155521
1.155521
1.155521
1.155521
1.155521
1.155521
1.155521
1.155521
1.155521
1.155521
1.155521
1.155521
1.155521
1.155521
1.155521
1.155521
1.155521
1.155521
1.155521
1.155521
1.155521
1.155521
1.155521
1.155521
1.155521
1.155521
1.155521
1.155521
1.155521
1.155521
1.155521
1.155521
1.155521
1.155521
1.155521
1.155521
1.155521
1.155521
1.107615
1.107615
1.107615
1.097063
1.097063
1.097063
1.097063
1.097063
1.097063
1.097063
1.097063
1.097063
1.097063
1.097063
1.097063
1.097063
1.097063
1.081595
1.081595
1.081595
1.081595
1.081595
1.081595
1.081595
1.081595
1.081595
1.081595
1.081595
1.081595
1.081285
1.081285
1.081285
1.081285
1.081285
1.081285
1.081285
1.081285
1.081285
1.081285
1.081285
1.081285
1.081285
1.081285
1.081285
1.081285
1.081285
1.081285
1.081285
1.081285
1.081285
1.081285
1.081285
1.081285
1.081285
1.081285
1.081285
1.081285
1.081285
1.081285
1.081285
1.081285
1.081285
1.081285
1.081285
1.081285
1.081285
1.081285
1.081285
1.081285
1.081285
1.081285
1.081285
1.081285
1.081285
1.081285
1.081285
1.081285
1.081285
1.081285
1.081285
1.081285
1.081285
1.081285
1.081285
1.081285
1.081285
1.081285
1.081285
1.081285
1.081285
1.081285
1.081285
1.077592
1.077592
1.077592
1.077592
1.072439
1.072439
1.072439
1.072439
1.072439
1.072439
1.072439
1.072439
1.072439
1.072439
1.072439
1.072439
1.072439
1.072439
1.072439
1.052380
1.052380
1.052380
1.052380
1.052380
1.052380
1.052380
1.052380
1.052380
1.052380
1.052380
1.052114
1.052114
1.052114
1.052114
1.045032
1.045032
1.045032
1.045032
1.045032
1.045032
1.045032
1.045032
1.045032
1.045032
1.045032
1.045032
1.045032
1.045032
1.040933
1.040933
1.040933
1.040933
1.040933
1.040933
1.040933
1.040933
1.040933
1.040933
1.040933
1.040933
1.040933
1.036674
1.036674
1.036674
1.036674
1.036674
1.036674
1.036674
1.036674
1.036674
1.036674
1.036674
1.036674
1.036674
1.036674
1.036674
1.036674
1.036674
1.036674
1.036674
1.036674
1.036674
1.036674
1.036674
1.036674
1.036674
1.036674
1.036674
1.036674
1.036674
1.036674
1.036674
1.036674
1.036674
1.032601
1.032601
1.032601
1.032601
1.032601
1.032601
1.032601
1.032601
1.032601
1.032601
1.032601
1.032601
1.032601
1.032601
1.032601
1.032601
1.032601
1.032601
1.032601
1.032601
1.032601
1.032601
1.032601
1.032601
1.032070
1.032070
1.032070
1.032070
1.032070
1.032070
1.032070
1.032070
1.032070
1.032070
1.032070
1.032070
1.032070
1.032070
1.032070
1.032070
1.032070
1.032070
1.032070
1.029789
1.029789
1.029789
1.029789
1.029789
1.029789
1.029789
1.029789
1.029789
1.029789
1.029789
1.029789
1.029789
1.029789
1.029789
1.029789
1.029789
1.029789
1.029789
1.029789
1.029789
1.023667
1.023667
1.023667
1.023667
1.023667
1.023667
1.023667
1.023667
1.023667
1.023667
1.023667
1.023667
1.023667
1.023667
1.023667
1.023667
1.023667
1.023667
1.023667
1.023667
1.023667
1.023667
1.023667
1.023667
1.023667
1.023667
1.023667
1.023667
1.023667
1.023667
1.023667
1.023667
1.023667
1.023667
1.023667
1.023667
1.023667
1.023667
1.023667
1.023667
1.023667
1.023667
1.023667
1.023667
1.023667
1.023667
1.023667
1.023667
1.023667
1.023667
1.023667
1.023667
1.023667
1.023667
1.023667
1.023667
1.023667
1.023667
1.023667
1.023667
1.018952
1.018952
1.018952
1.018952
1.018952
1.018952
1.018952
1.018952
1.018952
1.018952
1.018952
1.018943
1.018943
1.018943
1.018943
1.018943
1.018943
1.018943
1.018943
1.018943
1.018943
1.018943
1.018943
1.018943
1.018943
1.018943
1.018943
1.018943
1.018943
1.018943
1.018943
1.018943
1.018943
1.018943
1.018943
1.018943
1.018943
1.018943
1.018943
1.018943
1.018943
1.018943
1.018943
1.018943
1.018943
1.018943
1.018943
1.018943
1.018943
1.018943
1.018943
1.018943
1.018943
1.018943
1.018943
1.018943
1.018943
1.018943
1.018943
1.018943
1.018943
1.018943
1.018943
1.018943
1.018943
1.018943
1.018943
1.018943
1.018943
1.018943
1.018943
1.018943
1.018943
1.018943
1.018943
1.018943
1.018943
1.018943
1.018943
1.018943
1.018943
1.018943
1.018943
1.018943
1.018943
1.018943
1.018943
1.018943
1.018943
1.018943
1.018943
1.018943
1.018943
1.016190
1.016190
1.016190
1.016190
1.016190
1.013244
1.013244
1.013244
1.013244
1.013244
1.013244
1.013244
1.013244
1.013244
1.013244
1.013244
1.013244
1.013244
1.013244
1.013244
1.013244
1.013244
1.013244
1.013244
1.013244
1.013244
1.013244
1.013244
1.013244
1.013244
1.013244
1.013244
1.013244
1.013244
1.013244
1.013244
1.013244
1.013244
1.013244
1.013244
1.013244
1.013244
1.013244
1.013244
1.013244
1.013244
0.996382
0.996382
0.996382
0.996382
0.996382
0.996382
0.996382
0.996382
0.996382
0.996382
0.996382
0.996382
0.996382
0.996382
0.996382
0.996382
0.996382
0.996382
0.996382
0.996382
0.996382
0.996382
0.996382
0.996382
0.996382
0.996382
0.996382
0.996382
0.996382
0.996382
0.996382
0.996382
0.996382
0.996382
0.996382
0.996382
0.978770
0.978770
0.978770
0.978770
0.978770
0.978770
0.978770
0.978770
0.978770
0.978770
0.978770
0.978770
0.976210
0.976210
0.976210
0.976210
0.976210
0.976210
0.976210
0.976210
0.976210
0.976210
0.976210
0.976210
0.976210
0.976210
0.976210
0.976210
0.976210
0.976210
0.976210
0.976210
0.976210
0.976210
0.976210
0.976210
0.976210
0.976210
0.976210
0.976210
0.976210
0.976210
0.976210
0.976210
0.976210
0.976210
0.976210
0.976210
0.976210
0.976210
0.976210
0.976210
0.976210
0.976210
0.976210
0.976210
0.976210
0.976210
0.976210
0.976210
0.976210
0.976210
0.976210
0.976210
0.976210
0.976210
0.976210
0.976210
0.976210
0.967882
0.967882
0.967882
0.967882
0.967882
0.967882
0.967882
0.967882
0.967882
0.967882
0.967882
0.967882
0.967882
0.967882
0.967882
0.967882
0.967882
0.967882
0.967882
0.967882
0.957116
0.957116
0.957116
0.957116
0.957116
0.957116
0.957116
0.957116
0.957116
0.957116
0.943107
0.943107
0.943107
0.943107
0.943107
0.943107
0.943107
0.943107
0.943107
0.943107
0.943107
0.943107
0.943107
0.943107
0.943107
0.943107
0.943107
0.943107
0.943107
0.943107
0.942533
0.942533
0.942533
0.942533
0.942533
0.942533
0.942533
0.942533
0.942533
0.942533
0.942533
0.942533
0.942533
0.942533
0.942533
0.942533
0.942533
0.942533
0.942533
0.942533
0.942533
0.942533
0.942533
0.942533
0.942533
0.942533
0.942533
0.942533
0.942533
0.920661
0.920661
0.920661
0.920661
0.920661
0.920661
0.920661
0.920661
0.920661
0.920661
0.920661
0.920661
0.920661
0.920661
0.920661
0.920661
0.920661
0.920661
0.920661
0.920661
0.920661
0.920661
0.920661
0.920661
0.920661
0.920248
0.920248
0.920248
0.920248
0.920248
0.920248
0.920248
0.920248
0.920248
0.920248
0.920248
0.920248
0.920248
0.920248
0.920248
0.920248
0.920248
0.920248
0.920248
0.920248
0.920248
0.920248
0.920248
0.920248
0.920248
0.920248
0.920248
0.920248
0.920248
0.920248
0.920248
0.920248
0.920248
0.920248
0.920248
0.920248
0.920248
0.920248
0.920248
0.920248
0.920248
0.920248
0.920248
0.920248
0.920248
0.920248
0.920248
0.920248
0.920248
0.920248
0.920248
0.920248
0.920248
0.920248
0.920229
0.920229
0.920229
0.920229
0.920229
0.920229
0.920229
0.920229
0.920229
0.920229
0.920229
0.920229
0.920229
0.920229
0.920229
0.920229
0.920229
0.920229
0.920229
0.920229
0.920229
0.920229
0.920229
0.920229
0.920229
0.920229
0.920229
0.920229
0.920229
0.920229
0.920229
0.920229
0.920229
0.920229
0.920229
0.920229
0.920229
0.920229
0.920229
0.920229
0.920229
0.920229
0.920229
0.920229
0.920229
0.920229
0.920229
0.920229
0.920229
0.920229
0.920229
0.920229
0.920229
0.920229
0.920229
0.920229
0.920229
0.920229
0.920229
0.920229
0.920229
0.920229
0.920229
0.920229
0.920229
0.920229
0.920229
0.920229
0.920229
0.920229
0.920229
0.920229
0.920229
0.920229
0.920229
0.920229
0.920229
0.920229
0.920229
0.920229
0.920229
0.920229
0.920229
0.920229
0.920229
0.920229
0.920229
0.920229
0.920229
0.920229
0.920229
0.920229
0.920229
0.920229
0.890483
0.890483
0.890483
0.853991
0.853991
0.853991
0.853991
0.853991
0.853991
0.853991
0.853991
0.853991
0.853991
0.853991
0.835395
0.835395
0.835395
0.835395
0.835395
0.835395
0.835395
0.835395
0.835395
0.835395
0.835395
0.835395
0.835395
0.835395
0.835395
0.835395
0.835395
0.835395
0.835395
0.835395
0.835395
0.835395
0.835395
0.835395
0.835395
0.835395
0.825128
0.825128
0.820308
0.820308
0.820308
0.820308
0.820308
0.820308
0.820308
0.820308
0.820308
0.820308
0.820308
0.820308
0.820308
0.820308
0.820308
0.820308
0.820308
0.817376
0.817376
0.817376
0.817376
0.817376
0.817376
0.817376
0.817376
0.817376
0.817376
0.817376
0.817376
0.817376
0.817376
0.817376
0.817376
0.817376
0.817376
0.817376
0.817376
0.817376
0.817376
0.817376
0.817376
0.817376
0.817376
0.817376
0.817376
0.817376
0.817376
0.817376
0.817376
0.817376
0.817376
0.817376
0.817376
0.817376
0.817376
0.817376
0.817376
0.809125
0.809125
0.809125
0.809125
0.809125
0.809125
0.809125
0.809125
0.809125
0.802712
0.802712
0.802712
0.802712
0.802712
0.802712
0.802712
0.802712
0.802712
0.802712
0.802712
0.802712
0.802712
0.802712
0.802712
0.802712
0.802712
0.802712
0.802712
0.802712
0.802712
0.802712
0.802712
0.802712
0.802712
0.802712
0.801801
0.801801
0.801801
0.801801
0.801057
0.801057
0.801057
0.801057
0.801057
0.801057
0.801057
0.801057
0.801057
0.801057
0.801049
0.801049
0.801049
0.801049
0.801049
0.801049
0.801049
0.801049
0.801049
0.801049
0.801049
0.801049
0.801049
0.801049
0.801049
0.801049
0.801049
0.801049
0.801049
0.801049
0.801049
0.801049
0.801049
0.801049
0.801049
0.801049
0.801049
0.801049
0.801049
0.801049
0.801049
0.801049
0.801049
0.801049
0.801049
0.801049
0.801049
0.801049
0.801049
0.801049
0.801049
0.801049
0.801049
0.801049
0.801049
0.801049
0.801049
0.801049
0.801049
0.789736
0.789736
0.789736
0.789736
0.789736
0.789736
0.789736
0.789736
0.789736
0.789736
0.789736
0.789736
0.789736
0.789736
0.789736
0.789736
0.789736
0.789736
0.789736
0.789736
0.786231
0.786231
0.786231
0.786231
0.786231
0.786231
0.786231
0.786231
0.786231
0.786231
0.786231
0.779138
0.779138
0.779138
0.779138
0.779138
0.779138
0.779138
0.779138
0.779138
0.779138
0.779138
0.779138
0.779138
0.779138
0.779138
0.779138
0.779138
0.779138
0.779138
0.779138
0.779138
0.779138
0.779138
0.779138
0.779138
0.779138
0.779138
0.779138
0.779138
0.779138
0.779138
0.779138
0.779138
0.779138
0.779138
0.779138
0.779138
0.779138
0.779138
0.779138
0.779138
0.779138
0.779138
0.779138
0.779138
0.779138
0.779138
0.779138
0.779138
0.779138
0.779138
0.779138
0.779138
0.779138
0.779138
0.779138
0.779138
0.779138
0.779138
0.779138
0.779138
0.779138
0.779138
0.779138
0.779138
0.779138
0.779138
0.779138
0.779138
0.779138
0.779138
0.779138
0.779138
0.779138
0.779138
0.779138
0.779138
0.779138
0.779138
0.779138
0.779138
0.779138
0.779138
0.779138
0.779138
0.775866
0.775866
0.775866
0.775866
0.775866
0.775866
0.775866
0.775866
0.775866
0.775866
0.775866
0.775866
0.775866
0.775866
0.775866
0.775866
0.775866
0.775866
0.775866
0.775866
0.774165
0.774165
0.774165
0.774165
0.774165
0.774165
0.774165
0.774165
0.774165
0.774165
0.774165
0.774165
0.774165
0.774165
0.774165
0.774165
0.774165
0.774165
0.774165
0.774165
0.774165
0.774165
0.774165
0.774165
0.774165
0.774165
0.774165
0.774165
0.774165
0.774165
0.774165
0.774165
0.774165
0.774165
0.774165
0.774165
0.774165
0.774165
0.774165
0.774165
0.774165
0.774165
0.774165
0.774165
0.774165
0.774165
0.774165
0.774165
0.774165
0.774165
0.774165
0.774165
0.774165
0.774165
0.774165
0.774165
0.774165
0.774165
0.774165
0.774165
0.769600
0.769600
0.769600
0.769600
0.769600
0.769600
0.769600
0.769600
0.769600
0.768727
0.768727
0.768727
0.768727
0.768727
0.768727
0.768727
0.768727
0.765477
0.765477
0.765477
0.765477
0.765477
0.765477
0.765477
0.765477
0.765477
0.765477
0.765477
0.765477
0.765477
0.765477
0.764121
0.764121
0.764121
0.764121
0.764121
0.764121
0.764121
0.764121
0.764121
0.764121
0.764121
0.764121
0.764121
0.764121
0.764121
0.764121
0.764121
0.764121
0.764121
0.764121
0.764121
0.764121
0.764121
0.764121
0.764121
0.764121
0.764121
0.764121
0.764121
0.764121
0.764121
0.764121
0.764121
0.764121
0.764121
0.764121
0.764121
0.764121
0.757704
0.757704
0.757704
0.756550
0.756550
0.756550
0.756550
0.756550
0.756550
0.756550
0.756550
0.756550
0.756550
0.756550
0.756550
0.756550
0.756550
0.756550
0.756550
0.756550
0.756550
0.756550
0.756550
0.756550
0.756550
0.753856
0.753856
0.753856
0.753856
0.753856
0.753856
0.753856
0.753856
0.753856
0.753856
0.753856
0.753856
0.753856
0.751998
0.751998
0.751998
0.751998
0.751998
0.751998
0.751998
0.751998
0.751998
0.751998
0.751998
0.751998
0.751998
0.751998
0.751998
0.751998
0.751998
0.751998
0.751998
0.751998
0.751998
0.751998
0.751998
0.751998
0.751998
0.751998
0.751998
0.751998
0.751998
0.751998
0.751998
0.751998
0.751998
0.751998
0.751998
0.751998
0.751998
0.751998
0.751998
0.751998
0.751998
0.751998
0.751998
0.751998
0.751998
0.751998
0.751998
0.751998
0.751998
0.751998
0.751998
0.751998
0.751998
0.751998
0.751998
0.751998
0.751998
0.751998
0.751998
0.751998
0.751998
0.751998
0.751998
0.751998
0.751998
0.751998
0.751998
0.751998
0.751998
0.751998
0.751998
0.751998
0.751998
0.751998
0.751998
0.751998
0.751998
0.751998
0.751998
0.751998
0.751998
0.751998
0.751998
0.751998
0.751998
0.751998
0.751998
0.751998
0.751998
0.751998
0.751998
0.751998
0.739902
0.739902
0.739902
0.739902
0.739902
0.739902
0.739902
0.739902
0.739902
0.739902
0.739902
0.739902
0.739902
0.739902
0.739902
0.739902
0.739902
0.739902
0.739902
0.739902
0.739902
0.739902
0.739902
0.739902
0.739902
0.739902
0.739902
0.739902
0.739902
0.739902
0.739902
0.739902
0.739902
0.739902
0.739902
0.739902
0.739902
0.739902
0.739902
0.739902
0.739902
0.739902
0.739902
0.739902
0.739902
0.739902
0.739902
0.739902
0.739902
0.739902
0.739902
0.739902
0.739143
0.739143
0.739143
0.739143
0.739143
0.739143
0.739143
0.739143
0.739143
0.739143
0.739143
0.739143
0.739143
0.739143
0.739143
0.739143
0.739143
0.739143
0.739143
0.739143
0.739143
0.739143
0.739143
0.739143
0.739143
0.739143
0.738934
0.738934
0.738934
0.738934
0.738934
0.738934
0.738914
0.738914
0.738914
0.738914
0.738914
0.738914
0.738914
0.738914
0.738914
0.738914
0.738914
0.738914
0.738914
0.738914
0.738914
0.738914
0.738914
0.738914
0.738914
0.738914
0.738518
0.738518
0.738518
0.738518
0.738518
0.738518
0.738518
0.738518
0.738518
0.738518
0.738518
0.738518
0.738518
0.738518
0.738518
0.738518
0.738518
0.738518
0.738518
0.738518
0.738518
0.738518
0.738518
0.738518
0.738518
0.738518
0.738518
0.738518
0.738518
0.738518
0.738518
0.738518
0.738518
0.738206
0.738206
0.738206
0.738206
0.738206
0.738206
0.738206
0.738206
0.738206
0.738206
0.738206
0.738206
0.738206
0.738206
0.738206
0.738206
0.738206
0.738206
0.738206
0.738206
0.738206
0.738206
0.738206
0.738206
0.738206
0.738206
0.738206
0.738206
0.738206
0.738206
0.738206
0.738206
0.738206
0.738206
0.738206
0.738206
0.738206
0.738206
0.738206
0.738206
0.738206
0.738206
0.738206
0.738206
0.738206
0.738206
0.738206
0.738206
0.738166
0.738166
0.737662
0.737662
0.737662
0.737662
0.737662
0.737662
0.737662
0.737662
0.737662
0.737662
0.737662
0.737662
0.737662
0.737662
0.737662
0.737662
0.737662
0.737662
0.737662
0.737662
0.737662
0.737662
0.737662
0.737662
0.737662
0.737662
0.737662
0.737662
0.737662
0.737662
0.737662
0.737662
0.737662
0.737662
0.737662
0.737662
0.737662
0.737662
0.737662
0.737662
0.737662
0.727095
0.727095
0.727095
0.727095
0.722298
0.722298
0.722298
0.722298
0.722298
0.722298
0.722298
0.722298
0.722298
0.722298
0.722298
0.722298
0.722298
0.722298
0.722298
0.722298
0.722298
0.722298
0.722298
0.722298
0.722298
0.722298
0.722298
0.722298
0.717899
0.717899
0.717899
0.717899
0.717899
0.717899
0.717899
0.717899
0.717899
0.717899
0.717899
0.717899
0.717899
0.717899
0.717899
0.717899
0.717899
0.717899
0.717899
0.717899
0.717899
0.717899
0.717899
0.717899
0.717899
0.717899
0.717899
0.717899
0.717899
0.717899
0.717899
0.717899
0.717899
0.717899
0.717899
0.717899
0.717899
0.717899
0.717899
0.717899
0.717899
0.717899
0.713208
0.713208
0.713208
0.713208
0.713208
0.713208
0.713208
0.713208
0.713208
0.710820
0.710820
0.710820
0.710820
0.710820
0.710820
0.710820
0.710820
0.710820
0.710820
0.710820
0.710820
0.710820
0.710820
0.710820
0.710820
0.710820
0.710820
0.710820
0.710820
0.710820
0.710820
0.710820
0.710820
0.710820
0.710820
0.710820
0.710820
0.710820
0.710820
0.710820
0.710820
0.710820
0.710820
0.710820
0.710820
0.710820
0.710820
0.710820
0.710820
0.710820
0.710820
0.710820
0.710820
0.710820
0.710820
0.710820
0.710820
0.710820
0.710820
0.710820
0.706436
0.706436
0.706436
0.706436
0.706436
0.706436
0.706436
0.706436
0.706436
0.706436
0.706436
0.706436
0.706436
0.706436
0.706436
0.706436
0.706436
0.706436
0.706436
0.706436
0.706436
0.706436
0.706436
0.706436
0.706436
0.706436
0.706436
0.706436
0.706436
0.706436
0.706436
0.706436
0.706436
0.706436
0.706436
0.706436
0.706436
0.706436
0.706436
0.706436
0.706436
0.706436
0.706436
0.706436
0.706436
0.706436
0.706436
0.706436
0.706436
0.706419
0.706419
0.706419
0.706419
0.706419
0.706419
0.706419
0.706419
0.706419
0.706419
0.706419
0.706419
0.706419
0.706419
0.706419
0.706419
0.706419
0.706419
0.706419
0.706419
0.706419
0.706419
0.706419
0.706419
0.706419
0.706419
0.706419
0.706419
0.706419
0.706419
0.706419
0.706419
0.706419
0.706419
0.706419
0.706419
0.706419
0.706419
0.706419
0.706419
0.706419
0.706419
0.706419
0.706419
0.706419
0.706419
0.706419
0.706419
0.706419
0.706419
0.706419
0.706419
0.706419
0.706419
0.706419
0.706419
0.705399
0.705399
0.705399
0.705399
0.705399
0.705399
0.705399
0.705399
0.705399
0.705399
0.705399
0.705399
0.705399
0.705399
0.705399
0.705399
0.705399
0.705399
0.705399
0.705399
0.705399
0.705399
0.705399
0.705399
0.705399
0.705399
0.705399
0.705399
0.705399
0.705399
0.705399
0.705399
0.705399
0.705399
0.705399
0.705399
0.705399
0.705399
0.705399
0.705399
0.705399
0.705399
0.705399
0.705399
0.705399
0.705399
0.705399
0.705399
0.705399
0.705399
0.705399
0.705399
0.705399
0.705399
0.705399
0.705399
0.705399
0.705399
0.705399
0.705399
0.705399
0.705399
0.705399
0.705399
0.705399
0.705399
0.705399
0.705399
0.697864
0.691803
0.691803
0.691803
0.691803
0.691803
0.691803
0.691803
0.691803
0.691803
0.691803
0.691803
0.691803
0.691803
0.691803
0.691803
0.691803
0.691803
0.691803
0.691803
0.691803
0.691803
0.691803
0.691803
0.689134
0.689134
0.689134
0.689134
0.689134
0.689134
0.689134
0.689134
0.689134
0.682794
0.682794
0.682794
0.682794
0.682794
0.682794
0.682794
0.682794
0.682794
0.682794
0.682794
0.682794
0.682794
0.682794
0.682794
0.682794
0.682794
0.682794
0.682794
0.682794
0.682794
0.682794
0.682794
0.682794
0.682794
0.682794
0.682794
0.682794
0.682794
0.682794
0.682794
0.682794
0.682794
0.682794
0.682794
0.682794
0.682794
0.682794
0.682794
0.682794
0.682794
0.682794
0.682794
0.682794
0.682794
0.682794
0.682794
0.682794
0.682794
0.682794
0.682794
0.682794
0.682794
0.682794
0.682794
0.682794
0.682794
0.682794
0.682794
0.682794
0.682794
0.682794
0.682794
0.682794
0.682794
0.682794
0.682794
0.682794
0.682794
0.682794
0.682794
0.682794
0.682794
0.682794
0.682794
0.682794
0.682794
0.682794
0.682794
0.682794
0.682794
0.682794
0.682794
0.682794
0.682794
0.682794
0.682794
0.682794
0.682794
0.682794
0.682794
0.682794
0.682794
0.682794
0.682794
0.682794
0.682794
0.682794
0.682794
0.682794
0.682794
0.682794
0.682794
0.682794
0.682794
0.682794
0.682794
0.682794
0.682794
0.682794
0.682794
0.682794
0.682794
0.682794
0.682794
0.682794
0.682794
0.682794
0.682794
0.682794
0.682794
0.682794
0.682794
0.682794
0.682794
0.682794
0.682794
0.682794
0.682794
0.682794
0.682794
0.682794
0.682794
0.682794
0.682794
0.682794
0.682794
0.682794
0.682794
0.682794
0.682794
0.682794
0.682794
0.682794
0.682794
0.682794
0.682794
0.682794
0.682794
0.682794
0.682794
0.682794
0.682794
0.682794
0.682794
0.682794
0.682794
0.682794
0.682794
0.682794
0.682794
0.682794
0.682794
0.682794
0.682794
0.682794
0.682794
0.682794
0.682794
0.682794
0.682794
0.682794
0.682794
0.682794
0.682794
0.682794
0.682794
0.682794
0.682794
0.682794
0.682794
0.682794
0.682794
0.682794
0.682794
0.682794
0.682794
0.682794
0.682794
0.682794
0.682794
0.682794
0.682794
0.682593
0.673164
0.673164
0.673164
0.673164
0.673164
0.673164
0.673164
0.673164
0.673164
0.673164
0.673164
0.673164
0.673164
0.673164
0.673164
0.673164
0.673164
0.671875
0.671875
0.671875
0.671875
0.671875
0.671875
0.671875
0.671875
0.671875
0.671875
0.671875
0.671875
0.671875
0.671875
0.671875
0.671875
0.671875
0.671875
0.671875
0.671875
0.671875
0.671875
0.662946
0.662946
0.662946
0.662946
0.662946
0.662946
0.662946
0.662946
0.662946
0.662946
0.662946
0.662946
0.662946
0.662946
0.662946
0.662946
0.662946
0.662946
0.662946
0.662946
0.662946
0.662946
0.662946
0.662946
0.662946
0.662946
0.662946
0.662946
0.662946
0.662946
0.662946
0.662946
0.662946
0.662946
0.662946
0.662946
0.662946
0.662946
0.662946
0.662946
0.662946
0.662946
0.657618
0.657618
0.657618
0.657618
0.657618
0.657618
0.657618
0.657618
0.657618
0.657618
0.657618
0.657618
0.657618
0.657618
0.657618
0.657618
0.657618
0.657618
0.657618
0.657618
0.657618
0.657618
0.657618
0.657618
0.657618
0.657618
0.657618
0.657618
0.657618
0.657618
0.657618
0.657618
0.657618
0.657618
0.657618
0.657618
0.657618
0.657618
0.657618
0.657618
0.657618
0.657618
0.657618
0.657618
0.657618
0.657618
0.657618
0.657618
0.657618
0.657618
0.657618
0.657618
0.657618
0.657618
0.657618
0.657618
0.657618
0.657618
0.657618
0.657618
0.657618
0.657618
0.657618
0.657618
0.657618
0.657618
0.657618
0.657618
0.657618
0.657618
0.657618
0.657618
0.657618
0.657618
0.657618
0.657618
0.657618
0.657618
0.657618
0.657618
0.657618
0.657618
0.657618
0.657618
0.657618
0.657618
0.657618
0.657618
0.657618
0.657618
0.657618
0.657618
0.657618
0.657618
0.657618
0.657618
0.657618
0.657618
0.657618
0.657618
0.657618
0.657618
0.657618
0.657618
0.657618
0.657618
0.657618
0.657618
0.657618
0.649217
0.649217
0.648557
0.648557
0.648557
0.648557
0.648557
0.648557
0.648557
0.648557
0.648557
0.648557
0.648557
0.648557
0.648557
0.648557
0.648557
0.648557
0.648557
0.648557
0.648557
0.648557
0.648557
0.648557
0.648557
0.648557
0.648557
0.648557
0.648557
0.648557
0.648557
0.648557
0.648557
0.648557
0.648557
0.648557
0.648557
0.648557
0.648557
0.648557
0.648557
0.648557
0.648557
0.648557
0.648557
0.648557
0.648557
0.648557
0.648557
0.648557
0.648557
0.648557
0.648557
0.648557
0.648557
0.648557
0.648557
0.648557
0.648557
0.644609
0.644609
0.644609
0.644609
0.644609
0.644609
0.644609
0.644609
0.644609
0.644609
0.644609
0.640698
0.640698
0.640698
0.640698
0.640698
0.640698
0.640698
0.640698
0.640698
0.640698
0.640698
0.640698
0.640698
0.640698
0.640698
0.640698
0.640698
0.640698
0.640698
0.640698
0.640698
0.640698
0.640698
0.640698
0.640698
0.640698
0.640698
0.640698
0.640698
0.640698
0.640698
0.640698
0.640698
0.640698
0.640698
0.640698
0.640698
0.640698
0.640698
0.640698
0.630811
0.630811
0.630811
0.630811
0.630811
0.630811
0.630811
0.630811
0.630811
0.630811
0.630811
0.630811
0.630811
0.630811
0.630453
0.630453
0.630453
0.630453
0.630453
0.630453
0.630453
0.630453
0.630453
0.630453
0.630453
0.630453
0.630453
0.630453
0.630453
0.630453
0.630453
0.630453
0.630453
0.630453
0.630453
0.630453
0.630453
0.630453
0.630453
0.630453
0.630453
0.630453
0.630453
0.630453
0.630453
0.630453
0.630453
0.630453
0.630270
0.630270
0.630270
0.630270
0.630270
0.630270
0.630270
0.630270
0.630270
0.630270
0.630270
0.630270
0.622550
0.622550
0.622550
0.622550
0.622550
0.622550
0.622550
0.622550
0.622550
0.622550
0.622550
0.622550
0.622550
0.622550
0.622550
0.622550
0.622550
0.622550
0.622550
0.622550
0.622550
0.622550
0.622550
0.618423
0.618423
0.618423
0.618423
0.618423
0.618423
0.618423
0.618423
0.615540
0.615540
0.615540
0.615540
0.615540
0.615540
0.615540
0.615540
0.615540
0.615540
0.615540
0.615540
0.615540
0.615540
0.615540
0.615540
0.615540
0.615540
0.615540
0.615540
0.615540
0.615540
0.615540
0.615540
0.615540
0.615540
0.615540
0.615540
0.615540
0.615540
0.615540
0.615540
0.615540
0.615540
0.615540
0.615540
0.615540
0.615540
0.615540
0.615540
0.608995
0.608995
0.608995
0.608995
0.608995
0.608995
0.607470
0.607470
0.607470
0.607470
0.607470
0.607470
0.607470
0.607470
0.607470
0.607470
0.607470
0.607470
0.607470
0.607470
0.607470
0.607470
0.607470
0.607470
0.607470
0.607470
0.607470
0.607470
0.607470
0.607470
0.607470
0.607470
0.607470
0.607470
0.607470
0.607470
0.607470
0.607470
0.607470
0.607470
0.607470
0.607470
0.607470
0.607470
0.607470
0.607470
0.607470
0.607470
0.607470
0.607470
0.607470
0.607470
0.607470
0.607470
0.607470
0.607470
0.607470
0.607470
0.607470
0.607470
0.607470
0.607470
0.599990
0.599990
0.599990
0.599990
0.599990
0.599990
0.599990
0.595536
0.595536
0.595536
0.595536
0.595536
0.595536
0.595536
0.595536
0.595536
0.595536
0.595536
0.595536
0.595536
0.595536
0.592123
0.592123
0.592123
0.592123
0.592123
0.592123
0.592123
0.592123
0.592123
0.592123
0.592123
0.592123
0.592123
0.592123
0.592123
0.592123
0.592123
0.592123
0.592123
0.592123
0.592123
0.592123
0.592123
0.592123
0.592123
0.592123
0.592123
0.592123
0.592123
0.592123
0.592123
0.592123
0.592123
0.592123
0.592123
0.592123
0.592123
0.592123
0.592123
0.592123
0.592123
0.592123
0.592123
0.592123
0.592123
0.592123
0.592123
0.592123
0.592123
0.592123
0.592123
0.592123
0.592123
0.592123
0.592123
0.592123
0.592123
0.592123
0.592123
0.592123
0.592123
0.592123
0.592123
0.592123
0.592123
0.592123
0.592123
0.592123
0.592123
0.592123
0.592123
0.592123
0.592123
0.592123
0.589662
0.589662
0.589662
0.583634
0.583634
0.583634
0.583634
0.583634
0.583634
0.583634
0.583634
0.583634
0.583634
0.583634
0.583634
0.583634
0.583634
0.583535
0.583535
0.583535
0.583535
0.583535
0.583535
0.583535
0.583535
0.583535
0.583535
0.583535
0.583535
0.583535
0.583535
0.583535
0.583535
0.583535
0.583535
0.583535
0.583535
0.583535
0.583535
0.583535
0.583535
0.583535
0.583535
0.583535
0.583535
0.583535
0.583535
0.583535
0.583535
0.583535
0.583535
0.583535
0.583535
0.583535
0.583535
0.583535
0.583535
0.583535
0.583535
0.583535
0.583535
0.583535
0.583535
0.583535
0.583535
0.583535
0.583535
0.583535
0.583535
0.583535
0.583535
0.583535
0.583535
0.583535
0.583535
0.583535
0.583535
0.583535
0.583535
0.583535
0.583535
0.583535
0.583535
0.583535
0.583535
0.583535
0.583535
0.583535
0.583535
0.583535
0.583535
0.583535
0.583535
0.583535
0.583535
0.583535
0.583535
0.583535
0.583535
0.583535
0.583535
0.583535
0.583535
0.583535
0.583535
0.583535
0.583535
0.583535
0.583535
0.583535
0.583535
0.583535
0.583535
0.583535
0.579056
0.578269
0.578269
0.578269
0.578269
0.578269
0.578269
0.578269
0.578269
0.578269
0.578269
0.578269
0.578269
0.578269
0.578269
0.578269
0.578269
0.578269
0.578269
0.578269
0.578269
0.578269
0.578269
0.578269
0.578269
0.578269
0.578269
0.576950
0.576950
0.576950
0.576950
0.576950
0.576950
0.576950
0.576950
0.576950
0.576950
0.576950
0.576950
0.576950
0.576950
0.576950
0.576950
0.576950
0.576950
0.576950
0.576950
0.576950
0.576950
0.576950
0.576950
0.576950
0.576950
0.576950
0.576950
0.576950
0.576950
0.576950
0.576950
0.576950
0.576950
0.576950
0.576950
0.576950
0.576950
0.576950
0.576950
0.576950
0.576410
0.576410
0.576410
0.576410
0.576410
0.576410
0.576410
0.576410
0.576410
0.576410
0.576410
0.576410
0.576410
0.576410
0.576410
0.576410
0.576410
0.576410
0.576410
0.576410
0.576410
0.576410
0.576410
0.576410
0.576410
0.576410
0.576410
0.576410
0.576410
0.576410
0.576410
0.576410
0.576410
0.576410
0.576410
0.576410
0.576410
0.576410
0.576410
0.576410
0.576410
0.576410
0.576410
0.576410
0.576410
0.576410
0.576410
0.576410
0.576410
0.576410
0.576410
0.576410
0.576410
0.576410
0.576410
0.576410
0.576410
0.576410
0.576410
0.576410
0.576410
0.574103
0.574103
0.574103
0.574103
0.574103
0.574103
0.574103
0.574103
0.574103
0.574103
0.574103
0.574103
0.574103
0.574103
0.574103
0.574103
0.574103
0.574103
0.574103
0.574103
0.574103
0.574103
0.574103
0.574103
0.574103
0.574103
0.574103
0.574103
0.574103
0.574103
0.574103
0.574103
0.574103
0.574103
0.574103
0.574103
0.565763
0.565763
0.565763
0.565763
0.565763
0.565763
0.565763
0.565763
0.565763
0.565763
0.565763
0.565763
0.565763
0.565763
0.565763
0.565763
0.565763
0.565763
0.565763
0.565763
0.565763
0.565763
0.565763
0.565763
0.565763
0.565763
0.565763
0.565763
0.565763
0.565763
0.565763
0.565763
0.565763
0.565763
0.565763
0.565763
0.565763
0.565763
0.565763
0.565763
0.565763
0.565649
0.565649
0.565649
0.565649
0.565649
0.565649
0.565649
0.565649
0.565649
0.565649
0.565649
0.565649
0.565649
0.565649
0.565649
0.565649
0.565649
0.565649
0.565649
0.565649
0.565649
0.565649
0.565649
0.565649
0.565649
0.565649
0.565649
0.565649
0.565649
0.565649
0.565649
0.565649
0.565649
0.565649
0.565649
0.565649
0.565649
0.565649
0.565649
0.565649
0.565649
0.565649
0.565649
0.565649
0.565649
0.565649
0.565649
0.565649
0.565649
0.565649
0.565649
0.565649
0.565649
0.565649
0.565649
0.565649
0.565649
0.565649
0.565649
0.565649
0.565649
0.565649
0.564223
0.564223
0.564223
0.564223
0.564223
0.564223
0.564223
0.564223
0.564223
0.564223
0.564223
0.564223
0.564223
0.550262
0.550262
0.550262
0.550262
0.550262
0.550262
0.550262
0.550262
0.550262
0.550262
0.550262
0.550262
0.550262
0.550262
0.546852
0.546852
0.546852
0.536841
0.536841
0.536841
0.536841
0.536841
0.536841
0.536841
0.536841
0.536841
0.536841
0.536841
0.536841
0.536841
0.536841
0.536841
0.536841
0.536841
0.536841
0.536841
0.530392
0.530392
0.530392
0.530392
0.530392
0.530392
0.530392
0.524673
0.524673
0.524673
0.524673
0.524673
0.524673
0.524673
0.524673
0.524673
0.524673
0.524673
0.524673
0.524673
0.524673
0.524673
0.524673
0.524673
0.524673
0.524673
0.524673
0.524673
0.524673
0.524673
0.524673
0.524673
0.524673
0.524673
0.524673
0.524673
0.524673
0.524673
0.524673
0.524673
0.524673
0.524673
0.524673
0.524673
0.524673
0.524673
0.524673
0.524673
0.524673
0.524673
0.524673
0.524673
0.524673
0.524673
0.524673
0.524673
0.524673
0.524673
0.524673
0.524673
0.524673
0.524673
0.524673
0.524673
0.524673
0.524673
0.524673
0.524673
0.524673
0.524673
0.524673
0.524673
0.524673
0.524673
0.524673
0.524673
0.524673
0.524673
0.524673
0.524673
0.524673
0.524673
0.524673
0.524673
0.524673
0.524673
0.524673
0.524673
0.524673
0.524673
0.524673
0.524673
0.524673
0.524673
0.524673
0.524673
0.524673
0.524673
0.524673
0.524673
0.524673
0.524673
0.510561
0.510561
0.510561
0.510561
0.510561
0.510561
0.510561
0.510561
0.510561
0.510561
0.510561
0.510561
0.510561
0.510561
0.510561
0.510561
0.510561
0.510561
0.510561
0.510561
0.510561
0.510561
0.510561
0.510561
0.510561
0.510561
0.510561
0.510561
0.510561
0.510561
0.510561
0.510561
0.510034
0.510034
0.510034
0.510034
0.510034
0.510034
0.510034
0.510034
0.510034
0.510034
0.510034
0.510034
0.510034
0.510034
0.510034
0.510034
0.510034
0.510034
0.510034
0.510034
0.510034
0.510034
0.510034
0.510034
0.510034
0.510034
0.510034
0.510034
0.509398
0.509398
0.509398
0.509398
0.509398
0.509398
0.509398
0.509398
0.509398
0.509242
0.509242
0.509242
0.509242
0.509242
0.509242
0.509242
0.509242
0.509242
0.509242
0.509242
0.509242
0.509242
0.509242
0.509242
0.509242
0.509242
0.509242
0.509242
0.509242
0.509242
0.508667
0.508667
0.508667
0.508667
0.508667
0.508667
0.508667
0.508667
0.508667
0.508667
0.508667
0.508667
0.508667
0.508667
0.508667
0.508667
0.508667
0.508667
0.508667
0.508667
0.508667
0.508667
0.508667
0.508667
0.508667
0.508667
0.508667
0.508667
0.508667
0.508667
0.508667
0.508667
0.508667
0.508667
0.508667
0.508667
0.508667
0.508667
0.508667
0.508667
0.508667
0.508667
0.508667
0.508667
0.508667
0.508667
0.508667
0.508667
0.508667
0.508667
0.508667
0.508667
0.508667
0.508667
0.508667
0.508667
0.508667
0.508667
0.508667
0.508667
0.508667
0.508667
0.508667
0.508667
0.508667
0.508667
0.508667
0.508667
0.508667
0.508667
0.508667
0.508667
0.508667
0.508667
0.508667
0.508667
0.508667
0.507278
0.507278
0.507278
0.507278
0.507278
0.507278
0.506035
0.506035
0.506035
0.506035
0.506035
0.506035
0.506035
0.506035
0.506035
0.506035
0.506035
0.506035
0.506035
0.506035
0.506035
0.506035
0.506035
0.506035
0.506035
0.506035
0.506035
0.506035
0.506035
0.506035
0.506035
0.506035
0.506035
0.506035
0.506035
0.506035
0.506035
0.506035
0.506035
0.506035
0.506035
0.506035
0.506035
0.506035
0.506035
0.506035
0.506035
0.506035
0.506035
0.506035
0.506035
0.506035
0.506035
0.506035
0.506035
0.506035
0.506035
0.506035
0.506035
0.506035
0.506035
0.506035
0.506035
0.506035
0.506035
0.506035
0.506035
0.506035
0.506035
0.506035
0.506035
0.506035
0.506035
0.506035
0.506035
0.506035
0.485131
0.485131
0.485131
0.485131
0.485131
0.485131
0.485131
0.485131
0.485131
0.485131
0.485131
0.485131
0.485131
0.485131
0.485131
0.485131
0.485131
0.485131
0.485131
0.485131
0.485131
0.485131
0.485131
0.485131
0.485131
0.485131
0.485131
0.485131
0.485131
0.485131
0.485131
0.485131
0.485131
0.485131
0.485131
0.485131
0.481872
0.481872
0.481872
0.481872
0.481872
0.481872
0.481872
0.481872
0.481872
0.481872
0.481872
0.481872
0.481872
0.481872
0.471913
0.471913
0.471913
0.471913
0.471015
0.471015
0.471015
0.471015
0.471015
0.471015
0.471015
0.471015
0.470797
0.470797
0.470797
0.470797
0.470797
0.470797
0.470797
0.470797
0.470797
0.470797
0.470797
0.470797
0.470797
0.470797
0.470797
0.470797
0.470797
0.470797
0.470797
0.470797
0.463255
0.463255
0.463255
0.463255
0.463255
0.463255
0.463255
0.463255
0.463255
0.463255
0.463255
0.463255
0.463255
0.463255
0.463255
0.463255
0.463255
0.463255
0.463255
0.463255
0.463255
0.463255
0.463255
0.463255
0.463255
0.463255
0.463255
0.463255
0.463255
0.463255
0.463255
0.463255
0.463255
0.463255
0.463255
0.463255
0.463255
0.463255
0.463255
0.463255
0.463255
0.463255
0.463255
0.463255
0.463255
0.463255
0.463255
0.463255
0.462443
0.462443
0.462443
0.462443
0.462443
0.462443
0.462443
0.462443
0.462443
0.462443
0.462443
0.462443
0.462443
0.462443
0.462443
0.462443
0.461905
0.461905
0.461905
0.461848
0.461848
0.461848
0.461848
0.461848
0.461848
0.461848
0.461848
0.461848
0.461848
0.461848
0.461848
0.461848
0.461848
0.461848
0.461848
0.461848
0.461848
0.461848
0.461848
0.461848
0.461848
0.461848
0.461848
0.457391
0.457391
0.457391
0.457391
0.457391
0.457391
0.457391
0.457391
0.457391
0.457391
0.457391
0.457391
0.457391
0.457391
0.457391
0.457391
0.457391
0.457391
0.457391
0.457391
0.457391
0.457391
0.457391
0.457391
0.457391
0.457391
0.457391
0.457391
0.457391
0.457391
0.457391
0.457391
0.457391
0.457391
0.457391
0.457391
0.457391
0.457391
0.457391
0.457391
0.457391
0.457391
0.457391
0.457391
0.457391
0.457391
0.457391
0.457391
0.457391
0.457391
0.457391
0.457391
0.457391
0.457391
0.457391
0.457391
0.457391
0.457391
0.457391
0.457391
0.457391
0.457391
0.457391
0.457391
0.457391
0.457391
0.457391
0.457391
0.457391
0.457391
0.457391
0.457391
0.457391
0.457391
0.457391
0.457391
0.457391
0.457391
0.457084
0.457084
0.457084
0.457084
0.457084
0.457084
0.457084
0.457084
0.457084
0.457084
0.457084
0.457084
0.457084
0.457084
0.457084
0.457084
0.457084
0.457084
0.457084
0.457084
0.457084
0.457084
0.457084
0.457084
0.457084
0.457084
0.457084
0.457084
0.457084
0.457084
0.457084
0.457084
0.457084
0.457084
0.457084
0.457084
0.457084
0.457084
0.457084
0.457084
0.457084
0.457084
0.457084
0.457084
0.457084
0.455548
0.455548
0.455548
0.455548
0.455548
0.455548
0.455548
0.455548
0.455548
0.455548
0.455548
0.455548
0.455548
0.455548
0.455548
0.455548
0.455548
0.454644
0.454644
0.454644
0.454644
0.454644
0.454644
0.454644
0.454644
0.454644
0.454644
0.454644
0.454644
0.454644
0.454644
0.454644
0.454644
0.454644
0.454644
0.454644
0.454644
0.454644
0.454644
0.454644
0.454644
0.454644
0.454644
0.454644
0.454644
0.454644
0.454644
0.454644
0.454644
0.454644
0.454644
0.454644
0.454644
0.454644
0.454644
0.454644
0.454644
0.454644
0.454644
0.454644
0.454644
0.454644
0.454644
0.454644
0.454644
0.454644
0.454644
0.454644
0.454644
0.452753
0.452753
0.452753
0.452753
0.452753
0.452753
0.452753
0.452753
0.452753
0.452753
0.452753
0.452753
0.452753
0.452753
0.452753
0.452753
0.452753
0.452753
0.452693
0.452693
0.452693
0.452693
0.452693
0.452693
0.452693
0.452693
0.452693
0.452693
0.452693
0.452693
0.452693
0.452693
0.452693
0.448138
0.448138
0.448138
0.448138
0.448138
0.448138
0.448138
0.448138
0.448138
0.448138
0.448138
0.448138
0.448138
0.448138
0.448138
0.448138
0.448138
0.448138
0.448138
0.448138
0.448138
0.448138
0.448138
0.448138
0.448138
0.448138
0.448138
0.448138
0.448138
0.448138
0.448138
0.448138
0.448138
0.448138
0.448138
0.448138
0.448138
0.448138
0.448138
0.448138
0.448138
0.448138
0.448138
0.448138
0.448138
0.448138
0.448138
0.448138
0.448138
0.448138
0.448138
0.448138
0.448138
0.448138
0.448138
0.448138
0.448138
0.448138
0.448138
0.448138
0.448138
0.448138
0.448138
0.448138
0.448138
0.448138
0.448138
0.448138
0.448138
0.448138
0.448138
0.448138
0.448138
0.448138
0.448138
0.448138
0.448138
0.448138
0.442562
0.442562
0.442562
0.442562
0.442562
0.442562
0.442562
0.442562
0.442562
0.442562
0.442562
0.442562
0.442562
0.442562
0.442562
0.442562
0.442562
0.442562
0.442562
0.442562
0.442562
0.442562
0.442562
0.442562
0.442562
0.442562
0.442562
0.442562
0.442562
0.442562
0.442562
0.442562
0.442562
0.442562
0.442562
0.440757
0.440757
0.440757
0.440757
0.440757
0.440757
0.440757
0.440757
0.440757
0.440757
0.440757
0.440757
0.440757
0.440757
0.440757
0.439094
0.439094
0.439094
0.439094
0.439094
0.439094
0.439094
0.439094
0.439094
0.439090
0.439090
0.439090
0.439090
0.439090
0.439090
0.439090
0.439090
0.439090
0.439090
0.439090
0.439090
0.439090
0.439090
0.439090
0.439090
0.439090
0.439090
0.439090
0.439090
0.439090
0.439090
0.439090
0.439090
0.439090
0.439090
0.439090
0.439090
0.439090
0.435168
0.435168
0.435168
0.435168
0.435168
0.435168
0.435168
0.435168
0.435168
0.435168
0.435168
0.435168
0.435168
0.432424
0.432424
0.432424
0.432424
0.432424
0.432424
0.432424
0.432424
0.432424
0.432424
0.432424
0.432424
0.432424
0.432424
0.432424
0.432424
0.432424
0.432424
0.432424
0.432424
0.432424
0.428877
0.428877
0.428877
0.428877
0.428877
0.428877
0.428877
0.428877
0.428877
0.428877
0.428877
0.428877
0.428877
0.428877
0.428877
0.428877
0.428877
0.428877
0.428877
0.428877
0.428877
0.427746
0.427746
0.427746
0.427746
0.427746
0.427746
0.427746
0.427746
0.427746
0.427746
0.427746
0.427746
0.427746
0.427746
0.427746
0.427746
0.427746
0.427746
0.427746
0.427746
0.427746
0.427746
0.427746
0.427746
0.427746
0.427746
0.427746
0.427746
0.427746
0.427746
0.427746
0.427746
0.427746
0.427746
0.427746
0.427746
0.427746
0.427746
0.427746
0.427746
0.427746
0.427746
0.427746
0.427746
0.427746
0.427746
0.427746
0.427746
0.427746
0.427746
0.427746
0.427746
0.427746
0.427746
0.427746
0.427746
0.427746
0.427746
0.427746
0.427746
0.427746
0.427746
0.427746
0.427746
0.427746
0.427746
0.427746
0.427746
0.427746
0.427746
0.427746
0.427746
0.427746
0.427746
0.427746
0.427746
0.427746
0.427746
0.427746
0.427746
0.427746
0.427746
0.427746
0.427746
0.427746
0.427746
0.427746
0.427746
0.427746
0.427746
0.427746
0.427746
0.427746
0.427746
0.427746
0.427746
0.427746
0.427746
0.427746
0.427746
0.427746
0.427746
0.427746
0.427746
0.427746
0.427746
0.427746
0.427746
0.427746
0.427746
0.427746
0.427746
0.427746
0.427746
0.427746
0.427746
0.427746
0.427746
0.427746
0.427746
0.427746
0.427063
0.427063
0.427063
0.427063
0.427063
0.427063
0.427063
0.427063
0.427063
0.427063
0.427063
0.427063
0.427063
0.427063
0.427063
0.427063
0.427063
0.427063
0.427063
0.427063
0.427063
0.427063
0.427063
0.427063
